16 14
9 6
44 43
20 31
18 18
44 30
17 32
12 11
31 86
4 45
2 12
4 40
12 133
6 58
13 31
22 14
13 16
16 17
10 18
13 16
10 14
8 12
9 12
17 6
13 10
17 8
3 2
20 26
9 21
8 12
11 4
8 44
8 19
15 13
8 6
4 3
16 14
14 7
15 18
41 55
15 33
10 10
32 33
8 22
14 17
36 18
10 23
14 20
27 33
3 12
23 43
11 22
17 16
10 15
5 32
10 23
14 24
20 23
9 23
11 17
13 17
3 28
9 27
12 18
11 16
6 7
7 9
11 8
5 5
12 21
12 16
10 20
22 25
9 23
10 18
5 22
13 7
20 24
10 28
9 20
10 12
3 3
23 14
13 13
19 7
14 15
14 28
19 19
15 16
15 24
15 9
20 53
3 27
3 26
22 32
15 44
33 25
30 50
5 9
32 18
11 15
6 8
12 13
27 23
32 21
10 14
26 37
17 17
8 21
55 15
45 12
16 20
7 51
27 34
15 15
42 25
12 16
13 19
23 29
18 14
10 20
55 20
51 12
7 12
5 13
2 18
20 18
3 27
23 15
10 18
63 20
57 11
10 16
14 17
14 21
4 24
9 22
2 16
4 15
10 18
6 4
9 19
10 28
28 228
24 32
12 18
16 12
13 16
14 13
23 48
9 15
8 26
13 5
3 10
7 8
19 13
18 9
19 22
35 30
11 24
14 18
19 19
3 27
17 18
10 20
60 27
56 28
12 21
4 19
21 22
7 37
18 18
9 21
62 24
57 22
14 14
4 20
17 7
23 20
11 25
12 19
9 19
15 126
11 80
5 14
12 15
14 19
19 15
25 42
61 21
18 7
27 30
12 15
9 20
23 20
5 37
20 42
66 28
61 26
14 16
4 21
28 27
11 30
11 11
21 16
13 18
8 71
19 21
17 26
4 13
2 22
24 27
11 29
9 14
17 17
10 14
2 14
21 18
10 16
10 11
6 103
20 22
20 35
12 17
14 15
55 42
12 12
53 15
60 23
12 21
1 2
7 3
40 2
1 2
1 1
17 2
11 11
31 29
3 16
23 22
11 25
8 12
5 17
10 114
22 24
25 34
5 14
8 26
22 16
18 41
15 28
11 13
2 3
34 43
17 46
2 3
13 22
16 15
18 20
35 53
3 16
11 20
5 23
16 6
4 17
12 134
35 14
25 25
3 14
19 18
10 22
6 11
6 18
13 162
22 21
11 26
14 23
12 17
6 22
22 21
5 32
20 20
10 23
13 24
9 14
14 157
27 16
19 31
5 20
16 19
11 18
14 14
13 139
11 22
8 25
10 16
3 16
19 14
15 21
3 19
4 63
28 11
20 45
11 11
12 9
4 29
7 142
11 49
22 50
23 125
