-1
2
2
3
3
5
6
6
7
7
7
7
8
9
9
10
11
12
12
13
13
-1
14
14
14
16
16
16
16
16
16
16
16
16
17
17
17
17
17
17
18
19
19
19
19
19
19
20
22
24
24
25
25
25
25
25
26
27
27
28
28
28
31
31
31
31
32
32
32
32
32
32
32
33
35
35
36
36
37
37
37
37
37
-1
-1
38
38
38
39
39
39
39
39
41
42
42
42
43
43
43
44
44
44
45
45
46
46
46
46
47
47
47
48
48
49
51
52
52
53
54
55
55
56
57
58
59
59
59
62
62
63
63
63
64
64
64
64
65
65
66
66
66
66
66
67
67
67
69
69
69
69
69
70
70
70
70
70
70
70
70
70
71
72
72
72
72
73
73
73
73
73
76
76
78
79
81
81
81
-1
82
82
82
83
84
84
85
86
87
87
88
89
89
90
91
91
92
92
92
92
93
93
93
94
94
95
95
95
96
96
96
96
-1
97
97
97
97
97
97
97
97
97
97
-1
98
99
99
99
99
100
101
103
104
104
104
105
105
105
105
-1
108
108
108
109
109
109
109
109
109
110
110
110
111
111
111
111
111
111
111
112
112
112
112
113
113
113
113
113
113
114
