176	184
186	187
196	197
198	199
205	207
210	212
234	235
246	247
249	250
255	259
270	271
318	319
330	331
364	365
371	372
373	375
376	377
378	379
380	382
383	384
389	391
393	395
396	397
398	402
403	404
405	407
409	410
411	412
413	415
416	417
418	420
421	427
428	430
435	437
438	440
441	442
443	444
445	447
448	451
453	454
455	459
460	461
462	466
467	468
469	471
472	481
484	488
492	496
497	506
509	511
515	521
522	528
530	538
539	548
550	551
554	583
589	590
591	595
597	605
607	613
617	620
623	625
628	635
638	640
642	645
646	651
655	656
666	667
674	676
678	679
689	691
698	699
700	701
702	707
711	712
713	717
719	722
723	730
735	736
737	739
768	769
779	780
786	787
809	811
825	826
834	835
858	863
865	867
868	872
873	874
877	884
886	892
894	897
912	916
918	919
923	924
932	935
946	947
954	955
965	966
969	971
975	979
982	983
986	988
991	998
1001	1010
1015	1016
1019	1021
1022	1024
1026	1027
1028	1030
1035	1036
1038	1039
1046	1051
1055	1056
1057	1060
1062	1063
1065	1067
1070	1071
1074	1079
1090	1092
1098	1099
1100	1101
1105	1106
1114	1115
1122	1123
1125	1126
1128	1129
1140	1143
1146	1147
1157	1159
1182	1183
1205	1207
1213	1214
1226	1227
1230	1231
1242	1243
1260	1262
1263	1264
1265	1268
1269	1270
1271	1273
1274	1280
1281	1282
1283	1284
1285	1286
1287	1289
1292	1293
1298	1299
1305	1310
1311	1315
1317	1318
1319	1322
1324	1328
1334	1336
1350	1355
1365	1366
1368	1369
1374	1375
1380	1381
1382	1383
1384	1387
1388	1389
1390	1391
1392	1396
1397	1398
1399	1400
1401	1403
1404	1405
1406	1408
1409	1412
1413	1414
1415	1418
1424	1427
1428	1429
1430	1432
1438	1440
1441	1444
1446	1449
1452	1453
1455	1460
1465	1472
1475	1478
1481	1483
1485	1486
1489	1493
1495	1496
1501	1514
1515	1517
1518	1522
1528	1529
1530	1531
1537	1538
1540	1544
1554	1555
1563	1564
1566	1567
1571	1572
1575	1576
1579	1580
1583	1585
1589	1592
1596	1597
1598	1608
1613	1623
1625	1628
1636	1639
1642	1653
1655	1656
1662	1663
1666	1668
1670	1674
1676	1677
1679	1681
1682	1687
1693	1696
1697	1704
1712	1721
1727	1732
1733	1736
1743	1744
1746	1750
1751	1752
1761	1762
1765	1772
1776	1778
1780	1783
1785	1787
1789	1792
1794	1795
1798	1799
1804	1810
1812	1813
1814	1819
1820	1828
1830	1834
1835	1836
1839	1840
1851	1854
1856	1857
1865	1872
1874	1876
1877	1878
1885	1889
1892	1896
1899	1900
1907	1909
1910	1915
1916	1917
1918	1919
1920	1921
1923	1925
1933	1936
1937	1940
1947	1948
1953	1955
1960	1961
1969	1970
1971	1972
1995	1997
2002	2003
2009	2014
2016	2021
2028	2033
2034	2035
2045	2047
2058	2059
2063	2064
2066	2068
2070	2071
2080	2081
2083	2087
2098	2103
2104	2105
2106	2107
2111	2112
2113	2114
2115	2121
2128	2129
2130	2133
2142	2143
2146	2147
2178	2180
2181	2183
2184	2186
2189	2191
2193	2195
2196	2198
2201	2203
2207	2209
2211	2217
2219	2221
2224	2228
2229	2231
2233	2234
2236	2241
2243	2253
2257	2258
2263	2280
2283	2288
2289	2290
2291	2292
2298	2299
2300	2301
2302	2306
2309	2311
2315	2320
2322	2324
2328	2337
2340	2343
2346	2347
2348	2349
2353	2354
2355	2356
2357	2359
2362	2368
2370	2372
2374	2375
2376	2377
2382	2383
2384	2385
2386	2387
2406	2407
2415	2417
2430	2431
2466	2467
2490	2491
2498	2499
2500	2501
2502	2504
2505	2506
2507	2511
2512	2515
2516	2517
2520	2532
2538	2539
2546	2548
2549	2559
2560	2563
2564	2565
2566	2571
2572	2573
2574	2575
2576	2579
2581	2591
2593	2599
2612	2613
2614	2615
2641	2642
2647	2648
2652	2653
2658	2659
2676	2677
2678	2680
2682	2684
2697	2698
2699	2701
2706	2707
2739	2740
2766	2767
2790	2791
2801	2803
2808	2809
2814	2816
2820	2821
2827	2828
2838	2839
2850	2851
2865	2866
2886	2887
2910	2911
2946	2947
2951	2953
2958	2959
2994	2995
3030	3031
3042	3043
3066	3067
3090	3091
3120	3121
3122	3125
3126	3127
3128	3129
3130	3131
3132	3133
3135	3136
3137	3140
3141	3146
3147	3148
3149	3151
3152	3153
3154	3156
3157	3160
3161	3168
3170	3172
3173	3179
3180	3181
3182	3185
3186	3188
3189	3192
3193	3200
3201	3205
3206	3207
3208	3211
3212	3213
3215	3217
3220	3222
3223	3226
3230	3231
3232	3236
3238	3247
3250	3251
3257	3261
3262	3263
3264	3269
3272	3274
3280	3284
3285	3293
3295	3296
3299	3302
3303	3304
3306	3307
3318	3319
3320	3321
3324	3333
3334	3335
3336	3338
3339	3340
3341	3347
3348	3349
3350	3353
3354	3355
3356	3357
3372	3373
3374	3376
3377	3380
3381	3383
3384	3385
3386	3392
3394	3401
3402	3403
3404	3409
3410	3411
3412	3415
3416	3417
3418	3419
3420	3421
3422	3429
3431	3433
3434	3439
3446	3448
3458	3459
3460	3461
3476	3477
3478	3479
3480	3483
3490	3494
3498	3500
3501	3511
3515	3516
3522	3523
3532	3533
3541	3542
3544	3545
3547	3549
3550	3551
3555	3559
3560	3561
3562	3564
3566	3568
3572	3580
3581	3584
3585	3595
3598	3604
3607	3609
3610	3616
3617	3619
3620	3621
3645	3646
3647	3651
3652	3656
3657	3664
3665	3667
3668	3669
3670	3677
3678	3679
3680	3681
3682	3683
3684	3692
3695	3696
3701	3704
3705	3706
3707	3713
3714	3715
3718	3719
3720	3721
3722	3723
3724	3725
3726	3727
3730	3732
3733	3734
3735	3736
3737	3739
3742	3743
3744	3746
3748	3754
3755	3764
3767	3788
3790	3793
3796	3806
3809	3812
3817	3824
3828	3832
3833	3841
3843	3846
3847	3848
3851	3859
3860	3861
3867	3868
3869	3871
3884	3890
3893	3895
3900	3904
3907	3908
3911	3912
3915	3916
3917	3921
3926	3927
3928	3931
3934	3940
3942	3950
3954	3956
3957	3958
3963	3965
3968	3969
3972	3976
3980	3987
3995	3996
3997	3998
3999	4016
4018	4024
4026	4027
4030	4032
4037	4039
4041	4042
4045	4051
4079	4081
4082	4085
4086	4087
4089	4091
4097	4100
4103	4108
4112	4114
4120	4123
4126	4129
4131	4132
4134	4137
4138	4142
4145	4146
4154	4155
4156	4159
4216	4217
4218	4219
4220	4223
4224	4229
4230	4231
4232	4233
4234	4236
4237	4241
4242	4243
4244	4253
4254	4255
4256	4257
4258	4260
4261	4268
4269	4270
4282	4283
4284	4285
4286	4291
4292	4293
4294	4300
4301	4303
4304	4307
4308	4309
4310	4311
4312	4313
4314	4315
4316	4317
4318	4319
4320	4327
4331	4339
4343	4344
4345	4348
4349	4354
4359	4360
4361	4364
4371	4373
4374	4375
4378	4379
4380	4382
4383	4385
4390	4392
4395	4399
4404	4406
4407	4408
4422	4423
4434	4435
4443	4444
4445	4450
4451	4454
4455	4460
4461	4462
4463	4464
4465	4466
4469	4472
4473	4475
4476	4487
4488	4489
4490	4492
4493	4497
4498	4499
4500	4504
4506	4507
4509	4510
4511	4512
4514	4516
4517	4520
4522	4523
4524	4525
4530	4531
4534	4535
4536	4538
4541	4544
4545	4550
4551	4552
4554	4556
4558	4559
4562	4568
4569	4581
4588	4589
4590	4591
4604	4607
4608	4609
4610	4611
4612	4616
4620	4623
4624	4628
4630	4632
4637	4640
4643	4644
4645	4651
4654	4656
4660	4663
4665	4666
4667	4669
4670	4678
4681	4682
4683	4687
4698	4699
4703	4704
4705	4709
4710	4714
4715	4721
4722	4728
4729	4730
4731	4732
4733	4736
4737	4738
4739	4742
4743	4744
4745	4749
4750	4751
4754	4755
4758	4760
4761	4763
4766	4767
4771	4772
4778	4781
4782	4784
4785	4788
4790	4795
4797	4802
4804	4807
4811	4812
4814	4816
4818	4820
4822	4826
4830	4834
4838	4841
4842	4843
4844	4845
4848	4850
4853	4855
4858	4860
4863	4868
4869	4870
4871	4872
4876	4878
4881	4882
4895	4899
4903	4906
4917	4918
4919	4922
4923	4924
4925	4928
4929	4930
4935	4937
4941	4942
4943	4944
4948	4951
4954	4960
4962	4964
4969	4970
4972	4975
4977	4983
4984	4991
4995	4997
5010	5011
5022	5023
5029	5030
5034	5039
5041	5042
5046	5049
5056	5057
5058	5059
5065	5072
5074	5077
5078	5081
5086	5093
5096	5098
5099	5102
5105	5109
5111	5120
5125	5129
5130	5131
5138	5139
5140	5143
5150	5151
5152	5153
5154	5155
5156	5157
5158	5159
5160	5161
5162	5163
5164	5165
5166	5168
5169	5170
5171	5175
5176	5177
5185	5187
5188	5191
5192	5193
5194	5199
5200	5201
5205	5208
5210	5211
5212	5215
5216	5225
5226	5230
5232	5233
5239	5241
5255	5257
5262	5263
5266	5267
5274	5275
5276	5278
5280	5281
5282	5283
5287	5291
5295	5297
5299	5301
5304	5306
5307	5309
5310	5311
5316	5317
5321	5326
5328	5332
5333	5340
5343	5344
5350	5351
5355	5356
5370	5371
5385	5386
5401	5402
5403	5405
5406	5407
5408	5411
5413	5415
5418	5419
5420	5421
5422	5425
5427	5430
5433	5435
5436	5437
5441	5442
5443	5450
5451	5452
5454	5455
5466	5467
5475	5476
5477	5480
5481	5482
5484	5487
5490	5492
5493	5495
5496	5500
5501	5504
5505	5508
5509	5510
5511	5512
5513	5516
5517	5523
5528	5529
5530	5531
5533	5534
5538	5539
5540	5541
5545	5548
5550	5551
5552	5555
5562	5566
5569	5575
5578	5579
5580	5593
5594	5604
5605	5606
5608	5610
5612	5615
5618	5619
5625	5626
5639	5640
5641	5644
5647	5648
5653	5656
5658	5660
5661	5662
5666	5667
5670	5674
5677	5682
5685	5691
5693	5695
5698	5699
5704	5705
5706	5707
5710	5713
5716	5719
5722	5723
5730	5733
5736	5737
5738	5745
5749	5751
5753	5756
5757	5760
5763	5765
5767	5773
5775	5782
5785	5787
5789	5791
5795	5797
5798	5799
5809	5810
5813	5815
5818	5822
5825	5831
5834	5840
5841	5844
5846	5848
5861	5863
5865	5866
5869	5870
5871	5872
5874	5875
5877	5878
5880	5882
5883	5884
5893	5898
5901	5905
5908	5909
5910	5911
5927	5928
5935	5936
5939	5942
5946	5947
5972	5973
5974	5977
5978	5979
5980	5981
5982	5983
5984	5985
5986	5987
5988	5997
5998	6001
6002	6003
6004	6009
6016	6017
6020	6021
6028	6029
6030	6031
6032	6033
6036	6044
6045	6046
6047	6053
6054	6061
6062	6063
6064	6065
6066	6067
6068	6072
6073	6077
6078	6082
6083	6085
6086	6097
6100	6101
6102	6103
6104	6107
6108	6109
6110	6117
6118	6119
6120	6121
6122	6123
6124	6128
6129	6130
6133	6137
6139	6140
6143	6144
6146	6147
6148	6154
6157	6161
6162	6164
6165	6169
6170	6173
6178	6183
6184	6197
6210	6211
6234	6235
6240	6241
6242	6243
6244	6245
6246	6247
6248	6249
6250	6252
6254	6256
6262	6263
6264	6268
6269	6275
6276	6280
6282	6284
6286	6287
6288	6289
6290	6295
6297	6301
6304	6305
6306	6308
6309	6310
6311	6312
6315	6316
6317	6319
6320	6332
6339	6340
6341	6344
6347	6350
6351	6352
6353	6356
6357	6358
6359	6365
6366	6368
6371	6379
6384	6385
6387	6389
6392	6394
6404	6409
6414	6415
6420	6421
6423	6424
6426	6427
6434	6437
6444	6445
6446	6447
6448	6449
6450	6451
6452	6458
6462	6463
6464	6468
6469	6470
6472	6473
6476	6477
6478	6479
6480	6481
6482	6483
6484	6485
6486	6487
6488	6489
6490	6493
6494	6497
6498	6499
6503	6506
6509	6511
6518	6519
6520	6527
6530	6531
6534	6535
6546	6547
6549	6550
6551	6554
6555	6556
6558	6559
6567	6568
6582	6583
6584	6587
6596	6597
6610	6611
6624	6625
6635	6636
6638	6639
6648	6649
6650	6653
6654	6655
6656	6659
6660	6664
6665	6668
6671	6674
6675	6679
6680	6681
6682	6683
6684	6685
6686	6687
6688	6689
6690	6692
6695	6696
6697	6703
6705	6707
6708	6709
6710	6711
6712	6713
6714	6718
6719	6721
6722	6723
6726	6727
6729	6732
6734	6736
6740	6741
6742	6743
6764	6769
6770	6771
6772	6773
6774	6776
6777	6783
6784	6788
6790	6792
6794	6797
6798	6799
6800	6801
6802	6803
6806	6811
6820	6824
6825	6827
6828	6835
6839	6841
6842	6843
6844	6845
6846	6847
6849	6850
6851	6854
6855	6858
6861	6864
6865	6867
6868	6871
6872	6876
6882	6884
6887	6890
6891	6896
6898	6900
6905	6908
6909	6911
6914	6916
6917	6919
6927	6933
6936	6937
6940	6941
6950	6953
6956	6958
6965	6970
6972	6996
6998	7000
7002	7003
7005	7012
7013	7017
7024	7027
7030	7033
7036	7037
7041	7043
7046	7049
7050	7051
7054	7055
7056	7057
7063	7067
7071	7072
7073	7075
7076	7077
7081	7095
7096	7097
7098	7099
7109	7112
7135	7136
7149	7152
7153	7158
7161	7162
7164	7165
7170	7171
7173	7176
7178	7180
7203	7207
7215	7217
7228	7244
7254	7255
7266	7267
7275	7276
7278	7280
7281	7282
7283	7284
7285	7292
7293	7294
7295	7297
7298	7299
7300	7304
7305	7309
7310	7315
7316	7317
7318	7321
7322	7323
7324	7327
7328	7330
7335	7336
7340	7341
7343	7344
7345	7346
7347	7349
7350	7351
7352	7357
7358	7359
7360	7363
7364	7371
7372	7373
7374	7375
7376	7378
7382	7383
7384	7386
7387	7388
7393	7397
7400	7402
7405	7409
7412	7413
7414	7415
7418	7431
7432	7435
7437	7438
7439	7441
7444	7447
7448	7449
7453	7457
7463	7465
7466	7467
7469	7471
7473	7478
7483	7484
7487	7488
7490	7498
7501	7502
7506	7512
7516	7517
7518	7526
7527	7532
7533	7535
7537	7550
7553	7556
7557	7562
7563	7567
7568	7579
7583	7586
7589	7590
7594	7597
7602	7617
7619	7630
7632	7634
7638	7639
7649	7651
7662	7664
7670	7675
7680	7688
7691	7699
7702	7706
7716	7759
7762	7767
7770	7776
7779	7780
7783	7789
7792	7795
7796	7797
7799	7801
7807	7808
7812	7813
7814	7815
7817	7819
7838	7848
7852	7861
7864	7865
7866	7867
7870	7872
7876	7879
7881	7889
7896	7906
7910	7911
7922	7951
7953	7955
7957	7963
7965	7970
7974	7976
7977	7978
7980	7989
7992	7994
7996	8001
8004	8005
8007	8012
8016	8017
8020	8021
8024	8027
8034	8038
8039	8052
8055	8056
8057	8059
8064	8068
8077	8090
8092	8093
8102	8104
8105	8110
8114	8120
8122	8127
8131	8132
8134	8135
8143	8149
8150	8153
8155	8157
8166	8167
8176	8177
8188	8189
8190	8191
8196	8199
8204	8205
8206	8207
8212	8218
8220	8221
8226	8240
8241	8242
8244	8247
8249	8252
8259	8260
8262	8263
8270	8271
8274	8275
8291	8292
8295	8296
8298	8299
8310	8311
8322	8323
8328	8329
8334	8335
8343	8347
8350	8351
8354	8356
8358	8360
8362	8363
8364	8369
8371	8372
8376	8377
8382	8383
8384	8388
8390	8396
8404	8408
8418	8419
8420	8425
8427	8432
8435	8436
8439	8440
8442	8444
8447	8448
8451	8453
8456	8458
8459	8462
8463	8464
8465	8472
8473	8477
8480	8481
8483	8484
8487	8494
8501	8508
8515	8516
8517	8518
8521	8528
8533	8536
8538	8539
8540	8542
8561	8562
8563	8564
8568	8575
8581	8584
8587	8588
8589	8590
8596	8600
8603	8607
8611	8612
8613	8617
8619	8621
8626	8627
8628	8629
8633	8634
8640	8641
8642	8645
8649	8650
8652	8654
8662	8663
8664	8665
8669	8673
8675	8677
8682	8683
8684	8687
8690	8692
8694	8697
8700	8704
8706	8707
8710	8712
8713	8714
8718	8719
8729	8730
8731	8734
8741	8746
8749	8752
8756	8757
8760	8761
8768	8769
8778	8779
8792	8796
8801	8806
8808	8809
8818	8828
8829	8831
8834	8836
8840	8841
8842	8847
8849	8851
8854	8855
8857	8863
8865	8876
8879	8881
8882	8883
8885	8891
8895	8897
8900	8901
8904	8905
8906	8907
8908	8909
8910	8911
8924	8927
8934	8935
8946	8948
8955	8956
8958	8959
8977	8978
8979	8987
8990	8991
8993	8995
9006	9007
9008	9009
9054	9055
9065	9067
9070	9071
9075	9076
9077	9079
9090	9091
9112	9113
9118	9119
9120	9121
9126	9128
9131	9132
9137	9142
9144	9148
9149	9152
9153	9156
9158	9159
9165	9166
9174	9175
9176	9179
9182	9187
9192	9193
9194	9196
9203	9206
9210	9213
9215	9218
9221	9223
9227	9229
9231	9232
9237	9238
9243	9245
9248	9249
9252	9257
9258	9259
9262	9263
9264	9271
9273	9280
9286	9290
9291	9292
9293	9297
9299	9300
9301	9302
9303	9308
9310	9313
9314	9325
9327	9331
9342	9343
9344	9347
9361	9362
9365	9367
9375	9376
9378	9379
9384	9385
9394	9395
9396	9397
9399	9403
9408	9409
9414	9415
9419	9421
9422	9423
9434	9435
9451	9452
9461	9463
9470	9471
9474	9476
9477	9478
9480	9481
9486	9487
9488	9489
9498	9499
9510	9511
9521	9526
9529	9532
9537	9538
9544	9545
9549	9551
9555	9556
9573	9574
9575	9576
9581	9584
9587	9588
9592	9595
9597	9598
9599	9603
9606	9611
9613	9617
9620	9621
9630	9631
9639	9641
9642	9646
9648	9650
9653	9660
9661	9662
9675	9683
9686	9688
9689	9691
9696	9697
9698	9699
9702	9703
9708	9711
9713	9716
9717	9718
9719	9722
9725	9726
9731	9732
9735	9737
9738	9739
9743	9751
9756	9759
9766	9769
9772	9776
9778	9780
9785	9787
9789	9790
9793	9794
9797	9802
9806	9807
9813	9816
9821	9823
9825	9827
9839	9842
9843	9845
9847	9850
9851	9854
9857	9860
9863	9871
9874	9877
9880	9881
9884	9887
9890	9891
9894	9895
9896	9901
9902	9903
9905	9907
9911	9912
9916	9917
9918	9919
9921	9922
9925	9929
9932	9937
9938	9939
9940	9943
9946	9947
9950	9957
9962	9966
9972	9974
9977	9980
9983	9985
9987	9988
9998	9999
10000	10001
10006	10013
10017	10019
10024	10027
10030	10031
10032	10033
10036	10037
10061	10062
10063	10064
10065	10068
10069	10072
10074	10078
10079	10081
10083	10092
10093	10095
10098	10103
10106	10107
10110	10112
10113	10114
10119	10120
10126	10129
10131	10132
10133	10135
10144	10145
10146	10147
10149	10154
10158	10159
10161	10165
10174	10175
10178	10181
10185	10187
10189	10190
10191	10196
10202	10203
10204	10207
10209	10212
10215	10216
10218	10220
10224	10226
10233	10234
10235	10238
10240	10244
10247	10248
10250	10253
10256	10260
10263	10264
10266	10267
10270	10272
10278	10280
10284	10289
10293	10297
10301	10303
10308	10309
10310	10311
10313	10315
10322	10328
10329	10331
10334	10339
10383	10384
10385	10387
10398	10399
10400	10402
10407	10409
10413	10414
10415	10416
10417	10418
10422	10423
10424	10426
10440	10441
10485	10486
10495	10496
10500	10501
10518	10519
10602	10604
10627	10628
10629	10630
10635	10636
10638	10639
10648	10651
10652	10653
10656	10661
10664	10667
10668	10669
10670	10671
10674	10675
10676	10679
10681	10684
10686	10688
10694	10703
10705	10711
10722	10723
10729	10731
10732	10733
10745	10747
10759	10760
10765	10766
10767	10768
10769	10771
10794	10795
10808	10809
10810	10813
10815	10816
10818	10819
10838	10843
10850	10853
10856	10860
10863	10867
10868	10870
10872	10879
10880	10881
10890	10891
10896	10897
10898	10899
10906	10913
10916	10917
10921	10922
10923	10924
10926	10927
10930	10931
10932	10934
10935	10936
10938	10939
10942	10947
10952	10953
10955	10964
10968	10972
10975	10976
10980	10981
10984	10985
10988	10989
10991	10993
10995	10997
10998	11001
11004	11006
11008	11019
11026	11029
11033	11035
11040	11042
11045	11047
11055	11057
11060	11061
11063	11065
11068	11069
11070	11071
11072	11073
11078	11079
11080	11083
11086	11087
11092	11095
11098	11099
11101	11102
11106	11108
11116	11117
11118	11120
11130	11131
11140	11141
11144	11145
11146	11150
11156	11162
11163	11164
11165	11168
11173	11174
11175	11176
11186	11189
11190	11191
11196	11204
11207	11211
11220	11221
11222	11223
11225	11226
11232	11236
11237	11243
11246	11247
11253	11256
11258	11259
11260	11261
11262	11263
11268	11272
11274	11276
11277	11290
11292	11300
11302	11314
11315	11320
11321	11323
11325	11330
11332	11333
11334	11339
11342	11343
11344	11345
11346	11347
11352	11353
11354	11361
11364	11365
11369	11372
11374	11375
11378	11379
11380	11381
11382	11383
11388	11389
11397	11398
11400	11401
11406	11408
11409	11410
11415	11419
11427	11428
11432	11433
11435	11438
11441	11444
11447	11448
11451	11458
11460	11464
11466	11467
11468	11476
11477	11479
11484	11486
11490	11491
11496	11499
11500	11501
11510	11512
11514	11516
11523	11524
11525	11527
11528	11530
11533	11536
11537	11540
11543	11544
11552	11554
11563	11564
11565	11568
11570	11573
11575	11581
11584	11587
11592	11593
11594	11596
11601	11606
11608	11611
11619	11620
11622	11623
11624	11627
11628	11631
11637	11638
11640	11641
11648	11649
11650	11651
11654	11657
11658	11660
11662	11667
11669	11672
11682	11684
11728	11731
11733	11755
11760	11763
11766	11771
11774	11779
11781	11782
11785	11786
11788	11791
11822	11823
11826	11829
11832	11833
11836	11840
11843	11844
11846	11852
11858	11860
11863	11864
11865	11866
11871	11875
11876	11881
11887	11888
11890	11891
11893	11894
11897	11899
11902	11909
11911	11915
11918	11920
11925	11926
11931	11932
11934	11935
11940	11942
11958	11959
11960	11963
11964	11967
11970	11971
11972	11973
11974	11975
11977	11978
11979	11980
11981	11987
11992	11994
11997	11998
12000	12001
12003	12004
12007	12010
12011	12019
12021	12031
12043	12047
12050	12053
12054	12055
12056	12059
12066	12067
12070	12071
12077	12081
12082	12083
12084	12086
12087	12088
12089	12092
12093	12096
12097	12098
12099	12100
12101	12106
12107	12108
12109	12110
12111	12114
12126	12131
12132	12134
12135	12136
12137	12140
12141	12144
12145	12146
12149	12152
12153	12156
12158	12161
12162	12163
12164	12171
12176	12178
12182	12183
12186	12187
12188	12193
12195	12197
12206	12209
12212	12215
12217	12218
12219	12220
12222	12227
12229	12232
12234	12236
12237	12238
12239	12252
12254	12262
12264	12269
12272	12275
12283	12292
12293	12296
12300	12302
12303	12307
12313	12316
12318	12319
12320	12343
12345	12346
12347	12349
12354	12355
12356	12357
12361	12362
12364	12367
12370	12371
12374	12377
12378	12379
12381	12387
12389	12391
12392	12394
12395	12396
12398	12399
12400	12401
12402	12403
12410	12411
12415	12416
12418	12419
12420	12422
12424	12425
12428	12429
12434	12438
12440	12441
12442	12444
12450	12451
12452	12458
12461	12463
12464	12467
12471	12477
12479	12481
12490	12493
12495	12496
12498	12499
12526	12531
12532	12535
12538	12546
12548	12550
12558	12559
12564	12571
12572	12573
12576	12583
12585	12590
12591	12595
12602	12603
12604	12605
12611	12621
12624	12625
12628	12632
12635	12636
12638	12639
12641	12644
12645	12650
12652	12655
12657	12658
12659	12662
12666	12670
12673	12676
12684	12685
12690	12691
12692	12693
12695	12696
12702	12703
12706	12707
12708	12722
12733	12734
12737	12739
12740	12741
12742	12743
12752	12753
12754	12761
12766	12769
12772	12773
12774	12775
12781	12782
12783	12785
12792	12796
12799	12802
12808	12813
12818	12819
12822	12823
12831	12832
12846	12847
12869	12871
12877	12885
12887	12888
12889	12890
12891	12898
12900	12908
12910	12913
12915	12921
12923	12929
12930	12931
12936	12945
12947	12950
12952	12955
12958	12961
12966	12967
12970	12971
12972	12974
12977	12981
12983	12987
12989	12999
13002	13003
13004	13006
13011	13012
13014	13015
13026	13027
13037	13041
13047	13049
13055	13060
13063	13071
13075	13088
13091	13092
13095	13097
13098	13099
13122	13123
13138	13141
13157	13159
13165	13169
13170	13172
13173	13174
13175	13178
13182	13185
13189	13204
13209	13210
13211	13212
13213	13220
13222	13227
13230	13232
13233	13236
13238	13239
13241	13242
13244	13249
13258	13259
13262	13263
13266	13269
13280	13281
13285	13286
13287	13291
13293	13294
13295	13296
13297	13298
13299	13305
13307	13308
13309	13310
13316	13319
13325	13336
13338	13341
13342	13343
13344	13345
13346	13347
13348	13351
13354	13355
13379	13383
13386	13391
13394	13399
13402	13403
13404	13411
13414	13418
13419	13421
13425	13444
13447	13448
13451	13464
13466	13468
13470	13473
13476	13480
13481	13482
13493	13498
13500	13502
13503	13504
13515	13516
13518	13519
13529	13531
13543	13544
13546	13547
13554	13555
13563	13564
13565	13568
13571	13573
13574	13575
13576	13582
13583	13584
13587	13592
13593	13594
13599	13600
13601	13604
13605	13609
13610	13612
13614	13616
13617	13621
13626	13630
13635	13636
13650	13651
13656	13659
13663	13664
13665	13666
13667	13668
13669	13670
13676	13677
13681	13683
13684	13685
13688	13691
13695	13697
13698	13706
13707	13714
13716	13717
13720	13721
13722	13723
13724	13725
13730	13731
13733	13735
13737	13742
13744	13745
13747	13749
13750	13753
13755	13759
13760	13764
13766	13769
13776	13777
13778	13783
13786	13787
13792	13793
13806	13807
13814	13815
13816	13819
13830	13831
13832	13833
13834	13838
13840	13844
13845	13847
13848	13849
13850	13855
13866	13868
13881	13892
13897	13903
13907	13908
13909	13910
13911	13912
13914	13915
13916	13917
13918	13933
13938	13939
13948	13954
13957	13964
13968	13969
13974	13975
13982	13985
13986	13988
13990	13992
13994	13996
14004	14009
14010	14012
14018	14019
14022	14029
14036	14037
14041	14048
14049	14050
14053	14054
14056	14060
14065	14066
14082	14084
14085	14107
14115	14116
14123	14124
14125	14127
14128	14131
14132	14133
14136	14137
14138	14139
14140	14141
14142	14145
14146	14149
14150	14151
14152	14153
14154	14155
14156	14157
14158	14159
14160	14161
14162	14163
14164	14180
14181	14185
14186	14191
14214	14215
14245	14246
14250	14251
14255	14257
14265	14266
14270	14271
14272	14276
14278	14279
14280	14283
14288	14289
14290	14291
14295	14296
14298	14299
14301	14302
14303	14304
14307	14311
14314	14316
14319	14320
14324	14327
14328	14329
14332	14335
14340	14341
14342	14343
14349	14350
14351	14352
14354	14357
14358	14359
14366	14367
14368	14369
14370	14371
14372	14373
14378	14379
14380	14383
14387	14388
14390	14396
14401	14403
14405	14407
14418	14420
14430	14431
14436	14439
14440	14449
14452	14458
14461	14462
14466	14467
14468	14470
14475	14478
14479	14480
14485	14492
14496	14504
14511	14515
14520	14521
14522	14527
14530	14536
14539	14543
14545	14551
14553	14555
14560	14564
14567	14572
14573	14584
14586	14589
14590	14597
14601	14602
14609	14612
14617	14620
14628	14631
14632	14638
14648	14651
14655	14657
14661	14663
14665	14669
14670	14671
14673	14679
14684	14686
14694	14695
14715	14716
14719	14721
14725	14726
14727	14734
14736	14737
14750	14752
14755	14762
14764	14770
14771	14773
14778	14779
14781	14784
14787	14791
14792	14795
14798	14799
14800	14804
14807	14808
14813	14823
14827	14829
14833	14834
14837	14840
14842	14846
14850	14853
14854	14855
14856	14857
14864	14865
14871	14875
14876	14882
14885	14890
14895	14900
14903	14907
14913	14914
14916	14918
14922	14923
14929	14932
14934	14936
14939	14940
14945	14947
14951	14953
14954	14955
14960	14961
14962	14963
14964	14966
14970	14975
14979	14980
14984	14992
14994	14997
14998	15002
15005	15007
15010	15014
15015	15019
15030	15031
15042	15043
15066	15072
15075	15077
15078	15079
15082	15083
15084	15086
15089	15095
15097	15099
15101	15106
15110	15113
15118	15121
15123	15125
15127	15129
15136	15137
15138	15139
15141	15147
15148	15149
15150	15151
15180	15181
15184	15188
15203	15204
15210	15211
15245	15247
15270	15271
15306	15307
15354	15355
15366	15367
15378	15380
15387	15391
15394	15395
15398	15399
15405	15407
15408	15409
15411	15414
15418	15419
15425	15427
15430	15431
15434	15437
15438	15439
15440	15443
15446	15451
15452	15455
15459	15460
15462	15463
15465	15466
15474	15475
15476	15477
15478	15479
15480	15485
15489	15490
15497	15500
15503	15504
15506	15507
15510	15511
15514	15516
15527	15528
15529	15530
15532	15533
15534	15537
15570	15572
15574	15575
15576	15577
15600	15607
15630	15631
15635	15636
15645	15646
15647	15648
15666	15667
15678	15679
15690	15691
15699	15716
15721	15722
15735	15737
15740	15741
15742	15743
15752	15755
15756	15757
15763	15764
15766	15768
15769	15771
15773	15776
15779	15781
15782	15785
15792	15793
15810	15811
15815	15816
15825	15826
15827	15833
15836	15837
15841	15842
15844	15845
15846	15847
15848	15852
15857	15859
15864	15866
15870	15873
15875	15876
15879	15883
15888	15890
15892	15895
15900	15903
15912	15919
15930	15931
15945	15946
15954	15956
