0
0
0
0
0
0
0
0
0
294
3412
3412
3412
3412
3436
3445
3472
3473
3474
3474
3474
3474
3474
3474
3474
3473
3485
3484
3493
3493
3495
3495
3495
3496
3511
3506
3509
3508
3526
3526
3542
3545
3545
3545
3547
3546
3546
3546
3546
3546
3546
3546
3546
3546
3546
3546
3546
3546
3546
3546
3546
3546
3548
3551
3551
3550
3550
3551
3550
3550
3550
3550
3550
3550
3553
3551
3553
3549
3551
3549
3549
3549
3550
3551
3551
3548
3565
3563
3576
3575
3576
3575
3577
3577
3577
3577
3577
3577
3589
3586
3580
3581
3581
3581
3581
3582
3582
3582
3582
3582
3582
3582
3582
3582
3582
3582
3582
3582
3582
3582
3582
3582
3582
3582
3582
3582
3582
3582
3582
3582
3582
3582
3582
3582
3582
3582
3582
3582
3582
3582
3582
3582
3582
3582
3582
3582
3585
3585
3586
3586
3586
3586
3586
3586
3586
3586
3586
3586
3586
3586
3586
3586
3586
3586
3586
3586
3586
3586
3586
3586
3586
3586
3586
3586
3586
3586
3588
3588
3588
3588
3588
3588
3588
3588
3588
3588
3588
3588
3588
3588
3588
3588
3588
3588
3604
3604
3604
3604
3604
3591
3592
3593
3593
3603
3613
3613
3628
3628
3655
3654
3670
3671
3671
3678
3679
3678
3678
3679
3680
3680
3680
3678
3679
3679
3679
3679
3682
3682
3696
3696
3711
3715
3716
3717
3717
3729
3732
3732
3729
3744
3744
3755
3755
3757
3758
3758
3774
3774
3785
3790
3823
3831
3831
3842
3862
3862
3859
3859
3893
3893
3893
3893
3893
3893
3893
3893
3893
3893
3895
3905
3905
3919
3920
3925
3925
3940
3946
3946
3959
3960
3961
3961
3959
3978
3978
3992
3992
3990
4000
4000
4021
4021
4020
4034
4034
4052
4052
4052
4053
4070
4087
4086
4098
4098
4101
4114
4114
4114
4114
4093
4105
4105
4107
4108
4114
4111
4113
4110
4111
4111
4112
4112
4118
4118
4126
4136
4136
4150
4153
4127
4151
4150
4135
4135
4143
4139
4139
4144
4144
4170
4145
4147
4118
4118
4122
4124
4124
4144
4144
4137
4134
4132
4141
4141
4126
4125
4125
4139
4140
4125
4124
4124
4127
4130
4130
4120
4121
4127
4127
4164
4144
4144
4142
4142
4149
4147
4150
4144
4145
4135
4155
4155
4146
4145
4149
4144
4145
4148
4148
4151
4153
4145
4167
4167
4164
4164
4141
4150
4150
4164
4164
4156
4153
4154
4153
4153
4164
4154
4154
4125
4125
4148
4176
4178
4172
4172
4159
4141
4140
4145
4145
4177
4146
4143
4177
4178
4160
4166
4166
4175
4158
4165
4158
4158
4182
4185
4163
4161
4160
4173
4173
4171
4172
4173
4169
4170
4167
4170
4169
4173
4173
4168
4168
4167
4170
4170
4166
4166
4172
4166
4160
4164
4163
4163
4165
4166
4154
4154
4160
4163
4164
4162
4162
4164
4167
4167
4168
4166
4166
4168
4168
4168
4168
4172
4175
4176
4177
4179
4180
4177
4178
4178
4178
4178
4178
4178
4174
4174
4175
4175
4165
4160
4157
4157
4162
4167
4169
4167
4168
4167
4167
4167
4167
4167
4167
4167
4167
4165
4165
4167
4166
4167
4167
4167
4161
4161
4159
4158
4159
4159
4167
4168
4168
4168
4168
4168
4165
4165
4165
4163
4163
4163
4162
4163
4163
4162
4162
4162
4157
4157
4164
4158
4158
4166
4166
4162
4161
4165
4166
4166
4166
4166
4166
4166
4166
4167
4170
4172
4171
4171
4171
4172
4172
4172
4172
4172
4172
4174
4174
4174
4173
4173
4173
4173
4173
4173
4173
4173
4173
4173
4173
4173
4173
4173
4173
4173
4173
4173
4173
4173
4173
4173
4173
4173
4173
4173
4173
4173
4173
4173
4173
4173
4173
4174
4174
4174
4174
4174
4174
4174
4174
4174
4174
4174
4174
4174
4174
4174
4174
4174
4174
4174
4174
4174
4174
4174
4174
4174
4174
4173
4171
4171
4171
4171
4171
4171
4171
4171
4171
4171
4171
4171
4171
4171
4171
4171
4171
4171
4171
4171
4171
4171
4171
4171
4171
4171
4171
4171
4171
4171
4171
4171
4171
4171
4171
4171
4171
4171
4171
4171
4171
4171
4171
4171
4171
4171
4154
4154
4165
4156
4156
4152
4152
4152
4152
4152
4159
4160
4163
4151
4154
4160
4160
4167
4167
4165
4158
4158
4182
4182
4181
4181
4166
4163
4163
4168
4171
4171
4170
4170
4165
4163
4163
4164
4160
4166
4166
4166
4165
4165
4165
4165
4165
4159
4161
4162
4158
4158
4155
4155
4155
4155
4163
4155
4155
4160
4162
4162
4169
4169
4162
4162
4161
4161
4161
4161
4161
4161
4161
4160
4158
4158
4160
4160
4164
4164
4164
4165
4165
4165
4165
4164
4164
4164
4165
4164
4164
4164
4164
4164
4164
4164
4164
4164
4167
4167
4167
4167
4167
4166
4165
4165
4165
4165
4163
4163
4162
4163
4163
4169
4168
4168
4168
4168
4168
4168
4168
4168
4166
4166
4165
4165
4165
4165
4165
4165
4165
4165
4165
4164
4165
4168
4160
4160
4156
4156
4167
4182
4182
4180
4180
4183
4182
4166
4166
4164
4166
4166
4166
4166
4166
4166
4166
4164
4160
4164
4164
4159
4160
4162
4162
4162
4165
4165
4165
4166
4165
4164
4166
4163
4163
4165
4164
4164
4164
4164
4163
4167
4163
4163
4158
4158
4159
4159
4142
4142
4158
4158
4156
4159
4156
4156
4163
4150
4150
4148
4148
4163
4163
4164
4164
4166
4168
4168
4166
4166
4167
4167
4164
4164
4164
4166
4166
4167
4160
4157
4161
4161
4161
4161
4161
4161
4161
4161
4161
4160
4160
4160
4156
4156
4160
4160
4161
4160
4160
4139
4139
4131
4163
4164
4169
4169
4170
4170
4170
4170
4170
4170
4170
4169
4170
4170
4170
4170
4170
4170
4170
4170
4170
4170
4170
4170
4170
4170
4170
4170
4170
4170
4169
4169
4169
4169
4169
4171
4171
4170
4171
4171
4171
4171
4171
4171
4171
4171
4171
4171
4170
4169
4168
4168
4168
4168
4168
4168
4168
4168
4168
4168
4165
4168
4167
4167
4167
4167
4167
4167
4167
4167
4167
4167
4173
4173
4173
4173
4173
4173
4173
4173
4173
4173
4173
4173
4173
4173
4173
4173
4172
4172
4172
4172
4172
4172
4172
4171
4170
4170
4170
4170
4170
4170
4170
4170
4170
4170
4170
4172
4173
4173
4173
4173
4173
4173
4173
4173
4173
4173
4173
4172
4170
4170
4170
4170
4170
4170
4171
4171
4171
4172
4173
4173
4172
4172
4172
4172
4172
4172
4172
4172
4172
4173
4173
4173
4172
4172
4172
4172
4172
4172
4172
4172
4172
4172
4172
4171
4172
4172
4172
4172
4172
4172
4172
4176
4176
4180
4180
4185
4185
4191
4191
4196
4196
4205
4217
4217
4224
4225
4240
4246
4246
4270
4270
4281
4277
4289
4289
4298
4298
4307
4325
4327
4329
4329
4333
4333
4333
4333
4333
4333
4337
4337
4337
4337
4337
4325
4325
4333
4333
4331
4331
4337
4337
4341
4341
4341
4340
4340
4340
4351
4349
4391
4391
4355
4355
4375
4375
4369
4371
4378
4378
4378
4378
4377
4377
4377
4377
4374
4375
4375
4372
4372
4372
4372
4372
4372
4372
4372
4374
4374
4374
4374
4370
4371
4373
4371
4371
4370
4370
4370
4370
4366
4366
4366
4364
4364
4364
4364
4364
4362
4362
4362
4362
4365
4366
4366
4365
4366
4366
4366
4365
4365
4367
4367
4374
4373
4377
4377
4385
4385
4394
4394
4405
4405
4413
4413
4430
4440
4440
4455
4453
4467
4467
4481
4492
4492
4506
4505
4517
4543
4545
4564
4562
4572
4572
4583
4583
4584
4584
4580
4580
4580
4588
4588
4579
4580
4580
4580
4584
4585
4584
4584
4598
4598
4598
4598
4598
4598
4597
4597
4598
4608
4608
4646
4646
4640
4640
4643
4641
4590
4591
4591
4590
4591
4598
4598
4587
4587
4594
4598
4597
4600
4600
4599
4599
4602
4602
4608
4608
4659
4659
4607
4606
4593
4591
4599
4599
4625
4625
4651
4651
4623
4594
4594
4653
4652
4611
4642
4642
4629
4629
4651
4644
4644
4648
4648
4637
4644
4644
4640
4641
4627
4628
4641
4621
4621
4598
4602
4605
4631
4629
4630
4630
4637
4637
4641
4641
4641
4640
4639
4637
4636
4636
4647
4646
4647
4648
4647
4647
4647
4647
4642
4642
4642
4642
4642
4642
4634
4634
4633
4633
4632
4632
4633
4636
4643
4643
4642
4642
4642
4641
4641
4641
4641
4641
4641
4641
4641
4640
4640
4640
4640
4640
4640
4640
4640
4639
4638
4636
4636
4636
4636
4637
4638
4639
4637
4637
4639
4639
4633
4631
4630
4626
4624
4625
4635
4638
4638
4638
4638
4606
4621
4620
4620
4620
4614
4597
4597
4609
4609
4610
4610
4610
4607
4605
4634
4634
4617
4618
4632
4632
4622
4622
4618
4617
4635
4635
4631
4631
4624
4624
4625
4625
4625
4633
4633
4631
4633
4643
4639
4638
4633
4634
4606
4606
4602
4605
4605
4628
4630
4619
4620
4621
4621
4638
4638
4616
4616
4613
4607
4607
4613
4613
4612
4614
4616
4616
4623
4621
4621
4620
4616
4616
4617
4619
4619
4619
4622
4622
4623
4623
4623
4625
4614
4614
4608
4608
4606
4606
4606
4606
4608
4608
4608
4620
4620
4617
4618
4620
4620
4620
4620
4622
4620
4620
4616
4616
4618
4617
4633
4633
4643
4643
4640
4640
4635
4635
4637
4637
4615
4608
4605
4604
4604
4618
4645
4645
4631
4631
4631
4631
4638
4643
4647
4641
4641
4626
4616
4615
4613
4613
4604
4604
4615
4612
4632
4633
4644
4644
4644
4643
4645
4644
4639
4639
4644
4645
4634
4633
4630
4630
4639
4639
4646
4647
4647
4646
4646
4646
4629
4610
4610
4609
4609
4602
4609
4609
4638
4638
4633
4630
4646
4643
4645
4645
4636
4636
4625
4625
4622
4622
4621
4624
4620
4625
4625
4626
4627
4625
4625
4625
4625
4628
4628
4624
4625
4626
4626
4626
4621
4621
4621
4621
4621
4621
4621
4625
4625
4631
4631
4631
4629
4629
4625
4637
4637
4645
4647
4633
4632
4636
4636
4643
4643
4641
4641
4637
4637
4629
4643
4643
4636
4634
4637
4637
4638
4638
4644
4644
4643
4643
4644
4643
4644
4643
4643
4643
4643
4642
4642
4642
4642
4642
4639
4640
4628
4627
4642
4642
4643
4643
4636
4636
4629
4629
4599
4599
4613
4613
4624
4624
4633
4633
4618
4618
4600
4600
4612
4615
4645
4641
4641
4641
4641
4641
4641
4641
4651
4611
4610
4605
4608
4598
4598
4599
4599
4599
4599
4599
4601
4601
4601
4601
4604
4604
4593
4593
4593
4587
4587
4598
4598
4597
4599
4614
4614
4625
4624
4630
4629
4633
4633
4636
4636
4636
4638
4638
4639
4639
4639
4640
4640
4611
4611
4605
4606
4575
4610
4609
4631
4634
4639
4638
4638
4638
4638
4638
4638
4638
4637
4637
4641
4641
4637
4640
4641
4642
4642
4629
4629
4624
4624
4639
4640
4640
4640
4640
4640
4640
4626
4626
4632
4632
4638
4638
4637
4639
4638
4640
4640
4640
4640
4640
4640
4641
4641
4641
4639
4639
4639
4639
4639
4639
4639
4639
4639
4639
4639
4637
4639
4642
4642
4638
4638
4640
4640
4640
4640
4637
4637
4636
4637
4633
4633
4638
4629
4629
4627
4627
4638
4638
4638
4638
4640
4637
4637
4637
4631
4631
4630
4630
4622
4633
4633
4637
4639
4640
4640
4639
4639
4639
4639
4638
4638
4638
4638
4635
4636
4638
4639
4637
4637
4637
4637
4637
4637
4637
4637
4637
4638
4638
4638
4638
4633
4633
4635
4635
4630
4630
4634
4634
4634
4635
4634
4634
4634
4634
4634
4634
4635
4635
4626
4653
4653
4610
4610
4646
4646
4635
4635
4635
4635
4635
4635
4635
4634
4637
4637
4617
4617
4628
4628
4630
4630
4623
4623
4629
4630
4637
4637
4636
4630
4630
4628
4628
4631
4631
4633
4633
4628
4630
4636
4636
4636
4636
4628
4628
4624
4617
4617
4626
4626
4630
4637
4637
4637
4637
4637
4637
4637
4637
4637
4637
4635
4635
4635
4635
4635
4635
4635
4635
4635
4635
4635
4635
4639
4639
4639
4638
4638
4638
4638
4638
4638
4638
4638
4638
4638
4638
4638
4638
4638
4645
4645
4645
4645
4645
4645
4641
4616
4615
4596
4596
4623
4644
4644
4646
4646
4646
4647
4647
4647
4637
4637
4619
4619
4641
4641
4646
4646
4645
4647
4647
4647
4643
4643
4643
4643
4643
4643
4641
4641
4617
4618
4614
4633
4636
4644
4644
4644
4638
4638
4636
4636
4635
4637
4650
4648
4649
4649
4649
4657
4640
4640
4638
4638
4638
4626
4628
4631
4625
4625
4601
4602
4619
4619
4613
4613
4616
4616
4613
4633
4620
4623
4623
4624
4623
4624
4624
4622
4622
4610
4610
4594
4595
4612
4602
4602
4606
4606
4608
4616
4616
4624
4626
4628
4625
4622
4624
4624
4622
4618
4618
4624
4622
4627
4625
4625
4624
4625
4627
4634
4634
4637
4637
4629
4629
4620
4620
4620
4621
4621
4628
4628
4637
4637
4634
4634
4634
4633
4624
4624
4621
4621
4616
4616
4616
4623
4623
4625
4625
4616
4616
4624
4624
4621
4622
4613
4614
4613
4613
4620
4620
4619
4618
4623
4624
4615
4626
4625
4613
4612
4624
4624
4602
4603
4597
4597
4634
4637
4645
4645
4648
4648
4630
4630
4629
4627
4625
4629
4623
4623
4625
4625
4630
4630
4636
4629
4628
4618
4620
4628
4628
4630
4630
4631
4636
4636
4636
4636
4636
4636
4639
4638
4638
4638
4645
4645
4658
4658
4639
4639
4639
4639
4638
4637
4636
4635
4635
4635
4635
4635
4635
4635
4635
4636
4636
4636
4637
4637
4637
4637
4637
4637
4636
4636
4636
4638
4638
4637
4634
4634
4645
4645
4645
4645
4645
4645
4645
4645
4645
4646
4645
4646
4646
4647
4647
4649
4649
4649
4649
4649
4649
4649
4649
4649
4649
4649
4649
4649
4649
4649
4649
4649
4649
4649
4649
4649
4649
4649
4649
4649
4649
4649
4649
4649
4649
4649
4649
4649
4649
4649
4649
4649
4649
4649
4649
4649
4649
4649
4649
4649
4649
4649
4649
4649
4649
4649
4649
4649
4649
4649
4649
4649
4650
4650
4650
4650
4650
4650
4651
4651
4656
4656
4672
4707
4707
4713
4713
4716
4716
4736
4755
4755
4757
4756
4755
4755
4759
4759
4756
4756
4766
4766
4776
4789
4789
4827
4828
4842
4838
4860
4860
4860
4860
4860
4859
4859
4859
4861
4861
4861
4861
4861
4861
4861
4861
4861
4862
4878
4878
4881
4882
4886
4888
4899
4919
4919
4929
4929
4950
4950
4984
4985
5001
5001
5026
5025
5023
5023
5049
5049
5060
5060
5076
5076
5078
5079
5110
5110
5133
5133
5141
5141
5143
5168
5168
5168
5169
5184
5228
5227
5187
5188
5191
5191
5201
5243
5233
5232
5234
5234
5234
5232
5230
5231
5231
5231
5231
5231
5226
5226
5224
5224
5223
5222
5230
5230
5231
5230
5230
5231
5231
5232
5231
5231
5228
5228
5228
5228
5227
5228
5228
5228
5227
5232
5231
5231
5234
5234
5234
5234
5234
5234
5233
5232
5232
5232
5232
5232
5232
5232
5227
5227
5231
5231
5230
5230
5230
5228
5228
5229
5229
5229
5230
5230
5230
5230
5230
5230
5230
5230
5218
5218
5218
5218
5212
5212
5215
5215
5218
5218
5218
5218
5218
5218
5218
5218
5218
5218
5218
5218
5218
5218
5218
5218
5218
5218
5215
5218
5218
5218
5218
5218
5218
5218
5218
5218
5219
5219
5219
5219
5219
5219
5219
5219
5219
5221
5221
5221
5221
5221
5221
5221
5221
5221
5221
5221
5221
5221
5220
5220
5219
5219
5219
5219
5219
5219
5219
5219
5219
5219
5219
5219
5219
5219
5219
5219
5219
5219
5219
5219
5219
5221
5220
5221
5222
5222
5222
5222
5222
5222
5222
5222
5222
5223
5222
5222
5222
5222
5222
5222
5222
5222
5222
5222
5222
5222
5222
5222
5221
5221
5221
5221
5221
5221
5221
5221
5221
5221
5221
5221
5221
5221
5221
5221
5221
5221
5221
5221
5221
5198
5198
5221
5220
5220
5220
5220
5218
5218
5219
5219
5219
5220
5220
5220
5220
5220
5220
5220
5220
5220
5220
5220
5220
5220
5220
5220
5218
5219
5219
5219
5216
5216
5216
5216
5216
5219
5220
5220
5221
5223
5223
5224
5223
5223
5223
5223
5223
5223
5223
5223
5222
5222
5222
5222
5222
5222
5222
5222
5222
5222
5222
5222
5223
5223
5223
5223
5222
5222
5222
5222
5222
5223
5223
5222
5224
5224
5224
5224
5223
5223
5224
5224
5224
5223
5223
5223
5223
5223
5223
5223
5223
5223
5223
5223
5223
5223
5223
5223
5223
5223
5223
5223
5223
5223
5223
5223
5223
5224
5224
5224
5224
5224
5224
5224
5224
5224
5224
5224
5224
5224
5229
5229
5229
5229
5229
5229
5229
5229
5229
5229
5228
5228
5228
5228
5227
5227
5227
5228
5228
5228
5228
5228
5228
5228
5228
5229
5230
5229
5229
5224
5225
5227
5229
5228
5228
5229
5229
5227
5226
5226
5226
5226
5226
5226
5226
5226
5226
5226
5226
5226
5227
5227
5225
5225
5225
5225
5225
5225
5225
5225
5225
5225
5225
5225
5225
5225
5225
5225
5225
5225
5225
5225
5225
5225
5225
5225
5225
5225
5225
5225
5225
5225
5225
5225
5225
5225
5225
5225
5225
5225
5225
5225
5225
5225
5225
5225
5225
5225
5225
5225
5225
5225
5225
5225
5225
5225
5225
5225
5225
5225
5225
5225
5225
5225
5225
5225
5225
5225
5225
5225
5225
5227
5227
5227
5224
5224
5224
5224
5224
5224
5224
5224
5224
5227
5227
5227
5226
5226
5226
5226
5226
5226
5226
5226
5226
5226
5226
5226
5225
5225
5225
5225
5225
5225
5225
5225
5225
5225
5225
5225
5225
5225
5225
5225
5225
5225
5225
5225
5225
5225
5225
5225
5225
5225
5225
5225
5225
5225
5225
5225
5225
5225
5225
5225
5225
5225
5225
5225
5225
5225
5225
5225
5225
5225
5225
5225
5225
5225
5225
5225
5240
5240
5267
5267
5294
5296
5317
5318
5354
5354
5375
5375
5388
5388
5388
5388
5388
5400
5398
5415
5415
5450
5449
5482
5481
5500
5502
5530
5529
5554
5580
5580
5604
5605
5635
5657
5655
5676
5676
5694
5694
5711
5715
5736
5735
5756
5755
5764
5764
5764
5771
5806
5806
5829
5827
5843
5867
5867
5897
5897
5926
5926
5947
5947
5962
5962
5968
5969
5969
6018
6018
6056
6056
6086
6120
6121
6151
6151
6185
6220
6220
6255
6254
6281
6320
6320
6345
6339
6366
6367
6337
6337
6386
6386
6340
6339
6357
6357
6347
6347
6472
6540
6540
6554
6556
6557
6556
6547
6546
6528
6551
6551
6671
6675
6701
6717
6717
6717
6717
6709
6709
6710
6775
6775
6843
6840
6859
6860
6850
6850
6859
6859
6859
6857
6858
6847
6848
6904
6905
6991
7077
7076
7126
7126
7182
7182
7225
7226
7228
7228
7234
7232
7254
7253
7253
7253
7251
7251
7235
7235
7297
7373
7373
7434
7434
7463
7464
7503
7503
7550
7557
7557
7549
7549
7544
7583
7584
7576
7578
7585
7583
7548
7549
7594
7597
7597
7614
7614
7615
7615
7615
7617
7617
7617
7616
7617
7620
7625
7642
7639
7653
7651
7636
7637
7666
7664
7656
7669
7668
7689
7692
7703
7703
7701
7711
7711
7727
7723
7725
7732
7733
7764
7765
7758
7786
7784
7788
7788
7799
7797
7814
7814
7824
7822
7838
7837
7856
7853
7856
7857
7856
7853
7856
7857
7856
7852
7852
7850
7850
7848
7850
7851
7854
7852
7861
7858
7859
7856
7858
7860
7860
7861
7886
7886
7887
7885
7902
7902
7915
7944
7950
7949
7949
7938
7939
7946
7964
7962
7976
7975
7971
7969
7980
7980
7981
7979
7998
7998
7996
7994
8006
8006
8017
8017
8020
8020
8020
8018
8046
8046
8057
8057
8074
8089
8089
8101
8101
8114
8132
8133
8121
8121
8148
8149
8162
8125
8125
8088
8080
8080
8080
8082
8080
8081
8081
8081
8081
8081
8081
8083
8089
8089
8090
8090
8090
8090
8090
8090
8147
8147
8153
8154
8151
8152
8152
8152
8151
8151
8153
8153
8153
8153
8153
8145
8129
8132
8140
8141
8145
8145
8155
8155
8155
8155
8155
8141
8140
8134
8136
8139
8139
8138
8139
8143
8143
8136
8136
8117
8117
8113
8113
8136
8107
8107
8132
8132
8144
8144
8144
8145
8145
8146
8147
8147
8147
8144
8144
8144
8144
8144
8144
8144
8143
8144
8144
8144
8146
8146
8145
8145
8111
8111
8111
8112
8112
8111
8111
8111
8111
8111
8110
8110
8110
8110
8111
8109
8110
8110
8147
8147
8149
8149
8126
8136
8135
8140
8140
8167
8180
8180
8201
8201
8218
8197
8197
8206
8206
8211
8211
8208
8206
8207
8218
8222
8221
8272
8272
8290
8291
8296
8296
8306
8304
8324
8324
8334
8334
8339
8336
8340
8339
8333
8332
8328
8342
8344
8338
8338
8340
8340
8349
8349
8361
8377
8377
8361
8365
8402
8404
8405
8417
8418
8403
8384
8384
8397
8398
8433
8432
8432
8444
8445
8444
8444
8445
8445
8445
8446
8446
8444
8441
8441
8443
8443
8442
8441
8441
8441
8441
8441
8441
8441
8441
8441
8441
8441
8441
8448
8455
8455
8460
8460
8477
8473
8473
8478
8478
8501
8501
8511
8511
8513
8514
8511
8511
8522
8531
8531
8551
8551
8582
8582
8582
8582
8584
8591
8610
8611
8611
8610
8611
8613
8628
8627
8631
8637
8636
8653
8651
8653
8655
8667
8667
8667
8667
8667
8667
8667
8667
8666
8666
8667
8673
8684
8683
8680
8677
8677
8677
8682
8683
8686
8699
8700
8698
8698
8698
8698
8698
8698
8704
8704
8716
8717
8720
8718
8727
8727
8727
8727
8729
8746
8746
8762
8762
8771
8772
8783
8805
8805
8803
8803
8826
8826
8864
8864
8854
8855
8868
8872
8871
8880
8880
8894
8894
8894
8894
8894
8849
8852
8835
8826
8824
8852
8852
8847
8847
8844
8844
8848
8846
8850
8849
8842
8839
8840
8840
8846
8846
8845
8841
8842
8843
8836
8837
8837
8837
8834
8833
8837
8834
8834
8836
8837
8840
8846
8842
8830
8831
8830
8830
8842
8841
8841
8842
8844
8848
8845
8845
8852
8858
8857
8857
8856
8856
8832
8831
8870
8868
8886
8886
8875
8883
8853
8853
8865
8865
8853
8853
8868
8868
8884
8881
8886
8888
8851
8851
8850
8850
8856
8863
8863
8871
8872
8854
8857
8856
8876
8876
8847
8847
8861
8887
8887
8847
8849
8886
8888
8892
8893
8893
8893
8893
8893
8893
8893
8878
8883
8881
8897
8890
8891
8891
8893
8892
8892
8892
8891
8891
8895
8894
8886
8888
8866
8890
8890
8893
8893
8890
8885
8885
8887
8885
8888
8883
8887
8878
8879
8846
8846
8864
8864
8834
8885
8884
8845
8848
8883
8883
8877
8876
8878
8878
8830
8830
8857
8857
8882
8881
8884
8893
8893
8905
8905
8883
8883
8892
8892
8901
8898
8895
8894
8861
8862
8900
8900
8899
8898
8899
8894
8894
8882
8902
8901
8908
8906
8906
8903
8902
8899
8899
8898
8898
8888
8887
8902
8899
8906
8906
8906
8904
8863
8862
8859
8864
8866
8870
8869
8892
8892
8875
8874
8879
8879
8884
8856
8856
8877
8864
8864
8842
8842
8841
8910
8910
8910
8910
8910
8910
8903
8903
8893
8894
8892
8895
8902
8900
8904
8904
8907
8899
8901
8869
8870
8864
8865
8909
8910
8873
8872
8894
8896
8873
8876
8915
8903
8901
8897
8896
8902
8900
8901
8901
8898
8897
8899
8912
8912
8863
8863
8907
8903
8903
8902
8903
8896
8864
8865
8868
8869
8869
8919
8918
8876
8876
8874
8875
8919
8919
8920
8914
8914
8914
8914
8914
8914
8913
8913
8914
8914
8914
8914
8914
8914
8914
8914
8914
8914
8914
8914
8914
8914
8914
8916
8844
8863
8862
8864
8865
8865
8866
8866
8865
8866
8868
8872
8904
8907
8869
8867
8870
8870
8876
8876
8870
8873
8875
8881
8896
8875
8874
8875
8875
8879
8879
8878
8878
8876
8877
8880
8879
8876
8920
8920
8921
8922
8922
8925
8899
8900
8914
8918
8915
8915
8906
8907
8923
8923
8893
8894
8881
8917
8917
8912
8913
8914
8914
8911
8913
8914
8910
8910
8910
8914
8914
8917
8917
8913
8914
8911
8912
8910
8906
8906
8909
8908
8926
8923
8923
8924
8924
8924
8924
8924
8924
8924
8924
8924
8924
8924
8925
8925
8925
8925
8925
8925
8925
8925
8925
8925
8925
8925
8925
8925
8925
8925
8925
8925
8925
8925
8925
8927
8928
8928
8925
8925
8924
8925
8925
8925
8925
8925
8925
8923
8923
8924
8910
8910
8910
8910
8910
8911
8911
8911
8911
8911
8913
8914
8926
8926
8962
8962
8988
8988
9008
9008
9022
9023
9048
9050
9062
9062
9086
9086
9132
9170
9170
9193
9193
9212
9235
9235
9268
9271
9300
9334
9335
9372
9372
9403
9418
9422
9456
9457
9519
9519
9546
9546
9569
9588
9589
9612
9612
9636
9635
9653
9656
9708
9708
9708
9706
9706
9706
9701
9701
9698
9700
9697
9698
9689
9676
9676
9720
9720
9766
9766
9789
9786
9809
9809
9843
9843
9867
9868
9886
9925
9925
9942
9942
9951
9952
9956
9974
9976
9988
9987
10003
10003
10022
10022
10022
10026
10034
10034
10026
10026
10038
10038
10039
10036
10053
10053
10048
10048
10047
10051
10018
10018
10021
10014
10015
10051
10051
10060
10060
10057
10057
10059
10073
10073
10073
10064
10064
10066
10067
10071
10071
10073
10071
10073
10071
10064
10063
10049
10048
10066
10065
10040
10040
10041
10041
10056
10058
10065
10065
10064
10057
10057
10053
10053
10055
10055
10058
10059
10060
10060
10057
10057
10061
10061
10058
10067
10067
10070
10068
10068
10061
10061
10058
10059
10059
10055
10055
10056
10056
10054
10054
10063
10067
10067
10067
10067
10067
10067
10067
10067
10067
10070
10068
10067
10070
10073
10073
10072
10073
10072
10072
10072
10072
10072
10067
10067
10068
10068
10067
10067
10067
10067
10066
10066
10066
10066
10066
10063
10065
10066
10064
10064
10064
10064
10064
10065
10064
10069
10070
10079
10080
10091
10091
10116
10116
10121
10121
10108
10108
10151
10148
10148
10145
10145
10146
10152
10152
10152
10152
10175
10175
10178
10178
10193
10192
10195
10195
10195
10194
10194
10210
10210
10209
10219
10220
10232
10233
10236
10248
10248
10248
10247
10262
10262
10266
10253
10253
10291
10296
10314
10316
10315
10320
10320
10333
10349
10349
10363
10363
10358
10362
10360
10359
10378
10378
10403
10403
10404
10405
10426
10426
10449
10444
10468
10464
10464
10505
10505
10513
10513
10513
10513
10519
10522
10521
10520
10519
10518
10518
10519
10523
10544
10544
10544
10544
10570
10568
10574
10576
10591
10591
10605
10604
10600
10600
10627
10627
10624
10625
10645
10645
10645
10661
10661
10656
10656
10663
10663
10678
10687
10686
10712
10712
10712
10722
10722
10731
10731
10768
10763
10761
10766
10762
10759
10763
10764
10764
10765
10760
10759
10755
10756
10763
10764
10764
10763
10754
10758
10752
10751
10747
10748
10748
10735
10736
10716
10709
10709
10710
10711
10723
10723
10746
10746
10747
10747
10754
10752
10745
10720
10719
10718
10718
10708
10744
10743
10744
10744
10748
10739
10738
10737
10738
10717
10717
10733
10735
10735
10735
10730
10731
10751
10748
10743
10741
10710
10710
10704
10704
10726
10726
10740
10742
10744
10734
10735
10736
10733
10733
10715
10715
10706
10710
10710
10721
10722
10722
10723
10723
10735
10735
10730
10732
10732
10738
10740
10761
10760
10767
10762
10762
10761
10761
10763
10763
10762
10762
10767
10766
10771
10769
10771
10771
10771
10770
10770
10770
10770
10770
10769
10771
10771
10767
10767
10767
10767
10767
10767
10767
10774
10799
10799
10803
10803
10810
10810
10810
10816
10816
10854
10853
10853
10853
10861
10860
10858
10858
10865
10866
10878
10877
10875
10875
10903
10903
10910
10908
10920
10915
10920
10920
10935
10935
10941
10942
10949
10949
10966
10966
10974
10973
10985
11005
11005
11013
11013
10989
10989
11011
11008
11006
11005
11003
11017
11017
11017
11017
11017
11017
11017
11016
11016
11015
11016
11004
11013
11013
11004
11004
10994
10963
10964
10993
10993
10991
10991
10995
10978
10978
11005
11005
11004
11004
11002
11002
10986
10987
10985
10988
10989
10991
10995
10995
11005
11005
11005
11005
11000
11006
11006
11014
11013
11007
10991
10991
11007
11007
10999
10999
10992
10991
11003
10998
11006
11006
11005
11005
11006
11004
11011
11011
11002
11004
11002
11000
11002
11001
11000
10998
10984
10984
10956
10955
10994
10995
10994
10992
10992
11000
11001
11002
11002
10999
10999
10999
11002
11004
11010
11010
11010
11010
11010
11009
11011
11011
11011
11011
11012
11012
11014
11012
11012
11012
11015
11015
11017
11016
11008
11008
11009
11009
11013
11013
11011
11011
11011
11011
11009
11009
11008
11008
11010
11008
11008
11012
11012
11005
11005
11005
11004
11004
11019
10992
10992
10988
10988
10974
10978
10997
10999
10998
11000
11000
10989
10989
10981
10982
10975
10976
10979
10979
10979
10979
10993
10974
10981
10981
10984
10985
10986
10988
10990
10991
10998
10999
10999
10999
10988
10980
10981
10984
10985
10989
10987
10988
10996
10998
10996
10994
10994
10994
10987
10992
10993
10964
10964
10970
10970
10966
11006
11007
11008
11008
10994
10994
10996
10999
11009
11011
10999
10999
10994
10998
11002
11002
10999
11000
10990
10984
10983
10963
10963
10959
10960
10963
10963
10973
10973
10991
10985
10982
10992
10989
10999
10998
10999
10998
10998
10938
10938
10936
10936
10935
10936
10935
10935
10936
10936
10936
10935
10935
10934
10934
10936
10937
10938
10938
10938
10938
10938
10938
10938
10938
10938
10938
10938
11000
11000
11000
11000
10989
10989
10994
10998
10997
10997
10998
10991
10995
10996
10996
10996
10998
10998
10990
10993
10993
10992
10986
10986
10991
10992
10992
10991
10990
10989
10989
10990
10991
10990
10990
10989
10992
10992
10991
10992
10992
10992
10956
10956
10952
10952
10944
10946
10946
10952
10954
10929
10960
10959
10956
10956
10959
10959
10957
10958
10952
10951
10950
10950
10947
10969
10970
10978
10977
10942
10930
10929
10963
10964
10971
10950
10951
10976
10974
10944
10943
10947
10948
10975
10975
10952
10931
10931
10965
10965
10959
10959
10953
10953
10962
10960
10993
10994
10995
10985
10984
10983
10975
10975
10995
10995
10995
10992
10991
10991
10991
10991
10991
10991
10992
10991
10990
10990
10990
10997
10990
10988
10991
10996
10994
10997
10995
10995
10997
10995
10996
10998
10996
10997
10997
10998
11000
11000
11002
11002
11011
11011
11015
11011
11022
11027
11026
11032
11054
11058
11057
11063
11065
11067
11080
11082
11077
11079
11079
11079
11079
11070
11070
11088
11102
11103
11113
11113
11111
11111
11115
11114
11120
11120
11122
11122
11126
11127
11135
11136
11139
11139
11139
11139
11152
11153
11156
11156
11161
11161
11168
11168
11160
11160
11194
11201
11201
11209
11208
11212
11216
11217
11215
11215
11210
11213
11213
11208
11206
11207
11207
11208
11208
11207
11210
11209
11204
11209
11214
11214
11214
11214
11214
11214
11214
11216
11215
11219
11208
11208
11208
11200
11200
11204
11204
11205
11204
11204
11204
11204
11203
11204
11201
11202
11207
11207
11208
11208
11210
11211
11194
11193
11205
11205
11208
11206
11206
11208
11207
11207
11207
11207
11209
11209
11204
11204
11199
11199
11202
11202
11202
11202
11201
11202
11202
11202
11200
11206
11205
11205
11205
11202
11202
11198
11198
11198
11201
11206
11209
11209
11209
11209
11208
11208
11207
11207
11207
11207
11207
11210
11211
11215
11215
11217
11217
11208
11207
11204
11204
11207
11207
11225
11229
11227
11227
11232
11232
11223
11223
11227
11227
11232
11231
11232
11227
11227
11227
11227
11228
11228
11228
11228
11227
11227
11226
11224
11218
11218
11219
11219
11220
11221
11221
11221
11221
11220
11220
11220
11225
11223
11223
11224
11224
11224
11224
11224
11224
11222
11220
11221
11225
11225
11225
11225
11223
11223
11223
11223
11223
11224
11224
11223
11226
11224
11223
11224
11224
11224
11224
11226
11226
11226
11234
11234
11237
11237
11257
11255
11245
11245
11252
11252
11283
11284
11281
11281
11278
11278
11304
11304
11315
11315
11343
11343
11334
11334
11360
11360
11358
11358
11358
11360
11378
11378
11386
11386
11387
11387
11386
11395
11393
11403
11397
11397
11404
11404
11418
11419
11419
11433
11433
11436
11436
11436
11436
11435
11435
11435
11435
11435
11435
11435
11436
11441
11438
11437
11440
11446
11445
11446
11443
11443
11443
11444
11444
11462
11466
11470
11468
11477
11477
11478
11485
11485
11485
11485
11485
11483
11484
11488
11490
11496
11499
11499
11504
11503
11499
11510
11510
11526
11526
11528
11528
11555
11555
11557
11557
11573
11573
11594
11594
11609
11610
11611
11611
11611
11611
11628
11628
11630
11630
11630
11630
11629
11590
11589
11615
11615
11631
11631
11629
11634
11633
11609
11608
11592
11622
11623
11626
11625
11625
11624
11588
11621
11621
11619
11619
11625
11628
11627
11637
11640
11640
11640
11630
11630
11613
11613
11613
11597
11594
11624
11620
11626
11626
11623
11622
11634
11633
11622
11565
11584
11600
11601
11633
11633
11634
11635
11636
11636
11626
11601
11600
11608
11605
11635
11617
11616
11641
11641
11605
11607
11651
11645
11645
11606
11604
11619
11619
11593
11593
11634
11634
11652
11651
11609
11609
11655
11659
11614
11611
11595
11595
11598
11599
11599
11599
11599
11601
11602
11602
11602
11601
11600
11600
11600
11600
11600
11600
11600
11600
11598
11595
11593
11592
11594
11594
11655
11655
11655
11641
11637
11637
11656
11656
11655
11656
11648
11649
11622
11623
11630
11632
11631
11632
11624
11621
11645
11644
11647
11648
11645
11651
11651
11651
11651
11651
11651
11598
11563
11563
11567
11567
11557
11556
11556
11581
11581
11555
11554
11550
11551
11552
11593
11593
11558
11557
11557
11590
11600
11608
11612
11604
11608
11606
11606
11623
11623
11613
11616
11615
11614
11616
11614
11612
11612
11605
11604
11607
11608
11611
11611
11604
11608
11611
11613
11571
11572
11601
11601
11609
11610
11610
11610
11610
11610
11610
11609
11613
11605
11600
11600
11582
11582
11593
11593
11594
11592
11596
11595
11571
11572
11596
11597
11595
11594
11584
11584
11593
11591
11586
11583
11583
11588
11588
11594
11595
11592
11598
11598
11597
11599
11597
11596
11599
11600
11600
11586
11594
11593
11567
11566
11585
11599
11595
11597
11588
11586
11587
11581
11581
11575
11575
11588
11585
11590
11593
11595
11592
11594
11582
11583
11564
11563
11563
11563
11590
11595
11587
11588
11585
11585
11585
11586
11581
11583
11584
11588
11587
11592
11590
11589
11561
11561
11559
11559
11552
11591
11590
11601
11601
11558
11557
11578
11579
11560
11599
11599
11602
11602
11596
11596
11595
11596
11598
11591
11594
11597
11597
11604
11604
11594
11594
11604
11604
11604
11605
11605
11611
11610
11610
11610
11610
11610
11610
11604
11604
11603
11603
11604
11604
11604
11603
11603
11603
11603
11603
11603
11603
11602
11601
11602
11599
11600
11600
11600
11600
11596
11596
11605
11605
11611
11607
11607
11611
11614
11614
11614
11612
11612
11569
11569
11572
11573
11566
11612
11614
11614
11614
11614
11614
11600
11607
11607
11609
11612
11605
11604
11612
11612
11612
11612
11611
11611
11611
11611
11610
11610
11638
11638
11638
11638
11638
11638
11638
11638
11638
11638
11638
11638
11638
11636
11635
11636
11635
11634
11634
11634
11634
11634
11634
11634
11634
11634
11635
11638
11640
11640
11640
11640
11640
11640
11640
11640
11640
11639
11639
11638
11638
11638
11638
11638
11638
11638
11638
11638
11638
11638
11638
11638
11640
11640
11641
11641
11662
11662
11668
11668
11670
11675
11678
11678
11689
11686
11714
11715
11728
11728
11743
11757
11757
11776
11778
11795
11814
11812
11832
11835
11848
11848
11862
11862
11879
11896
11895
11900
11902
11902
11902
11902
11904
11893
11893
11892
11891
11891
11889
11889
11895
11895
11887
11887
11881
11881
11881
11881
11883
11884
11899
11900
11916
11916
11921
11921
11956
11956
11975
11997
11997
12020
12017
12041
12041
12058
12058
12079
12079
12093
12107
12107
12120
12123
12150
12163
12163
12177
12178
12190
12205
12205
12220
12220
12230
12233
12238
12238
12244
12249
12249
12280
12279
12301
12318
12318
12344
12345
12364
12384
12385
12400
12399
12415
12435
12435
12440
12440
12440
12443
12434
12433
12429
12425
12423
12424
12421
12421
12421
12421
12437
12437
12464
12464
12491
12492
12512
12512
12524
12524
12549
12549
12562
12566
12604
12602
12620
12625
12638
12637
12666
12668
12682
12682
12702
12703
12709
12690
12690
12710
12710
12705
12705
12712
12704
12703
12685
12689
12707
12715
12715
12712
12712
12713
12709
12709
12746
12746
12770
12768
12789
12805
12805
12818
12817
12815
12814
12814
12845
12845
12831
12832
12853
12853
12853
12852
12852
12852
12838
12838
12878
12879
12885
12885
12884
12884
12881
12882
12882
12880
12880
12863
12882
12885
12882
12882
12890
12880
12880
12877
12876
12879
12878
12878
12879
12892
12899
12900
12900
12900
12901
12901
12901
12901
12901
12901
12901
12902
12902
12902
12902
12902
12902
12902
12902
12902
12902
12902
12902
12903
12899
12899
12892
12891
12892
12893
12893
12893
12893
12893
12893
12893
12893
12893
12893
12893
12893
12893
12893
12893
12893
12893
12898
12898
12913
12913
12932
12932
12931
12931
12942
12942
12942
12942
12942
12941
12940
12940
12940
12940
12940
12940
12942
12942
12951
12951
12964
12968
12970
12975
12974
12976
12984
12984
12973
12973
12992
12992
12996
13016
13016
12999
12999
13036
13035
13020
13052
13052
13051
13051
13077
13078
13076
13076
13090
13091
13072
13072
13098
13099
13116
13116
13108
13113
13114
13114
13132
13140
13140
13157
13157
13166
13166
13158
13158
13182
13182
13197
13188
13188
13200
13199
13215
13216
13218
13218
13224
13239
13237
13259
13255
13263
13263
13262
13263
13263
13263
13263
13263
13263
13264
13272
13273
13283
13282
13285
13286
13304
13304
13313
13313
13323
13327
13334
13333
13352
13352
13347
13347
13366
13366
13376
13387
13387
13393
13393
13416
13423
13423
13417
13417
13428
13479
13479
13470
13470
13489
13528
13530
13530
13530
13530
13522
13522
13531
13531
13531
13530
13518
13517
13515
13515
13527
13527
13527
13528
13528
13527
13528
13533
13492
13489
13491
13491
13503
13504
13520
13520
13519
13519
13518
13520
13520
13521
13520
13525
13524
13524
13522
13522
13539
13539
13539
13539
13539
13553
13545
13545
13534
13538
13538
13540
13535
13534
13546
13546
13546
13549
13542
13544
13541
13539
13539
13539
13541
13541
13542
13542
13560
13561
13574
13573
13578
13579
13583
13594
13594
13613
13613
13617
13617
13593
13633
13633
13649
13648
13648
13645
13645
13668
13668
13668
13685
13686
13683
13683
13692
13692
13701
13702
13705
13706
13709
13709
13725
13726
13741
13741
13741
13741
13755
13755
13773
13773
13778
13780
13790
13794
13793
13793
13767
13767
13762
13788
13788
13781
13781
13735
13735
13738
13782
13782
13781
13780
13779
13779
13779
13763
13763
13763
13774
13776
13764
13764
13754
13754
13776
13775
13775
13774
13774
13774
13774
13782
13783
13782
13787
13787
13785
13785
13782
13782
13782
13782
13783
13783
13782
13783
13762
13773
13773
13781
13781
13780
13780
13780
13781
13719
13721
13721
13720
13720
13720
13720
13720
13720
13720
13720
13719
13719
13715
13716
13715
13716
13716
13716
13716
13716
13716
13716
13716
13716
13716
13716
13776
13776
13771
13771
13778
13778
13778
13778
13778
13783
13777
13777
13784
13784
13783
13783
13783
13783
13783
13783
13783
13782
13782
13782
13782
13782
13782
13782
13782
13782
13782
13782
13782
13782
13776
13778
13779
13779
13778
13778
13780
13780
13780
13780
13780
13780
13780
13780
13780
13780
13780
13780
13778
13778
13778
13778
13778
13773
13774
13775
13768
13766
13766
13766
13772
13772
13778
13779
13785
13785
13795
13795
13804
13806
13810
13810
13811
13811
13813
13819
13819
13821
13821
13821
13821
13821
13829
13833
13833
13841
13841
13851
13852
13865
13879
13879
13887
13887
13897
13897
13902
13902
13910
13912
13917
13919
13918
13915
13915
13904
13904
13906
13906
13921
13931
13931
13940
13940
13947
13949
13947
13947
13957
13956
13961
13963
13975
13975
13983
13983
13992
13992
13995
13995
13996
13996
13994
13994
13997
13999
13994
13995
13983
13981
13971
13971
13974
13979
13979
13977
13978
14005
14004
13998
13995
13987
13999
13999
14002
14002
14002
14002
14002
14000
14002
14004
14007
14005
14005
14005
14004
14004
14003
14003
14003
14003
14003
14002
14002
14002
14002
14002
14009
14009
14011
14011
14019
14017
14021
14021
14024
14029
14029
14043
14043
14049
14054
14054
14052
14051
14056
14061
14066
14104
14104
14080
14081
14107
14107
14101
14122
14125
14128
14128
14139
14139
14145
14145
14156
14156
14157
14157
14164
14173
14187
14182
14185
14185
14185
14184
14185
14185
14185
14185
14185
14201
14198
14197
14177
14181
14182
14191
14199
14198
14214
14214
14210
14207
14215
14216
14215
14217
14218
14218
14220
14219
14219
14219
14219
14220
14235
14240
14242
14240
14241
14249
14247
14262
14262
14270
14270
14302
14302
14310
14309
14300
14300
14326
14326
14331
14331
14345
14345
14345
14345
14345
14369
14369
14371
14374
14374
14357
14357
14366
14362
14361
14346
14346
14374
14374
14375
14358
14358
14367
14367
14365
14366
14373
14374
14374
14369
14356
14356
14369
14366
14368
14368
14365
14365
14353
14355
14362
14355
14355
14355
14366
14365
14365
14360
14360
14361
14371
14368
14371
14367
14367
14410
14410
14410
14399
14399
14390
14390
14409
14409
14414
14395
14391
14377
14379
14377
14378
14378
14378
14381
14381
14384
14384
14382
14382
14361
14361
14356
14356
14353
14353
14379
14379
14360
14365
14365
14364
14373
14396
14390
14393
14391
14392
14388
14388
14352
14348
14388
14343
14342
14343
14344
14373
14376
14377
14343
14341
14339
14339
14343
14344
14347
14348
14347
14371
14370
14336
14336
14342
14342
14364
14359
14379
14379
14349
14347
14384
14383
14382
14382
14369
14369
14369
14376
14377
14353
14370
14344
14344
14381
14381
14385
14387
14387
14391
14388
14381
14387
14387
14387
14387
14387
14369
14369
14366
14366
14384
14384
14383
14342
14343
14382
14381
14367
14368
14324
14324
14367
14380
14358
14359
14352
14359
14357
14359
14353
14353
14361
14361
14359
14365
14365
14363
14355
14355
14356
14356
14357
14359
14359
14362
14362
14366
14367
14365
14387
14390
14390
14388
14386
14386
14386
14392
14392
14395
14386
14387
14386
14388
14390
14390
14358
14358
14349
14349
14347
14347
14363
14363
14363
14360
14362
14362
14360
14361
14399
14399
14406
14406
14400
14400
14400
14400
14400
14400
14402
14403
14391
14360
14359
14361
14355
14340
14341
14341
14340
14340
14340
14340
14340
14340
14340
14341
14341
14341
14341
14341
14341
14341
14341
14341
14341
14341
14341
14344
14344
14344
14345
14344
14344
14344
14344
14344
14345
14345
14344
14362
14362
14362
14355
14442
14439
14414
14414
14427
14410
14409
14414
14414
14416
14415
14398
14406
14405
14347
14347
14347
14347
14347
14346
14346
14337
14337
14337
14384
14384
14398
14398
14398
14398
14411
14410
14342
14341
14337
14337
14337
14337
14337
14337
14337
14337
14339
14335
14335
14333
14333
14333
14333
14334
14334
14334
14334
14334
14378
14378
14395
14350
14350
14342
14342
14335
14335
14335
14335
14335
14335
14335
14335
14335
14335
14335
13886
13886
11809
11808
10083
10076
8901
8897
7979
8020
7563
7571
7322
7377
6932
6933
6716
6742
6749
6751
6750
6805
6844
6845
6843
6844
6844
6844
6845
6842
6841
6841
6840
6877
6877
6874
6874
6874
6874
6873
6872
6873
6872
6872
6874
6906
6906
6908
6908
6915
6914
6916
6913
6911
6911
6911
6910
6911
6909
6909
6909
6909
6909
6909
6911
6912
6912
6912
6912
6916
6913
6917
6918
6918
6918
6917
6917
6917
6919
6919
6920
6920
6921
6923
6922
6924
6924
6925
6924
6925
6926
6926
6926
6938
6943
6944
6944
6945
6942
6941
6941
6940
6941
6941
6939
6937
6937
6937
6937
6937
6936
6935
6933
6932
6932
6932
6931
6931
6932
6932
6932
6932
6932
6932
6932
6932
6932
6932
6932
6937
6937
6938
6939
6941
6942
6943
6941
6943
6943
6943
6943
6942
6944
6944
6943
6943
6943
6943
6943
6944
6944
6944
6944
6945
6945
6945
6943
6942
6940
6940
6896
6940
6940
6940
6940
6941
6941
6941
6941
6941
6941
6941
6940
6940
6940
6940
6940
6941
6940
6940
6940
6940
6940
6940
6940
6940
6940
6940
6940
6940
6940
6940
6940
6940
6940
6940
6940
6940
6940
6948
6948
6948
6948
6948
6948
6948
6948
6948
6948
6948
6948
6955
6955
6954
6954
6948
6951
6951
6951
6951
6951
6951
6951
6971
6971
6978
6978
6987
6987
6989
6989
6935
6935
6932
6932
6989
6987
6993
6993
6992
6992
6938
6940
6938
6938
6985
6985
6985
6985
6932
6931
6928
6980
6980
6967
6967
6968
6968
6968
6968
6967
6968
6968
6965
6968
6967
6966
6963
6963
6963
6963
6963
6967
6964
6965
6965
6965
6965
6965
6965
6965
6965
6965
6965
6967
6967
6965
6963
6964
6964
6964
6963
6963
6924
6924
6924
6925
6931
6931
6933
6929
6929
6932
6932
6932
6932
6938
6941
6938
6937
6937
6942
6935
6935
6938
6938
6949
6950
6951
6947
6945
6943
6945
6939
6957
6959
6981
6983
6974
6975
6953
6953
6961
6959
6963
6957
6965
6965
6966
6966
6969
6969
6967
6967
6970
6975
6975
6997
7002
7015
7006
7006
6998
6999
7015
6997
6997
6994
6994
7013
7016
7016
6998
6995
6994
6995
6989
6990
6985
6972
6975
6976
6977
6976
6971
6969
6981
6981
6980
6979
6981
6983
6987
6984
7016
7013
7013
7012
7031
7028
6969
6971
6986
6986
6984
6984
6985
6983
6984
7049
7048
7048
6982
6982
6990
6985
7037
7033
7035
7034
7026
7025
7022
7021
7021
7020
7021
7016
7016
7016
7016
7016
7016
6968
6968
6960
6960
6955
7018
7017
7017
7016
7016
7016
7016
7016
7016
7016
7016
7016
6976
6976
7039
7040
7039
7040
7029
7028
6985
6989
7047
7027
7044
7029
7030
6986
7006
7005
6997
6997
7000
6993
7033
7033
7036
7031
7039
7041
6986
6989
6980
6980
7019
7019
7016
7017
7012
7013
7013
7013
6994
6994
6954
6954
6948
6948
6948
6948
6948
6948
6948
6948
6948
6948
6948
7241
7788
7787
8576
8576
9428
9427
9946
9936
10664
10661
11015
11029
11170
11162
11648
11654
12017
12046
12545
12545
13017
13019
13246
13311
13601
13612
13699
13693
13755
13896
13856
13867
13865
13866
13862
13898
13909
13957
13957
13985
13973
14073
14077
14073
14075
14094
14076
14079
14039
14038
14046
14097
14097
14232
14233
14200
14240
14241
14238
14239
14198
14200
14212
14213
14213
14214
14214
14217
14214
14205
14205
14228
14226
14217
14219
14263
14263
14281
14282
14282
14282
14284
14284
14287
14288
14288
14290
14282
14286
14285
14286
14282
14282
14286
14288
14290
14291
14297
14299
14274
14273
14319
14319
14320
14320
14319
14319
14319
14319
14319
14265
14265
14257
14257
14257
14257
14257
14257
14257
14253
14117
14117
14117
14117
14114
14123
13560
13561
12471
12471
10926
10917
9660
9661
8995
8997
8307
8340
7899
7898
7811
7814
7674
7752
7759
7819
7818
7822
7839
7881
7882
7882
7883
7885
7840
7839
7857
7855
7871
7864
7919
7953
7961
7974
7970
7966
7961
8004
8005
8008
8008
8008
8016
8011
7977
7977
7995
7995
8003
8000
8033
8040
8041
8041
7996
7979
8024
8021
7946
7965
7966
7953
7953
7952
7953
7947
7948
7938
7938
7937
7937
7937
7937
7937
7937
8043
8044
8084
8084
8624
8620
9039
9034
9527
9529
9651
9647
10205
10198
10592
10592
11263
11255
11655
11650
12069
12071
12585
12590
12997
12993
13579
13580
13919
13915
13821
13828
13826
13822
13846
13846
13848
13844
13841
13875
13867
13868
13870
13880
13877
13882
13881
13870
13870
13870
13870
13811
13908
13929
13929
13991
14012
14003
14021
14004
14018
14016
14022
14022
14124
14122
14131
14132
14138
14134
14140
14116
14115
14135
14135
14135
14182
14136
14141
14138
14134
14129
14136
14136
14122
14180
14183
14174
14202
14206
14204
14203
14208
14201
14200
14194
14198
14197
14202
14202
14183
14180
14204
14203
14215
14213
14214
14217
14219
14219
14189
14167
14201
14235
14247
14215
14218
14255
14255
14255
14238
14234
14244
14245
14272
14258
14262
14238
14243
14243
14242
14245
14243
14263
14263
14272
14276
14277
14277
14277
14280
14274
14274
14240
14243
14271
14271
14267
14264
14252
14239
14239
14237
14237
14232
14242
14242
14235
14235
14236
14291
14295
14289
14288
14285
14284
14293
14292
14291
14288
14320
14321
14313
14305
14305
14273
14281
14278
14280
14269
14265
14263
14263
14268
14276
14310
14312
14287
14289
14299
14300
14298
14299
14303
14304
14319
14321
14295
14295
14289
14341
14341
14318
14318
14321
14321
14323
14325
14329
14333
14333
14331
14332
14332
14332
14332
14333
14332
14332
14330
14328
14331
14320
14320
14327
14327
14329
14329
14328
14328
14330
14330
14285
14327
14328
14328
14328
14328
14328
14327
14327
14327
14327
14327
14328
14328
14330
14327
14327
14327
14327
14327
14393
14395
14395
14396
14387
14386
14386
14386
14386
14386
14386
14385
14385
14410
14403
14405
14393
14393
14390
14388
14362
14362
14388
14388
14399
14396
14383
14383
14384
14361
14402
14402
14406
14406
14398
14399
14361
14355
14391
14394
14359
14397
14397
14403
14404
14392
14392
14392
14393
14393
14385
14360
14363
14366
14366
14366
14410
14410
14402
14403
14411
14417
14406
14398
14390
14400
14400
14403
14404
14381
14383
14383
14404
14402
14397
14393
14387
14390
14390
14395
14395
14395
14395
14391
14391
14401
14401
14401
14404
14405
14405
14405
14405
14400
14400
14398
14401
14405
14405
14404
14402
14401
14401
14401
14402
14402
14402
14402
14402
14401
14401
14401
14403
14403
14403
14403
14403
14404
14404
14404
14404
14413
14411
14406
14386
14384
14382
14381
14382
14383
14382
14382
14379
14379
14378
14378
14379
14380
14380
14380
14381
14381
14381
14381
14381
14381
14380
14383
14384
14389
14387
14387
14387
14387
14387
14387
14386
14386
14387
14386
14389
14390
14390
14390
14390
14381
14381
14343
14343
14386
14387
14387
14382
14382
14388
14388
14388
14388
14360
14360
14393
14383
14384
14389
14384
14344
14346
14339
14346
14345
14388
14389
14365
14367
14382
14382
14388
14396
14396
14389
14389
14388
14387
14387
14361
14361
14350
14350
14393
14394
14394
14394
14394
14394
14394
14374
14374
14382
14383
14395
14390
14391
14391
14389
14389
14374
14374
14369
14369
14384
14388
14408
14400
14398
14397
14375
14375
14368
14368
14364
14365
14358
14359
14355
14366
14366
14383
14383
14396
14395
14372
14372
14372
14379
14381
14111
14165
14165
14164
14160
14161
14162
14162
14155
14155
14161
14160
14150
14152
14156
14155
14153
14153
14158
14158
14153
14151
14180
14148
14158
14141
14143
14132
14155
14149
14150
14147
14152
14148
14156
14159
14175
14168
14177
14148
14151
14149
14175
14175
14175
14175
14188
14181
14181
14184
14184
14190
14190
14190
14190
14190
14190
14190
14219
14214
14226
14220
14173
14172
14198
14195
14223
14223
14224
14229
14267
14271
14283
14263
14263
14251
14264
14264
14272
14270
14282
14285
14306
14303
14303
14286
14301
14303
14302
14299
14307
14294
14297
14289
14295
14304
14301
14287
14289
14290
14301
14299
14283
14282
14287
14287
14299
14298
14287
14289
14290
14308
14308
14307
14307
14308
14307
14305
14312
14312
14311
14309
14310
14310
14310
14308
14309
14309
14309
14270
14273
14267
14299
14296
14310
14310
14293
14291
14239
14305
14306
14314
14328
14300
14302
14303
14305
14330
14330
14329
14330
14318
14318
14295
14310
14310
14304
14303
14310
14310
14313
14312
14310
14310
14310
14311
14308
14305
14294
14296
14316
14319
14307
14307
14326
14330
14326
14312
14320
14321
14318
14309
14307
14309
14323
14327
14326
14320
14321
14303
14302
14298
14298
14299
14298
14290
14291
14311
14311
14321
14320
14321
14324
14315
14315
14310
14309
14310
14310
14305
14303
14303
14304
14321
14321
14320
14321
14312
14309
14308
14318
14320
14315
14315
14315
14317
14320
14322
14322
14323
14322
14320
14320
14317
14314
14329
14329
14326
14329
14322
14322
14338
14336
14333
14335
14413
14413
14406
14406
14403
14403
14392
14392
14403
14404
14408
14408
14399
14399
14403
14403
14398
14400
14400
14393
14392
14410
14416
14416
14371
14372
14409
14414
14413
14366
14365
14376
14408
14403
14388
14389
14399
14406
14406
14406
14406
14420
14414
14413
14402
14406
14408
14408
14407
14407
14407
14407
14407
14396
14395
14399
14398
14407
14407
14407
14408
14408
14408
14409
14409
14408
14408
14417
14415
14414
14414
14406
14403
14403
14403
14410
14410
14411
14409
14409
14403
14405
14407
14409
14409
14409
14409
14409
14409
14409
14406
14406
14409
14409
14412
14412
14413
14412
14412
14412
14412
14412
14411
14411
14411
14411
14411
14411
14411
14411
14411
14411
14411
14410
14409
14409
14368
14367
14403
14404
14372
14411
14411
14411
14410
14400
14400
14403
14401
14368
14368
14402
14403
14403
14409
14409
14409
14410
14385
14385
14395
14395
14392
14391
14402
14402
14407
14366
14366
14406
14403
14390
14375
14369
14369
14389
14392
14396
14396
14396
14396
14404
14402
14387
14381
14362
14366
14367
14379
14380
14399
14403
14403
14408
14405
14415
14418
14412
14393
14394
14402
14401
14372
14405
14405
14408
14406
14400
14384
14385
14402
14401
14395
14395
14401
14401
14374
14374
14367
14402
14404
14402
14402
14396
14386
14386
14361
14361
14386
14386
14360
14388
14393
14403
14403
14371
14403
14405
14372
14372
14382
14377
14371
14371
14371
14371
14389
14389
14376
14375
14387
14387
14398
14402
14401
14401
14413
14411
14411
14411
14404
14403
14403
14396
14396
14402
14398
14393
14406
14406
14401
14401
14405
14405
14405
14405
14405
14405
14405
14409
14410
14412
14407
14408
14408
14411
14405
14412
14412
14411
14411
14421
14418
14421
14420
14375
14375
14364
14359
14365
14363
14363
14361
14363
14360
14360
14363
14362
14362
14362
14361
14362
14362
14362
14362
14364
14364
14365
14364
14364
14364
14364
14364
14385
14385
14433
14433
14427
14428
14417
14417
14423
14429
14429
14427
14427
14428
14428
14428
14424
14428
14429
14427
14427
14428
14428
14427
14427
14427
14427
14427
14427
14426
14423
14423
14424
14424
14424
14424
14424
14424
14424
14424
14425
14425
14425
14425
14422
14414
14414
14365
14367
14367
14367
14367
14368
14358
14358
14362
14361
14359
14358
14355
14355
14355
14355
14355
14356
14356
14355
14356
14355
14355
14356
14357
14357
14357
14356
14356
14358
14354
14354
14355
14353
14353
14354
14355
14356
14356
14356
14356
14430
14416
14415
14390
14389
14414
14414
14414
14408
14408
14414
14414
14414
14415
14416
14410
14410
14358
14358
14358
14358
14358
14358
14358
14359
14360
14359
14359
14358
14358
14358
14358
14358
14358
14358
14358
14358
14358
14358
14358
14358
14358
14358
14358
14358
14358
14358
14431
14430
14417
14417
14410
14410
14418
14418
14418
14418
14418
14418
14418
14417
14417
14417
14417
14417
14417
14417
14417
14417
14417
14417
14417
14412
14407
14408
14407
14407
14407
14408
14409
14410
14411
14408
14408
14411
14411
14410
14410
14408
14408
14407
14407
14407
14407
14407
14407
14413
14413
14413
14416
14418
14418
14418
14418
14417
14417
14417
14418
14418
14414
14414
14414
14414
14414
14414
14412
14412
14413
14413
14407
14407
14409
14411
14408
14408
14403
14403
14411
14411
14417
14418
14417
14417
14422
14422
14416
14416
14416
14416
14416
14419
14419
14417
14416
14415
14414
14422
14421
14421
14421
14422
14421
14421
14421
14420
14419
14420
14419
14419
14419
14420
14419
14419
14418
14418
14418
14419
14418
14418
14418
14418
14418
14419
14420
14418
14419
14418
14418
14432
14434
14434
14423
14425
14422
14425
14423
14416
14411
14413
14374
14373
14372
14372
14412
14413
14411
14412
14412
14412
14411
14411
14412
14419
14417
14416
14412
14412
14412
14412
14414
14414
14414
14414
14415
14415
14415
14415
14414
14414
14414
14413
14413
14413
14412
14412
14412
14408
14408
14408
14408
14408
14408
14408
14407
14405
14405
14406
14406
14410
14411
14407
14408
14407
14407
14400
14400
14368
14374
14374
14404
14406
14415
14416
14415
14404
14404
14393
14393
14392
14395
14395
14399
14399
14400
14401
14409
14409
14409
14409
14401
14401
14400
14400
14401
14410
14401
14405
14392
14390
14393
14393
14391
14390
14389
14389
14388
14398
14395
14399
14400
14400
14401
14400
14399
14400
14398
14397
14394
14398
14399
14404
14400
14401
14401
14401
14400
14400
14400
14400
14397
14398
14400
14402
14403
14403
14403
14403
14403
14403
14403
14403
14404
14403
14399
14399
14383
14381
14379
14378
14388
14389
14402
14401
14399
14399
14399
14397
14396
14396
14396
14396
14396
14396
14401
14401
14401
14400
14400
14400
14402
14402
14397
14397
14393
14393
14389
14389
14392
14392
14366
14366
14366
14366
14366
14366
14366
14366
14366
14366
14368
14368
14368
14367
14368
14368
14367
14367
14367
14367
14367
14367
14367
14367
14367
14378
14375
14383
14391
14390
14390
14390
14389
14391
14393
14394
14392
14402
14401
14401
14401
14402
14403
14403
14403
14402
14402
14402
14402
14405
14402
14399
14397
14400
14401
14402
14403
14404
14403
14403
14405
14404
14404
14404
14406
14406
14404
14404
14404
14404
14404
14404
14404
14404
14404
14404
14405
14405
14404
14404
14403
14399
14399
14399
14399
14395
14394
14394
14394
14394
14394
14394
14394
14394
14394
14394
14394
14401
14401
14401
14402
14405
14405
14405
14406
14405
14405
14404
14404
14402
14399
14400
14400
14400
14400
14400
14400
14400
14400
14400
14400
14401
14402
14405
14406
14404
14404
14404
14404
14404
14404
14404
14404
14421
14418
14418
14418
14419
14418
14418
14416
14417
14416
14416
14415
14415
14415
14413
14413
14417
14417
14422
14422
14421
14423
14425
14425
14428
14425
14426
14428
14386
14385
14400
14400
14392
14392
14380
14412
14413
14415
14416
14399
14409
14410
14427
14428
14418
14415
14415
14419
14420
14428
14428
14424
14423
14421
14421
14422
14422
14425
14425
14422
14422
14414
14415
14423
14423
14423
14423
14422
14422
14417
14417
14394
14395
14399
14398
14398
14398
14393
14393
14394
14388
14388
14418
14418
14418
14427
14429
14429
14427
14428
14423
14422
14427
14427
14427
14427
14430
14428
14428
14428
14414
14414
14386
14386
14428
14428
14428
14429
14417
14415
14417
14412
14411
14413
14413
14413
14384
14343
14379
14380
14372
14369
14377
14375
14375
14372
14372
14378
14378
14378
14388
14390
14399
14394
14396
14396
14397
14397
14397
14397
14397
14397
14399
14395
14396
14399
14399
14391
14392
14394
14395
14394
14357
14395
14390
14388
14391
14389
14387
14386
14386
14386
14383
14382
14383
14383
14385
14385
14386
14388
14383
14383
14385
14385
14385
14385
14387
14387
14387
14385
14385
14390
14389
14389
14389
14389
14389
14389
14389
14389
14389
14389
14389
14389
14389
14390
14390
14390
14391
14390
14390
14390
14415
14409
14409
14389
14392
14389
14391
14384
14387
14388
14387
14388
14389
14384
14380
14373
14380
14376
14377
14374
14372
14372
14372
14372
14383
14383
14382
14376
14376
14376
14377
14377
14378
14378
14378
14378
14379
14379
14380
14379
14380
14380
14380
14380
14380
14380
14381
14382
14382
14382
14382
14379
14379
14379
14379
14379
14379
14379
14379
14379
14379
14379
14379
14378
14378
14378
14378
14378
14378
14378
14378
14378
14378
14378
14379
14379
14379
14379
14379
14379
14380
14380
14380
14379
14380
14379
14378
14378
14379
14379
14379
14380
14380
14380
14380
14381
14380
14380
14380
14382
14380
14380
14381
14382
14380
14380
14380
14381
14375
14375
14361
14369
14369
14365
14364
14367
14366
14366
14366
14368
14370
14373
14372
14365
14365
14364
14364
14360
14359
14359
14359
14368
14375
14362
14366
14367
14364
14368
14368
14365
14365
14368
14368
14371
14371
14367
14367
14370
14370
14368
14363
14363
14381
14381
14381
14382
14377
14379
14378
14378
14378
14378
14378
14378
14378
14388
14388
14388
14388
14388
14389
14391
14392
14391
14391
14392
14392
14392
14392
14391
14391
14391
14391
14378
14378
14376
14376
14382
14382
14376
14376
14373
14380
14380
14378
14376
14378
14377
14377
14377
14377
14377
14377
14380
14380
14388
14394
14394
14394
14393
14382
14382
14383
14383
14380
14380
14378
14378
14384
14381
14374
14362
14360
14359
14363
14364
14367
14367
14368
14366
14366
14363
14363
14365
14365
14364
14364
14365
14365
14363
14363
14379
14394
14387
14389
14391
14393
14401
14400
14397
14398
14396
14397
14397
14398
14397
14397
14397
14397
14396
14396
14395
14395
14395
14395
14395
14393
14395
14394
14393
14393
14395
14395
14399
14400
14399
14400
14400
14398
14396
14397
14394
14395
14395
14396
14396
14396
14396
14396
14396
14398
14397
14397
14397
14397
14397
14397
14391
14391
14391
14391
14391
14397
14397
14398
14399
14396
14396
14399
14399
14394
14394
14393
14393
14361
14362
14363
14361
14366
14366
14363
14363
14363
14363
14363
14363
14362
14365
14396
14406
14413
14411
14412
14405
14408
14408
14410
14410
14411
14414
14413
14412
14411
14412
14412
14412
14412
14412
14412
14412
14395
14393
14395
14397
14395
14395
14395
14394
14394
14394
14394
14394
14394
14394
14394
14394
14394
14394
14395
14395
14395
14395
14395
14395
14395
14395
14395
14396
14397
14398
14397
14397
14397
14397
14397
14397
14392
14392
14392
14391
14391
14391
14391
14393
14393
14393
14393
14391
14393
14392
14393
14389
14388
14387
14387
14391
14391
14384
14384
14384
14382
14388
14387
14393
14393
14410
14410
14410
14410
14410
14416
14414
14427
14427
14428
14427
14430
14427
14425
14425
14424
14426
14421
14418
14427
14407
14409
14410
14410
14409
14410
14409
14408
14407
14413
14415
14418
14409
14408
14408
14408
14408
14405
14405
14405
14404
14405
14405
14405
14406
14407
14407
14406
14406
14406
14406
14407
14407
14405
14405
14405
14406
14406
14406
14407
14407
14407
14407
14409
14409
14403
14401
14403
14403
14403
14403
14403
14403
14405
14405
14406
14406
14405
14405
14407
14407
14407
14407
14406
14406
14405
14405
14404
14404
14406
14406
14406
14404
14404
14404
14405
14405
14405
14405
14405
14405
14405
14405
14404
14405
14405
14405
14405
14406
14406
14405
14405
14404
14413
14414
14417
14426
14427
14426
14428
14425
14427
14426
14426
14426
14426
14428
14428
14424
14425
14425
14423
14423
14423
14423
14423
14422
14410
14408
14408
14410
14411
14409
14409
14408
14408
14411
14411
14413
14412
14408
14412
14412
14367
14367
14411
14411
14411
14411
14411
14411
14412
14413
14410
14411
14411
14411
14411
14411
14411
14411
14411
14411
14410
14410
14410
14414
14412
14412
14412
14412
14412
14412
14412
14412
14412
14412
14412
14412
14412
14412
14412
14412
14412
14412
14412
14412
14412
14412
14412
14412
14412
14412
14412
14404
14375
14375
14376
14376
14401
14401
14415
14413
14414
14414
14414
14414
14413
14413
14413
14413
14422
14419
14419
14424
14424
14430
14430
14427
14427
14427
14427
14427
14426
14418
14419
14416
14395
14395
14402
14400
14421
14421
14421
14421
14427
14425
14427
14429
14429
14397
14397
14397
14397
14397
14397
14397
14397
14397
14397
14395
14395
14394
14394
14394
14394
14394
14394
14394
14394
14394
14396
14395
14394
14394
14394
14394
14394
14394
14394
14394
14394
14394
14394
14394
14394
14395
14395
14395
14395
14395
14395
14395
14395
14395
14395
14395
14395
14395
14395
14395
14395
14395
14395
14395
14395
14395
14395
14395
14395
14395
14395
14395
14395
14395
14395
14395
14395
14395
14394
14393
14394
14394
14394
14394
14394
14394
14394
14394
14394
14394
14422
14421
14421
14415
14413
14412
14414
14411
14410
14412
14411
14411
14412
14411
14411
14412
14412
14412
14412
14412
14412
14412
14412
14412
14415
14410
14413
14405
14406
14407
14407
14407
14407
14407
14407
14407
14407
14407
14407
14407
14407
14407
14407
14407
14407
14407
14407
14407
14406
14406
14407
14406
14406
14406
14406
14406
14406
14406
14406
14406
14406
14405
14405
14407
14407
14407
14407
14407
14407
14407
14407
14407
14407
14407
14407
14407
14407
14407
14407
14407
14407
14407
14407
14407
14406
14406
14406
14405
14405
14405
14405
14405
14405
14405
14405
14405
14419
14405
14408
14398
14403
14403
14404
14398
14400
14400
14401
14402
14409
14404
14406
14408
14407
14407
14407
14406
14406
14403
14403
14385
14404
14396
14408
14411
14413
14412
14411
14411
14407
14407
14409
14409
14405
14405
14405
14406
14406
14402
14402
14399
14400
14400
14391
14391
14378
14379
14380
14379
14379
14378
14369
14369
14364
14368
14370
14370
14370
14370
14371
14378
14379
14388
14386
14394
14394
14394
14394
14388
14388
14372
14372
14381
14381
14377
14377
14377
14377
14368
14350
14350
14341
14345
14368
14368
14362
14361
14361
14360
14360
14378
14380
14384
14388
14389
14390
14393
14393
14386
14387
14388
14388
14389
14398
14377
14386
14420
14423
14420
14421
14420
14418
14418
14418
14415
14416
14416
14417
14417
14417
14417
14417
14416
14405
14405
14406
14372
14375
14414
14415
14411
14411
14411
14412
14412
14413
14413
14413
14412
14412
14412
14414
14410
14410
14410
14410
14410
14410
14410
14401
14401
14398
14398
14392
14389
14400
14400
14394
14395
14369
14369
14384
14384
14398
14398
14411
14416
14416
14416
14416
14415
14415
14415
14415
14415
14415
14415
14414
14413
14413
14413
14413
14413
14413
14413
14413
14413
14416
14416
14414
14416
14416
14416
14416
14416
14416
14416
14416
14416
14416
14405
14405
14403
14402
14402
14401
14404
14404
14411
14412
14412
14420
14421
14428
14415
14416
14416
14414
14414
14413
14413
14413
14413
14412
14412
14411
14407
14405
14405
14398
14398
14400
14364
14364
14399
14405
14411
14411
14404
14404
14408
14408
14407
14399
14399
14362
14362
14382
14382
14382
14382
14388
14388
14394
14394
14403
14402
14381
14381
14413
14406
14405
14402
14402
14413
14410
14410
14408
14408
14407
14402
14401
14390
14390
14394
14394
14405
14405
14405
14405
14405
14405
14405
14401
14399
14398
14401
14401
14392
14391
14390
14390
14401
14401
14399
14399
14388
14388
14390
14390
14381
14381
14403
14403
14411
14411
14397
14397
14403
14407
14397
14397
14398
14398
14366
14366
14366
14361
14361
14377
14362
14351
14382
14382
14381
14381
14384
14384
14388
14401
14404
14406
14407
14410
14406
14406
14401
14405
14407
14407
14397
14397
14370
14370
14363
14364
14350
14351
14345
14348
14352
14352
14375
14369
14369
14364
14364
14399
14404
14405
14405
14406
14407
14407
14394
14394
14387
14374
14374
14405
14406
14405
14405
14394
14392
14375
14392
14393
14364
14364
14397
14398
14356
14358
14379
14378
14354
14381
14390
14389
14377
14375
14352
14353
14369
14370
14359
14360
14357
14358
14363
14349
14349
14361
14362
14379
14378
14379
14388
14388
14376
14386
14386
14390
14390
14389
14390
14389
14375
14372
14375
14376
14381
14383
14393
14394
14390
14391
14390
14390
14375
14375
14369
14374
14369
14369
14380
14382
14380
14380
14377
14386
14392
14393
14393
14389
14389
14388
14387
14378
14378
14377
14380
14382
14380
14379
14380
14382
14379
14378
14371
14372
14372
14372
14371
14378
14384
14384
14388
14389
14389
14389
14388
14387
14388
14388
14387
14387
14385
14385
14387
14388
14390
14390
14389
14390
14390
14390
14389
14390
14390
14390
14389
14390
14391
14391
14381
14382
14382
14382
14381
14382
14384
14390
14389
14390
14387
14387
14387
14389
14386
14387
14388
14389
14394
14396
14395
14392
14392
14391
14390
14392
14392
14385
14384
14391
14385
14385
14387
14389
14389
14390
14381
14382
14382
14382
14380
14381
14382
14382
14382
14383
14395
14390
14389
14399
14399
14406
14406
14394
14403
14404
14409
14409
14410
14398
14393
14392
14391
14390
14389
14396
14396
14363
14362
14368
14367
14363
14362
14360
14343
14358
14355
14335
14332
14335
14335
14335
14334
14327
14328
14329
14332
14331
14332
14332
14328
14328
14334
14334
14331
14333
14360
14355
14355
14354
14354
14370
14374
14369
14368
14372
14372
14372
14372
14372
14364
14365
14368
14364
14359
14359
14334
14334
14339
14339
14332
14332
14336
14340
14342
14343
14328
14329
14328
14328
14328
14330
14330
14330
14330
14328
14331
14336
14319
14345
14345
14345
14345
14345
14340
14339
14340
14342
14341
14328
14328
14328
14328
14328
14341
14341
14341
14341
14341
14342
14345
14344
14346
14346
14346
14344
14344
14342
14342
14348
14348
14344
14347
14349
14348
14337
14337
14334
14334
14346
14346
14340
14349
14350
14376
14377
14382
14388
14388
14382
14382
14363
14380
14380
14386
14386
14386
14387
14386
14385
14385
14343
14343
14355
14355
14344
14344
14352
14352
14384
14383
14394
14394
14394
14392
14385
14385
14384
14384
14384
14384
14393
14393
14393
14393
14394
14392
14383
14383
14382
14382
14355
14348
14349
14349
14349
14349
14347
14347
14342
14344
14332
14342
14355
14365
14371
14371
14371
14369
14370
14370
14370
14366
14367
14368
14368
14376
14374
14358
14357
14355
14355
14355
14355
14345
14345
14344
14342
14337
14354
14348
14362
14362
14362
14362
14362
14362
14362
14368
14369
14365
14365
14365
14366
14366
14367
14367
14366
14366
14366
14366
14368
14367
14367
14364
14360
14360
14360
14360
14359
14359
14359
14359
14361
14360
14360
14359
14363
14363
14362
14362
14362
14362
14362
14362
14355
14355
14355
14354
14354
14354
14358
14358
14358
14361
14364
14364
14361
14360
14357
14352
14352
14363
14370
14370
14381
14381
14389
14389
14380
14380
14403
14413
14397
14393
14399
14389
14391
14392
14376
14377
14382
14384
14382
14371
14377
14375
14388
14389
14390
14392
14379
14379
14375
14375
14380
14398
14398
14405
14403
14402
14401
14393
14398
14397
14400
14400
14422
14420
14422
14415
14415
14413
14413
14413
14414
14414
14411
14406
14408
14403
14403
14400
14401
14402
14402
14411
14411
14413
14413
14414
14414
14415
14414
14413
14413
14411
14411
14410
14410
14409
14408
14408
14380
14381
14380
14380
14383
14383
14383
14384
14384
14384
14414
14414
14415
14414
14415
14423
14423
14423
14423
14411
14420
14419
14384
14384
14428
14426
14425
14425
14410
14410
14427
14427
14427
14427
14427
14419
14420
14405
14409
14412
14421
14421
14421
14420
14419
14419
14419
14421
14422
14402
14411
14412
14419
14419
14410
14408
14408
14426
14426
14423
14417
14372
14378
14380
14386
14385
14381
14388
14388
14383
14384
14399
14399
14400
14400
14399
14397
14376
14376
14390
14390
14396
14396
14396
14398
14374
14373
14373
14389
14389
14388
14388
14389
14389
14361
14387
14385
14387
14386
14384
14383
14380
14380
14379
14376
14376
14376
14376
14375
14376
14376
14381
14381
14390
14390
14395
14395
14396
14396
14396
14402
14394
14394
14397
14407
14407
14407
14407
14407
14407
14407
14407
14403
14403
14399
14399
14399
14399
14399
14399
14399
14403
14403
14403
14402
14404
14408
14405
14416
14415
14375
14390
14390
14406
14405
14404
14412
14409
14409
14410
14410
14401
14401
14401
14401
14401
14401
14401
14405
14403
14403
14403
14403
14403
14403
14403
14403
14403
14402
14404
14404
14406
14406
14406
14406
14406
14406
14406
14406
14407
14408
14407
14407
14348
14346
14346
14346
14346
14346
14346
14346
14346
14346
14346
14346
14345
14345
14345
14345
14345
14345
14345
13194
13199
12894
12891
12889
11949
11953
11731
11667
11674
11575
11574
10760
10761
10593
10595
9633
9688
9694
9700
9696
9541
9541
9514
9514
9395
9401
9384
9416
9468
9467
9468
9476
9466
9475
9462
9462
9459
9459
9462
9505
9558
9568
9606
9609
9567
9565
9561
9570
9565
9566
9580
9613
9659
9664
9661
9679
9675
9671
9666
9674
9673
9669
9666
9623
9614
9621
9620
9626
9626
9627
9628
9628
9627
9628
9628
9628
9627
9626
9627
9627
9627
9627
9628
9627
9627
9627
9627
9627
9626
9627
9628
9627
9627
9627
9627
9626
9700
9700
9675
9675
9677
9678
9653
9653
9676
9676
9685
9687
9688
9689
9689
9688
9687
9678
9677
9641
9645
9645
9643
9643
9672
9672
9643
9662
9665
9672
9672
9662
9661
9662
9635
9636
9670
9662
9661
9648
9639
9651
9644
9670
9670
9667
9666
9661
9660
9664
9663
9671
9670
9672
9675
9673
9664
9665
9666
9664
9637
9636
9640
9632
9634
9667
9669
9668
9666
9668
9664
9671
9669
9650
9654
9668
9667
9668
9668
9642
9641
9630
9634
9635
9662
9665
9667
9666
9662
9678
9677
9662
9674
9676
9674
9675
9684
9683
9684
9684
9684
9684
9714
9714
9714
9714
9714
9714
9714
9714
9714
9713
9718
9718
9719
9718
9717
9717
9717
9717
9717
9717
9715
9717
9716
9716
9716
9713
9713
9713
9711
9711
9711
9711
9711
9714
9716
9715
9734
9736
9739
9739
9764
9764
9770
9770
9770
9777
9782
9782
9799
9799
9803
9802
9804
9803
9803
9824
9824
9825
9825
9819
9820
9816
9823
9823
9823
9823
9820
9802
9802
9826
9829
9830
9826
9828
9828
9823
9823
9823
9823
9830
9830
9821
9821
9818
9818
9821
9821
9837
9837
9844
9844
9853
9853
9838
9840
9840
9838
9838
9842
9842
9849
9849
9851
9887
9887
9887
9886
9887
9886
9886
9886
9886
9886
9886
9886
9886
9886
9886
9886
9903
9931
9931
9946
9946
9944
9944
9968
9968
9961
9961
9997
9997
10034
10034
9999
9999
10029
10029
10029
10029
10029
10029
10027
10027
10027
10027
10027
10027
10027
10027
10027
10027
10027
10037
10038
10056
10079
10080
10111
10111
10141
10175
10175
10198
10197
10247
10252
10289
10289
10318
10318
10365
10365
10395
10395
10428
10428
10440
10442
10466
10460
10509
10509
10536
10537
10547
10547
10557
10556
10602
10601
10601
10600
10599
10599
10598
10596
10597
10580
10564
10564
10554
10551
10585
10624
10624
10647
10647
10663
10680
10679
10700
10701
10717
10714
10716
10716
10724
10724
10738
10737
10743
10743
10727
10727
10768
10771
10788
10789
10791
10791
10791
10791
10791
10790
10790
10792
10791
10791
10791
10798
10798
10822
10826
10826
10830
10830
10828
10820
10820
10848
10848
10848
10848
10848
10847
10846
10846
10847
10850
10850
10852
10858
10860
10876
10877
10850
10850
10855
10855
10859
10861
10861
10862
10863
10865
10865
10865
10863
10864
10863
10863
10868
10869
10872
10864
10837
10836
10847
10847
10843
10843
10826
10869
10869
10872
10871
10840
10866
10828
10819
10821
10869
10869
10862
10871
10873
10871
10872
10848
10857
10847
10847
10876
10875
10876
10862
10862
10844
10881
10880
10841
10841
10871
10871
10877
10876
10831
10831
10861
10861
10870
10869
10870
10866
10866
10875
10876
10876
10873
10873
10871
10871
10860
10876
10876
10830
10832
10856
10857
10858
10859
10859
10856
10855
10847
10843
10846
10843
10851
10851
10846
10845
10850
10850
10844
10844
10829
10829
10870
10862
10861
10861
10843
10843
10843
10843
10841
10841
10847
10846
10845
10848
10847
10845
10845
10828
10828
10828
10871
10871
10834
10834
10834
10834
10834
10868
10872
10872
10876
10876
10869
10868
10867
10867
10869
10869
10865
10866
10863
10863
10857
10857
10859
10859
10865
10865
10861
10862
10862
10862
10857
10868
10867
10865
10865
10865
10863
10863
10863
10863
10861
10861
10867
10866
10865
10864
10864
10864
10859
10859
10865
10865
10865
10865
10865
10861
10861
10861
10861
10863
10865
10867
10867
10875
10875
10869
10869
10874
10874
10866
10866
10870
10869
10842
10840
10815
10815
10839
10862
10863
10863
10863
10842
10845
10846
10845
10845
10845
10845
10845
10845
10846
10848
10846
10846
10844
10849
10847
10847
10849
10851
10852
10846
10855
10856
10858
10858
10857
10857
10900
10899
10902
10902
10899
10899
10891
10891
10890
10890
10920
10920
10911
10912
10910
10911
10910
10909
10918
10921
10921
10910
10909
10901
10849
10849
10862
10861
10880
10879
10893
10893
10894
10888
10888
10885
10883
10882
10884
10884
10889
10889
10895
10895
10894
10894
10879
10879
10868
10888
10885
10895
10895
10895
10895
10895
10894
10894
10894
10894
10894
10894
10895
10877
10871
10871
10913
10913
10899
10899
10898
10895
10893
10897
10906
10907
10894
10894
10894
10893
10891
10891
10891
10892
10891
10893
10891
10891
10892
10892
10892
10892
10892
10892
10892
10892
10892
10888
10872
10872
10856
10855
10858
10858
10889
10884
10887
10887
10890
10890
10842
10842
10843
10842
10882
10881
10882
10877
10877
10881
10881
10887
10885
10883
10889
10888
10888
10888
10887
10886
10886
10886
10887
10886
10885
10885
10883
10882
10883
10883
10891
10890
10890
10890
10889
10889
10885
10885
10893
10892
10889
10889
10888
10887
10888
10888
10886
10885
10881
10881
10842
10841
10890
10886
10887
10853
10853
10883
10884
10890
10874
10874
10875
10876
10862
10860
10850
10848
10861
10862
10884
10884
10884
10892
10895
10888
10888
10885
10886
10850
10850
10863
10863
10892
10893
10856
10855
10856
10858
10859
10863
10864
10867
10867
10891
10893
10829
10840
10845
10849
10848
10864
10864
10863
10887
10887
10851
10852
10851
10850
10852
10885
10884
10881
10881
10877
10878
10886
10886
10874
10873
10879
10878
10889
10890
10888
10886
10889
10889
10887
10887
10862
10861
10860
10860
10862
10862
10856
10856
10854
10872
10874
10873
10872
10870
10870
10870
10871
10866
10866
10870
10870
10870
10870
10870
10871
10874
10873
10870
10870
10870
10870
10873
10873
10873
10873
10864
10865
10868
10873
10869
10871
10873
10873
10910
10910
10913
10917
10877
10878
10916
10879
10919
10920
10919
10919
10883
10883
10882
10879
10879
10880
10880
10883
10883
10883
10879
10879
10879
10880
10878
10881
10881
10882
10881
10883
10886
10886
10886
10888
10888
10888
10882
10884
10884
10884
10883
10885
10911
10911
10915
10888
10916
10918
10887
10889
10891
10890
10889
10889
10889
10889
10886
10888
10887
10887
10886
10890
10889
10889
10887
10889
10889
10889
10887
10889
10889
10920
10918
10920
10921
10921
10919
10921
10921
10914
10882
10882
10882
10913
10911
10913
10913
10913
10911
10912
10911
10912
10910
10912
10912
10911
10908
10905
10905
10917
10914
10905
10887
10887
10894
10895
10893
10893
10894
10898
10898
10898
10897
10898
10898
10898
10896
10897
10897
10897
10896
10896
10895
10896
10896
10895
10895
10895
10893
10894
10894
10894
10893
10894
10894
10893
10892
10893
10893
10894
10893
10894
10894
10894
10893
10894
10894
10894
10893
10894
10894
10894
10893
10894
10894
10886
10885
10875
10872
10908
10873
10873
10907
10907
10863
10863
10863
10864
10863
10862
10862
10857
10856
10863
10863
10851
10850
10859
10859
10893
10892
10903
10903
10910
10910
10861
10861
10904
10903
10849
10849
10900
10899
10913
10913
10917
10918
10906
10904
10860
10868
10869
10901
10901
10857
10914
10914
10923
10921
10880
10882
10881
10870
10870
10908
10904
10911
10911
10904
10904
10903
10903
10864
10865
10863
10863
10909
10909
10914
10914
10909
10911
10904
10904
10904
10905
10906
10919
10919
10910
10910
10910
10910
10913
10868
10868
10912
10911
10912
10909
10909
10907
10907
10907
10863
10863
10916
10917
10868
10867
10903
10903
10912
10908
10908
10914
10914
10903
10903
10906
10906
10906
10906
10909
10909
10904
10904
10904
10904
10910
10907
10912
10911
10874
10892
10892
10896
10895
10899
10899
10900
10900
10897
10897
10897
10898
10898
10898
10898
10898
10898
10911
10910
10895
10887
10887
10887
10887
10887
10887
10887
10887
10887
10887
10887
10892
10891
10892
10894
10894
10894
10893
10892
10892
10892
10892
10892
10895
10894
10895
10895
10895
10895
10895
10895
10886
10886
10908
10910
10912
10913
10914
10906
10901
10901
10914
10914
10903
10902
10902
10904
10903
10903
10904
10905
10906
10907
10907
10914
10916
10916
10916
10917
10917
10913
10912
10913
10913
10916
10916
10921
10921
10921
10927
10927
10930
10930
10930
10930
10913
10913
10920
10919
10910
10910
10908
10908
10909
10910
10910
10912
10912
10912
10912
10912
10912
10912
10912
10912
10911
10910
10910
10910
10910
10910
10910
10910
10910
10910
10910
10910
10910
10909
10910
10912
10912
10912
10912
10911
10910
10911
10910
10910
10908
10909
10910
10910
10913
10915
10916
10914
10913
10913
10913
10913
10914
10911
10911
10911
10911
10911
10911
10911
10911
10911
10911
10911
10912
10911
10911
10914
10913
10913
10894
10894
10924
10924
10920
10919
10920
10918
10919
10918
10921
10893
10893
10893
10893
10893
10893
10893
10899
10899
10893
10893
10895
10895
10892
10892
10895
10891
10892
10900
10900
10887
10898
10898
10896
10896
10890
10881
10882
10889
10887
10887
10886
10887
10887
10887
10887
10887
10892
10892
10887
10887
10887
10887
10897
10896
10889
10889
10892
10892
10891
10892
10894
10894
10897
10895
10875
10875
10902
10899
10897
10896
10895
10895
10895
10901
10903
10897
10898
10900
10842
10842
10876
10873
10881
10883
10883
10883
10885
10882
10883
10887
10886
10877
10877
10886
10886
10886
10886
10885
10885
10884
10883
10888
10887
10884
10885
10884
10884
10884
10884
10886
10886
10886
10886
10885
10885
10885
10887
10887
10887
10887
10887
10886
10886
10886
10886
10887
10887
10888
10889
10889
10889
10889
10898
10898
10909
10909
10918
10918
10893
10861
10868
10868
10869
10869
10905
10905
10905
10906
10900
10896
10897
10897
10898
10892
10894
10887
10887
10886
10883
10885
10884
10885
10855
10855
10886
10865
10865
10865
10864
10870
10866
10868
10872
10873
10872
10878
10882
10880
10880
10885
10885
10906
10906
10917
10919
10918
10916
10904
10903
10909
10910
10852
10852
10851
10850
10851
10849
10853
10853
10853
10853
10853
10853
10853
10853
10853
10852
10853
10851
10851
10849
10849
10849
10849
10849
10893
10893
10907
10906
10906
10885
10883
10871
10917
10918
10914
10916
10882
10882
10892
10889
10887
10889
10881
10881
10877
10878
10883
10882
10912
10912
10925
10924
10885
10885
10884
10883
10890
10890
10892
10887
10886
10891
10891
10899
10898
10898
10896
10896
10894
10891
10888
10891
10891
10929
10929
10919
10905
10908
10900
10900
10894
10898
10898
10934
10932
10901
10901
10901
10901
10919
10908
10906
10902
10898
10898
10941
10939
10903
10903
10906
10906
10918
10921
10967
10964
10946
10946
10914
10914
10917
10917
10918
10916
10921
10906
10900
10904
10903
10893
10894
10926
10927
10900
10899
10901
10950
10950
10950
10891
10889
10886
10886
10887
10886
10886
10886
10887
10948
10952
10957
10958
10903
10903
10922
10923
10953
10953
10953
10954
10953
10946
10946
10948
10947
10947
10947
10948
10947
10947
10947
10948
10946
10947
10947
10948
10947
10947
10947
10948
10947
10947
10947
10948
10953
10950
10950
10950
10951
10952
10952
10954
10953
10953
10945
10945
10946
10945
10953
10951
10951
10952
10951
10950
10953
10953
10952
10949
10958
10957
10957
10954
10952
10952
10951
10948
10947
10947
10954
10954
10981
10981
10983
10985
10983
10983
10985
10980
10979
10993
10993
11009
11015
11018
11027
11028
11030
11030
11031
11032
11031
11031
11061
11062
11084
11086
11098
11099
11111
11111
11111
11112
11108
11108
11130
11131
11143
11144
11157
11158
11171
11175
11175
11180
11179
11184
11184
11185
11182
11183
11194
11195
11198
11196
11196
11218
11217
11217
11205
11206
11174
11175
11172
11160
11160
11160
11160
11159
11159
11159
11159
11159
11164
11161
11161
11163
11162
11162
11162
11162
11162
11162
11162
11162
11161
11218
11217
11218
11213
11162
11164
11207
11207
11206
11205
11205
11178
11178
11196
11197
11194
11194
11201
11201
11201
11203
11202
11202
11202
11240
11240
11240
11240
11240
11240
11240
11240
11239
11240
11242
11243
11240
11241
11244
11245
11244
11244
11240
11240
11244
11243
11237
11238
11237
11240
11239
11209
11240
11213
11213
11243
11243
11246
11246
11247
11242
11238
11238
11236
11237
11238
11245
11245
11240
11240
11245
11245
11238
11238
11247
11247
11240
11240
11215
11216
11241
11242
11245
11246
11246
11246
11216
11216
11212
11212
11214
11214
11214
11214
11211
11211
11222
11222
11219
11219
11242
11242
11212
11214
11214
11221
11220
11225
11219
11219
11219
11219
11212
11212
11212
11212
11246
11245
11223
11223
11225
11223
11219
11219
11218
11218
11217
11217
11238
11239
11239
11241
11255
11256
11238
11238
11260
11260
11259
11252
11198
11200
11198
11198
11192
11192
11192
11192
11190
11190
11190
11190
11191
11193
11194
11193
11193
11193
11193
11193
11194
11194
11194
11194
11233
11238
11257
11259
11242
11242
11260
11261
11264
11264
11264
11264
11264
11264
11264
11263
11263
11263
11273
11273
11289
11288
11294
11294
11294
11294
11313
11310
11313
11314
11314
11320
11332
11332
11347
11347
11383
11381
11351
11368
11366
11366
11366
11366
11366
11366
11366
11366
11366
11362
11359
11359
11355
11301
11301
11295
11295
11295
11295
11295
11295
11295
11295
11295
11295
11119
11119
11182
11191
11196
11195
11953
11953
11669
11667
13577
13574
13453
13455
12497
12508
12376
12377
12482
12492
12991
12999
13321
13508
13508
13513
13512
13526
13586
13586
13586
13587
13589
13593
13589
13747
13747
13760
13763
13786
13785
13783
13784
13739
13740
13760
13764
13834
13833
13818
13815
13824
13827
13825
13827
13842
13834
13822
13822
13848
13843
13850
13855
13863
13863
13866
13865
13872
13843
13868
13869
13859
13856
13886
13884
13886
13887
13887
13886
13905
13907
13915
13906
13997
13995
14003
13997
13996
13994
14006
14007
14011
14012
14011
14008
14038
14039
14043
14042
14040
14023
14030
14027
14019
14018
14035
14034
14037
14013
14015
14009
14021
14022
14025
14024
14028
14022
14023
14032
14030
14029
14032
14032
14032
14031
14033
14032
14026
14025
14026
14026
14029
14027
14028
14027
14028
14028
14002
14002
14041
14043
14031
14032
14031
14030
14023
14023
14025
14025
14030
14030
14030
14030
14030
14022
14016
14016
14029
14030
14035
13996
13996
14017
14017
14031
14031
14026
14031
13996
13996
14039
14038
14029
14030
14037
14037
14032
14032
13994
13990
14037
14037
14035
14035
14035
14036
14036
14036
14036
14036
14036
14038
14037
14037
13994
13994
13979
13979
13977
13977
13977
13977
13977
13977
13977
13977
14037
14039
11877
11875
11448
10435
10432
10559
10663
10816
10818
10816
10872
10872
10890
10987
10992
10983
10985
11001
11083
11283
11294
11297
11298
11298
11298
11296
11298
11295
11296
11296
11329
11350
11357
11352
11358
11356
11361
11361
11389
11425
11427
11453
11457
11484
11486
11494
11497
11496
11498
11540
11542
11582
11582
11608
11609
11644
11645
11686
11687
11711
11711
11721
11720
11724
11724
11739
11740
11766
11765
11794
11796
11817
11817
11840
11840
11867
11867
11869
11871
11877
11876
11910
11967
11964
12007
12002
12037
12058
12065
12074
12104
12127
12143
12147
12157
12158
12159
12181
12184
12194
12200
12215
12241
12240
12245
12240
12243
12244
12190
12186
12180
12178
12177
12176
12193
12183
12187
12184
12184
12184
12185
12188
12189
12191
12190
12191
12194
12194
12192
12191
12189
12190
12190
12190
12190
12190
12190
12192
12192
12192
12191
12191
12191
12191
12191
12193
12191
12191
12191
12191
12191
12191
12191
12193
12191
12191
12191
12191
12250
12250
12251
12252
12253
12255
12256
12254
12232
12232
12251
12253
12251
12251
12251
12252
12252
12254
12254
12256
12253
12253
12253
12254
12254
12254
12254
12255
12260
12262
12262
12260
12258
12258
12259
12258
12257
12258
12258
12261
12278
12267
12271
12268
12269
12269
12268
12267
12265
12266
12266
12267
12266
12264
12264
12260
12260
12260
12260
12261
12260
12260
12260
12260
12269
12271
12269
12269
12271
12272
12278
12276
12272
12271
12272
12273
12276
12275
12274
12273
12273
12274
12274
12275
12274
12274
12274
12274
12278
12279
12277
12272
12293
12298
12298
12295
12295
12298
12298
12298
12298
12295
12292
12292
12293
12293
12294
12294
12295
12294
12290
12294
12293
12296
12296
12296
12296
12296
12296
12296
12296
12295
12295
12299
12299
12300
12300
12300
12299
12299
12299
12294
12294
12298
12298
12299
12300
12304
12297
12299
12292
12291
12287
12287
12255
12255
12276
12278
12281
12282
12286
12287
12282
12285
12275
12272
12289
12286
12287
12287
12287
12288
12287
12286
12285
12285
12285
12285
12286
12287
12280
12279
12269
12281
12299
12299
12299
12298
12298
12298
12298
12298
12290
12290
12290
12294
12294
12284
12242
12242
12246
12247
12247
12254
12254
12254
12253
12253
12252
12252
12255
12256
12261
12261
12260
12253
12253
12259
12259
12263
12271
12271
12299
12298
12287
12289
12287
12287
12289
12284
12284
12290
12289
12294
12282
12282
12254
12254
12253
12254
12278
12278
12292
12295
12295
12296
12296
12296
12295
12297
12295
12288
12288
12279
12277
12266
12274
12275
12282
12281
12280
12292
12290
12291
12255
12254
12286
12285
12271
12271
12293
12293
12293
12293
12293
12294
12294
12294
12294
12302
12304
12313
12303
12308
12307
12307
12307
12311
12312
12251
12251
12255
12256
12251
12250
12247
12253
12244
12255
12255
12248
12248
12248
12249
12253
12253
12253
12253
12253
12254
12253
12251
12249
12253
12247
12246
12247
12247
12249
12249
12249
12249
12249
12249
12249
12252
12252
12247
12247
12247
12247
12249
12249
12249
12249
12256
12256
12256
12256
12255
12252
12257
12255
12255
12255
12257
12257
12254
12254
12254
12254
12259
12288
12278
12278
12277
12279
12279
12275
12275
12325
12326
12326
12321
12314
12306
12306
12307
12309
12308
12307
12308
12308
12310
12310
12310
12310
12311
12287
12288
12266
12266
12291
12291
12295
12298
12273
12274
12266
12265
12267
12267
12260
12269
12270
12289
12289
12299
12300
12310
12310
12310
12310
12310
12310
12310
12310
12310
12311
12312
12312
12312
12307
12320
12320
12318
12318
12272
12272
12258
12258
12265
12266
12261
12260
12272
12272
12267
12267
12260
12260
12275
12275
12257
12257
12271
12271
12267
12323
12323
12266
12266
12282
12282
12269
12270
12270
12271
12271
12315
12315
12315
12315
12315
12315
12315
12315
12315
12314
12317
12315
12315
12315
12315
12315
12315
12315
12315
12315
12321
12320
12322
12320
12320
12319
12319
12319
12275
12274
12275
12265
12265
12265
12272
12273
12268
12268
12275
12263
12266
12267
12267
12275
12276
12273
12273
12300
12313
12313
12313
12312
12312
12312
12312
12312
12312
12313
12312
12312
12312
12312
12312
12295
12295
12264
12264
12272
12273
12269
12268
12273
12281
12281
12329
12328
12325
12334
12334
12326
12324
12317
12318
12317
12317
12328
12328
12331
12296
12296
12305
12306
12299
12299
12305
12305
12305
12329
12329
12336
12336
12322
12272
12272
12281
12281
12289
12290
12293
12293
12324
12323
12321
12321
12332
12332
12347
12330
12328
12307
12306
12245
12245
12310
12311
12310
12310
12264
12280
12284
12288
12293
12293
12294
12294
12329
12328
12326
12324
12324
12320
12319
12266
12279
12278
12285
12285
12297
12297
12297
12297
12273
12273
12276
12278
12241
12242
12285
12286
12257
12257
12276
12276
12280
12280
12283
12278
12281
12281
12281
12289
12289
12290
12291
12291
12292
12292
12292
12294
12295
12294
12296
12285
12286
12243
12239
12240
12240
12240
12239
12255
12256
12268
12268
12281
12255
12255
12248
12249
12259
12259
12281
12283
12248
12248
12260
12261
12266
12267
12265
12267
12277
12277
12280
12278
12257
12257
12265
12264
12270
12275
12275
12261
12256
12252
12252
12257
12256
12258
12249
12248
12232
12230
12256
12258
12247
12228
12228
12246
12246
12246
12246
12230
12229
12229
12246
12246
12248
12248
12233
12239
12233
12234
12231
12229
12250
12249
12232
12230
12230
12230
12228
12226
12226
12226
12224
12225
12232
12232
12232
12229
12227
12224
12224
12222
12222
12251
12251
12255
12254
12262
12270
12270
12270
12270
12270
12270
12261
12276
12275
12234
12235
12242
12234
12233
12266
12263
12244
12238
12237
12234
12233
12269
12266
12265
12260
12260
12248
12248
12248
12255
12263
12265
12265
12269
12270
12239
12238
12238
12266
12266
12264
12269
12270
12265
12263
12259
12258
12258
12259
12260
12277
12278
12277
12274
12274
12275
12270
12270
12269
12269
12270
12270
12270
12270
12270
12269
12269
12269
12269
12269
12269
12269
12269
12269
12269
12269
12269
12274
12274
12274
12273
12272
12271
12272
12272
12272
12272
12272
12272
12271
12272
12274
12274
12274
12274
12274
12272
12273
12274
12274
12274
12271
12219
12218
12218
12218
12212
12212
12215
12215
12226
12226
12226
12224
12224
12223
12221
12221
12221
12222
12230
12230
12258
12259
12259
12261
12258
12258
12265
12259
12259
12257
12257
12250
12250
12246
12246
12246
12245
12245
12255
12255
12255
12249
12252
12253
12253
12251
12251
12263
12263
12263
12263
12255
12255
12257
12257
12254
12253
12248
12248
12261
12266
12264
12264
12264
12264
12263
12263
12260
12263
12266
12266
12274
12274
12264
12263
12268
12267
12293
12294
12308
12308
12314
12311
12309
12306
12306
12306
12306
12307
12308
12310
12310
12308
12309
12309
12309
12309
12309
12309
12309
12309
12310
12310
12310
12310
12310
12310
12311
12311
12312
12312
12312
12313
12313
12313
12302
12302
12306
12302
12302
12311
12312
12312
12312
12311
12311
12311
12311
12310
12312
12312
12303
12304
12303
12303
12303
12302
12302
12302
12302
12302
12308
12307
12308
12308
12308
12308
12308
12308
12308
12308
12308
12308
12314
12313
12316
12310
12311
12311
12311
12309
12310
12310
12310
12310
12320
12319
12322
12315
12313
12313
12313
12307
12307
12307
12307
12307
12313
12315
12316
12310
12310
12310
12310
12311
12311
12311
12311
12311
12311
12311
12311
12311
12311
12311
12311
12311
12311
12311
12311
12311
12311
12311
12311
12311
12311
12311
12311
12311
12311
12311
12311
12311
12311
12311
12311
12311
12311
12311
12311
12311
12311
12311
12311
12311
12311
12311
12311
12310
12310
12310
12310
12310
12310
12310
12310
12310
12311
12311
12311
12310
12310
12310
12310
12310
12310
12310
12310
12310
12310
12310
12310
12310
12310
12310
12310
12310
12310
12310
12310
12310
12317
12318
12318
12308
12307
12307
12307
12307
12307
12311
12311
12311
12311
12311
12311
12311
12311
12310
12310
12310
12310
12310
12310
12310
12310
12310
12328
12323
12324
12319
12322
12322
12322
12323
12322
12322
12322
12321
12321
12321
12321
12319
12319
12319
12319
12319
12319
12319
12319
12319
12313
12311
12312
12308
12308
12301
12301
12301
12301
12304
12309
12309
12309
12306
12297
12297
12323
12323
12303
12304
12312
12312
12312
12312
12312
12312
12306
12306
12303
12303
12316
12316
12307
12315
12315
12316
12313
12313
12313
12302
12313
12313
12311
12312
12310
12298
12298
12312
12311
12311
12311
12308
12311
12308
12308
12257
12257
12255
12257
12258
12266
12262
12265
12259
12253
12251
12253
12251
12283
12282
12253
12253
12279
12278
12292
12293
12281
12282
12283
12283
12276
12276
12277
12277
12292
12291
12291
12289
12291
12291
12293
12290
12290
12289
12289
12284
12287
12287
12287
12287
12294
12292
12297
12298
12299
12300
12301
12301
12305
12306
12306
12306
12306
12306
12306
12306
12306
12305
12306
12306
12306
12306
12306
12306
12306
12305
12305
12305
12306
12306
12306
12306
12306
12306
12294
12294
12305
12305
12305
12303
12303
12303
12303
12303
12298
12298
12302
12303
12302
12303
12304
12308
12308
12308
12308
12308
12305
12305
12308
12306
12307
12308
12308
12306
12306
12306
12307
12306
12308
12307
12309
12308
12311
12310
12310
12311
12311
12311
12311
12311
12310
12310
12314
12314
12314
12314
12314
12315
12315
12315
12315
12305
12314
12316
12317
12310
12310
12310
12320
12318
12318
12318
12318
12318
12318
12318
12318
12318
12318
12297
12297
12297
12297
12297
12297
12297
12297
12297
12286
12285
12282
12277
12277
12256
12256
12298
12302
12300
12299
12299
12299
12299
12299
12299
12299
12299
12297
12298
12301
12300
12303
12302
12302
12302
12302
12302
12302
12302
12302
12302
12301
12303
12300
12292
12292
12290
12290
12291
12291
12291
12291
12291
12291
12291
12288
12277
12276
12275
12276
12281
12281
12281
12281
12281
12295
12290
12297
12295
12298
12298
12298
12298
12297
12297
12296
12297
12303
12301
12306
12299
12301
12301
12301
12297
12298
12298
12298
12298
12297
12297
12292
12292
12291
12290
12291
12291
12291
12291
12291
12291
12293
12293
12293
12293
12294
12294
12295
12283
12281
12253
12255
12258
12257
12264
12264
12254
12254
12267
12255
12256
12296
12295
12291
12302
12308
12294
12289
12286
12286
12294
12296
12280
12279
12287
12287
12289
12286
12280
12280
12279
12279
12275
12275
12275
12275
12275
12275
12280
12286
12285
12285
12286
12287
12287
12286
12286
12286
12286
12285
12283
12290
12286
12289
12270
12279
12279
12292
12291
12292
12292
12287
12286
12287
12286
12286
12286
12286
12283
12283
12278
12277
12279
12279
12279
12285
12289
12286
12297
12301
12302
12303
12296
12294
12294
12294
12293
12297
12300
12300
12295
12295
12294
12294
12293
12294
12294
12294
12293
12301
12301
12298
12298
12299
12299
12299
12299
12299
12299
12299
12298
12299
12298
12298
12297
12297
12297
12297
12292
12292
12288
12289
12266
12267
12260
12259
12259
12261
12273
12273
12264
12264
12264
12263
12261
12261
12261
12258
12258
12258
12240
12241
12241
12242
12241
12241
12241
12240
12239
12265
12264
12279
12281
12283
12283
12283
12283
12283
12279
12280
12278
12296
12287
12290
12284
12285
12285
12284
12288
12289
12289
12289
12290
12284
12285
12285
12286
12286
12282
12282
12282
12282
12282
12283
12283
12287
12285
12287
12283
12283
12283
12286
12286
12287
12286
12287
12286
12285
12285
12284
12284
12284
12284
12284
12280
12270
12270
12284
12284
12284
12284
12283
12283
12283
12239
12273
12273
12261
12261
12270
12269
12280
12280
12223
12223
12218
12218
12218
12218
12218
12218
12218
12218
