0
0
54581463
29149398
28138725
29780733
28544340
29664462
28070766
25157325
23508705
22180728
20348967
19491717
17819385
17672184
16227162
16325937
15601311
14250681
14803737
13570293
12324786
10924641
11037723
9737976
6131589
3724959
4401624
3238575
320688
177957
123009
134037
88944
46017
44910
57366
112116
104001
85857
69198
200262
144447
523605
194985
112317
57231
52737
68706
30915
15318
9927
15972
20526
8919
6129
11472
654024
1031631
139458
165282
129351
61689
44730
62364
50439
21372
18432
28971
34236
16833
11040
19872
42258
28998
14400
25422
17433
8379
6906
13707
9606
4554
4437
8955
37200
26019
28299
65589
122688
93849
74079
70479
23727
14793
15171
22506
10332
4872
4950
9969
95157
78993
207549
118569
25680
8766
13398
23691
16551
7143
9378
18069
149535
2406921
5092671
8464911
7149432
11390118
8688702
12213942
10449255
12222390
10710792
10678575
8774739
7625397
6210066
7147368
6055494
54463689
50201655
17714106
13377516
11310654
9395520
7351542
5791791
5339160
7601598
5849739
5837904
9720132
7118442
10576629
9856830
6553080
8617320
7732062
25411182
42722250
21530256
11657163
14313396
15061443
21887694
17781846
15557814
13028988
9305766
8908068
17786853
8612697
11708604
10691322
53273367
30007749
14285700
9559374
11560047
16751175
7848462
12678630
6861900
13877832
8797185
56963280
45464952
10488246
9276573
14624595
72498828
59460399
22966107
7223892
12078597
18872190
13056009
9457326
13279617
6679425
26650581
66782355
52348317
13568100
6900657
9132987
12833133
27998520
7127415
17582679
7542600
5823069
7370901
12831066
11485038
15544407
60366759
37144260
34870407
8906301
16534263
5747382
15386526
32031114
34615752
31736586
33923082
49015167
16338723
15624075
9792792
12265365
12694761
63393030
51357243
67546719
12918354
15217239
15304245
19417557
8912796
21755763
12148440
77693082
200418423
39509082
18668685
8817690
2589261
3465486
18124149
39480672
59237667
59977128
37604778
55431039
65237775
56961474
48496734
25350744
135822861
109578006
642015
122346
641043
1101543
382473
2036043
847017
429339
87246
87303
299901
167913
603693
831624
737907
814809
60189
92997
125040
38631
117117
59406390
106537377
35793015
13894827
14697807
17906724
9929094
5187906
6390243
4767867
7317255
10628838
11490456
11897673
10986960
11199984
8044758
9499350
13069512
11889153
11295393
8877903
6613344
6129522
7699755
7211475
8795859
7026288
23864925
15360126
6147588
3928626
3704955
3338799
4264887
3283830
2428446
6713982
5634519
6331260
5050179
3926028
7526790
8508456
5790279
4904346
4385490
6151455
7066095
6057330
11849430
6079056
4102047
3060879
3935469
4285251
5911386
3488979
4228098
42931521
141790425
18304653
566550
508005
256239
282006
552141
776502
528786
278451
259653
434511
15244893
155700471
77061186
26992086
11551605
5708937
4168878
2498652
5962854
3700827
1775022
1488438
7152051
5266059
4978743
4885764
3604152
2476029
4671900
4127535
3961653
3570201
5323629
3806454
6227838
7575345
5838390
6228774
4904094
7375914
5225589
9021474
6208680
10366170
13308165
10558878
5491470
4390239
1621599
1841700
4336368
5701185
6713058
4254657
2921028
7100142
12237963
5351166
5809974
5162112
14739894
7154517
2462490
3874668
3979647
6746466
7142856
4042494
7204809
6935259
5099394
4276533
4207797
6094209
5055846
3968865
2509221
6752004
12431274
3833226
3576435
7264380
6561099
4436295
4726665
3534573
6777699
21404319
27075960
13453314
25386435
108181869
113901087
519705
50208
125050668
49226568
16639611
12599646
3922077
2452539
1060122
3877752
8461887
6838032
5785776
4370274
2657676
4269006
9936495
23534496
33157128
43315329
150299145
561159
537312
623724
1038504
451134
378975
182337
97734
64377
93363
366303
347781
685785
212382
211095
50694
241926
572583
363684
638511
775644
324495
142885377
81704064
25155801
17681700
8403897
5204346
3657459
3552546
4150683
3457149
5617029
5593953
3718068
6951591
6227232
4998288
7486545
6204468
6133224
6249573
4951848
6610773
7144893
7081626
6940116
7634034
6502347
11465565
35754420
35842641
124201143
54198
13026981
228186
173589
101421
397209
52668
68739
211857
335112
112257915
55758402
47346192
18951042
16438359
4401975
3191367
4182912
1712289
6988494
4620789
8392323
10912527
9579345
5625324
15613377
5592654
5902284
4193559
12296421
4135830
7153506
9776181
2032353
869964
8172369
8594655
25626150
28576455
20216238
62329809
126340908
290442
118587
141006
57888
304065
315852
92148
60765
132810
47700
23073
40824
41739
125679
100086
43098
22644
43479
69171
539850
178842
136268934
73953120
20463375
6983211
5404092
5032431
6478857
6423849
4647873
6035010
5966424
5286264
7358982
3361779
9838668
6573528
2937867
4009980
9678177
4102191
4733907
34628646
62446920
129676362
135285
96366
69510
53406
60540
98397
46176
40446
182019
97404
39315
50352
39993
73515
24072
21249
39297
48975
38475
173856
136734
209304
40158
67029
30054
145194
127491
186645
175716
87642
52494
64305
24900
156144
202776
175893
238938
138021
362052
53013
55632
84546
250869
189054
171873
159981
98160
166881
89850
94626
89847
74133
84894
296037
53739
29727
21750
47208
62025
68880
99681
471300
122115
44982
38442
47058
47781
53796
144909
281127
312324
115920
36276
94513527
21852657
35936478
136857054
43986606
103467957
91677270
101503392
87862983
91633380
8437146
5410032
5119101
14523495
5527641
15506541
8165220
48233556
57915774
29102019
33994224
22200060
66113850
16050939
55297071
13775841
26212239
30701961
48494523
12718845
7622469
8988222
5887485
7262325
26388606
68306841
104537808
49098069
13958046
93813603
106744395
55244562
71114346
17600004
51342048
25737489
118023525
160464702
15980238
47788518
43655637
151710075
32279016
71655183
44585688
57679491
85289187
43831035
148817367
6305913
8456124
9935565
4897512
9514365
5045796
5662620
11935581
3139518
11813847
17303793
5015721
15557604
20803995
16355364
2879886
12065082
9229035
6318282
6994551
28917396
16548540
12488481
16600338
12302109
60772476
19125333
64873791
30439785
25313598
130613874
12850068
83295570
82958394
10841094
33819540
41178603
35404719
79864449
80818236
39295389
3911802
5017188
15204975
9891678
5498202
39597324
20756856
12585147
16677042
7511748
6304152
6690603
1604787
95258220
41671458
22350882
20755992
18598533
15451695
38006199
17404062
19994532
8561598
9593658
6568791
8279556
100735434
12555591
2909544
23311752
68692098
17784525
13033926
6185742
5959305
6854217
15548460
21713559
25920396
92348535
101624016
45946122
203716077
132809559
35920893
41128554
92691186
46821477
60646932
8449701
23520057
40167087
54568074
72784134
105781605
12669129
12356823
8943648
9220683
4846215
1934115
412023
1085412
201249
71021886
29569848
7409589
3853338
4894524
1437789
4663197
17812926
13778037
13904010
8443716
15967908
47464374
18770013
20735490
26372550
33514227
11574111
18864789
18127305
42282831
33388773
22557249
21505089
34731285
66778551
7199787
9019734
13666407
70752864
8616102
24785412
10121820
18657456
73327017
3714045
4678863
3660726
81415158
105941721
30757755
8919582
13453587
9991329
8337144
25973904
6493767
1399761
3610380
674940
27245820
21850119
2850297
4624608
7346715
3993834
4769640
21059958
16144065
4393551
5142528
7069029
5690583
3132246
3906057
4383393
3185892
11138910
15999930
15012963
6926406
5355051
6727233
3470931
2286189
23054997
2285841
19511211
4177917
2647761
28575687
8188992
9649572
10972122
9473736
12598611
14350716
806679
769008
2640555
1484895
1505523
65877165
19213818
10168425
6935214
16698012
7557789
7195953
22658937
5618661
6911097
4625889
5329662
47469330
22520226
16684839
24558690
11455683
14816442
43285824
32899770
24086463
33420270
83212905
6373116
4204560
7391745
3978423
4179630
3137961
3032124
7700796
1726809
1458252
560760
3597561
439191
2610561
2841528
129213444
46147479
63879783
48424284
106906095
143252511
8345217
6349014
14554584
4232679
18005106
3889764
75146241
3962424
2085714
5212830
3408933
2093010
3284067
129533886
57376533
28221330
91658265
92641593
2941779
5085057
159279
222585
117378561
39167118
51125325
61051230
55001592
15275247
51289698
54441213
35718261
18616578
115244811
9875271
8508615
8652246
12636606
18123165
12250122
7848492
30325131
2447556
13918353
14649822
15544596
9550272
2007798
597813
4174605
280251
180831
263607
225474
105066
101214
1200006
93450
47274
41931
122250
163584
131349
109356
118794
113460
61710
129705
212634
196893
79818
192069
116943
178986
151776
81021
96012
139806
108462
54690
84282
103317
74100
74382
61857
68460
188046
72717
109848
247086
622893
662253
903537
441837
426804
244887
168798
286800
252945
141597
179253
414414
132645
82233
88800
108867
112545
100194
73254
116841
130836
80715
89184
85845
96891
67482
906027
114975
77946
116619
141633
187557
310134
219150
341292
336672
255147
376836
416736
393111
523122
689448
139779
93318
102741
98493
116340
84114
60102
118074
129066
56847
57327
123504
181155
123417
241551
112041
127644
79260
91335
162459
158196
136791
111147
189876
186651
151503
111945
164697
234099
454104
159834
114093
110091
93093
137703
62400
63861
109185
95982
60153
42192
67791
92940
87744
936480
216090
207729
98175
122925
138783
89958
73251
87954
108024
76785
59172
99849
1260111
133137
227598
95961
129768
120444
83511
61197
94809
131175
67371
51306
98514
89745
58122
52779
84657
301206
142938
77913
75642
120426
136470
94890
195639
130032
199533
198648
207687
226599
289575
291468
470949
317469
308817
431907
284739
498165
467988
364899
122850
179403
273492
238164
247332
393336
326613
1276662
150519
112425
75171
115683
137610
71676
84825
92244
77046
28599
59442
60876
62205
32889
122034
235614
32506770
29409117
20113518
30131712
65623998
111383250
53525811
9703278
13663107
19841808
82039338
69547152
8432472
18882813
16382169
21463125
5793432
3946065
4332117
14335887
13556301
6623316
6770790
10787958
64600848
84790782
46039977
9339810
8524335
2125890
7905786
5491695
4162368
2906766
5287728
3336615
5528964
3581214
7015089
4060056
10031850
7218759
8725890
4620627
36358368
13747644
27557376
47554911
902274
38895219
19560795
19368645
12062466
2503422
1284786
3088056
3711882
1507833
11078445
4690680
8260857
2691597
5836827
2618934
5144400
2479419
4647828
2495796
29008977
22258986
476562
166758
106668
502137
121389
55341
73875
77898
146304
100725
109761
71991
107703
62577
56418
84126
139023
105942
347187
76563
103350
91629
53088
111282
112314
63510
62682
89109
94101
73137
46284
83601
64224
1198023
84741
39873
67359
54159
79338
49701
51465
55311
64752
55260
54417
70383
85062
42159
170931
73047
71319
32853
55881
45144
53931
27357
39768
80187
49503
13737
23463
35838
33009
1017006
119124
71763
81984
109749
190524
90903
82899
132684
226770
167259
88869
93717
167103
119295
510297
126993
69168
88485
86793
123270
70599
64761
84573
155334
52275
88305
81546
107823
79755
192861
102279
50499
39564
54489
73167
51549
21945
60060
32961
41588451
55791957
13038966
9824535
9323046
4058487
3493521
5612439
8197377
11053779
13554576
9349542
8514825
8660136
6659274
3294717
4166952
5005590
6006246
61657896
74874864
947145
1377708
483387
184779
179913
155874
197001
160269
86699124
60278499
34662312
8798445
2852535
4396347
3661071
10404783
28489344
29736120
8433162
14314626
15634149
3007551
11907042
13559784
11657028
4045290
13478163
10958355
9491073
2980527
11032920
19313205
28262142
39717639
137436978
157878741
1734735
601272
262206
271812
292593
154758
144459
494454
576078
831021
467829
443163
303669
400347
54160794
60353319
36565410
126498204
49036401
78326820
53713734
67946436
29185398
46346871
33363978
8321130
8847018
8146434
4236240
5122887
13338486
9985878
6221058
16600104
12210600
3548130
12201117
4005054
16667487
8786097
4922397
3975045
10726926
3889104
3777690
8537352
16436427
9791442
6018540
14151342
4560132
5461560
17433672
39321843
28885422
10150389
3156432
6909312
14211327
5911218
4373451
6753984
5950896
3624174
4385346
10806432
7766799
8647125
7662417
4983723
10167735
7340169
5986557
5721042
53229666
35550582
5792043
10099212
5237619
6576780
5513352
6663186
6774243
38618826
121727430
110239812
600372
134757
202314
269817
115131
173496
119976
228585
127098
98463
129531
130182
609030
183354
78471
65988
112566
174993
91701
79794
103389
183945
85713
68598
78246
216633
120897
299322
97197
132921
58761
41274
71799
161988
191142
163254
106527
57564
66291
214950
99474
147381
268158
131532
62847
51471
65037
162462
61458
57960
56172
99810
51396
32604
62031
291597
168378
625443
85881
80736
42090
53790
54306
83469
59709
49146
54066
86232
37776
31824
63546
88695
288204
106179
67281
50439
70809
90840
50568
40692
52968
126069
47307
43140
75213
147312
85413
274140
100068
94674
44301
51249
66177
83319
63423
41802
62385
88443
79212
53814
121002
105012
427959
142332
80097
110781
129705
166668
119871
143043
153606
240090
241416
100479
162621
171948
189429
1077510
65502
58443
1345056
157350
98568
96219
120504
152682
101499
85077
119355
142287
135624
91428
509334
114945
63294
54678
67974
118923
113688
140094
127299
123540
92763
48942
95316
185391
184989
278604
196254
77238
85497
103065
157908
67485
51660
99930
102771
61065
58701
75321
121743
73245
211071
104826
123513
74760
63810
150390
163770
117336
112881
144825
164790
119562
101619
148743
216813
1102971
99261
72765
62583
118926
154164
107358
107262
199485
239718
137679
186720
158442
352431
145068
779160
136761
549918
226299
244203
228105
134859
109122
120783
157239
111549
159903
124602
188286
164712
480336
135303
68013
56118
86802
97620
77766
55047
95022
119547
59376
57795
74532
131766
89865
227472
119751
128718
72861
44937
112488
127092
99612
139617
151899
226011
204108
83730
158628
110412
1182687
98229
56610
54306
108303
155499
70299
70578
128592
162522
193473
221190
132558
123654
117291
487698
212070
66675
112482
94071
158832
68613
75036
80391
80409
52257
20340
43071
32544
26868
1070094
120267
63804
71010
110985
127440
71724
81846
96561
142971
62394
52191
106722
197439
165621
325485
116118
92598
56826
86568
140634
81516
90582
118221
110244
77418
55065
100752
99483
78150
436782
141723
74712
95970
106974
150849
221784
81483
66111
115149
183225
127272
118518
85641
91461
449799
174381
69240
64716
116148
172368
107994
75333
106665
144519
64581
74259
79116
140214
92871
649149
73365
76227
536139
47070909
57321147
77206656
39211389
41119530
48808653
34004448
8592684
6225258
6793044
2828172
2853681
3513555
576138
3393177
3134721
1726530
2296215
2042388
3933801
4651617
4801914
3272976
5643879
3279768
2670480
922176
4128501
2453049
3608025
5420175
35627133
38223450
48223806
1555833
27531789
10371219
8355063
2332134
1937712
1652007
2403567
1220112
1544013
2654430
3554853
2514006
2674923
2065737
1067433
1961340
1611126
3007308
2073603
5047989
2672688
3830589
1927416
2774637
10867473
27480486
8250903
529305
567411
659601
336669
292815
216318
226851
159513
147747
623976
185418
95043
81045
115362
215976
170949
228402
174279
256320
190893
179643
102345
138729
226350
825867
424956
167904
111711
187122
149406
288528
210036
343572
417588
419661
319293
393345
325239
387906
581334
400812
878811
905226
322305
404016
290622
316671
298341
430938
316770
260820
226884
182394
122508
1190721
84390
40890
41967
72135
126270
89448
97431
268611
410490
463632
493797
314166
472350
594930
1024761
486351
567861
578502
585090
469845
382632
375723
199230
433587
171099
133242
109389
66849
111999
455427
155982
117264
85431
98301
108228
83334
57015
100713
140610
70794
94419
67044
124356
55134
172461
96621
80766
96996
26116278
70370619
22729044
28878291
15495726
15227247
4403763
2464443
1635927
5838789
5281752
5882754
8978493
5789229
6134676
11265861
3684669
5120799
13123464
9631884
8791785
87816045
91562994
318612
302130
257766
806826
167208
63786
53106
97803
152463
41001
18231
25512
107442
75444
46200
37110
153429
68334
240360
100395
108366
32922
24126
47763
121401
62478
22950
35277
73629
35721
38178
64824
80253
387714
139131
65118
56037
44451
57744
18936
26292
71025
84264
21678
11166
22461
290193
153468
587442
105513
74490
33552
59553
80574
28848
8775
11409
23295
80355
43698
14628
24282
122268
283818
60183
48618
43794
23181
25227
60267
75933
19470
12999
35100
81954
68961
17091
50802
324423
99375
57684
50136
41283
47097
15762
22503
77025
79521
20436
16908
32634
110544
122811
235665
71703
59310
26070
51600
70353
14874
12444
1315791
47829
59442
37911
32208
86736
68085
447564
106188
58332
16728
11484
29706
67089
75003
21132
34329
49047
52185
55620
33831
95523
183288
51285
80673
93738
23667
10260
25515
62553
38916
41085
34308
100944
51534
141105
139572
579168
88938
30717
27759
68067
92178
22491
12990
33690
87258
58353
20298
32040
91692
68247
287241
84408
59604
24234
27891
96081
79815
25692
15858
25107
54957
68883
70905
44721
47265
873321
90906
79620
66102
45267
45948
39759
94503
115734
44025
16311
8931
47346
165030
141609
268587
67305
70281
97956
83058
51114
39165
14619
25248
153282
57636
13167
6231
21918
35289
1030281
74421
23109
11640
39294
146253
95754
28107
53160
62934
41067
87582
98706
121383
79356
285759
124920
98709
39282
22329
37521
64704
91512
67560
65079
51096
20910
27498
103017
131025
522603
90027
42195
76815
97320
48516
16716
11622
36147
122232
75375
27429
44100
134664
133068
377373
88584
50565
22083
21522
72162
95535
26685
23115
61797
74883
53922
17262
33015
48489
639222
133371
59859
18930
41172
54180
30042
54756
105594
47760
13338
19011
85389
166968
92199
264480
96279
73773
75657
58215
52005
55332
35166
68067
84357
42357
16320
11829
31692
77160
495399
78873
25344
18138
40185
117336
81240
23031
40005
68382
73011
53271
48588
119304
77211
244263
196725
229011
91053
37977
32976
77733
92661
60027
15585
33816
74907
91080
67914
80694
915588
110130
75963
70599
48807
42684
20817
28275
97053
71718
27129
17202
40503
159543
123540
290598
96276
60942
27438
76698
90522
46734
20571
16719
39363
105633
59565
22260
34449
50949
376536
66816
38526
1402089
43428
22938
81906
81762
26247
10536
8613
26325
140508
97152
77757
283080
105474
68469
60378
53487
57786
22845
48546
70473
124293
29298
18906
39177
173433
149238
456687
91236
65652
33648
62862
96870
101904
29763
22908
50673
98634
68928
22263
38508
85074
448665
97203
31302
20613
33993
62844
84411
59481
47796
48945
34902
74838
66072
116967
73332
241734
108915
114189
68046
23187
39858
68307
57855
62733
98610
47847
13452
27741
58710
119664
464691
92754
27651
34344
86163
94314
29313
22713
40605
108540
66864
24489
39606
170088
105168
437841
111816
57108
20352
12717
31833
84180
77319
18429
32169
62178
72717
45393
49182
69087
343725
107406
63072
79359
69957
65820
34488
74814
85998
42795
12723
9369
31065
164568
100656
258846
94497
160668
212979
130977
79302
126696
41274
54195
129156
97422
19218
14292
30246
83424
625518
115614
35820
24699
44940
146055
73659
45630
49581
59616
30720
70068
75480
224475
109905
406272
134190
91590
22014
13224
26370
47568
57843
54468
46413
34932
14748
43230
67308
177681
254133
53172
60723
91878
67551
28275
40581
50805
29316
62778
82530
35931
7704
18009
65694
170613
80197806
65543436
23598951
26549367
18729744
8796822
5864481
5515227
4418139
3701427
5563389
7272732
2759418
4466025
7631403
1819278
6782214
7215744
11254572
8085354
7458858
4059879
21488973
3704451
3835404
6766851
7894884
4423317
21642363
8386620
5279214
9711825
7964790
16229163
9504609
21716313
40683438
17913168
10233825
6291012
7956603
4164999
12442839
6095151
11216982
2095833
5344869
9160137
6200193
9867564
11979162
8872260
9646320
7590255
4847919
28649940
75066108
634929
482709
922971
224577
100242
100224
189384
147690
114912
179469
159315
183138
75309
81576
94293
1505997
74130
426468
202566
111063
176169
153834
134307
123312
268038
152436
225408
183180
115698
111282
263976
247041
1169295
132864
64488
95568
86859
139227
93684
73107
91335
125664
95715
81309
81339
184488
140526
274725
93036
122067
86376
67728
77256
141069
59145
56454
61185
74247
17952
19653
49779
37506
1193367
91524
48231
63516
65082
122031
82473
42789
107661
236298
155175
115851
77820
134913
187587
514527
182445
123576
85965
170154
211212
163260
82794
178458
200010
117582
92676
123252
183858
131400
314277
131508
132027
71187
55203
84255
137961
66357
58782
86763
107694
45024
63780
76518
100389
277764
130908
59976
53685
65730
178881
100032
53499
106467
110046
54717
59424
84435
108489
76047
1129191
96198
34884
48345
82617
99693
57327
47856
88710
100386
47844
59511
85095
119214
84285
244647
114966
92541
50496
71859
72963
100782
61824
69207
68841
92283
63444
53289
76827
93453
340722
162813
100821
58749
116442
116358
62184
64224
101220
73512
41409
68769
88371
129477
100404
333825
106143
101592
98004
86781
87780
100695
89466
54336
78762
145416
106389
65316
146838
198105
1333029
103341
67323
98361
104430
143475
107721
87057
99396
114414
85878
94632
117633
158028
102438
250437
133137
179103
73611
76092
117417
230547
166827
123081
171864
254859
98718
227424
321807
215574
339381
289758
313089
215235
155658
244854
222396
191757
181710
159747
124443
2189211
1097844
2164458
194460
89704131
55397163
49234473
8806473
4836846
5679228
2343834
5895684
4516236
4379775
5822211
6349614
4638171
6165459
8034054
8733915
4678239
7927554
8850771
11036034
4560405
6206211
79824987
22094967
27357918
112819665
101061018
110947962
973485
363852
744651
312027
1170285
476178
227355
449334
168153
214452
1843353
874623
716511
617349
435366
364680
146184
322311
218208
119235
322176
98415
90519
70383
12397482
103388523
138570414
72643791
22761804
18947022
21883122
13662363
8457240
45455031
41556336
53966781
29495274
14901306
12499476
4052091
5173569
5046696
7587261
5003034
11351130
2551818
3412641
6909162
30144342
25802598
11096268
12104589
15056928
9723852
98755614
83508177
54817794
8940177
5955387
9008292
6393057
14667867
9601188
8900928
7409067
10953927
9801471
10091127
6348540
10188846
8526954
1424232
7931079
20209518
13648515
6091842
26291577
41397198
7951809
8234589
4737090
3932958
8198961
15910527
11352369
9751716
11005284
7091157
4587531
12258786
14684199
8994837
16522287
6066555
5268513
3994896
20433246
10726416
5406273
99847095
122952159
43262568
4536684
4662492
7876149
26877042
27408402
9267849
10641717
9183201
81253659
65968656
50101833
10280517
10364508
7361742
8314434
28438128
16358214
9431211
14988402
11596029
9228951
11072118
7823295
11057910
5609598
8910819
8447370
6477081
17327001
8913825
4041453
5115402
15355968
7892376
17682786
94510590
49987269
523107
1545201
1679130
2687193
1968408
1723140
2327631
2121285
344298
190314
152583
177192
108804
655545
156411
83973
68562
50613
80217
34560
80070
79596
63345
24315
23010
61785
338721
167520
1056909
78015
104040
69657
18561
45012
66972
23088
70323
76824
36189
7650
16128
46959
135399
368745
88785
34356
66825
80139
54690
14745
28497
68610
136035
25140
16011
38379
141468
107403
260742
85242
60705
23121
59217
71493
47532
13761
21864
83256
64617
18234
9402
22791
92187
399870
85920
21084
21204
68628
87012
23259
15306
35952
100281
56910
17004
35226
192879
110589
921603
85512
73032
20937
21729
59517
89232
15747
12555
26727
72099
34614
11919
23979
69744
240507
46056
49431
44136
12906
54669
65160
21312
2655
1860
18297
54858
36285
7971
19830
1007313
62187
36594
1551276
48102
41157
93348
67752
33012
13938
25413
56241
144930
59085
74988
277944
120654
80568
18552
37347
71028
73197
65451
53181
51198
15825
24690
71109
197523
91044
285882
107532
112656
61218
20694
43419
172470
157347
138171
90324
97713
49083
65334
104553
97272
637971
128106
85533
72201
61935
62250
21513
37728
70839
97059
21066
14526
35520
280680
220377
483945
124779
108777
82794
81552
61371
58770
34680
65886
88203
60195
19938
30099
80796
132684
437961
90123
25800
23376
74532
112269
33075
20019
47577
95073
66378
22698
39669
137091
149145
320553
94197
70881
35133
64764
83382
100611
31686
32166
72219
96681
30003
20196
44073
141990
520401
59163
23310
16557
34920
92160
63711
28014
39705
68043
91893
50133
46713
216126
126972
490578
134205
65631
28911
26871
68772
86019
23205
20577
54204
100326
64446
21222
37695
55395
320169
124038
63030
23739
45054
81357
69747
59772
48669
62748
37485
82638
68823
115470
82578
237486
102255
114054
30801
16071
29103
69465
69087
68631
52155
75348
42390
71007
82710
69864
376962
122913
75114
65043
57663
80943
41721
79938
87036
47862
15981
34206
73080
273162
133791
416088
122148
84660
61629
79689
57615
85929
37047
69714
104097
78129
22773
42693
137277
306414
691164
110040
75558
76062
96210
59448
25509
35628
88938
101190
20880
13125
26541
138693
129465
327180
97677
77358
36846
63423
84924
52356
35541
25791
76140
76662
26247
11934
38661
90984
472881
74877
23100
28002
70959
118638
36987
15234
40050
79296
65844
17838
32016
236223
136272
490686
121755
61341
26904
30549
81642
84093
29319
12273
36147
52371
31812
32970
1549293
36777
374829
72789
22845
14133
34788
104823
70689
17178
35220
47643
30774
87381
82533
109818
74502
252846
99096
78882
78522
83397
74061
144699
81891
22299
35406
85122
78576
88056
60150
66873
412563
138144
85161
27627
46929
68898
29910
73425
111129
63444
24042
25599
93126
259416
139119
512280
101898
103755
63297
16653
35373
74886
64548
78804
49908
54423
30399
54036
92748
90117
413319
114537
77001
67170
61473
51279
21276
27561
81102
73794
18915
13596
33957
156579
106092
270897
84921
82203
73911
63435
43149
64014
30045
54600
89790
60606
25137
23058
64434
81789
374313
85128
29799
39444
136089
221727
75042
26190
32802
70122
85467
16032
11316
35586
58758
745932
343944
146787
1366365
49202829
23491755
14289579
19351401
26166642
11747046
7537797
15577056
7255233
18011241
10006716
11609187
17244411
4258377
6670935
25379418
15917091
10465458
11559294
7239774
7812066
7765179
9986283
8905566
12114828
13269057
12083157
29739888
9445401
6918018
12261786
4811442
16584798
11447865
5760741
9627171
11470626
9534915
4827498
3376713
5992401
3648699
2202921
1516935
1893240
4030227
3012903
10107798
2831988
3195006
3650388
12336651
15446196
9000732
4581810
4287138
3130596
6014316
1453272
5156079
1798962
814254
847866
1698030
2229036
4007166
707556
2707518
7745151
7417764
3391971
1937673
3164466
3487791
3438897
2418789
9211233
17569818
24079098
16152876
41121636
12101976
7759581
4944609
3804153
6340452
6721365
3633594
5264559
4737501
7429518
4809237
10678128
7079307
7597854
5231445
8251785
4432110
4185510
5092578
5240028
2933256
4605300
5395938
3682443
2254998
12891159
4830549
4508952
5534220
4711800
7202871
6710523
21016770
47460408
60385209
18109296
146904
143376
87087
77310
54030
57492
18315
12414
30786
191739
62007
23310
36606
74130
466476
153087
81318
69342
64206
18708
5112
17388
1517361
109152
66546
18726
34281
130050
82407
407682
117906
1594608
154008
40476
24270
38256
87942
59889
1895628
118554
72606
24174
15033
42834
636780
1725270
276939
99249
33948
10803
23076
97128
2871648
159432
54930
19512
6204
12018
60270
605790
1095357
194061
90072
31623
30975
47724
97821
525054
176799
40722
17028
28995
155355
109251
1145559
99369
71961
18477
11247
21165
116250
386814
76107
48681
58491
22341
13626
31389
200304
1162290
69603
20877
11691
24819
51681
27285
84756
79668
43089
15447
9417
17016
124857
198552
349329
101727
93117
46152
102081
89730
56202
14928
10368
21528
25926
7599
4335
12372
45549
302313
102015
42753
80178
88332
114384
103962
62382
55245
57603
21735
9909
33045
198510
142056
279045
83274
69510
22953
32214
76602
111129
30198
24453
32346
56103
32292
58041
64416
80169
861204
73953
17832
17412
48252
158979
75069
26064
40116
40098
14124
29187
82155
166806
87768
265419
76563
61929
37659
74385
80988
59451
11547
7770
19512
49338
30306
77139
68760
74046
392904
72693
28791
24558
68307
118929
20598
15072
29856
68523
35055
67221
80841
128016
72219
244377
93054
87126
76203
64470
46893
36732
16605
10947
20886
64743
50859
77727
41010
46236
809988
80619
38919
74295
80217
35118
17130
8799
16068
49557
55512
69702
42123
92931
61512
219435
92907
96759
70989
22062
35994
40194
15288
27696
91047
99198
31650
20877
34491
47577
365217
93129
102144
74541
67830
75918
40563
19341
65502
170358
115374
21534
41877
110370
72147
288036
161394
122883
36981
22704
68958
407205
275154
109812
33843
10635
27318
244860
106581
80664
785511
36855
22485
1535568
51939
72285
62430
56211
80241
58026
20937
35757
69762
36888
110481
316842
98811
32649
19098
43641
119379
87330
15624
33303
38046
8691
5454
20673
66612
45606
193539
93786
74034
37509
77901
86634
105447
107085
57930
53511
58476
10716
11406
38028
134610
513819
87990
25881
15000
32241
59361
79860
56433
37563
44862
12651
9282
32295
320982
189558
418773
87441
51063
14565
10599
33123
115764
52884
18321
31446
42093
18243
28653
83304
93501
353805
76458
25305
11598
37449
83706
55914
15828
34443
53220
27810
492456
8954598
20178528
8023167
6473952
9199656
7851825
9557604
3714654
12540321
6587691
4140123
1136214
2127984
2716314
1033152
3891804
4614921
4286796
3260976
5719458
4206870
2536320
6145455
9211242
2042709
10478028
2883792
1859475
7520322
3382761
9935145
4989948
5063982
4981236
6821628
7572894
2248560
7501170
3921246
4848597
1408326
3874095
740055
612267
1919832
2168259
1004478
999648
3963729
4057686
3177540
3547473
2114802
673293
761550
709539
3917355
3794811
1658934
967665
975717
6047781
6347520
16556217
17796012
11040918
17283300
8423490
20184525
11709432
13341156
5731599
15838215
3079947
5173803
2527560
2169012
1280409
1441605
902328
2186094
2235489
2729040
5628519
2773863
3706632
9428460
2979138
2273400
4249161
5421939
3101163
2276586
6875316
2577186
3520182
2263257
4249188
8203437
1380558
2466732
5092923
5763558
2634924
4109343
2078997
2687178
6041361
6716586
6407202
3989667
3337257
848478
2058555
2777436
2710077
2970612
2830476
1618404
5972928
2948301
1693698
7636380
2714532
3431898
3213957
2320008
2219628
1523808
8263308
4136235
1398093
2597496
2940081
5625048
9854649
25532958
34321170
10190775
408012
1399869
1204293
567015
348054
278442
152217
157005
114462
93963
64296
133356
112488
76287
616992
197637
159537
67605
110016
98166
183114
156000
97998
83286
119505
46197
59904
1702998
135621
441699
155952
119001
84213
95217
258948
81327
72399
164445
182973
80184
87561
89928
164388
336267
1425645
96621
36744
72018
73278
110931
77913
55371
57288
151014
96723
44805
80193
207186
91215
340326
109722
96006
35925
70098
76080
107421
68292
69933
63078
136428
81741
46446
78420
121578
416532
140574
56916
39555
93843
120240
30456
34860
89052
112110
39708
40890
66768
170631
109083
279108
83835
125235
73587
32823
65349
112734
57969
60783
99279
68088
22248
48711
60084
62562
994635
96024
28599
63681
87408
78549
74253
46113
48792
80943
46650
22398
46482
172893
103770
230433
117771
107799
45672
72750
106059
96030
69210
53868
58365
93549
81645
39453
88758
145074
405153
98538
50523
43626
70566
219411
218847
101961
77202
50892
59733
137286
66042
41868
118557
607422
116784
77079
57717
50253
87303
65622
55746
84507
108204
82140
33795
95637
135222
80490
1088163
108495
37503
80655
79800
54765
35988
73788
83604
67563
69816
53244
58641
170574
126834
285591
109878
110022
46146
61152
82212
59646
51255
55452
76260
81372
65502
47397
60735
105258
497502
106587
63048
58776
64698
140937
86241
47538
106623
108711
34068
28848
74082
177495
97155
324837
117063
99768
64569
55329
77340
106011
69354
38325
72936
114816
31866
28227
63132
108297
928488
148557
57072
36633
88590
106353
35802
53745
96234
152529
162213
96675
90792
113616
145959
562551
145857
82437
64833
61668
142821
88131
41499
79233
154458
75603
61332
91578
185103
150840
315297
95193
148191
77946
36867
70317
128799
88374
44094
84507
123072
50805
58353
76680
113868
432537
131325
43311
69927
104049
37881
14115
38694
1619523
70866
50943
62520
47253
206214
155952
587673
116832
129429
50340
57600
112821
94809
49731
64110
37758
80406
48039
66912
46473
122340
459582
102129
68139
52239
50496
140808
63900
43146
84000
120165
39831
57954
65496
128826
62337
286686
102936
89190
61974
55293
67209
92706
57813
33972
73773
117969
28881
24342
71079
104976
342888
184659
179052
95457
67671
67005
52722
129513
62397
40797
90333
111918
51822
42462
97854
1169853
98460
63516
51120
62484
85842
50844
24993
70479
79425
39831
41415
68871
120063
106242
249237
84714
126207
66258
15531
36702
129078
92838
43269
81012
67704
29064
49095
47997
92688
1184235
106896
34470
73014
75495
74952
56178
65472
103647
112596
90441
55551
75204
253710
117303
216540
174585
146007
58734
228624
89229
138627
237258
78753
58545
107271
249429
78822
70833
290439
515211
110379
134259
62811
58236
225213
126930
43848
177897
70500
115335
123711
65793
44886
74385
453711
128826
52791
240678
105183
102783
138387
55137
56772
307803
87249
60861
364335
169260
133371
984669
397047
81750
62661
653001
95367
47994
757068
116742
66711
874815
131547
64125
870618
187560
478665
728352
137175
95796
77307
736845
153069
137232
647055
152079
167463
657648
170310
191670
540609
754557
137070
289563
130770
104895
160965
362082
124497
132609
344301
198402
104901
313551
174564
148509
907455
158829
73776
129024
137424
80730
57144
121911
117861
110844
141363
102153
119622
162654
139494
1490193
155166
78606
43947
121608
120927
40698
106755
114297
60201
31017
59430
81792
131616
128163
384411
121266
113415
69921
34329
95310
132147
73818
144459
146241
105450
75978
67089
57270
50802
431499
62292
24612
1730508
110013
53241
87234
83892
120834
174291
77757
78129
195063
56808
47406
85530210
144969849
95030112
50671242
27220953
24072738
14062170
4964043
4260864
5542008
6831771
18469638
17455656
6233223
16034511
9068553
14617122
20674344
15299781
8423058
9424260
16889676
7764012
11958453
12925794
13100946
13708293
10076688
14224044
23685483
15000777
11770251
22607742
18216810
8186184
24968382
14966253
17941992
30368919
17011533
9487266
8704449
22056252
17316540
9145341
22980456
16807665
7121724
30856485
58106841
127240911
83695470
326382
398322
426183
255426
179625
246879
566325
1192782
2164200
2613210
2083542
2261706
907770
201243
315948
719823
1131954
783531
538521
211719
108144
207261
554160
2073198
707505
822192
748593
780852
496488
917916
452487
271044
118113
71745
130083
385185
476922
635202
943713
544383
743106
676554
688992
1323174
449901
585078
753579
361542
289920
212532
306597
416880
590529
1021728
443508
516270
554922
599586
915798
336948
204675
192033
129210
103524
173046
261552
125127
128715
428658
175773
150060
188217
253608
209976
161916
62934
102795
136227
81582
61464
69279
112896
169107
1717791
328311
101130
96747
139143
161259
74670
59754
104388
218895
273558
332205
412593
331722
451818
525504
509298
208227
422082
215544
206610
162867
153792
120957
167646
100236
71220
66246
155280
80796
208305
108396
165690
130251
143253
158493
302130
259482
219906
238719
227277
369132
473235
358290
329769
486555
247362
329649
185298
96129
74655
70920
162867
218763
186768
199998
216552
229200
127296
191727
1247004
108270
100362
58236
75702
113610
81567
64611
80865
87720
52044
107343
102381
166728
214815
206169
150984
80547
86052
120420
89691
77160
94173
480108
596799
5376477
61447284
152734638
132526077
86581800
58984833
59326686
64585020
33945699
35629362
30676974
37166862
25373193
8389323
13438662
6417429
7131771
11513910
10434732
27141189
9454983
17798253
22598787
11180829
8196993
13055421
12825537
5807184
9676824
23118021
63766734
68240694
92030793
83605179
61780980
82170435
196600749
115203516
45809091
42100611
48826077
18750831
19622184
15167892
13152813
26463294
34684824
15235932
12600960
22613256
55055145
43994058
42758808
48610905
29068221
20627748
18024489
12763752
8651937
7896477
12531570
7300653
14241213
3303513
3540567
4798173
6826248
4984317
12768897
11038845
11791185
24733779
9227649
12219816
18486588
15780714
15331284
12221226
14822502
14824257
20994378
14928951
17446818
19362612
26415132
12911634
12788124
11179929
8555868
21882867
10986714
11019798
8872536
15329265
13242087
23568030
53125434
9278829
10611864
11712648
6045582
10418874
17992467
7200582
10117326
3901986
9669459
11267865
6151200
10481202
8358552
13040973
6089121
5955159
9917199
4451124
9372027
15724803
11492742
12609336
12030189
20822178
11194134
5417199
16987110
14774166
19154034
19024344
26055207
9935610
6531381
5084343
11781534
38063301
104265273
171955785
203567289
4546110
698934
1016553
1243416
216117
169536
251754
204189
196530
163770
199812
260709
437697
349725
325344
261012
414495
533799
833763
253458
272190
325482
805857
331323
214743
179166
236853
186597
202866
224448
84321
82395
92820
515529
177216
77067
88167
97950
213318
74415
76560
105858
175359
100785
66063
88644
143211
117648
1690419
104295
53907
68727
89148
112941
55830
62070
73977
117594
60630
49179
77253
119964
83199
221631
110820
102345
53106
58308
97569
101280
81996
67455
189099
139689
73347
79872
149121
150093
252303
1120170
616164
707313
70239699
26102943
13329354
3314043
10426338
16777812
8486463
8382138
7413345
7685931
69862455
54542490
2046444
637482
370611
442176
353826
273198
31837818
58391943
66533085
38802753
31758747
30987450
27519489
19734264
9238845
12080877
11132079
6744939
3448239
9030057
3365709
3498087
4900617
1894488
11900508
4298949
2906616
2731191
4714281
11130720
7128789
6234303
3750492
15560700
8913597
7788108
3435549
26601858
13315680
3392739
6446820
5138166
6966924
3047088
5351583
5693079
2566830
9060150
1661235
3100194
3889833
1332378
2440974
15424788
10212408
5092506
46102941
78961632
2178225
914907
364446
306063
345390
316254
230691
159576
204702
167469
274668
168237
349155
350409
405972
393819
1828140
162177
95349
71592
102627
167007
75252
64632
122355
150723
114597
117732
199629
254109
179781
363096
146403
182247
87294
84630
105168
155832
97017
64962
90192
140844
79770
62907
98397
133104
343212
144084
107412
81432
85449
132837
62847
68268
72363
107691
68103
50337
69312
118008
73392
176271
89805
115404
56430
108900
322956
335589
377175
229749
177999
115395
72111
106581
122061
95130
1331442
598302
19909605
43862772
31063776
34028892
19116228
6513189
11890038
7366911
5640462
5788128
6108795
3897183
1896066
3374595
4006245
4914216
5907207
4128024
17005353
11578482
6079470
6505128
4059459
13239582
7636071
6750723
4764180
29710704
18016272
6113859
6922095
10463292
5791089
5454399
29172069
13816713
24861576
9207534
5040066
4197597
4661655
4089615
4397334
4854693
6665526
5125299
6861189
4031928
9078486
9153699
4019823
5489175
4973478
7015296
4389372
3165747
4635597
2869110
6345762
4590606
6557826
5803365
23958660
36386934
12915708
979080
230310
231117
182652
221820
236385
132042
195291
410721
223875
218685
183027
106500
68058
131835
253194
107046
125700
210735
211797
179985
119388
173610
660978
164100
146907
291267
130989
147120
181704
227919
83748
118539
116790
261360
139704
92538
155460
492822
168423
97173
88725
73458
148842
66324
94530
72972
104748
69639
36987
75933
84840
68286
1564668
97476
61080
127113
129549
109095
85275
54897
106938
122556
145626
157323
166617
205686
325749
277065
138219
100080
155874
255339
129807
279426
261840
167901
289098
274041
107499
209571
121356
157995
2150499
43053
49623
1772463
103614
62334
76998
115278
111777
83091
53004
111936
166476
98244
158532
350811
178083
83694
100611
171567
225618
213135
145311
80865
126249
192564
76830
60279
90732
109050
697395
150204
68400
94656
83355
141147
89052
70200
85653
150183
73371
93036
91701
195867
164694
285330
132255
200964
92859
76233
101718
163239
86079
74400
80418
164418
56046
42843
60552
86784
1376562
116445
47058
70275
91131
144240
138228
98052
100248
140811
76095
75195
85491
201258
142632
327750
121773
131532
72045
80340
99129
119187
72654
60300
71001
137763
59244
38514
80532
94857
430032
128469
60195
79140
93879
133851
90840
81417
75756
139665
64491
80838
69603
208815
137364
231660
135666
178722
89550
70365
131055
173433
134643
89151
155568
216240
148455
88593
58236
87162
1572930
106020
45237
82071
60402
83304
62664
42804
76314
116811
76074
96063
98196
155031
168168
303558
110328
106932
64050
86022
104256
113244
87051
58737
67758
113700
63552
43014
66870
105990
434937
105093
60900
65910
80955
116925
129696
66090
137436
136245
214380
324669
164523
219627
207222
421089
142272
117927
121584
145638
124593
146382
155640
84465
151077
125169
85170
69993
103320
84036
1326411
67500
34899
40116
41649
152019
116655
25824819
172885098
121522440
58780497
52837374
49455771
22551231
57498105
87581085
66357585
29449284
34985295
29547567
9587865
14746914
19142775
23724726
14634852
4959018
14879589
8989413
31451400
10540011
4771983
30593595
15062889
7328499
3871896
7051179
5452167
5535237
21926721
13199364
13555170
16408935
11703645
9901566
9947334
20140128
15633102
18559953
6581277
12943272
11195451
12912432
11170497
12306651
8065890
23111310
13675014
7608198
5889576
9596127
11990604
9746136
8957808
77338410
89256006
93119013
37145772
8201214
8946468
14777799
13407945
7666095
14014188
9253857
10788090
12614883
16637085
16510536
10152303
7090626
9254541
14212632
10710678
4873641
8334765
7638114
6995133
6418131
20952327
78822537
116407620
116409795
914523
1200240
5374236
2230374
3956580
5763903
319419
298437
295968
259629
353472
378267
896349
726054
651609
43649709
96769023
88586208
6175761
2134203
9198213
12161088
6492852
9186813
4894134
2277687
6583950
3439500
4722723
6365208
5055309
8300409
4631904
3663351
5569485
4696431
4236711
3452712
2976207
14179818
7394634
1486482
2210055
6173265
1532583
2398632
2390238
1950828
6019359
4066089
437094
3776976
9973374
7773021
3071439
1083441
2001363
2740065
2588667
1581480
1326846
3471438
2205471
3858486
1044855
4178910
3474573
2015337
2247300
1944540
2024076
7652223
8246577
1097583
390378
587607
581430
544632
584196
604563
578331
587571
695748
1250115
579177
494214
428712
276564
2225763
194244
269955
229818
383292
356301
324786
251574
270585
283545
227919
242007
300396
193716
189270
490104
188622
122043
104667
137073
215583
103674
104862
126876
191688
118710
77454
159384
237810
191118
618612
155190
72459
75783
114690
142536
83364
100119
158859
193848
184515
190734
242394
229116
197154
630630
151503
64296
65229
117219
166851
99159
101466
154962
227010
322236
221739
246150
339072
485049
1748085
330402
228171
115263
262488
511665
360483
535647
471732
572322
386871
604929
384747
530130
358374
755856
303042
215571
143283
98001
246318
239445
196221
289338
120345
124833
87894
89862
51111
43914
1577673
222297
170328
182676
214875
136518
236793
294186
294120
277776
244773
218046
199974
170481
154185
605577
182325
196845
347469
298074
300615
284856
216381
258354
279042
256845
222036
212154
169947
180933
570480
187962
147465
207765
232278
177147
190077
124011
101922
262509
281628
239808
190623
292830
326286
755022
209391
218649
311997
531441
703944
493839
388077
1796760
126051
113868
144024
142959
136080
129477
1174674
133740
85245
83505
128418
245445
185529
138288
146808
126348
113220
76053
67416
93303
104286
450087
159957
98961
79191
122004
114087
71433
67866
127098
135060
111933
84453
173412
154245
128262
