921600
921600
921600
921600
921600
921600
921600
921600
921600
921600
921600
921600
921600
921600
921600
921600
921600
921600
921442
870345
772073
679451
575304
471842
385175
323194
286433
276340
271970
267990
264583
264471
264489
264466
264481
264457
264452
264448
264459
264440
264423
264424
264422
264320
264304
264290
264321
264273
264286
264271
264309
264296
264295
264293
264304
264301
264300
264298
264299
263949
263901
263885
263973
263952
263946
263952
263966
263951
263958
263956
263969
263962
263967
263966
263970
263964
263960
263958
263972
263968
263973
263973
263977
263977
263977
263977
263977
263972
263977
263971
263973
263968
263977
263973
264005
264004
264004
264000
264001
264001
264001
264001
264001
263996
263988
264016
264009
264008
264008
264009
264009
264009
264009
264009
264009
263983
263240
261037
257207
254667
249834
244414
237024
230407
221663
212812
201791
189934
174674
141835
109552
82266
244028
235923
222812
216205
213025
211092
214221
218129
220399
222997
222331
223246
222558
221221
226698
222908
223761
223976
225958
238958
223576
221392
220873
224291
222152
226400
224138
224507
223211
221334
221092
226475
224633
225290
223030
219175
222139
218990
221158
219595
218903
222924
217884
217282
215900
219117
233789
229982
225871
230881
227221
263694
261492
250300
247247
246350
247022
250483
246385
249584
249393
254894
270366
247923
240871
238126
238614
237850
238304
236700
238373
237857
237807
237741
235656
236997
236240
275057
272418
259350
255538
254981
256017
257191
270129
254647
267263
249606
268593
260278
253127
257705
258661
255120
297941
283254
280778
279945
276230
276977
284931
281443
273309
272382
351396
274185
246777
240636
241566
242504
244383
249294
276312
280580
278659
276949
273540
271457
276556
287567
292672
254781
11914
11910
11907
11906
11892
11893
11895
11894
11891
11892
11899
11900
11902
11905
11906
11906
11900
11896
11895
11894
11894
11893
187486
378535
374331
373695
364694
359254
355764
354354
352521
350507
350135
348649
348193
348544
346463
343932
343902
343286
342287
342710
342622
342901
342725
343661
344077
344879
345715
350581
355535
351198
348910
347579
348468
347822
347165
346275
345749
345240
345564
345830
344009
343377
343151
342726
341948
342245
343429
343642
343990
345263
350101
347209
345086
344584
345281
344262
344797
344585
347042
391797
57622
14570
14572
14571
14568
14564
14561
14561
14566
14583
14583
14620
25728
511585
390761
372854
362781
358414
356956
357363
358022
358064
357481
357113
356734
358585
356233
357534
356650
357475
356914
358637
358706
358146
361387
359260
357493
360039
356737
358774
355084
356799
354170
357015
354575
353380
352833
350186
350386
350415
349496
349090
347274
346137
348419
348294
346986
345198
351463
351338
350942
352335
356860
354353
354460
352574
353254
357465
354971
353882
353985
355922
355607
354194
354006
355912
355591
353573
352952
355732
353943
351129
349743
350234
348974
347107
345165
344251
343586
346765
361133
365215
431945
379218
15109
15101
15101
408684
357398
350291
346740
345225
345554
345758
344401
344220
345656
345477
346476
346630
345749
345464
346783
399073
487466
15144
15129
15123
15110
15112
15110
15113
15113
15112
15116
15114
15113
15111
15109
15106
15104
15104
15104
15104
15104
15101
15102
15103
462650
388286
356661
347605
342106
340427
339345
337817
337162
338185
340805
339173
339239
341905
342673
342024
344796
344999
346454
348448
350010
351259
351817
352661
352843
353314
352733
352450
353073
422773
36804
36849
15699
15692
15690
15691
15677
15674
15672
15672
15671
378283
375644
331622
322993
325117
321931
321055
321590
322102
322565
321959
317797
311892
306349
306429
318491
320117
320112
319786
311457
311513
319130
320414
320172
320067
316671
312153
307189
295340
307586
387461
16363
16358
16356
16352
16349
16345
16339
16341
16337
16335
16334
16333
16334
16338
16340
16340
16340
16340
16340
16340
16341
16340
445455
340199
306820
300221
295661
293291
290440
291343
287215
286132
283424
282030
279338
280852
276918
276080
275076
271832
269443
268385
268698
321194
411860
17484
17483
17471
17469
17468
17463
17459
17460
17456
17447
17442
17435
17431
17434
17432
17431
17429
17429
17425
17424
17426
17428
17418
17418
17415
17415
17417
17417
17419
17419
17417
17419
17420
17418
17418
17418
17417
17418
17417
17386
17383
17387
17387
17388
17389
17391
17392
17391
17392
17392
17392
17392
17391
17392
17391
17394
17394
17394
17395
17396
17396
17395
17407
17407
17408
17408
17407
17408
17408
17408
17407
17407
17406
17406
235788
223180
230678
349480
353341
487334
355394
401762
251493
23869
37543
45633
39263
64663
72459
41101
30718
146475
224049
230689
240889
237781
191379
188018
240319
244355
245912
236198
184128
180622
183829
186858
184506
192336
204225
277232
73519
158133
140538
354764
361205
347521
286225
296558
251631
260491
430334
228994
231476
243725
258661
383959
382061
381813
370822
369525
376202
360833
54719
54867
45971
37335
35823
52774
59578
50147
58166
58241
39752
74857
74477
64128
99510
72848
75154
71689
64329
60153
57533
114557
90118
100001
85535
87310
202880
209936
323532
316886
317735
216602
226908
293594
222843
225305
229973
240582
237612
293621
132368
89885
95065
89863
67899
55704
59223
130488
132451
118393
122534
127058
131045
137080
138030
284056
259462
256998
251159
256330
259322
267789
272020
268137
280031
271458
273000
271831
95094
112080
109284
48281
216764
226273
232815
234065
232106
229064
218076
234776
255901
354530
215900
233476
587674
407659
407093
398301
359711
343678
254836
253555
269960
302510
213663
325114
83229
71365
56528
57307
50916
50842
50753
50695
50692
50699
204236
214683
216479
217906
215341
214785
211262
206803
196686
181197
178371
185344
240844
225954
211063
200894
168496
178998
197319
211101
219222
229956
242999
247243
260196
180282
183098
189493
187694
264884
267315
272619
268769
267904
184876
184064
184672
185200
340879
56737
123811
122656
106444
111545
121568
62199
58110
58657
58072
58036
123317
117378
119111
114015
109258
109316
109606
124309
83516
81661
85520
74084
66343
68620
65153
69763
70147
60556
93462
61624
66192
61962
62056
61676
61022
107078
107046
137267
133417
130184
71681
70253
68250
82008
78344
76214
62734
62735
62753
62892
63115
63397
213436
215532
219969
218633
219060
213884
208874
183823
181233
176780
173678
170040
225510
231163
239513
240475
237505
239412
256899
248965
251420
255921
101804
98589
93135
91305
88622
85475
82296
78543
63322
63297
63293
63401
64655
64590
63533
64597
359917
325129
353970
333876
431765
72637
68928
78654
68519
68562
70575
68977
68548
69795
69284
74848
76837
77086
71877
378874
399957
386584
312145
71023
76480
71540
71545
72158
350383
315008
337377
381997
344324
345462
378390
343807
379821
386635
89064
84953
88537
75823
101811
80238
74506
74569
104018
103038
74025
109291
73184
76532
75409
75244
73811
73732
73675
73630
73590
73587
73577
73406
73394
73391
73390
73389
73393
73410
73412
73418
73414
73432
73428
73433
73474
73484
73512
73460
73451
73420
73422
73447
73389
73389
73374
73374
73370
73377
73367
73365
73369
73392
73385
73385
73436
73732
74037
74202
74211
74151
74174
74183
74182
74325
74344
74335
74378
74375
74365
74284
74295
74291
74281
74268
74289
74157
74093
74091
74096
74103
74132
74246
74254
74264
74419
74471
74464
74845
74812
74969
75066
75154
75334
75709
75864
75988
76468
76477
76587
76542
76591
76541
76543
76556
76586
76535
76517
76516
76433
76366
76337
76230
76243
76257
76279
76265
76291
76325
76421
76461
76572
76623
76672
76712
76806
76848
77002
76969
76904
76880
76901
76900
76910
76954
76947
76938
76940
76940
76949
76933
76935
76841
76681
76535
76534
76525
76479
76481
76457
76509
76469
76479
76482
76494
76625
76607
76733
76753
76688
76775
76812
76821
76860
76749
76741
76742
76776
76772
76750
76750
76752
76853
76895
76926
76872
76857
76836
76740
76589
76592
76481
76325
76235
76163
76009
75752
75547
75250
75173
74942
74591
74352
73996
73883
73874
73776
73743
73634
73575
73554
73539
73276
73280
73280
73266
73265
73261
73260
73258
73259
73260
73261
73261
73260
73258
73258
73251
73249
166853
191112
186423
198490
219817
382202
339376
341697
346614
353062
290027
212816
219732
208639
226114
215606
213427
211988
214393
220717
222124
222530
222452
222311
273282
104033
180402
180129
180822
180835
181022
179167
178425
180287
177824
177852
175083
177065
177179
174126
171291
178922
177777
179371
175715
165019
189706
76110
76066
177033
175491
181679
170751
171924
171767
170177
170211
170705
174925
171358
173641
174216
173425
174315
172986
171643
170293
171141
131090
77738
77742
77716
77716
77674
77664
77675
77673
77672
77633
77640
77625
77626
77615
77618
77612
77614
77606
77599
77597
77602
77602
77609
77609
77608
77605
77606
77606
77612
77611
77617
77614
77619
77619
77620
77619
77620
77617
77622
77619
77616
77615
77617
77618
77619
77618
77620
77619
77619
77612
77611
77611
77614
77615
77615
77616
77619
77619
77618
77618
77617
77616
77617
77617
77609
77609
77608
77609
77609
77599
77597
77594
77595
77581
77584
77579
77580
77567
77570
77526
77522
77519
77516
77517
77510
77504
77501
77504
77500
77504
77502
77499
77489
77487
77472
77469
77466
77466
77465
77463
77461
77461
77462
77462
167961
235932
232503
233136
234400
235656
233914
231040
228680
226468
225094
225711
225599
226617
226035
225960
222716
225890
224808
257845
78538
78507
78534
78537
78534
78514
78532
78526
78519
259375
297607
285186
281255
280740
280426
282676
286651
295283
286162
283320
288552
283544
283925
288123
290633
287217
286038
290216
286451
289316
289624
286978
293355
300500
309561
500158
78961
78967
78980
78954
78933
78899
78886
78878
78876
78840
78828
78817
78807
78801
78812
186152
277264
301724
319022
345254
320744
331537
324290
323236
316353
308664
309729
311341
310062
312732
312108
311027
310818
311143
309696
310309
308931
309496
310048
306710
305508
306943
308050
306469
305667
304077
305046
300254
301796
302336
300813
299400
299052
294055
288743
292230
294239
295167
292943
294964
294004
293396
292697
293680
294170
293155
293371
292856
294294
294128
291232
292626
291757
292783
290974
289191
293908
295472
291951
293189
294717
293186
292462
292236
290482
351807
82765
82799
82810
82789
82753
82740
82703
82683
82644
82637
82629
82626
82610
82507
82489
82484
82476
82470
82449
82444
82437
82435
82418
82415
82412
82412
82381
82384
82373
82377
82363
82365
82358
82358
82353
82342
82331
82338
82340
82343
82315
82302
82282
82285
82274
82276
82273
82271
82267
82270
82264
82268
82261
82262
82259
82262
82199
82198
82180
82177
82170
82171
82168
82162
82158
82161
82162
82162
82157
82158
82154
82156
82146
82133
82126
82129
82129
82130
82130
82129
82126
82128
82126
82121
82117
82116
82103
82107
82087
82088
82078
82075
82064
82069
82068
82065
82064
82072
82075
82081
82081
82086
82081
82087
82079
82080
82076
82078
82076
82073
82079
82084
82091
82097
82103
82113
82121
82129
82236
82235
82236
82334
82332
82332
82327
82330
82332
82338
82335
82341
82349
82368
82371
82431
82426
82434
82435
82439
82433
82438
82438
82457
82454
82458
82455
82461
82456
82481
82470
82464
82465
82463
82471
82468
82466
82466
82470
82461
82463
82462
82464
82446
82440
82426
82431
82425
82421
82417
82418
82404
82413
82414
82418
82412
82412
82414
82418
82415
82514
82504
82508
82507
82509
82507
82514
82518
82522
82527
82533
82537
82546
82609
82621
82797
82822
82919
82957
83028
83063
83082
83083
83057
82984
82986
82922
82889
82807
82807
82829
82833
82842
82841
82852
82850
82860
82845
82849
82843
82836
82833
82843
82831
82839
82841
82869
82908
82878
82875
82893
82890
82918
82916
82940
83011
83156
83193
83325
83346
83492
83493
83505
83504
83602
83627
83632
83634
83601
83597
83493
83479
83485
83482
83477
83326
83225
83227
83190
83193
83093
83089
83086
83084
83085
83086
83078
83072
83072
83043
82953
82908
82908
82904
82921
82911
82910
82911
82911
82899
82897
82895
82898
82888
82924
82922
82912
82909
82910
82914
82926
82915
83012
82996
83017
83024
83022
83028
83026
83007
82993
82993
82995
83005
82994
82880
82890
82896
82883
82888
82879
82876
82866
82876
82877
82886
82871
82860
82858
82861
82856
82855
82851
82854
82846
82845
82844
82817
82814
82814
82820
82817
82813
82851
200203
296460
335441
321497
294160
247161
224823
224357
219847
222247
220775
221908
220774
221028
222508
221229
221289
221783
223107
225679
228125
230560
231456
233253
233802
234338
234270
233477
233829
233843
233823
239870
203574
83563
85253
163749
167636
167145
168500
168005
166986
165816
166030
166803
164863
164258
166968
165383
166083
166341
164236
163716
165363
165265
162477
164861
165150
163460
161129
159485
101442
84124
84122
84125
84240
84289
84327
84291
84358
84345
84375
84354
84350
84348
84345
84354
84396
84389
84361
84261
84266
84265
84248
84197
84251
84192
84137
84132
84126
84118
84111
84119
84108
84104
84081
84058
84021
83999
83970
83953
83920
83782
83751
83697
83596
83584
83559
83556
83531
83501
83455
83432
83407
83392
83374
83365
83330
83331
83334
83334
83335
83322
83319
83319
83326
83361
83362
83375
83388
83415
83456
83586
83592
83632
83681
83713
83749
83775
83825
83848
83930
83968
83972
83986
83989
83992
84025
84022
84025
84026
84035
84038
84037
84040
84038
84032
84038
84034
84039
84037
84037
84036
84045
84046
84043
143628
277844
276318
273714
274738
274870
273861
274427
274733
275581
273070
275104
273036
274139
274861
274165
275507
276005
273390
274028
271312
331255
85009
84953
84903
84851
84744
84717
84712
84700
84703
84675
84672
84671
84670
84652
84657
84655
84658
84626
84629
84617
84616
84592
84592
84588
84586
84574
84577
84575
84583
84575
84574
84574
84575
84564
84556
84557
84555
84557
84562
84559
84560
84557
84559
84554
84554
84556
84557
84524
84525
84521
84525
84520
84521
84524
84529
84524
84523
84524
84526
84527
84525
84526
84525
84515
84513
84508
84511
84508
84507
84506
84507
84501
84501
84503
84504
84505
84504
84506
84508
84509
84508
84503
84502
84507
84504
84503
84501
84505
84512
84514
84515
84514
84508
84504
84509
84512
84510
84511
84503
84504
84506
84504
84492
84494
84496
84495
84494
84486
84485
84495
84496
84510
84511
84510
84514
84507
84506
84507
84508
84513
84515
84517
84518
84511
84518
84515
84518
84511
84512
84512
84513
84511
84513
84512
84513
84502
84509
84505
84529
84537
84536
84539
84541
84552
84547
84548
84544
84547
84544
84544
84545
84551
84548
84558
84552
84558
84558
84560
84557
84563
84560
84560
84560
84561
84561
84564
84565
84568
84571
84605
84606
84607
84607
84610
84612
84613
84613
84611
84608
84609
84610
84611
84615
84618
84628
84633
84631
84631
84631
84635
84634
84634
84635
84636
84636
84636
84636
84638
84637
84706
84705
84706
84709
84712
84710
84707
84706
84704
84703
84710
84710
84712
84720
84735
84744
84760
84757
84756
84759
84765
84767
84770
84769
84775
84772
84775
84776
84778
84771
84790
84804
84805
84800
84810
84824
84826
84826
84827
84832
84836
84837
84840
84841
84858
84836
84841
84840
84841
84842
84844
84847
84846
84847
84850
84848
84853
84852
84856
84852
84897
84895
84895
84896
84899
84900
84898
84898
84900
84905
84905
84903
84905
84904
84904
84923
84927
84932
84933
84931
84933
84935
84935
84935
84942
84938
84939
84939
84939
84944
85013
85013
85013
85011
85012
85002
85006
85004
85002
85000
85004
85007
85009
85010
85013
85011
85030
85028
85014
85020
85022
85027
85030
85038
85038
85045
85032
85030
85033
85039
85090
85094
85097
85099
85101
85100
85100
85099
85103
85100
85122
85122
85124
85106
85078
85085
85091
85088
85089
85090
85102
85098
85096
85094
85095
85097
85099
85098
85101
85101
85073
85071
85073
85118
85117
85117
85116
85117
85115
85096
85097
85097
85093
85097
85093
85102
85100
85109
85105
85124
85125
85124
85125
85127
85119
85121
85119
85120
85099
85111
85100
85096
85096
85098
85050
85052
85048
85047
85048
85056
85044
85039
85036
85046
85056
85104
85099
85096
85092
85092
85064
85064
85064
85071
85065
85064
85064
85069
85067
85067
85042
85041
85037
85050
85050
85052
85048
85050
85041
85032
85028
85033
85032
85032
85033
85055
85057
85058
85059
85059
85058
85057
85055
85058
85060
85061
85058
85056
85025
85021
85016
85026
85024
85029
85028
85030
85035
85039
85038
85040
85042
85044
85044
85048
85053
85059
85022
85021
85028
85027
85023
85023
85022
85023
85024
85028
85026
85027
85007
85014
85018
85024
85003
84999
84992
84995
84983
84983
84973
84971
84953
84957
84956
84958
84957
84946
84941
84941
84938
84940
84937
84935
84938
84941
84940
84939
84939
84943
84916
84923
84898
84916
84898
84897
84897
84911
84909
84910
84910
84910
84911
84910
84913
84914
84907
84916
84913
84914
84914
84915
84913
84916
84915
84916
84932
84936
84936
84936
84935
84935
84939
281864
311745
288394
281496
288539
287599
285181
284749
284253
283321
283122
283379
282212
282401
279755
278737
281070
283156
281426
278030
280576
280204
279540
279340
279635
277758
278697
280971
281654
282448
282576
283799
284558
284705
281355
280817
266530
261156
263822
265239
265724
265081
266544
266459
265873
266041
266052
265102
265813
265899
261861
261309
264640
261782
263180
273960
89354
89316
89260
89175
89151
89157
89163
89169
89171
89170
89178
89177
89159
89168
89189
89195
89116
89116
89130
89132
89135
89138
89136
89136
89130
89126
89132
89115
89114
89099
89095
89072
89062
88971
88970
88969
88968
88969
88952
88949
88945
88948
88944
88948
88944
88948
88933
88930
88907
88908
88907
88908
88908
88909
88910
88909
88910
88909
88910
88910
88910
88910
88909
88802
88795
88795
88799
88798
88791
88801
88804
88807
88810
88814
88809
88812
88809
88815
88814
88809
88816
88815
88820
88821
88837
88839
88851
88842
88855
88860
88867
88860
88879
88895
88911
88905
88907
88917
88925
88926
88926
88928
88931
88929
88924
88923
88927
88931
88926
88919
88919
88919
88917
88907
88926
88926
88932
88931
88931
88924
88924
88931
88931
88957
88952
88956
88958
88959
88956
88959
88962
88963
88956
88954
88953
88955
88951
88955
88956
88964
88962
88965
88963
88968
88969
88968
88966
88966
88966
88969
88974
88973
88965
88972
88959
88965
88967
88969
88958
88963
88964
88969
88971
88978
88972
88981
88970
88974
88978
88988
88990
88998
88995
89001
88997
89021
89025
89035
89027
89034
89034
89046
89057
89259
89249
89253
89257
89267
89265
89282
89278
89312
89309
89309
89304
89313
89307
89326
89341
89351
89348
89354
89356
89346
89274
89265
89263
89247
89249
89251
89255
89250
89224
89197
89187
89186
89185
89184
89186
89168
89152
89152
89147
89150
88911
88908
88912
88922
310102
331032
299343
297455
296694
295716
295786
296380
296984
296930
295250
294107
294805
296928
294317
294908
295545
293490
295057
292791
293796
295381
375007
371197
360518
423070
352225
89684
89681
89660
89634
89625
89656
89783
89756
89684
89674
89654
89589
89591
89562
89530
89500
89460
89420
89359
89347
89339
89329
89323
89314
89313
113000
347357
379279
369376
362531
370649
381642
380036
378071
355537
348653
339553
320389
314511
319549
316840
316093
315632
318428
315657
312054
310747
311431
310060
317102
309595
309029
311353
308976
311577
404679
396612
355054
349950
347925
346293
344593
347990
345136
347348
346479
348261
348037
347175
348391
348385
350749
349925
348204
352826
348954
350410
344951
337339
337830
336781
338052
338465
340907
341957
341814
344719
342495
340516
339710
343764
344522
342309
346737
344465
345654
345762
351574
348240
346356
444627
332011
314569
312405
311879
309596
312947
307962
308186
309267
309126
375110
344452
307367
305514
304282
305619
301591
307769
309079
309953
310240
308584
311083
309818
309792
311305
309300
313087
314973
311016
314823
312084
313653
315796
318793
316231
316172
239341
94244
94140
94052
93841
93700
93557
93555
93661
93891
93891
93916
93927
93934
93948
94020
94017
94029
94034
94039
94041
94040
94041
94040
94033
94036
94041
94066
94003
94001
94058
94062
94052
94052
94051
94053
94048
94051
94053
94057
94054
94057
94058
94062
94057
94093
94092
94091
94091
94091
94096
94097
94095
94099
94088
94091
94090
94094
94083
94097
94102
94106
94107
94110
94109
94117
94116
94114
94113
94114
94113
94111
94111
94113
94111
94077
94070
94071
94092
94138
94137
94139
94140
94141
94134
94133
94134
94132
94112
94122
94134
94140
94133
94133
94135
94143
94145
94144
94144
94146
94144
94143
94145
94145
94141
94154
94142
94147
94145
94145
94123
94133
94133
94133
94133
94132
94112
94112
94118
94118
94062
94064
94064
94013
94014
94015
94010
94010
94009
94012
94011
94012
94006
94005
93991
94014
93963
93962
93962
93960
93952
93955
93957
93957
93950
93946
93947
93949
93930
93948
93931
93934
93927
93927
93926
93929
93914
93919
93911
93921
93909
93905
93903
93910
93911
93916
93916
93917
93920
93924
93915
93910
93912
93919
93909
93914
93915
93918
93883
93876
93879
93894
93901
93902
93902
93905
93898
93893
93897
93903
93902
93906
93902
93902
93917
93911
93909
93910
93910
93914
93913
93914
93914
93915
93908
93907
93907
93912
93896
93891
93912
93915
93911
93910
93910
93885
93881
93879
93881
93882
93884
93888
93888
93893
93891
93876
93873
93873
93875
93877
93866
93865
93863
93866
93856
93862
93859
93860
93827
93841
93852
93863
93859
93864
93866
93867
93864
93867
93867
93868
93871
93871
93872
93874
93869
93878
93873
93874
93876
93879
93874
93876
93875
93877
93875
93871
93873
93864
93846
93848
93845
93863
93845
93843
93843
93843
93833
93831
93832
93836
93829
93827
93825
93825
93812
93811
93802
93805
93805
93817
93812
93814
93811
93814
93810
93812
93812
93815
93802
93799
93781
93784
93775
93777
93777
93777
93779
93777
93780
93779
93773
93774
93772
93771
93741
93737
93729
93726
93720
93723
93719
93724
93724
93725
93720
93724
93723
93728
93716
93706
93695
93701
93698
93697
93702
93707
93707
93708
93709
93711
93707
93709
93710
93713
93720
93698
93695
93696
93697
93700
93690
93687
93690
93687
93684
93685
93682
93683
93655
93652
93669
93689
93689
93694
93683
93689
93691
93693
93692
93693
93691
93692
93692
93679
93679
93667
93671
93672
93671
93672
93670
93673
93673
93674
93676
93675
93674
93674
93677
93672
93679
93680
93684
93684
93685
93684
93677
93683
93683
93682
93681
93684
93685
93686
93689
93692
93690
93697
93699
93704
93700
93699
93705
93708
93707
93708
93708
93711
93699
93717
93764
93773
93777
93779
93779
93783
93775
93778
93779
93779
93771
93772
93765
93768
93776
93781
93778
93785
93786
93788
93784
93782
93780
93778
93779
93781
93780
93779
93768
93777
93786
93790
93788
93791
93793
93795
93792
93795
93792
93794
93793
93793
93793
93792
93794
93786
93783
93780
93785
93787
93783
93780
93781
93780
93789
93782
93783
93783
93785
93786
93824
93822
93826
95989
208766
235374
211429
203041
168046
178443
172087
179875
187270
179897
177173
180442
153031
148149
153167
192984
203755
205036
216766
209454
212997
210284
203115
203339
211519
221111
229088
241606
228638
228206
217040
213684
236711
222560
226717
236561
221760
220518
217721
216694
219168
217420
218645
218711
219364
216498
215894
218812
217411
217860
219388
219475
214117
218720
218652
216432
216310
219697
219826
217464
216898
217102
217199
217014
217194
215948
216052
217101
218802
220129
220385
219750
218151
218410
220032
219546
219382
221694
237344
258107
237100
232134
232395
231608
231173
230116
231700
229559
232274
232057
231871
230962
232597
231804
231740
232245
233296
232881
231685
233801
234043
234620
231448
232265
232859
233590
235048
233774
233517
233319
234428
233288
232803
238217
284082
134146
95013
95007
94985
94988
94984
94989
94982
94983
94981
94988
94960
94965
94962
94962
94965
94929
94925
94930
94932
94938
94938
94938
94938
94828
94827
94835
94835
94836
94825
94838
94871
94886
94991
94975
94972
94973
94971
94975
94987
95053
95062
95066
95062
95059
95062
95078
95204
95213
95219
95224
95222
95224
95217
95455
95463
95461
95454
95453
95457
95452
95450
95388
95373
95365
95371
95367
95370
95363
95296
95258
95265
95266
95264
95232
95251
95219
95225
95226
95224
95225
95226
95210
95236
95235
95236
95230
95230
95230
95231
95221
95185
95182
95178
95179
95182
95179
95176
95178
95175
95171
95171
95170
95173
95156
95150
95166
95176
95169
95172
95163
95167
95159
95159
95155
95155
95151
95157
95156
95156
95154
95140
95126
95130
95134
95140
95126
95128
95123
95124
95128
95131
95129
95129
95106
95106
95101
95109
95106
95113
95105
95105
95099
95103
95101
95101
95087
95082
95079
95078
95076
95023
95018
95020
95020
95021
95011
95005
94999
95006
95005
95007
95001
95003
94964
94960
94962
94975
94968
94967
94970
94978
94974
94978
94978
94982
94981
94979
94982
94986
94974
94958
94958
94963
94961
94964
94955
94951
94949
94948
94946
94951
94953
94959
94945
94944
94943
94949
94945
94947
94944
94947
94943
94948
94946
94948
94940
94940
94947
94945
94940
94952
94944
94944
94945
94950
94948
94948
94952
94954
94950
94952
94954
94958
94948
94951
94949
94954
94947
94950
94950
94951
94951
94950
94949
94955
94946
94947
94948
94950
94947
94930
94922
94926
94930
94934
94934
94931
94929
94933
94929
94931
94933
94936
94921
94928
94937
94950
94959
94960
94952
94957
94978
94996
94992
94998
94997
95004
95002
95019
95015
95125
95124
95124
95180
95179
95181
95184
95184
95182
95179
95179
95182
95167
95174
95175
95173
95169
95173
95171
95175
95174
95174
95173
95178
95176
95178
95177
95180
95155
95160
95164
95170
95163
95158
95158
95161
95148
95159
95152
95158
95156
95155
95153
95157
95144
95139
95141
95139
95138
95138
95134
95132
95133
95135
95139
95138
95136
95138
95092
95093
95090
95100
95095
95097
95096
95097
95094
95096
95095
95097
95096
95097
95098
95099
95091
95089
95087
95089
95086
95087
95088
95088
95087
95085
95078
95081
95082
110674
159965
165355
161984
166831
168212
165615
168255
160679
163265
161322
161927
163118
163185
163946
164124
163103
164077
163547
162106
163141
162659
162107
164351
165648
165899
168209
168995
168667
170352
170445
167848
167273
169966
170938
166567
165966
167702
166534
166284
167091
166940
167002
167044
166918
167063
167308
167336
168241
168174
167860
166885
166510
166069
165985
165648
163287
165222
165796
166122
166451
168679
168270
171923
184780
181909
156526
152254
183624
196117
188115
185694
187560
185732
187367
187965
188149
187989
188766
188856
189263
188998
187468
188280
189308
188749
187547
187845
187040
186322
188300
188333
187120
187088
187164
184799
186226
187183
188203
187323
187242
183902
183392
184479
185795
185117
184050
182001
175641
176465
178129
178894
179314
179934
178323
179897
180005
177794
176609
176772
178278
177663
174981
175600
176846
177004
176225
174955
174389
173033
174019
174823
174307
173374
172707
171940
198662
115054
97417
97409
97455
97547
97604
97632
97664
97682
97689
97714
97709
97715
97713
97733
97733
97788
97787
97782
97780
97785
97801
97786
97788
97783
97790
97791
97791
97788
97871
97868
97858
97842
97845
97840
97853
97834
97838
97834
97840
97814
97814
97808
97813
97803
97775
97622
97616
97620
97623
97629
97626
97629
97632
97632
97624
97618
97620
97620
97605
97607
97597
97601
97598
97594
97595
97599
97593
97593
97585
97585
97576
97571
97566
97576
97563
97546
97536
97544
97536
97537
97528
97532
97527
97530
97514
97516
97516
97521
97495
97504
97509
97514
97508
97505
97498
97502
97497
97498
97498
97504
97503
97502
97497
97502
97488
97443
97435
97439
97441
97444
97436
97437
97438
97441
97439
97437
97435
97437
97418
97421
97434
97442
97439
97440
97438
97442
97446
97454
97455
97458
97455
97458
97460
97464
97465
97473
97461
97460
97457
97462
97462
97472
97466
97480
97477
97482
97470
97476
97480
97486
97507
97493
97494
97492
97497
97489
97494
97496
97502
97500
97499
97498
97504
97496
97500
97628
97623
97622
97624
97627
97622
97620
97619
97619
97616
97619
97616
97618
97603
97607
97604
97622
97622
97629
97625
97632
97631
97632
97627
97631
97624
97623
97617
97620
97631
97631
97645
97652
97653
97659
97651
97657
97654
97653
97645
97648
97643
97644
97656
97663
97682
97692
97690
97698
97698
97704
97693
97693
97694
97699
97703
97707
97706
97710
97717
97756
97755
97760
97760
97758
97763
97764
97765
97770
97749
97751
97744
97752
97749
97745
97762
97761
97769
97766
97765
97760
97765
97760
97769
97759
97761
97757
97754
97717
97722
97740
97752
97735
97733
97732
97735
97722
97721
97716
97715
97706
97709
97707
97709
97716
97689
97691
97686
97680
97688
97687
97687
97687
97680
97673
97673
97671
97670
97642
97646
97643
97640
97631
97631
97628
97631
97637
97638
97638
97635
97625
97629
97626
97625
97615
97614
97606
97609
97607
97608
97597
97600
97598
97607
97599
97602
97596
97600
97583
97587
97574
97581
97579
97582
97583
97586
97571
97567
97567
97569
97557
97556
97561
97566
97563
97560
97559
97556
97548
97554
97557
97558
97553
97558
97555
97557
97555
97562
97560
97563
97610
97607
97611
97610
97611
97607
97601
97601
97607
97601
97601
97599
97602
97593
97589
97581
97583
97585
97583
97581
97581
97582
97581
97582
97583
97582
97581
97581
97581
97578
97533
97523
97522
97523
97527
97529
97532
97523
97525
97519
97517
97514
97516
97491
97487
97471
97475
97456
97455
97449
97451
97431
97431
97429
97432
97414
97405
97404
97407
97393
97286
97276
97274
97272
97272
97256
97243
97243
97236
97238
97217
97211
97202
97199
97190
97146
97120
97117
97115
97123
97116
97117
97112
97109
97097
97095
97095
97096
97086
97076
97095
97095
97097
97096
97236
97236
97239
97413
97393
97437
97643
97672
97685
97968
98012
98137
98337
98453
98482
98466
98796
98830
98864
99094
99128
99199
99409
99419
99488
99633
99831
99842
99970
100036
100080
100099
100163
100223
100312
100386
100417
100449
100507
100538
100604
100970
100968
100995
100994
101051
101085
101099
101184
101264
101250
101272
101321
101379
101347
101357
101759
101776
101794
101758
101803
101874
101860
101878
101949
101952
101952
101951
101954
101949
101963
101994
102052
102025
102010
102009
101999
102045
102088
102113
102179
102149
102149
102189
102195
102201
102222
102252
102215
102452
102465
102467
102462
102460
102381
102313
102321
102321
102252
102254
102262
359352
626574
527953
495334
486510
472720
469579
466971
465757
463758
462028
466182
461685
459679
464686
462720
458435
464272
460633
462247
460499
464816
461420
465545
460326
462831
468096
464708
459437
468473
464176
460871
469108
462168
462701
472370
467592
460339
473231
468577
466290
463446
472013
465485
463631
472498
465845
469346
479210
479251
347901
103075
103015
102929
102927
102872
102817
102617
102233
101828
100675
99770
99281
98857
98785
98725
98679
98645
98619
98602
98594
98610
98604
98613
98611
98382
98379
98374
98326
98260
98194
97914
97846
97798
97773
97751
97740
97729
97723
97720
97756
97782
97818
97890
97939
98200
98242
98410
98511
98555
98602
98575
98622
98728
98885
99295
99560
99698
99837
100187
100741
100791
100895
101010
100973
100959
100943
100771
100769
100833
101050
101058
101110
101078
101045
101017
100975
100973
100983
100951
100862
100881
100807
100848
100911
101279
101578
101620
101567
101564
101601
101510
101496
101457
101412
101266
101062
100758
100690
100378
100057
99910
99897
99696
99687
99635
99610
99595
99590
99510
99499
99485
99487
99454
99445
99344
99345
99321
99252
99189
99184
99071
99006
98942
98926
98922
98895
98866
98848
98810
98746
98712
98660
98635
98608
98600
98601
98582
98578
98573
98575
98568
98568
98570
98571
98607
98601
98611
98611
98617
98609
98607
98606
98609
98609
98608
98608
98606
98609
98604
98603
98600
98595
98593
98594
98593
98591
98588
98587
98589
109599
259100
518507
503246
442843
460096
453639
403917
402356
403625
392067
394491
385468
385137
384393
384715
386045
387905
387089
386300
384958
382390
382705
382605
381965
381929
383156
381825
383847
385683
413197
429147
629242
630643
590738
595127
490968
422873
385669
379832
363358
351191
335432
325406
333272
359943
381760
384792
384958
389657
403277
397660
390738
361588
366635
359352
355691
353817
352210
354473
354849
354595
354325
354105
353368
352339
349961
348784
349736
348273
349857
351959
348703
348244
348006
350740
347567
346563
349958
345700
350255
349797
353692
349592
354591
350309
352879
350280
348803
354308
351086
354217
350913
353276
351222
361155
351095
349948
349550
347940
347312
345256
348174
348741
346958
345037
346048
346236
347939
349498
346809
348944
346180
348289
349430
349082
349256
352271
348480
353161
349918
355310
352835
351442
355166
352964
358295
353829
360142
358337
355632
354395
352767
364797
463283
581578
115961
104832
104307
103812
103528
103512
103433
103332
103295
103276
103250
103224
103154
103069
103030
102963
102955
102918
102873
102721
102694
102672
102634
102530
102490
102452
102433
102400
102376
102369
102334
102325
102311
102306
102247
102218
102217
102208
102210
102183
102184
102183
102189
102169
102165
102165
102170
102167
102165
102074
102074
102069
102069
102071
102062
102071
102069
102069
102065
102062
102061
102072
102057
102056
102047
102055
102060
102060
102056
102055
102047
102045
102043
102050
102049
102047
102050
102054
102051
102048
102050
102082
102096
251662
245242
245032
245225
245207
244582
245105
242420
245048
245373
231558
103936
104633
105093
104835
104574
104450
104367
199998
240785
281366
276781
262367
281246
266337
265360
267326
267668
268212
268577
268990
264344
266107
265900
265445
265618
262674
264746
262969
264024
266169
262063
263771
263521
265710
263472
263347
266090
264895
260056
260077
260241
257411
260095
257572
256722
258434
256922
258869
258347
258037
256289
258101
258450
257450
256795
260582
255800
274721
110708
107446
107154
106946
106911
106868
106858
106847
106853
106886
106871
106835
106848
106739
106745
106733
106682
106489
106479
106495
106496
106496
106475
106482
106475
106478
106471
106458
106469
106478
106451
106457
106509
106514
106522
106525
106526
106532
106525
106526
106520
106488
106477
106487
106484
106498
106516
106499
106485
106493
106499
106503
106490
106470
106476
106473
106476
106483
106481
106486
106473
106475
106469
106476
106484
106481
106466
106537
106536
106633
106693
106700
106705
106709
106716
106712
106721
106654
106636
151778
247776
269893
241079
229221
234834
237644
235880
235232
233123
230699
230458
230604
231596
231470
230362
229045
231083
230788
229165
226250
228959
226121
224963
222583
225722
225928
240105
228588
228393
227619
225215
226376
222500
234759
226030
235064
227795
229089
226585
229848
226413
230497
225877
230467
226003
228452
230577
230064
231929
229969
228983
226473
230811
230175
229228
230725
230491
227222
229276
230574
232058
218069
132799
108674
108686
108699
108706
108712
108718
108709
108726
108726
108754
108759
108760
108762
108766
108762
108766
108758
108751
108751
108757
108735
108739
108731
108728
108670
108661
108642
108631
108635
108630
108631
108611
108604
108595
108596
108570
108568
108564
108567
108497
108485
108471
108458
108461
108432
108437
108432
108435
108413
108413
108408
108406
108394
108395
108274
108270
108269
108266
108269
108271
108273
108270
108273
108273
108273
108275
108283
108278
108288
108287
108288
108295
108296
108300
108305
108306
108305
108306
108366
108314
108315
108395
108392
108414
108913
108911
108928
109035
109052
109074
109081
109131
109107
109106
109079
109085
109029
108993
109004
109046
108994
109002
108998
109003
108978
108966
108973
108978
108981
108974
108988
108983
108989
108981
108895
108890
108927
108922
108929
108928
108936
108934
108936
108933
108952
108942
108949
108945
108941
108983
108990
108931
108922
108917
108918
108877
108878
108870
108884
108859
108856
108853
108858
108854
108834
108831
108832
108829
108830
108815
108814
108812
108816
108811
108786
108781
108792
108738
108741
108716
108727
108729
108730
108733
108743
108737
108740
108737
108744
108730
108728
108764
108771
108767
108767
108761
108757
108748
108748
108718
108721
108717
108720
108685
108681
108682
108692
108646
108637
108625
108653
108626
108622
108617
108609
108589
108593
108589
108589
108570
108538
108541
108539
108549
108436
108436
108435
108433
108432
108427
108423
108419
108421
108417
108424
108423
108432
108425
108428
108420
108429
108428
108432
108430
108435
108428
108428
108429
108431
108429
108425
108420
108417
108418
108438
108431
108436
108439
108448
108451
108453
108455
108459
108449
108458
108459
108477
108470
108491
108562
108574
108582
108586
108639
108640
108643
108647
108647
108656
108619
108616
108623
108664
108667
108844
108847
108848
108845
108847
108839
108815
184241
575708
572086
516435
490845
478400
477017
495440
488675
438222
427046
415184
404089
399831
396665
398007
393047
390947
388646
386460
387799
397882
396666
397056
389568
384405
382358
381614
379306
379543
378954
386940
382236
385358
392054
388016
391767
388423
394860
388941
394879
393042
388332
390513
394448
389645
393003
390572
398408
392541
393838
392508
395836
397873
394191
394053
464111
502309
448765
427221
424319
421011
425949
420713
421870
428527
425652
430161
434709
429962
435170
433285
433166
435718
437370
435279
436365
436594
438162
436950
435805
443251
534470
473656
113650
113386
113208
112153
111987
112059
113563
114320
114020
113626
113503
113237
113109
112769
112723
112615
112571
108699
96902
96862
96581
119282
151360
158108
160913
164191
164599
160470
159796
161494
153731
158635
149883
152624
155154
151059
146497
147668
148440
149809
130700
138789
137018
140044
131706
130277
131232
133696
132663
123417
129388
129324
123289
110686
121716
125664
125414
121681
121602
117795
120395
121781
117689
120077
118838
118258
114113
118797
116939
114944
118755
114284
100330
98722
98614
98630
98628
98627
98648
98635
98646
98636
98665
98667
98699
98701
98718
98723
98727
98750
98744
98754
98760
98840
98905
98995
99007
99040
99113
99125
99116
99111
99118
99118
99241
99224
99238
99213
99264
99250
99255
99284
99301
99303
99301
99288
99231
99234
99234
99183
99173
99180
99179
99180
99174
99175
99215
99224
99222
99261
99258
99272
99280
99285
99353
99363
99366
99407
99419
99325
99356
99326
99317
99292
99287
99194
99154
99125
99097
98979
98959
98929
98926
98961
98925
98924
98916
98912
98885
98865
98814
98794
98762
98730
98591
98567
98547
98534
98523
98508
98502
98493
98486
98484
98482
98479
98477
98478
98476
97959
97929
97929
97916
97928
97922
97920
97922
97925
97921
97915
97925
97919
97922
97921
97966
97964
97960
97966
97980
97993
98003
98030
98041
98047
98065
98075
98087
98108
98114
98156
98165
98183
98192
98232
98248
98254
98266
98268
98283
98284
98290
98293
98309
98328
98391
98412
98433
98481
98565
98663
98830
98924
98981
98987
98987
98948
98951
98950
98945
99078
99067
99082
99087
99117
99162
99170
99170
99161
99161
99157
99204
99203
99245
99236
99156
99151
99153
99153
99161
99156
99158
99178
99182
99173
99209
99209
99335
99391
99451
