57506
215089
53073
87490
690351
1461449
1468967
1062608
1115386
812727
529436
781465
820506
1023313
1134116
1064801
876083
918826
860650
731028
755914
826116
1122473
983150
785694
792039
838824
827218
952866
710128
450323
811888
790694
761513
923867
1014043
973409
702681
783476
1031306
1125349
709178
977025
740389
934388
990295
910383
812583
906028
755566
715356
636185
733118
754198
805526
781463
713362
778651
809912
1164179
840508
730739
761686
860416
1025513
892080
236076
146824
114391
110533
244209
116793
104618
314424
304988
144408
115018
94255
77265
56675
46910
75054
287448
1187308
1223809
1102261
721317
738690
738249
775042
517051
587044
854218
535515
585423
600514
703615
660662
657830
620134
539037
645190
725697
1237574
974493
692051
709318
705912
619583
671001
603293
752071
934084
937295
882779
630216
200586
109403
82867
851469
105599
226951
163847
305262
559928
552421
724673
1003420
1785345
2592205
1733698
1934303
2477697
1548426
1367645
2408251
1348201
306253
238897
424404
97418
346455
124292
76063
310782
331936
316118
375024
1552825
1107950
680837
1117110
1072648
1041835
1020634
897568
821558
975482
1036789
1068430
1088075
1072851
1035678
813355
746724
1027298
1135399
1113774
804652
922812
966967
738132
748723
850525
954118
975325
929144
1034384
763754
1591595
639573
1456411
1600247
1340546
1074565
1080844
1172390
1332998
1050182
544565
816765
741389
506901
1266504
911257
875407
1127054
1043426
1856898
1170581
1123754
1379812
841433
911444
567586
556681
1595721
1117958
1135998
1335045
1176952
1609224
1556908
910821
890731
718621
840235
664182
822421
844002
646529
767662
1212580
1144546
1287323
972741
1283142
819469
848590
1065547
1000759
1294952
716013
865371
1036858
1021043
662456
1389948
940427
1411463
1257834
988836
1252285
604439
1751288
1378312
150174
99258
74481
65654
54146
63849
995031
1404585
1026452
1396091
1228121
1221667
1403997
1533241
1254745
1187417
1545953
1360826
1653531
1312913
180588
1059092
1093161
1266565
963738
841991
839614
1137756
974346
378483
709370
426383
1090171
1078281
1152676
1005209
929856
727824
286083
75104
33684
21346
28916
159742
106776
32698
14932
8773
28528
119108
81370
24379
25970
698930
122293
68178
23413
13607
30230
34369
119335
86971
27660
12148
8941
23779
109737
72141
214219
58348
38264
142775
97931
36427
18816
11936
25156
118984
87007
26297
18879
11501
26493
283002
97987
36362
21858
31107
157461
91946
25652
16053
10502
27567
109715
80029
25400
26904
184966
67872
143680
95901
32040
15847
26945
120929
98205
31592
19170
9859
21610
110898
98608
702959
45598
9327
20720
141695
124290
46798
21240
28933
126332
80308
25119
11921
8007
32956
302750
86540
35489
16714
12647
24061
133258
93771
35231
17028
28065
118729
82311
29551
32361
171909
63666
147931
101664
26651
17417
27437
116027
90838
30537
15119
14655
24317
103868
85150
200273
57081
24842
24295
143893
91354
34458
18324
28471
123093
88156
32199
16288
13167
28762
752890
75252
20882
13129
7525
37441
147760
91429
23475
14200
25906
113509
80757
29500
27664
164418
60351
131543
91647
29341
13364
7481
19796
109736
70957
20043
13455
9858
56460
19117
757358
54754
15405
29025
160359
100058
29107
16206
10002
25529
119678
94744
27127
17027
41597
314101
96331
35781
22086
16716
29022
160364
102339
33760
20948
14729
24410
127437
84072
45719
202717
58498
166427
105524
34233
43006
34947
40056
137623
101516
32332
18243
28379
119439
100228
250886
58445
24255
34386
156616
93301
28397
17068
15919
27545
115077
94762
27002
13910
36476
734531
74835
20283
10143
5662
20617
146156
93549
28951
19004
10876
24149
110063
78298
44970
188830
69089
164012
119549
47610
29575
24015
37885
129876
85593
29979
15769
11309
28985
132339
261058
63021
27716
32392
144611
139846
56746
22334
16098
29704
124124
103931
36156
20754
24527
173905
127413
110315
33495
20097
29072
116959
79900
32963
18131
15285
28435
104612
85150
41013
698860
57811
150462
100893
29853
19795
10142
27503
116198
85154
25194
9846
8437
25343
106676
236871
57490
20210
29601
300542
93656
32300
14063
10224
29456
504115
98400
31920
11948
22135
214804
505710
114040
37464
18628
42281
473283
105585
30218
13515
11792
25535
441405
114638
52640
334429
69121
40465
409611
128960
36924
15000
37831
270036
121639
38304
19286
17143
34076
105135
789897
46981
10216
6041
17605
121494
71260
21168
25601
58312
307540
453165
762529
836994
759531
756993
143295
115747
95885
119817
430933
422645
441877
614541
612587
410760
334873
290757
315690
341250
589098
345265
443166
363892
359310
289247
501102
395885
317706
345104
393323
384353
357793
347105
614439
653787
199079
156727
238355
411642
375261
640975
336922
298321
208682
309626
324328
118623
262834
259902
756782
82780
85202
70115
68538
69014
61300
59812
72177
312098
678581
290279
288833
289197
287294
414621
293195
296117
301221
290272
232187
80338
601464
318340
360949
335638
331934
189089
875537
516487
730059
348546
111638
84978
74946
1494472
1476604
1003516
1068096
988656
879753
887538
864419
876049
716754
851117
713180
722367
738149
498558
604121
533006
565176
491721
470240
394738
559748
518929
517802
570730
1219306
513963
504778
849069
784769
722600
831687
716997
661068
467570
684205
634867
616727
616468
588957
734640
593314
494792
560724
602925
681670
782915
599954
997234
955706
1109722
1021926
740563
750441
703416
795883
714134
770328
736033
740534
790260
538641
850722
897896
826445
563237
684091
1049387
1486271
1145528
972955
636448
827783
898709
851487
1005715
999180
858857
739696
860292
754650
782834
872270
740393
867052
1387845
746051
867565
776447
905396
764392
758731
693260
807720
590771
669338
743500
1217753
1149904
1022906
1262289
1366493
944136
678387
659773
860252
762813
945704
885484
734877
758693
953676
674270
702568
733698
823065
633496
820811
712314
927857
1156866
839222
705207
748700
973383
681200
739643
1132095
943790
1185045
1368836
140721
74957
34136
33101
200773
124158
37383
41061
152331
97876
32063
25820
114656
97905
908975
64524
163091
93714
23508
30745
122413
93513
26238
14754
24067
104872
70009
26471
35505
257676
76237
28727
29366
119227
82967
19097
20419
92254
75432
23119
13653
67912
36687
8371
908420
74915
154975
111816
36992
70753
155541
103858
37271
38710
129875
104869
28775
33780
154359
385811
100625
67495
191485
122352
44884
47504
154374
118803
38268
27772
42463
144919
105450
66707
286710
168947
112550
48689
48768
146150
96104
35091
50616
128489
107655
36926
40094
124220
117088
273273
64672
44588
154305
112383
39480
39534
133159
102737
29422
35115
118560
91244
25462
39612
891813
85903
24103
36303
159512
130561
60778
40250
126633
109260
38634
23589
36776
120601
122051
286302
74806
192991
127878
39190
40920
130815
108804
36576
37062
123577
93254
35484
36101
130544
293342
71693
25738
29986
148724
92000
21923
25532
98573
60325
36423
801908
1062574
867452
888323
1096139
962448
882863
982379
915927
854202
813342
765544
759212
792903
745032
859922
788731
810635
1004353
1260752
542437
523140
523029
516620
471265
477521
492884
499298
472344
475740
525586
503665
520460
485290
626310
511515
506132
466023
471275
480561
496824
539249
612629
497169
508759
506576
640155
570082
649864
888480
656948
526663
482798
683240
636808
467990
466708
504087
471296
465079
559575
606421
482473
436905
644983
513359
501331
543309
337543
670069
682651
632002
586311
605835
595330
612048
424844
571493
693711
1275952
470474
679681
590774
621187
623070
808634
707154
907267
716828
1133643
787725
967137
853796
897081
1378873
284889
222337
213546
161993
69899
41406
32819
29501
25255
25167
22160
39591
150339
155962
405710
105845
46705
36919
31100
23306
18772
41136
190691
136537
57984
31649
24032
20147
44073
246793
91775
212394
137179
62031
42324
28676
24623
23046
20199
20621
46276
162963
123984
75533
983885
73101
23476
21433
16401
61934
202337
119595
42199
27403
17773
14658
12972
12269
36379
260445
192160
150541
55125
42555
29143
26290
23130
18336
47720
163687
125313
49497
24294
59116
291700
76442
37311
29754
47933
209923
130732
44787
27810
24162
20843
22417
20131
33902
161042
351661
96756
50527
34043
24735
19222
16930
13602
34829
188620
138517
45744
33102
25551
44920
928670
67982
37631
188358
134137
78349
59029
29478
24725
22915
17852
20148
36652
144282
127620
315749
88327
44421
30564
22932
19116
46535
177965
142830
50129
31681
31030
26087
24407
41422
222996
73265
187691
134310
52359
36047
26011
21148
20662
21173
12778
33991
147711
120789
65399
273214
82936
39733
28662
27730
49330
190872
136728
53455
29868
26072
22068
14188
12637
32563
907785
167638
110918
43673
25782
57486
46231
21881
20849
39814
154905
112061
40355
28248
48287
284286
82830
40416
26653
40613
197022
140185
45843
34854
30588
27651
29520
24457
40885
157991
329272
89415
43615
31598
21892
16905
15196
12365
34352
201675
141985
53047
36846
25269
44986
238837
78265
61428
215643
144584
50866
33145
28330
24797
21255
19009
21478
40377
146258
143658
970578
71029
22991
12905
9982
41073
44658
185241
122137
48698
30928
24400
17575
14719
31875
202129
64206
173468
130880
47345
25495
17629
13760
13058
7765
15764
90197
62616
13598
12240
991492
90300
30619
14822
20051
40042
193022
130380
35714
25988
15379
26261
29357
17278
38976
259696
193751
129565
47058
32899
32916
26205
20179
17877
46171
166246
121840
46197
23571
52739
486148
104257
54931
43945
67137
266960
189131
70711
58976
59385
40917
35043
40809
60410
226753
503152
91539
47127
28499
30212
30138
23161
18175
49157
244074
174093
49093
34769
24224
58404
903522
89089
46544
242061
158913
49364
19829
17917
23131
17836
14907
17156
45291
172166
157651
418349
97423
42762
33068
32213
34881
54396
188706
138523
43983
34951
25518
27486
22989
50939
264756
78596
236229
150854
49071
89888
79669
33934
32631
28123
50510
180547
123055
57188
70507
385231
107836
48339
33781
21868
48106
213538
128381
40084
35527
31148
29259
25767
31668
48160
903904
195536
110689
33871
18754
10235
9163
10029
9512
31064
162984
126548
34970
25818
59108
328032
83014
35113
35082
47438
202523
137388
44511
31563
32736
21558
20017
14683
39617
170185
394807
94217
39788
24032
35527
71063
56814
26132
42824
184858
128578
60791
40152
32136
55979
319782
90122
62414
198403
138579
56287
44414
29969
33523
32218
24568
26923
48231
155605
142341
924932
83399
27484
12788
14957
13929
39452
189078
121103
34942
16056
22878
19936
10772
33613
250476
81309
192079
133142
52341
32240
25312
24087
39519
29602
41936
163173
134327
39235
61269
316905
78402
38158
31598
25729
82097
223767
136813
55530
43239
30873
19516
18471
15470
61606
449093
126341
46369
28227
18100
30166
23787
20376
31579
48917
229218
149110
50450
37350
60808
917852
86681
17376
19496
43173
203726
124375
42806
34437
27234
19339
10376
14841
36814
161001
382013
89370
37190
31660
23625
21833
22354
20880
37883
186627
130909
46225
28040
17878
48287
279758
89157
56245
188172
145816
83006
64987
61398
29903
22949
16612
13203
41794
159249
139686
368879
92516
46304
30509
23756
28271
51789
185547
138432
50021
23924
23283
19748
24083
42646
899928
92484
180302
128158
41823
20107
29310
22229
19112
14650
36359
145808
114335
39739
58494
299877
97359
43435
29912
28771
55885
198417
135729
48508
32308
35474
24821
28098
23919
47660
399833
114963
48277
36222
29289
51639
39052
38372
161901
167555
90578
108593
115356
131816
88685
293624
127495
80001
113834
122654
135718
75855
92267
118510
61368
87622
656079
842202
97945
830974
1269488
91839
976407
1050320
1105409
191295
1056847
1111374
185123
1081413
1079664
1072994
212291
1016956
1042468
508633
1012663
969187
986669
197843
908268
942719
176743
910816
972709
1023610
173581
947738
941676
970170
490175
1013789
1028665
189562
963682
967846
1013944
190055
902084
864243
159081
783231
694384
699326
171009
921359
605196
182268
163564
182370
174427
102699
402030
437884
102148
576086
868002
938046
172701
935780
1231301
92772
714959
224433
195835
107446
138601
154905
93341
107572
423506
143583
87233
101740
141467
358265
150236
147885
129541
66440
85225
85376
109681
52688
78708
107163
56632
507165
607644
526723
1110392
515887
589627
95194
739392
605583
149488
97106
88489
113728
73777
78009
85916
93273
57139
329391
118211
87778
95500
422887
525005
120508
540769
511052
140250
472124
297670
607148
111092
94367
597642
101315
127020
124016
123523
81877
330284
513796
102298
211966
198567
156593
89454
105447
138295
380286
140757
121564
136535
69027
89426
113028
61326
74302
87000
100207
58531
82868
109129
62732
1050506
92842
122183
57972
77753
129804
68659
81882
89430
101892
55583
78211
97250
53081
60155
210823
102643
66353
92584
97800
63765
75143
87018
88768
72517
75632
90416
70012
66586
75293
238820
64437
98367
97327
101078
58057
73348
99036
52674
243978
479173
501302
84880
369185
247650
279026
162079
144935
213792
78944
210075
222352
65079
118496
109065
103825
59030
74147
102798
59142
1010896
87923
99596
56224
75273
116961
54749
67856
87505
86510
55030
71439
104933
57066
80295
204229
100301
58871
76442
86926
105953
62889
102452
133000
56668
110139
167567
191553
59154
190490
455931
78945
285507
401185
340932
111494
302263
258387
113407
355631
454211
476786
129198
562298
739101
322222
743799
785882
686434
160250
450875
334517
111505
255686
490546
868726
108738
634578
427981
128337
1386173
864416
842381
129010
679864
746698
119543
448052
621575
577492
107558
588805
805426
633191
103986
861512
712708
113463
505035
790988
613917
106819
842460
760962
122219
721274
862221
938721
120499
952296
1035988
115965
808101
899997
863523
108065
867499
791933
125832
825665
824938
790948
110161
795077
877601
246642
2556235
966914
929323
139483
915889
994907
143358
944530
962620
967387
119799
947591
957956
143126
1318893
640097
644419
107681
676959
698106
118197
677153
674539
595606
118505
744521
714813
151428
728774
985243
771905
144108
718515
663058
141468
551576
375309
178866
99685
489402
371172
103425
302838
534180
888334
103279
471009
658776
98027
597692
724319
681650
93855
684919
618864
103474
733062
429901
603049
368356
713838
605275
729514
136457
686324
812101
111721
953263
1154206
1250634
136222
1188405
1167316
119393
1619395
918897
692640
91657
580751
312267
133678
625370
668584
766342
146768
256618
188272
110172
130186
448800
175895
92061
110499
166723
90372
126724
116755
124405
82782
87459
113857
67418
80596
95153
303658
98618
115623
137990
74589
75043
111249
457315
878436
601058
513784
1395106
486230
443174
469231
665866
548352
577851
505436
528998
510827
410334
502051
440860
461236
449075
476545
401946
403626
455447
1230072
340448
358326
330358
344313
331629
330764
335545
272386
272499
226073
203941
228077
159978
220144
328318
206959
226781
239547
167391
174808
171533
198359
139956
97226
100875
108777
293883
229850
142362
345461
133960
130245
108065
94362
97505
93842
83376
93009
84705
87072
79238
84689
90082
78431
470363
800818
120300
230677
990266
818650
731772
670091
663059
678055
690560
722540
637931
589652
652497
1476713
618172
569169
499829
526004
569545
634708
709150
621652
626867
757134
559707
535981
555991
538354
769441
593735
248571
142592
110674
110129
86818
78154
70585
66978
79647
654261
832537
573079
439016
1302457
473183
629683
570525
250718
146509
247725
360620
288018
583705
772593
725268
632637
638409
587195
808331
520328
490422
615285
510661
570272
614841
479646
485577
530422
452298
408777
483159
260350
172725
435054
816329
879945
733502
657754
594341
571978
554243
531926
600336
582442
424990
574592
560933
520706
719046
404138
557018
421559
619745
619288
513937
426731
341086
163042
142113
137757
329503
268108
144317
1048194
198877
171023
129077
132494
282253
213206
179179
153834
123397
117039
119760
102561
98016
113102
311914
144488
128697
106537
103636
109269
96755
93969
99863
98660
87241
102054
85353
94275
91613
233197
122327
120498
108451
107219
103624
99976
98429
98264
87396
80196
144134
228404
168115
153428
427119
318221
210619
203918
157340
136644
122908
105182
102039
88207
95780
87408
92457
81662
90176
1019030
108768
99446
104344
101991
92364
95526
100930
81480
86141
86199
91260
79824
73531
79582
218938
108535
108300
89843
91531
99187
87840
90854
79238
85553
72936
93147
84805
82898
80777
224725
100168
104868
91360
94894
111374
100481
125810
98580
100548
86621
84257
91290
75116
89841
204067
106662
105100
93399
84592
87909
83943
94570
86080
86049
75213
81287
90355
72337
82486
1012013
101344
96832
98607
86774
83217
79222
73799
75437
79900
68526
77661
70417
66008
70822
152344
426746
280617
473176
487317
319282
168623
248548
677750
656770
666453
567255
530457
508858
487437
648803
552795
534099
552266
520464
480145
490899
479990
407182
455449
481163
476324
455758
391749
500920
562432
383122
390638
311870
320534
625329
630545
639005
535714
542580
535332
506163
550728
570472
513868
1277304
444866
429446
479913
372674
453323
426638
478662
413317
513461
564774
418909
317478
264920
357679
440724
156769
92455
97979
559535
642990
585880
524076
625042
579634
535492
516895
499496
153119
186938
323446
429672
854646
748025
646270
583728
585922
536952
565953
535724
531850
466584
559688
531348
550860
861319
594414
495289
534480
447014
469796
524595
387751
484884
456109
398926
509259
474471
409191
472218
1311057
466434
523984
509160
527981
499467
416937
475255
402679
496315
523908
510919
513352
392323
419181
520524
389952
338395
409467
388524
359163
371269
373890
317215
341969
338098
344484
336818
318299
342463
446438
328000
331658
314379
355189
332074
241093
314810
338855
312398
317744
297733
312376
331969
300711
345254
260201
209633
224894
348545
667365
648095
578843
462464
507917
476457
546554
521627
488924
441496
1396262
548169
538335
423835
485416
516127
458962
462052
473403
546514
558781
551569
580871
617503
569729
814780
601652
478466
479036
413991
359722
294646
298318
235618
188553
212067
223748
240634
241387
231427
388556
301135
403966
473058
469405
441812
449883
319875
345469
324406
325473
267809
404773
427110
467266
551482
438636
440935
432637
395338
368409
380307
349952
351939
375556
365801
373306
372608
348467
314591
1252053
306292
374822
375414
385177
354266
370099
352955
300527
335441
325612
348882
340047
329571
331496
435989
346093
337424
377238
318080
269492
318493
303304
253155
211840
240233
236801
227592
205333
177844
1200271
269911
283486
276572
249196
235966
233193
241226
261843
241600
246056
240308
221384
201280
225160
373882
238596
216939
237632
209810
209631
212656
204831
229325
192530
210997
211754
158857
110284
102869
270773
116744
112534
108614
165566
209759
173662
176956
196465
154853
155761
103894
98668
111633
137446
314658
106805
105379
116064
113205
100074
92980
102004
104933
98089
95116
93088
103873
87846
91602
1091646
112270
113002
102789
82198
99091
162366
277059
286524
674881
327758
666226
332411
311230
204201
475713
158397
155862
141850
121221
107729
97155
102434
95899
105302
102013
104298
94227
87895
89740
246121
103943
119224
109376
106223
96193
106384
86329
91771
83109
87392
90993
99096
86542
110899
262018
72492
158472
100191
41311
140021
99068
51682
134168
95829
44876
116842
88013
47310
136937
1136147
68688
165037
104858
44608
145535
110633
46049
133239
93791
38214
114614
84007
36023
131811
281474
71096
165835
105331
53964
121155
96802
47683
140770
98211
48291
113262
83750
38153
117942
268483
73186
144912
111434
46802
141111
87055
45581
121154
93831
43830
127138
96001
32750
108742
249089
69923
148208
98829
46767
122085
102392
48742
114272
96554
37498
117527
81676
43256
105072
1113016
64223
144232
100563
45119
130955
98138
46624
126445
102311
40820
127755
73998
37610
111775
247786
71224
155006
98594
49286
126060
96652
42557
631249
114697
55607
558237
136087
55749
133138
400553
93701
141793
121615
53819
143525
109168
41754
126764
97621
49574
116418
87173
41239
115561
251883
78645
141835
89627
45795
132636
99308
39619
113521
94662
37587
565535
86691
40144
564499
1179417
68846
411986
106222
43295
649220
107770
46874
729617
95120
46371
794703
91110
783968
1061101
992623
1092301
643100
163813
474389
650613
513331
470126
480716
441542
433754
468582
481266
459322
441032
692876
487652
446166
392523
407074
394685
440286
394702
377225
392827
362230
386186
340588
348816
309540
467609
341335
341299
321541
287599
299024
291028
272861
263998
265126
288875
162596
188257
198383
192581
1219653
215089
202104
193085
203942
178930
171638
161845
154800
152951
122829
108664
108096
94635
58879
132915
1154214
1332823
1306103
1363882
1269939
1231645
1242155
1273803
790387
978832
360605
670685
355143
348339
613868
367185
294517
247743
263912
254070
242206
925530
278420
230109
134780
131375
120402
107617
111735
359289
147024
132615
121626
104085
112219
91305
105320
97434
101279
92811
70436
230819
663147
536847
1365286
417736
355930
376082
380115
434903
442801
525663
376731
347410
366812
293647
343444
357852
421585
526569
359111
345539
385979
327800
400548
374407
367722
382204
322251
350870
357153
362328
387603
442495
576567
350493
241653
251821
230583
254462
239404
226672
253276
236329
218355
172797
189665
193629
201875
321905
210195
182670
146553
82341
68187
105037
99146
149027
151303
175225
528889
999670
1171724
1871253
2172093
2141110
1818303
1412687
2434732
1907825
1015249
766366
603502
576815
466252
392982
403752
376338
509003
653237
375090
450089
385987
392224
347011
421890
368448
281677
281615
249076
276910
238298
209328
212592
1244407
287253
274191
263343
292351
311420
272541
250709
280312
276685
272286
316657
234657
240217
246714
523359
266384
268238
226423
215704
228358
199438
186161
204100
207872
195000
219101
163456
206306
170104
350966
245645
220239
183452
186723
189862
172181
214495
191103
140514
133323
115890
119113
107198
125814
358666
147910
130907
118678
121368
127316
129236
132649
140717
111033
102456
106603
95517
96889
104495
1061724
146109
125063
109985
101168
119210
108558
92809
97815
93902
92984
93805
84936
86105
93397
234064
102566
122647
104877
100723
96676
101407
85326
92323
87648
84687
85576
77141
65969
80394
188130
93445
100405
130345
117904
105968
914232
1171019
1114407
986171
145480
969502
1218098
1097603
1337926
1508142
1469222
1437918
1311882
1268813
1214981
1210901
945244
586850
181584
161151
134821
614052
855704
624008
1093718
597565
748138
185134
142260
133373
133128
124361
101959
110925
99677
88576
103830
103754
92551
409430
139689
130401
115946
101762
118742
105208
111486
102207
100356
103895
98819
106580
106543
90783
268155
106634
115748
102935
102098
106301
99736
81777
97369
96571
91792
93195
97004
83885
89724
253454
99178
120163
124101
105036
99305
94174
92680
93740
85682
88689
83506
83300
81491
83117
1004205
88856
106729
110285
92417
86064
82283
74541
81873
88396
87983
72968
68156
71277
60058
222970
760197
721089
754599
507145
434745
920574
887243
702894
546633
664621
914560
464553
138571
98809
295333
529784
988906
741745
629957
649974
599642
527502
576452
627147
578527
503188
661758
529536
679200
729565
614435
653184
577513
518805
604594
783284
639571
523615
580843
602348
608020
559625
573026
538982
1342942
483999
538660
591427
513475
480810
629092
1009930
504487
1101463
828757
250832
160550
122769
103027
326271
113681
119145
778964
791828
697965
633509
616798
560568
611603
687984
686820
643302
587480
460497
870940
799487
612286
506803
498208
493421
550132
581611
513095
609807
558094
512744
387424
550142
957663
948099
587974
324654
179175
157310
121166
116900
127295
130713
109796
110651
107610
98200
114908
100982
1039312
108923
121168
109973
94265
94800
97966
110854
98459
138498
114107
37077
23234
18494
42464
348389
105800
43210
24789
33771
163187
120647
36180
24762
16383
34779
133754
108304
30650
42009
185541
59773
165805
123244
39000
24233
37242
138014
103455
33409
16598
10629
29316
516970
132009
311920
67637
51033
50861
676147
138447
44729
20814
45436
546471
146482
44519
23397
15978
53755
1138069
101607
21980
7796
4545
20343
571547
140751
42950
25424
45452
378737
138872
37624
49910
354990
91195
504140
164583
56472
26530
48781
645719
160827
53859
22168
17878
49242
415769
182424
493461
107407
46549
49936
226057
167798
61030
32592
49523
154150
118595
43809
21630
15121
62221
435419
142741
83646
55377
26974
36505
187560
125467
38815
24940
39574
139398
105555
32484
45788
1022202
79699
161656
123711
34163
18004
11459
33652
135869
101628
25413
14331
26094
121756
115327
195589
45750
19522
30556
145950
96319
26041
9921
5429
17119
89645
71846
17136
1700
5952
1080998
73519
13926
5542
4086
13788
160057
106199
23695
14542
13689
26382
108026
88909
45668
192671
60069
191047
129834
38919
16147
10500
32849
137292
105737
31232
16633
14620
29262
128765
292962
67967
28032
39884
165413
115091
32574
16250
14896
34355
123242
102066
28109
14508
32092
149513
147747
112846
32265
18818
29778
117116
95546
32484
17154
16240
24141
107130
79207
51009
1022521
64792
139945
102092
24915
12080
8217
25037
125612
93290
29144
16656
15596
25856
116554
250674
54800
41479
45433
149370
114537
33628
20059
16283
33860
128972
100313
34867
17113
34873
154892
124878
101452
36359
20034
34244
119039
90066
29616
15679
10923
23243
94017
82368
44667
162195
45418
36456
136316
95704
23213
9810
25026
105972
82501
24167
16292
7524
18078
90684
1102964
48215
5436
9566
82051
336899
1492164
1542262
1031816
1244747
1118356
1068970
1147320
963313
689073
912227
672078
1074822
1129806
1299750
823712
1032957
1095941
986446
1128990
923127
1020789
874772
1155488
822863
1289593
1244681
1122738
1117181
1109362
851002
723599
802128
711518
928081
877975
1188922
965283
849998
998113
1071087
837373
1188187
1107990
1146002
1018753
846880
1011204
1014425
870567
724201
1078877
828098
860323
752583
1722840
741393
549261
808912
693793
923563
1740037
1701409
1029212
214283
178621
153959
127835
108030
114336
274182
108356
81410
84680
982167
1116788
1093469
561555
574205
661131
536015
508945
564296
549393
640709
1022080
781995
925123
844608
757115
618941
643193
681349
619876
539093
562768
593981
654115
695336
724869
765402
639906
646815
646058
364227
444761
581893
531312
500855
551654
639731
670580
473734
620337
502552
1503593
477218
502838
435396
522944
600376
562066
420533
506694
559162
832308
958297
985146
950336
964690
1091338
885357
1054350
929504
712416
471621
391876
379214
806899
1146396
748568
457770
420144
410645
499953
531462
449581
742040
1002963
1051678
687906
519551
503635
538382
561423
485363
556542
639986
665147
557405
684831
698283
461947
610211
533691
673003
681421
588812
676146
526442
678570
530921
583119
671344
739807
1478653
740054
628649
710391
632973
616664
524223
679494
698833
608143
518024
614666
630095
1061850
948163
577994
839623
571088
165746
130413
105882
96218
104814
133144
99120
103392
79332
74751
69846
66600
177622
72366
68682
78982
1216068
538119
559118
560752
1049467
678503
452299
403634
420857
459456
311424
609107
447599
396092
548761
522315
371970
469006
358364
341226
418816
346270
431818
390763
453395
522363
1606344
551580
263185
172663
86961
54352
113495
83661
38388
94842
71555
30739
90161
90934
54236
293604
83619
45634
116266
86310
43143
101488
77066
48051
101163
81795
34398
106755
59102
36945
258446
92243
45864
117288
85852
47943
106661
70690
36754
101143
80875
30088
90154
67673
38530
237324
77503
41277
126778
92536
46158
111467
79435
36700
96374
72998
35437
90917
60598
28392
1155391
50654
20358
96360
79543
36135
106477
65861
28947
91589
62321
35491
75651
65929
37645
191199
60255
35165
86114
75191
34536
73259
50779
20205
60210
25016
11847
34104
16833
4621
1160826
51946
23934
149379
74162
39119
121066
81727
41884
101467
81738
41118
85713
56278
90945
239967
60260
122871
82257
33602
110034
76217
37269
105862
76351
51610
92142
87440
34261
112455
264601
69590
134779
95528
41094
98286
79317
43702
99987
77498
38946
101196
77354
51827
102698
214162
60619
129167
97547
44782
104556
79206
40502
98303
67634
36925
95346
58571
26714
79320
1161279
58784
78056
92904
75665
89565
537303
546249
544445
438598
437167
512374
493351
368702
321951
941123
498013
516042
762826
898786
622880
514166
373135
1008440
547226
437886
569274
903304
398042
320456
568948
282741
437628
329122
360392
308179
438552
443863
404285
205578
111163
101812
85317
74388
81145
218659
84291
82044
64533
78060
720228
736915
656253
583632
418110
742293
712382
140322
77511
57233
1393721
836095
741587
616402
551887
521142
539629
498290
516178
570879
569338
561286
530790
469590
511705
673156
569141
426150
494616
495597
578000
550125
584414
660376
606016
528773
508080
541026
431966
387142
616705
513355
542807
486234
460293
433865
425419
438532
434690
470386
430154
441353
446085
435796
409790
631561
422054
456795
411821
452196
537085
477827
547474
575284
583940
537211
446361
426218
404316
509542
1470851
558566
573670
560434
542982
427971
450466
468580
457027
397590
356401
472371
404448
340402
535345
676432
628577
528094
589534
457085
472998
379609
699835
665259
613343
538633
511306
568561
499347
521893
684871
612392
672889
567019
520603
498679
563537
530523
547014
560194
534098
543763
521119
550488
370545
739804
595321
503170
551580
666896
719884
562849
546445
508893
523847
524827
546782
622768
472752
417458
1432206
417338
424711
426656
411036
425859
582588
838039
705957
740102
489474
396423
378147
404100
822012
837142
314350
163635
118685
108062
91026
80024
82886
83557
91729
197336
196694
108108
68224
66898
171834
82282
77258
74439
53703
61479
74544
525090
453441
475751
486721
346834
277102
302813
259271
389738
390619
320756
341831
364139
320566
351621
345407
277378
367043
269911
336554
310388
540526
504336
1319615
339301
323082
322683
350095
335292
322797
306315
318223
395786
396007
142794
982473
684767
192169
376421
127153
405026
343440
362782
133471
85232
381040
373235
412587
470952
393066
313960
326725
325536
524223
359890
331429
306765
354378
347149
322302
308561
305002
326277
373295
337378
316598
298595
347915
465848
374094
335995
305954
318649
308268
1199071
290375
300759
112989
88954
354092
334926
252497
316140
1443172
313572
344430
327084
283683
388678
386683
370475
402068
347327
296427
348242
313112
352121
229459
167366
69523
920340
1064865
819362
2552927
2704237
1897456
257514
136479
295199
396083
488100
394144
337724
508035
361332
355997
349666
293885
280772
296597
280185
284948
1202062
139652
836565
153748
79011
693960
465920
120621
313800
146991
59954
169511
92040
126935
89261
57419
119679
77664
39234
98093
86777
1189478
121403
66093
32678
111994
60918
88300
79431
40397
100524
66917
31378
83947
55592
30200
180330
58138
102728
65143
27543
88630
67358
36422
93032
58037
20753
55532
27441
30499
9151
1191070
178711
103219
48876
173845
121165
63742
170145
115336
55436
144805
101695
141178
105104
75244
500194
138267
58731
221227
148095
75038
191572
111169
155704
128263
61764
153974
116345
66236
179417
442696
97047
188778
143221
161440
128837
64034
174584
129972
54010
175773
108115
48369
138160
111713
428165
127821
54272
187873
140685
81586
169510
121669
63707
146406
100726
143143
97950
51689
148001
1129843
83033
189297
122611
57393
178788
109102
154029
122740
58253
146587
110376
48147
143784
126947
284856
179707
129362
56567
152647
107052
149934
109498
57140
135093
102996
46195
158888
112041
70715
361702
96570
147935
107881
55412
148114
101358
40353
132774
76228
104335
553505
566955
378546
295314
545282
308542
311559
306860
316966
288887
285954
292832
279077
271713
274255
174440
92892
97413
135348
1169024
76367
140920
172270
99103
114290
130663
148216
84693
110598
116099
134712
72918
96775
150458
294083
143590
142093
162117
85164
106675
136525
135645
82923
99165
135074
76473
107824
114580
125926
240116
120017
125014
157782
78947
106807
138724
75457
98171
101852
109186
68106
86315
97553
114847
200691
108541
125843
81829
93028
105043
123732
56529
87427
95723
85190
132955
172799
1092845
927213
1654982
617302
227963
209343
283742
325758
342161
284858
237379
215490
746076
946489
1013199
750741
843000
1040064
1007700
1149495
646077
603063
362631
226717
163642
146311
1590786
1845488
1810538
890628
231762
132760
572900
140521
334155
199867
77306
42606
35556
57007
199661
187708
71742
40763
28262
49666
189903
481701
124194
62639
37048
55173
217346
155198
61917
27272
19400
42704
164610
130751
51675
68942
1119322
86271
172790
120543
41720
22371
14251
36513
162497
123476
40303
21914
18042
32280
159025
364407
84021
37324
30759
37663
173433
135783
40085
17853
17540
70124
181473
128249
36858
60850
284690
91650
192952
149590
56961
39098
23448
49124
171004
127625
48528
30931
19511
37299
171990
355410
93414
45799
36237
48564
180809
135486
41609
30920
21512
42366
156394
117832
44296
59307
1078353
75211
177412
126232
41909
22245
16047
37798
148316
122284
36064
28953
24797
35372
148831
355809
78119
41366
27152
43598
187656
142682
46566
27240
26095
66498
168768
124305
36437
61118
260989
86402
195932
156916
58083
37547
21263
44706
142589
153980
49621
31293
23070
44582
165036
332220
93181
38342
31183
43012
179593
139883
39960
29458
24260
40439
175960
137901
46083
67715
1085882
81535
185605
133818
40048
24801
17446
41275
144571
134552
34353
19722
18179
35379
162081
374488
83319
43350
31433
53107
199641
134154
41726
24092
25942
68722
163888
120809
46136
57308
272529
81923
186772
143122
53188
29904
28002
48712
158490
134575
39167
21241
20315
43812
175042
353146
88662
40497
33538
47486
193882
146147
46316
25485
24656
45400
157771
109769
32893
49737
1093039
78248
175963
129090
42472
26361
19619
37321
144440
102740
35144
19362
13027
32966
133780
269682
70253
23143
14714
24141
112455
106168
107993
743368
693487
448445
656637
640233
404612
326215
1491410
490311
761403
851104
948231
675503
546437
609288
871796
771280
870692
663598
622708
511193
580347
872891
513915
532939
564199
715606
577721
538928
609366
555269
458210
511411
458993
468641
526790
532034
709553
202775
207756
175045
178138
170313
219273
294472
225601
191889
162197
164322
218919
157821
140220
433123
270751
178069
64185
43230
31744
60435
258799
151586
67266
83310
74376
66008
262881
198200
1135865
83980
51344
258072
173394
55363
31617
36631
60367
193024
145335
62922
30130
22216
69932
545397
154317
66450
44459
50728
269007
186521
63985
34242
28886
59425
199977
158652
52920
77699
313790
194953
161912
61784
34754
24458
54474
190910
143065
58222
31823
24633
54582
165391
153762
333139
88469
64050
214033
147246
49588
31874
20039
49538
166543
169665
71321
39611
50850
187656
1126207
87563
27160
17893
41613
194861
139768
46452
20641
20655
45125
153239
132935
49857
54319
298938
188588
151359
53017
42306
31536
44025
196735
153154
56741
28212
55794
152582
128616
90315
329718
81299
62124
190685
150637
55626
32215
26133
54707
174421
143195
47467
26781
50120
198795
422141
103699
42082
27386
57732
203499
160003
50595
36443
57528
183913
148503
45768
20688
70293
1069125
162213
118530
44870
27193
15054
44280
162827
126288
40809
27890
44962
149484
129923
75380
332567
88732
58901
200377
155560
54881
30031
29492
50394
173557
139399
47735
27008
58622
194791
381260
103723
53581
23782
48271
183404
156240
54476
30701
53711
172447
141674
49984
30276
56204
247781
192099
163345
56832
35391
28137
50578
189073
135975
55911
63270
80568
161222
132160
84126
1094875
69092
41762
174196
128757
41219
20559
41138
152901
119305
41479
35312
22189
46051
172267
393885
94323
49310
30626
47813
199018
147106
43428
26544
56139
161914
131041
51004
27967
60173
269585
175831
145125
61512
36378
57343
177929
142077
50379
30789
18435
37235
158189
126718
79656
293290
82580
59587
195858
161321
49926
27179
54526
153499
133566
82586
65013
36472
64249
191325
1127456
87412
25392
14558
39241
179984
137107
43044
19654
44841
187014
139583
43340
36164
66609
285485
178256
138301
52770
31371
51832
188390
137303
52173
27270
22969
51231
159329
118685
88918
309839
84024
64300
193915
143914
44493
33949
52881
167752
137637
46514
31684
24733
40746
185065
383047
94326
45019
49293
195787
140136
55649
33429
32025
51004
188399
138188
47218
21753
64724
1065673
177198
108759
43333
21652
35913
160450
122100
33635
21596
17449
38157
141302
117632
77518
307816
93501
205137
148586
54222
36985
27831
47091
170587
130128
48136
34981
24373
48900
175010
377407
100541
39690
49272
198048
156378
48716
28500
22548
48281
171310
129430
44487
30340
75811
409599
133631
64809
38195
32265
58403
186527
143494
43079
30713
60790
67223
167599
110310
71340
1093273
75545
176755
128672
38792
24105
21652
38280
146459
112993
36678
18576
20685
36832
144350
275893
63238
27209
35995
158259
105297
25413
11435
8044
20686
99306
57693
22025
3638
4399
1161533
98615
26564
17669
12481
33298
172113
124202
31849
19093
12694
32531
133171
109026
53668
227385
76186
184479
136651
45324
23146
15848
40824
152823
118739
83541
63016
50114
173421
168595
448761
88086
36754
53479
237610
161945
45281
25730
17222
46528
164820
124797
38244
21595
63530
390970
120553
48447
30120
29844
43057
166764
126694
41750
21923
43095
158155
112899
33548
47049
1101887
82556
187090
138605
40222
26012
18238
38990
157511
124300
34815
23315
45889
147383
130872
307842
77728
34028
46734
184717
134927
43361
23899
19595
40678
169975
124358
33975
19975
60461
365086
110988
42564
27300
18123
28862
167224
114047
37311
22617
35110
151684
105546
33207
45887
191629
74621
171014
121598
44021
22089
33278
146413
131895
36701
19377
16332
40875
131076
126546
1133529
70109
17309
30121
162900
122691
39892
26815
38867
143709
106402
36505
20501
12218
45706
364802
120056
49144
27449
16853
39859
180031
129965
44844
29475
59718
155026
113037
39858
55633
231248
73294
163643
128800
46224
28221
44719
146225
110105
39945
25020
17051
42078
141474
117335
250851
69243
30129
46212
165740
125918
39623
20203
39349
138988
102695
27486
16156
14435
44566
1171715
100674
22782
13189
26310
182323
123308
43884
23368
14965
35682
158092
103994
30469
44964
230974
73064
205919
149549
51323
32003
45219
146685
119446
38232
58935
42123
40528
142026
123534
272460
58178
52151
172934
134598
43112
20994
18232
40793
143046
100978
37804
17652
15808
51993
329520
105379
41416
26561
35190
163608
127253
40620
28184
18792
34483
142258
101733
29038
44793
1106264
71049
165861
121305
36704
24698
38269
143037
117642
34093
20490
16493
40377
137891
115691
251585
73204
48358
166608
127626
37999
27406
23788
41216
139211
138036
62566
27492
18850
48256
409465
120243
49562
26400
38225
200701
118014
45768
18838
15288
34401
180506
119394
34883
43186
221871
173241
117722
43547
27908
24117
43209
150866
116577
36230
24106
14229
38578
123517
128679
1124636
60118
32712
168212
115397
34361
15756
11933
32100
136679
103867
36298
23350
35795
149972
291021
71943
34280
21566
33414
161490
119635
33432
19546
15392
50181
135200
101918
24846
33136
180353
146824
97634
29100
15880
8477
16290
98699
959214
885376
517590
511574
541220
522212
580962
814954
416706
429556
484096
418480
486354
388885
405858
1051472
527483
462567
517290
545156
478349
513258
1490006
288840
367435
429860
828069
782271
672255
563152
580608
521217
1453302
732012
547770
557919
588268
963810
530831
583162
500783
546663
609103
589099
469236
521885
552448
604132
361959
506339
530014
504076
773722
382181
482492
535590
437726
497510
514512
569339
593733
497803
506499
427381
574816
1017170
1127306
795831
416126
588258
559972
406162
564906
449212
586338
484673
823009
819697
589206
458112
863667
884374
1422990
122543
112014
114344
118724
91911
79851
76445
56730
56547
81049
1674201
1587409
1524038
1320469
1150532
984112
1015616
955703
294919
554319
458033
314886
422342
366210
369381
348861
365659
322108
296731
1427919
302033
568781
433361
500294
515528
814839
417183
372177
444984
550468
195436
158534
100988
113496
283418
139689
640185
621246
542944
532224
383891
558626
515621
507746
537618
527688
586432
497609
358467
624698
427544
432289
394739
540455
319605
360572
291321
327755
344332
331597
379023
447340
425347
474702
374819
126767
123996
110410
95054
74870
68854
65643
597474
501384
407373
651604
133705
831092
1242466
1655036
465755
1102019
872003
1101854
983746
560329
519988
484167
474799
492226
531944
542770
523437
501241
330894
123039
94732
76584
60749
78498
1353109
808259
843183
738116
769137
818005
505819
565538
577827
879467
548644
510620
501760
1120083
496546
547890
599656
569516
603901
528626
448283
535343
560089
528149
692571
598899
551174
467818
449108
517840
390720
502038
438205
390684
474500
404868
485218
446176
633100
1596346
118733
108684
87803
70921
87238
253371
325410
265390
266211
315515
311482
297330
218849
271268
385435
290878
279432
298221
299703
295306
282985
253998
315032
180668
824421
1333200
301930
336654
1048994
893906
188106
135367
112584
94760
76121
77854
205399
219855
596663
683785
617612
597728
532599
488907
697472
614021
782094
486996
934145
478910
489886
368196
346328
358616
333678
316142
339047
338364
353079
1473261
343704
260265
309556
289176
337102
296680
311334
327090
739653
362912
334164
370955
349264
368473
572380
377861
395592
349016
286487
254471
266935
266033
270938
261711
246066
265421
284998
269177
263412
343564
316194
311702
321114
314617
749541
282443
248974
246015
254179
268033
266553
242865
190585
176512
351430
198430
318574
336335
271634
322978
329445
283439
255712
259073
156912
122475
429881
420652
382525
1477251
397311
302353
153500
133102
116685
103110
165487
93004
235930
262430
197603
323037
251941
218592
368173
241369
242351
268931
172248
365450
1263838
240263
154191
111030
108079
91622
82797
81752
183452
402481
225229
277089
279074
280006
277500
290300
216890
250143
234252
280633
269840
677600
254816
344006
504437
229019
201370
225517
183996
185932
169882
556661
200985
194081
167838
87611
214668
238230
201644
1420507
209730
680461
940190
582871
425797
225291
174933
135049
135647
137616
116553
117763
148386
176983
354709
175372
128961
137040
158452
218832
211237
183742
200141
149847
144122
132336
101127
96280
142325
342801
226051
190763
227012
1224350
1091064
180068
392507
882639
365282
169944
154376
168961
154266
273880
532013
183016
156359
164429
131844
124416
106829
114866
87036
99418
87606
231518
233688
105997
91433
1358038
82702
69835
79641
90890
542840
238877
228602
202706
192034
221834
236480
219602
198589
201360
336258
196438
163838
174131
163400
208117
168731
151776
126192
124398
105209
121159
136396
106015
91727
259197
94675
117496
1042430
144020
102569
1175925
1608797
1634338
1738070
1663605
1334483
1093664
192851
162832
441407
150066
123742
99691
113710
109010
94931
86084
161507
100185
90432
80799
65150
53373
51544
1422546
834307
916693
820946
827589
727162
665683
642586
661682
887309
472852
329524
350238
312786
123209
246910
88071
74659
84322
73224
86989
156158
189396
179067
125453
207499
154502
55984
48789
31774
1760628
1174236
797439
1236425
1463363
1650312
923728
146794
109133
212820
539272
1030971
683912
831663
501663
1164865
1035891
1121319
1081677
680116
673182
585547
634546
586655
473882
357279
300041
194727
311455
368013
824687
473759
700498
519729
623437
954222
1598631
240901
250559
156031
120370
84893
80796
60541
59913
195581
87401
101664
76914
65208
2158323
1482637
1294867
1177507
1427288
1097931
1853599
1741394
1162660
1568166
1931633
2582854
1071568
1205036
1346357
1260805
2088353
894879
952408
227063
215717
129320
137666
1101344
604244
1192994
1263995
1382345
978077
153906
99105
96831
74382
64388
1000279
1227941
1584475
1597987
1735168
1692693
1693047
1696170
1676645
1656628
1574250
1598220
1563364
1595782
1572249
1552970
1500411
1475571
1403369
1343653
1247582
1346564
1237623
1195699
1201617
1167804
1201040
1079378
732409
608031
239822
1116055
217559
148912
222933
280158
1286328
201380
149591
688423
353876
225175
681534
1106179
744673
1009017
1433029
1423944
1369444
1114844
1230700
1859166
1675748
957293
1027015
1420218
1417891
1528776
2604409
1786223
1856295
654079
254556
267368
201122
262258
603543
222195
194282
207649
190323
165271
148831
133455
129094
121317
115495
114990
113052
100051
103846
294347
147458
141511
136764
127457
119253
111396
114423
121517
124987
115555
96243
100737
100625
104299
1129493
102667
110704
108010
108693
101204
97359
93151
92720
94340
88005
86117
96600
86715
78993
219244
95830
95397
85485
95258
79518
80247
74436
73353
74625
72911
98313
865878
1157378
829535
1001163
624030
535271
613654
566196
778183
734814
675051
672448
577914
661492
749983
728602
993251
707157
871651
629231
758193
686153
681637
558391
541493
658099
1016588
848684
666708
542413
609451
461829
520864
1542681
690104
584459
428894
634587
515099
541534
497049
767524
616995
573004
524745
614962
486421
513996
727508
557473
544832
642489
955748
1113535
1069067
451063
198229
171688
124175
113297
99938
102599
97004
306807
126098
111829
107513
100742
98680
79973
77443
94169
542186
1001165
994338
889175
722962
567156
678819
500095
585906
559009
436006
559376
502805
411021
570522
545284
573851
594341
488732
512508
585183
1486798
501989
496448
339234
812288
794493
507932
549489
477204
498750
473550
511691
493584
416985
578202
669316
565766
529168
410313
459601
571872
443775
544154
657322
558649
477533
415668
502891
363982
411028
565795
398465
459551
384954
790532
666779
555006
481059
550391
480314
455239
421856
400634
453829
432803
557139
444254
494240
430116
493540
397483
471265
436802
330332
441557
454584
469224
444752
434660
356658
1487697
405212
623857
763208
929864
682216
243209
195650
177128
146875
144414
118082
109540
90567
104554
287098
117770
121809
136067
112301
103681
98135
109740
101661
91869
99246
88635
91050
90393
94858
247822
131828
114321
98918
110753
87911
88883
85646
79138
83189
77401
75820
79503
67833
70513
214329
94046
94913
91060
88113
87228
87443
96322
75373
76675
71172
72377
77075
69612
78551
1176265
83482
83878
102755
112034
107271
99815
86777
72174
85408
74470
83341
69655
52794
60119
171694
65289
68627
62988
60279
59494
50012
45766
43236
27843
14427
16853
15172
16978
9052
1227826
219305
207577
189276
189592
182325
185904
195741
200349
195587
197233
177270
185214
179681
201888
579007
222040
221268
202318
193210
201422
190527
192056
188089
190445
185679
186349
195234
170255
199859
481089
179831
195594
174037
175891
168794
152222
153963
147540
141050
142212
153837
153783
136899
143564
428689
171502
171591
162651
163809
157587
138571
157236
473669
287230
314324
348148
176321
157363
179135
1173113
136266
33910
46085
222270
167024
62532
38040
54224
214636
167491
66571
71273
195589
187536
448844
130547
244638
178751
70827
48006
66389
196716
170010
58460
63348
192154
152001
53100
69971
554842
173816
66253
34787
56939
231474
163164
59953
70813
200866
142904
90535
97418
177743
165624
410367
123634
219794
177520
77402
46874
67182
197118
154280
54682
56877
187602
147837
44691
78011
1173961
135813
39755
19934
34878
220442
159334
60686
58532
193231
150267
56181
56336
226987
200855
474718
120947
84922
259316
176353
58571
77649
215304
172536
57485
60946
234787
163839
55202
71015
351172
266105
167041
65410
76547
242336
161587
59724
65699
223406
157692
96797
91602
214207
190858
432283
111044
73094
275948
169383
68774
73312
228503
171621
55118
60447
230122
155818
53947
69430
1078531
233515
130477
50060
52632
221469
141559
53068
61329
214097
148617
57388
24128
44061
221204
489546
112583
84597
302360
199965
71983
77723
256707
169840
68702
72562
217380
160770
55571
82282
379565
230554
172336
71782
64900
196796
167031
65064
69397
205241
171474
90905
61176
59469
213587
502636
125454
86258
237600
179267
64004
77234
193775
164288
56561
41575
68544
179199
129722
84382
1072142
199293
123393
50671
51287
182354
145468
59681
29431
53780
179664
151534
46864
51089
190305
483187
114293
82086
241336
175867
68667
65815
221849
175605
59317
37496
62321
177448
139870
103020
366845
207107
165978
68951
66637
202731
165068
73700
44462
62487
184699
185300
80053
61349
206723
494226
117274
84342
228755
169010
64549
39744
56648
196936
157808
60391
55291
181698
131585
91151
1084328
307089
151355
50682
60770
308795
173626
68271
29987
49101
273411
176659
52820
55613
268573
551538
125726
83798
281113
191421
63061
41768
59073
225548
172378
63619
64038
210335
168197
114611
408151
247087
164634
70450
39340
59939
212006
177557
66285
62827
195717
175710
86219
69901
203198
508205
126754
55520
58371
229296
174543
63061
60914
196595
158963
60645
60007
166146
133916
93639
1075944
206298
140241
47280
24439
50214
184945
134884
42625
52503
191902
141634
45505
48438
194488
480048
113746
48351
62736
238395
169174
69242
63285
195059
140713
57023
53797
183768
147545
92587
380497
105802
263515
209080
72056
70321
196924
159270
59136
63266
189780
180185
86723
60139
196595
486521
110917
51775
56170
224330
169319
58474
60605
191904
143720
52985
58766
167093
122499
78057
1105925
103697
197190
138409
41167
48645
168143
131542
42126
56176
165770
132732
39045
21944
49051
411790
121252
41557
35589
182093
118908
32617
33006
130458
81187
23196
9930
14102
41736
22168
1183127
86255
198356
146301
47794
49667
205688
169141
53724
58245
187290
176270
89888
35449
64971
545476
158907
61462
58380
218866
168437
59538
61222
188832
146858
59966
35383
47969
169386
151851
337174
104929
208306
150889
49270
50090
176025
136500
43276
29391
39682
149034
114851
37256
56073
399299
124917
41976
40117
182285
132072
40294
40030
153690
111838
32915
40058
107748
111676
103791
1188420
135280
107117
103872
121580
174486
125718
120899
122396
936142
1252309
1154798
966375
1164203
844211
1210756
291289
255798
260822
239650
169908
172800
134638
134346
139703
146999
196490
727437
711656
668408
1289269
573542
545682
458530
598182
488912
505099
508174
638093
571871
540503
579810
527960
572035
564217
772154
507374
667976
566767
481100
525684
558410
542120
424902
539050
547494
497817
660323
585254
549072
1454999
390265
349201
476616
434557
465303
370113
406082
371213
380877
633048
719806
677929
217033
193104
436155
158736
165052
131340
149406
136229
131449
130497
139576
120794
131545
156987
119125
120193
119152
346422
197254
182445
179396
151075
137724
140836
161599
142801
140126
107871
102775
104315
92127
93800
303955
128163
116303
118763
102812
104512
108717
102181
103763
82575
83298
81145
77677
84456
325720
1587642
593049
554369
458666
388892
380020
343080
356498
390333
323667
327135
420396
399499
256264
314958
630895
425155
403163
418931
414431
418443
413301
490772
610095
786574
643353
214244
163447
155247
120289
319497
129155
127046
127507
139696
125795
161941
459700
479358
362108
357002
320552
281970
410174
377085
547722
403487
352185
387602
351089
382203
294095
351260
365167
323548
399090
336361
319073
330262
335228
1396116
327856
361698
319187
377147
669986
515106
656698
516455
551513
599749
667388
534282
408159
473277
819027
559303
684221
377462
387137
386544
366547
310757
380361
343551
321003
407036
338460
255013
351362
572226
332622
415105
462131
467539
479599
414999
422082
299503
345153
352768
364560
244744
378036
302898
528517
355533
377068
501307
620871
686851
530346
205919
182253
139433
119358
128661
131915
113471
104403
1153745
112879
100581
91712
106933
85699
104771
96289
112061
109479
305405
396409
404771
372275
268241
451212
247539
232123
241632
254685
243037
237155
232457
209565
222311
212922
247280
264140
241005
220188
489860
273169
261452
234286
249896
238992
203473
231374
288122
249797
256804
223281
219006
261193
282946
420766
302343
233041
254910
281663
264309
265960
233645
291228
362750
251537
200092
194324
256352
239124
1231311
212198
234028
220581
201888
207365
180520
195147
169671
179638
183308
282209
327129
280113
288736
482610
305753
271193
219089
204466
265620
231614
192347
212517
132020
191463
186201
194416
186793
192588
399147
281545
229780
189442
175329
190131
203849
215932
221385
239074
263428
223764
233264
250018
310649
556045
296077
195422
168648
139228
127717
111987
98986
92324
93792
92420
88100
78911
87289
85569
1263169
981140
1258928
1154435
214233
58423
25077
21452
14307
13710
18391
43346
151756
121391
72707
445534
85576
26022
15749
15763
9039
17885
134514
96740
25045
13476
1813
656
384
240
1230713
121306
226149
165929
37610
27885
22086
34785
27671
14862
17634
41978
190880
167730
111325
498542
116492
68484
43128
35589
66855
266734
179761
63884
31832
37100
26211
21876
25541
64589
526777
253697
184151
76421
43870
45298
40534
34152
31339
23712
58372
256509
200497
69743
111792
545005
102949
62356
43097
38299
62188
251150
183130
58208
36886
26039
33608
28942
22119
67140
1045722
254046
166359
48646
33538
28793
36900
26391
16739
52902
256699
212745
50817
22689
88779
545211
128646
53948
29407
54973
283033
203722
69616
46207
38271
23424
37665
31454
36042
85400
644612
180930
76395
42222
30988
53836
39840
36961
32764
52068
271403
228693
125072
66744
99410
498492
117898
52882
78131
276686
206421
74266
46148
36746
38855
30709
38027
34829
59934
240698
1135755
109683
17736
17277
11523
15402
16244
9110
43983
232642
154831
61271
38932
26639
67430
395100
102325
51557
63951
256265
183668
71573
47664
36232
32025
24152
26920
24835
46704
245300
525037
116202
64513
42871
46825
40727
30869
51616
262994
184808
66048
98581
96712
48208
84971
425244
108479
76371
262445
189376
60054
34428
34216
34168
24704
21471
26664
65128
204784
195973
1091381
110691
27883
19775
16074
21696
17773
35182
222966
177207
54928
44620
32181
19576
62583
393930
120781
260789
191875
63889
50560
44702
27360
25093
21747
22324
65220
218212
159706
109424
432946
119461
58460
42552
41557
41138
65427
297430
206146
75558
56846
105009
96755
48639
87118
473763
136114
261956
192113
86864
43796
42151
44191
45596
43369
35025
54071
197797
160075
112861
1094636
100311
27565
17645
24962
43568
237604
163215
39077
35818
36086
31980
30328
20092
48205
308120
224107
183360
60134
45679
35945
27180
26598
27340
31902
54867
201425
156731
51766
84507
399235
103083
48025
28950
30294
62616
239773
187331
62466
43139
41138
95103
90488
44687
87197
585632
169335
77783
52393
52766
41413
20628
28186
24235
55940
252483
171903
64714
40935
68639
1071984
89213
22719
11586
42535
249571
155662
56080
40316
31824
24227
20037
16946
16559
62706
515271
163553
79351
40736
33491
25302
26490
24506
43739
234763
141854
175465
123095
175836
127322
553717
160559
224404
155895
160637
199576
130969
175473
124162
161279
124053
177316
143678
152682
128750
502992
139032
224010
138174
180515
130646
188575
118222
169318
112021
153658
114452
141464
112110
199033
1136449
173128
197862
115110
170195
130708
162176
118424
159173
112191
150584
109694
147323
104831
161086
404671
193460
123222
172263
123332
177310
119206
166604
105704
141851
108364
139091
105360
138120
176033
369800
190345
130988
189654
117521
248028
113738
397846
150087
429973
126149
400235
136292
293372
129666
614076
129586
269259
138769
196088
116523
143338
205685
704676
718620
619333
672236
573246
662356
480010
1383167
479082
477087
482491
385747
391236
448650
460888
444363
411650
414133
374306
423831
484613
630553
782103
509290
473130
414929
409249
363888
261269
321564
222234
225288
221515
236581
175621
173877
161206
1304621
218213
174903
189535
166083
177619
218185
137805
174778
188016
344440
281372
365456
384589
335984
405826
346447
417930
333071
514861
573293
472768
386752
384900
415846
346848
350458
391598
379701
357658
538032
408851
343226
369710
437559
439992
327124
350329
423903
431378
382517
418065
347259
420312
448575
496702
362292
403732
447080
460747
384603
444808
420592
404424
401773
344728
378240
334460
334437
388029
1414153
438580
396271
493913
409242
448341
408886
390129
344807
387790
476856
414479
418077
400824
330412
484534
420003
434851
367657
617111
598341
209947
160109
118867
113696
107717
88321
105198
92545
81533
213058
94760
94287
490428
622879
629105
457426
423074
371045
299010
398941
341975
377500
340027
326507
472422
388760
352844
304084
355757
314945
506639
609508
273028
149795
123428
108904
103435
88161
79352
1268693
86631
78095
70014
57067
65928
299638
546380
626509
294357
960585
1194432
1300926
1307476
1373963
1107369
1328992
747318
653077
618631
570017
472210
389081
412296
360283
317040
339031
332343
327286
407793
619257
397139
416591
306941
266439
316943
321163
268271
228944
268828
216943
309025
231905
361674
283590
504639
269041
313504
295970
356010
566037
536659
727892
170406
491173
481096
307233
372635
465254
477198
1291360
109260
94151
81629
95262
91160
90742
75786
73789
79571
67789
94652
196113
304452
484028
616849
414058
282841
239521
208347
223921
193836
173099
231942
306992
286159
208402
197215
182207
192869
363711
194671
241886
236859
221611
213655
253950
199941
214051
212711
220291
200185
149899
191481
181113
342219
172134
188644
288115
248687
186802
203945
208441
220731
205112
339361
325505
247701
266442
251618
1329732
236457
243861
215927
288523
298955
256890
275897
352019
345266
572612
405945
431955
330213
255173
354205
124358
131578
106328
88719
76782
89180
80047
73025
67173
92591
114014
119819
97946
885023
782686
1024315
469514
399668
770260
1128021
859611
351406
249474
201405
181250
140149
117614
98921
89329
372899
142278
150621
185857
217319
243617
203858
188752
193738
181576
155408
158877
112201
99969
145766
1356230
174656
148359
135589
86604
101230
65655
99003
1211068
1381793
1413136
1498149
1464621
1448338
1487405
1438248
1360188
754631
1228955
1347053
865623
197768
523195
446942
390667
806535
2000538
1601876
986009
1029960
1353560
1025069
1011111
982913
760450
868197
827144
1276182
900452
732747
680586
1079524
797529
881673
799141
1205478
832074
895313
581255
960935
1492606
985758
691415
727711
737977
873767
722289
1055065
936037
850617
1798181
811062
664901
741588
796332
1076093
606099
629351
754773
1416064
1173400
815572
706369
752479
729255
821296
740974
1100607
731489
780693
614664
813348
641778
841781
694264
1153194
1755809
1930527
813274
380123
607490
252281
343732
304208
273225
200686
160033
155788
129316
111174
102593
80320
92982
107832
95641
222094
99160
79580
65055
56439
69009
1880299
851085
592635
517693
677250
644167
693086
688107
766790
1855526
733092
893062
671767
792169
893217
924297
1041694
985391
768892
781100
822339
826042
782643
750882
955798
828713
765285
580770
320188
400461
470485
1055523
923607
819528
773526
727268
665105
720714
722738
1864678
771863
571638
770920
446327
594328
279350
455498
783860
809853
687065
1160399
873711
1010785
1408424
1449605
1079215
850530
654075
600064
756912
549477
586352
676402
650559
683442
727072
977355
1270258
783673
1131079
919184
928191
913686
846959
743565
741390
710716
777486
832642
855468
874457
776239
634814
839861
918976
721424
692090
676576
908774
1234835
803026
778150
751957
696684
697349
603881
929750
1440072
1324347
1812608
677678
709631
637716
615724
675008
679792
758079
813397
1046851
857503
1004376
821645
922895
840771
868494
631425
831568
753961
857988
896947
736625
651408
623076
837773
843059
662903
724263
654023
626448
729348
1052307
1071992
1247345
744345
750487
425924
1292897
1001751
708859
756937
679430
595481
502634
508242
632864
361307
501133
777746
853599
677820
844168
1284391
1167751
1062899
1145626
749770
1105499
802697
683576
1750053
603004
670082
638449
590603
374371
653938
1099566
939183
774900
595790
719159
696269
782420
679223
742945
552881
465236
752885
600157
766069
1221035
1463368
1298114
1090209
931803
1269866
1067142
883898
1348333
1080182
699664
785445
775300
858796
897071
851719
1039762
1031762
1369880
1557226
926272
261157
162484
135692
358861
135947
101828
86627
65508
77677
76415
61055
370023
1127867
1800753
1600119
1209564
962764
736661
1825422
556577
616846
669672
718848
680172
816919
697349
716953
557195
312049
339134
358923
849923
731203
866560
686347
412315
851302
623671
621644
659077
520002
613897
876514
1190767
1227620
1689606
1609189
423703
453192
180878
156431
115581
122773
115609
132179
133434
84563
75858
62933
59862
58008
46461
42020
148413
1476774
1564221
1597792
1161535
958399
843153
794035
722785
826551
737609
820051
714509
800236
655700
1781526
724931
653384
787632
923517
704009
690427
426319
669249
703180
738498
607222
553443
545820
663282
692769
593073
665011
1097103
1587449
1894205
1176017
258561
176763
145364
118613
90667
242154
557716
1068895
1198392
881095
789191
734941
659710
789220
1380630
1100385
1186131
855154
1170399
845697
982019
968910
796749
962072
713748
660361
586273
586278
657152
563748
680096
503090
720402
525370
499314
568701
639998
582912
1846007
472793
565552
451206
659661
498350
571875
560401
738714
678334
610580
566147
670141
654060
666183
1152843
1132316
761638
640010
780539
656911
601166
539571
547391
626463
749075
601544
589917
622626
706995
586357
787120
1164109
819724
815706
739385
430091
495355
748449
503818
608029
645563
490145
655889
463451
886730
926950
914245
976777
758623
750090
718034
901842
1316986
868912
720135
639669
712210
686229
547908
1848056
591813
745484
605656
426287
586949
779226
619275
711864
542630
620318
504926
479963
519440
562347
653369
738482
614728
541747
865662
1178387
1395198
413743
319599
594513
1422022
901581
1279444
366801
556939
1558187
901732
1472094
1756646
1649966
954602
1630723
824204
1230943
1744760
1320606
263127
166991
1198866
1336366
1076664
1482484
1441156
1001040
805783
913831
1148665
1888989
1508407
189796
138066
111836
1188639
1827332
1142432
1971497
935370
950268
986786
855485
726928
776764
1150768
922594
611571
750671
800449
690042
678747
1143406
1245790
850591
1011960
1055709
633614
673076
821594
641208
670519
650697
562926
1144301
734242
761876
749254
1805505
746246
901226
1090744
1240227
613935
195039
490491
1078868
961631
701620
613810
836846
981424
669687
872178
768596
838192
703077
643084
2637163
1247476
490409
850549
647161
896269
355725
193597
127554
105410
1183297
1607343
1014373
905079
774765
727127
1009027
971008
1070165
1254138
1614957
651063
1186870
1386432
1441370
955843
154911
132741
1100608
811943
747447
867288
710589
718685
551460
784842
596238
670192
1314166
1159156
1901553
928692
797767
716078
1284661
2071593
145403
1163856
1699170
809294
828524
782703
787178
648330
702305
708309
1187410
1056512
176935
123982
85767
92511
1177976
934085
785186
616417
759733
888820
968011
1125352
937193
1196979
893883
241914
160031
154142
135166
105011
91100
604456
715511
558981
718847
695698
863348
929055
764830
609089
985789
538918
550441
559184
524640
618312
561347
1251459
667087
515238
509925
724597
1718640
492556
500363
541795
547653
714752
431470
478347
431258
473706
530232
485768
362339
487173
639909
735992
512864
1262839
829541
816836
967330
1390053
987186
892098
412823
210283
158314
115698
93179
95238
340700
102409
96852
82889
79867
79905
70018
52179
67672
83944
49037
51587
56765
59361
50925
133532
60652
67489
66994
51167
53201
49307
55585
138847
424936
976677
1252126
1211958
1163271
974749
1547358
1376605
1234449
1217266
1180032
1234099
1193739
1205281
1188853
1088571
1175319
976593
1043689
1009289
1029719
905266
469903
242784
211818
170582
144557
111382
105746
103643
87392
78372
79972
63413
490273
496642
1008610
1733208
1387122
1085342
1068847
1101365
1093031
1260385
1201691
1152308
1171477
899462
781982
1216241
1333994
1427134
1130384
883349
895816
807374
1085844
685643
583764
997356
1577978
1014208
935793
945956
1035452
645451
1899390
671176
1158348
1223856
945653
1101256
1279049
1209302
1156391
1283891
1038808
579912
294328
242016
192411
444971
131651
116650
101258
88483
166109
92139
83234
62470
59876
55297
58144
43161
322898
1093710
1582138
1858427
1870485
1841033
1887934
1738249
1826950
1792312
1670193
1592439
1099151
1392721
1150009
1047480
909988
1180506
186793
137265
118208
97973
90991
85375
73695
59297
61367
83805
408146
1826393
1809040
1320509
1893105
763103
843343
762710
739152
766923
766960
623652
771101
586853
767680
1370093
908460
841922
715646
813151
730117
608747
774270
615342
717197
581411
812764
1395366
1086573
856557
873381
583585
687373
731576
841246
832989
503059
734100
669720
451656
719437
1410683
1601505
1585689
201660
212121
191665
131376
97678
260258
1624705
1516281
1320179
1523223
965872
183352
151383
138950
109458
113074
76225
69615
47834
54218
1561857
565295
1937205
2375119
2484401
2326688
2148968
2144754
2211619
2070654
2253557
1818087
1698927
1551683
1197411
1322742
907733
1315606
1525672
1535591
1422701
1342473
1337671
1301403
421878
828009
1266873
871356
136017
682329
936663
902982
1095067
1478430
2276957
1691976
1252292
1429785
1843552
2137982
1734583
1574779
1955917
1323695
1193939
1513082
1113463
1187374
1089249
1114390
1209787
1210226
1103140
1056875
883634
1262244
1105319
969957
979163
1101724
1917855
1006130
1015354
1015427
988689
659833
1046268
976780
1005485
983004
874766
1024196
1095781
1123939
1084355
1016064
959990
714040
726302
1050475
1628013
1420304
1791263
1774751
1210134
1396658
1205188
1308519
1465762
1759635
2462298
2205718
1180519
950952
440092
136250
99572
69000
945797
1686904
1206039
951660
1078363
928725
796573
943250
897684
1015514
832191
846534
995612
1391392
1060013
893731
844060
751464
752959
979231
744165
901816
1160243
1014863
868749
1564265
1876996
1318434
1109436
1150011
1077061
1044654
968232
851056
959517
1682619
1686690
1311363
1141221
1076201
1149282
1022890
1008899
797772
874054
927019
934852
1009496
999714
1047172
1316430
1111701
1775464
1048715
850831
1083037
807094
1122304
991822
695916
1034028
1012214
889943
818383
864479
1088590
1036776
976079
926640
819704
1033854
626104
1510323
1922966
1924943
263609
212548
960377
407008
307172
283713
299814
353361
101560
88426
81603
69946
74822
125775
1529714
1491031
1129350
993271
976474
874213
761817
636602
1470666
972074
1039291
900003
927571
519858
1564575
1877821
237456
216240
131578
122351
64432
46775
52993
2090213
1734683
1890260
1385862
1366361
1205206
1369284
1346517
999490
832956
1166263
1048665
1121576
811004
1864794
2061927
997473
237347
201391
174323
144575
87850
104268
70799
1716937
1754331
1296514
964735
990883
922729
1069512
1034779
1086966
1024421
1189636
1182289
1132513
1092112
1108853
1263317
1163680
901790
997390
1237249
1108337
1422095
1200944
1000071
1086915
851049
901580
946979
899067
992713
743350
1052194
1146233
1081420
1076351
1043870
1747196
827602
1351567
1566327
1208987
1089020
1000170
1191086
1098977
1212421
1092393
1273671
1306318
1545900
1398663
1493507
1382808
1586563
1734591
1264549
1173291
840114
1031604
916182
802523
895944
790782
682463
746190
729750
953781
1102635
991344
720607
853119
931846
745958
812382
787741
612313
655321
976659
1214809
1190104
175064
244250
68589
1376624
1428481
902407
912689
853795
777865
794957
797008
1151697
1106793
695007
876332
840137
1735159
781816
870252
721993
929270
960358
1230699
1308783
177806
109010
89020
99022
434819
390584
67363
134274
2000549
1677518
1575552
1417679
1638657
1653003
1277630
1180990
1340101
1145127
1066070
1288723
874275
836253
1275760
1411231
1035867
887456
1061431
1250630
1108440
1131606
981925
1556959
1672531
1849630
461947
228248
169030
325914
95283
125913
78561
393815
1938679
1803490
1781950
1215411
1297385
1359168
1864980
1834642
1170780
758472
1589407
334236
481278
568385
570252
524879
558635
522216
394198
325674
956567
1314686
1087288
898527
994134
1067973
1090071
1316341
1149951
921502
1255098
1111131
1091670
1303422
1775200
1880581
1870705
1844864
1307602
1125810
2087325
1594701
1476380
1328581
2004028
1623836
1002717
485393
396129
231445
183599
111320
62432
19905
108664
658453
185581
56605
38037
27662
21608
31715
144541
110778
46640
29425
56435
43281
119401
122948
1386472
46793
10671
6456
15293
124121
78399
20823
10929
10006
24917
95347
69705
19782
26951
128835
36650
32109
124350
83305
24462
14539
13927
25002
107684
79793
31049
18301
10542
24371
115535
119195
79765
24759
16054
10651
26258
99149
81291
25979
14327
11415
8023
18603
109224
218727
49499
24835
9044
7561
22142
121484
89367
25414
9886
13942
33999
112904
69278
33381
1316248
42411
9135
27249
148980
92394
31300
10984
7735
24387
108813
64026
22269
10188
15361
111338
39870
127735
62534
22892
16988
8316
17120
92937
58893
24859
12020
6690
448
3404
1356699
55947
18166
8705
6574
13996
161712
80920
23587
11975
6051
3345
16421
118983
83248
133345
40060
15350
14923
136708
71808
20805
14375
10351
4903
15225
86972
51458
10764
18684
116559
61814
70685
96555
85010
72988
401622
1130720
1530780
819557
1627781
1946370
1789595
1811548
2024810
2247911
2274989
2189509
1984832
2018717
164122
88058
162594
786446
390325
1364053
1592450
1751039
2019872
2396703
2075721
1583154
1620258
1437787
1854279
2301885
1784056
1530646
1652656
1726212
1629298
1517683
1556344
1788776
1681100
1764157
1804246
1727591
1855138
1731422
1604758
1453784
1502140
2321641
1731755
1439379
1766969
1454077
1175949
1083446
1334794
977910
1610934
1858397
1979975
1928659
1935693
1821280
1905631
2361105
1471972
1174687
201844
1046751
1351209
1858043
1954853
1806799
1990837
1838885
1637443
1371358
2401029
1686250
1752525
1738629
1568905
1439901
1655792
1498562
1969075
1585796
1799661
1658010
1647293
1604664
1446356
1403375
1600808
1623278
1413236
1358480
1613783
995123
1120390
562760
2566709
1574129
1307898
1085647
367777
430090
282084
190399
178560
119131
118847
84071
95557
173234
1511683
1448619
1400730
1735173
1725593
1724959
1746698
1874675
1786198
1807486
1963771
1880398
1890173
1903572
1986372
2063036
1937472
2039967
1909594
1773812
1960896
2097803
1943980
1774452
1750871
1415188
1382788
1283647
1365007
1180111
1759332
918367
1152336
1147281
1205713
1155672
1186781
1121763
1189274
1060984
1166278
1111204
1118299
1146510
1139626
1370265
1127720
1084554
1243429
1198937
1272381
1209167
1317159
1328244
1334241
1363132
1416782
1427002
1521552
1461806
1745270
1473309
1631106
1665214
1730942
1764159
1838419
1822150
1910274
1924181
1946866
1862659
1879967
1788274
1732125
1690984
1470629
1407805
1335202
1368859
1396381
2045011
1186327
1139638
1043238
1029279
1019062
1003351
997817
999027
1366682
884481
919454
909208
922297
933115
931667
938777
944787
942365
942268
943114
947813
948681
945938
974056
931354
952200
952849
958986
952586
958980
953516
950651
960924
953664
959637
951662
955934
947839
983107
940127
958391
953933
959437
953279
956240
959752
948748
946827
944165
949268
941070
945515
945896
977409
935755
952499
942872
964125
941835
951300
954665
945122
942745
951127
938039
952336
949596
955610
1359590
874792
908135
904629
918706
924665
919645
927462
932968
932625
936257
936243
938235
937500
937560
968177
924637
945597
941895
953513
944211
949352
944299
950951
938952
941952
941512
947386
954590
951161
987340
932432
958183
951291
951656
946463
958151
935212
963614
945537
950049
950719
955076
950589
950674
1000792
928973
956660
964403
966125
958031
977616
953040
962775
955916
954045
947371
963901
953718
953173
1352009
864522
906135
902180
917220
913708
933330
912855
936082
912997
930172
923982
930205
933111
927465
972442
909874
928528
934637
941112
930898
933981
927002
939959
933851
938752
937432
933075
936492
941967
969844
921988
944922
937987
956737
939284
946188
933343
943617
934755
933593
939220
932694
930189
942360
982642
917749
946506
941731
944062
949819
926130
945380
931670
934239
927342
938964
933369
934186
930411
1324783
842818
896309
870526
888764
897405
895781
898363
901084
908233
899072
898845
904335
906389
907032
942538
884057
907997
892586
913558
900823
906853
899119
913994
894413
897781
890210
889098
878702
862337
1301182
834515
865676
856586
872521
875210
878595
877447
880306
875641
891246
884050
895137
890804
886287
923256
883225
905900
899996
902983
899809
901182
905705
900790
893179
901242
893852
894269
893453
902002
984262
901677
926617
910685
915965
912007
908197
911639
911688
911404
916342
911675
914998
917189
906532
956988
892151
914327
912267
890212
917634
898631
911503
905762
917061
904798
906786
917220
908160
910879
1279375
825540
872906
851921
872782
872306
884611
876604
880676
882566
875498
884745
883991
890638
887831
930581
879253
890639
892575
900471
885275
904462
895486
894577
901980
895867
892229
899079
897240
887930
936857
882352
895362
893212
899645
890815
893384
904600
899025
898274
906668
899120
895618
907285
894315
945624
888348
910922
896903
908010
905144
914463
903079
910132
900453
899089
908760
881158
901537
902748
1286017
820333
861621
842177
873991
857334
882294
861781
882708
868111
870375
880299
882851
881482
887421
934205
863716
897287
884595
893183
890299
893690
887298
892117
885967
883738
893495
906945
885549
900128
932184
881110
892692
898351
889393
905071
897165
897778
890828
901260
890804
894074
892197
890687
896448
931663
866593
893636
887324
901346
881697
892159
892133
891789
887785
895874
886750
890916
890763
887644
1280033
810675
844874
841237
864286
844581
872079
868373
865139
873602
873489
872317
871072
879891
874904
914674
866209
887157
870491
892777
880904
888684
882405
891405
876556
876740
882029
879735
876599
889877
920792
861875
886116
875743
875730
882561
874726
880462
879851
889099
880143
889273
876716
885607
881104
931529
856128
891523
881269
890256
886569
900117
879226
878694
907532
881329
891570
888391
884988
887547
1270945
797186
841828
833394
845752
848853
858864
854391
861482
868324
856133
864401
864734
869525
859075
907757
846774
875706
859519
884579
869688
883759
875794
867507
870278
875911
880301
861773
884282
871221
912588
873456
882668
879638
885794
877020
884934
880614
885217
877261
883423
870554
879315
886559
873434
918634
849611
885957
874289
867979
877885
871853
863921
878470
865904
865033
887561
865129
871094
874912
1247251
782309
830952
817095
816559
850151
830304
843105
844935
847651
835527
840483
852520
834348
847636
877110
817858
858419
848917
853349
851559
856293
841278
853034
849109
850506
846805
854683
841368
855772
884937
833265
851860
852669
842127
842405
847595
848427
838253
843419
834885
855639
834637
851484
840030
894866
822709
849588
839426
850006
843198
853127
842671
848920
844812
850123
848718
839756
852146
852819
1238141
772256
810442
790562
815809
813502
815690
823234
822025
812467
823834
822250
824216
818203
819081
853410
801288
832869
809931
829150
820857
815703
810000
817293
804642
797670
765143
