17672
17656
16978
17010
16984
92596
226650
226718
213715
214211
213666
213817
214488
214426
215852
220362
217934
217397
218011
216625
217037
217079
218166
233893
226353
225155
228661
228939
227647
228661
229834
229529
227446
229958
230205
234178
230857
234480
231644
231835
239724
234920
235365
234144
232733
230751
233093
226813
227815
228086
229240
227437
227639
230654
229723
223217
226133
224612
222750
214995
217044
211134
216817
219338
177013
134383
23036
23169
23130
23141
23054
22176
21921
21428
20807
20745
21180
21223
21280
21307
21267
21388
21409
48229
241170
220257
212064
208038
205567
208656
208920
209005
210788
213145
213775
213618
214740
216086
217022
217625
218057
218551
219744
223705
224425
221834
221438
221733
222162
225005
226576
227639
227361
222447
216148
123536
24725
24776
24848
24691
24734
24757
23445
23314
23130
22578
22733
23508
23331
19953
10420
10704
10575
8196
8629
9028
8945
8916
8891
8875
8876
8871
8876
8883
8884
8903
8907
8923
32986
232287
229599
229719
228909
229676
229145
229894
230334
230295
229660
231066
229803
231217
230037
231311
230925
231509
231610
231571
231800
231902
232321
232572
232168
232554
233636
233321
233651
234637
235187
234180
237087
236403
259295
185635
216737
222438
225813
228975
110329
78296
80205
75005
69869
66197
194482
193521
189989
185753
192175
236840
238830
250080
152557
82661
99307
97325
97241
261413
256434
261935
250597
238710
231908
190389
180404
178743
178571
178138
178913
177407
174346
175289
178317
174431
193838
208577
207281
214261
213201
215148
220305
230111
224455
223936
222441
225126
225714
226606
238522
235640
235116
229097
225496
234725
233900
291465
25011
25010
25009
25006
25005
25003
25001
97014
182815
180235
218789
213833
213414
211850
234447
230121
235586
216349
199129
187959
29271
29253
203227
198178
187791
181633
183558
183111
180928
95057
93617
111297
112960
228231
233956
232607
211824
134395
34142
34150
34143
34137
34137
34136
34134
34140
34139
34136
34136
34135
34134
34136
34138
34140
34117
34115
34118
34118
34117
34119
34119
34120
34121
34120
34120
34120
34120
34118
34116
34119
34119
34121
34123
34124
34124
34124
34124
34124
34124
34123
34123
34123
34123
34123
34120
34120
34119
34119
34119
34120
34118
34119
34119
34119
34119
34123
34123
34123
34122
34124
34126
34121
34120
34121
34121
34121
34123
34123
34123
34123
34123
34123
34123
34123
34122
34120
34120
34120
34119
34119
34117
34117
34117
34118
34118
34118
34118
34118
34118
34119
34119
34120
34120
34120
34120
34120
34119
34119
34119
34119
34119
34119
34119
34119
34116
34116
34114
34114
34114
34114
34114
34115
34116
34116
34116
34116
34116
34118
34117
34117
34117
34117
34117
34116
34116
34116
34116
34116
34116
34116
34116
34116
34116
34116
34100
34103
34101
34101
34101
34101
34101
34101
34101
34101
34101
34101
34101
34101
34101
34100
34100
34100
34099
34099
34099
34099
34099
34099
34099
34099
34099
34099
34099
34099
34127
34130
34130
34130
34128
34122
34122
34122
34122
34122
34122
34117
34117
34117
34117
34130
34132
34132
34132
34132
34132
34128
34130
34129
34129
34129
34128
34131
34131
34132
34131
34130
34131
34131
34131
34132
34129
34129
34129
34129
34129
34129
34130
34131
34132
34132
34132
34132
34132
34131
34131
34131
34131
34131
34131
34131
34131
34131
34131
34128
34152
34151
34151
34151
34151
34151
34151
34150
34150
34150
34150
34150
34150
34149
34149
34147
34148
34148
34148
34149
34149
34149
34149
34149
34148
34148
34148
34148
34148
34147
34142
34144
34146
34145
34143
34141
34142
34143
34143
34141
34143
34143
34143
34143
34143
34146
34145
34144
34144
34143
34143
34143
34143
34143
34143
34143
34143
34144
34144
34145
34126
34126
34126
34126
34126
34126
34126
34124
34124
34124
34124
34124
34124
34124
34123
34119
34119
34119
34119
34219
34216
34212
34212
34212
34215
34202
34207
34202
34203
34201
34204
34209
34211
34211
34208
34209
34196
34214
34221
34223
34223
34222
34265
34261
34264
34276
34267
34265
34308
34310
34312
34312
34311
34318
34310
34308
34310
34309
34311
34314
34235
34235
34235
34235
34235
34235
34235
34235
34235
34235
34233
34129
33911
33803
34169
34273
34282
34282
34280
34269
63717
61852
76395
86533
76411
78975
78496
80761
78634
81400
80891
78255
82143
79959
80741
79759
79588
79568
80858
81503
81527
80756
83915
80371
85537
50855
45459
47314
69063
82255
88957
67959
83206
65507
56866
82882
40511
37545
76078
37101
37131
37131
37131
37131
37131
37131
37131
37131
37131
70007
74279
72475
76881
82635
80311
80686
85322
89338
84611
74331
40335
40340
79175
77229
94939
76958
62079
54113
54354
54880
56887
40612
40607
40614
40617
161506
166203
161790
168025
165513
167180
155726
152292
148251
146649
147460
145535
142839
140506
138592
138603
136144
137229
134246
133628
132579
130354
130920
133337
138850
138179
142195
143278
148980
151079
153411
151586
148876
149072
149922
151633
148962
143094
138210
135862
134483
139101
141340
143164
145518
151534
153926
154506
160633
156322
168002
165477
165433
164135
163832
163179
164899
165770
162443
159108
155736
154953
161477
158073
162570
163134
163810
170043
197642
188287
189492
189940
188693
187476
190322
192487
186471
185417
185191
186617
187884
184646
188431
189176
191413
191568
192845
194070
193899
192704
195677
194822
194315
195737
195288
194250
195472
159385
166888
175506
159635
187046
182492
182059
183256
180919
182689
178689
176673
178409
180785
181934
181029
181091
181228
180284
179068
177338
180144
181794
167150
167126
166830
163584
175880
176795
175839
190811
186761
195920
59115
59101
59098
59094
59103
59064
59066
59064
59061
59071
59073
59072
59074
59045
59043
58975
58975
58980
58975
58974
58973
58971
58974
58976
58976
58977
58978
58984
58984
58985
58986
58986
58986
58986
58986
58987
58987
58987
58987
58988
58988
58988
58988
58988
58988
59005
59006
59006
59005
59005
59007
59007
59009
59010
59010
59011
59010
59010
59012
59008
59004
58999
59002
58999
58996
58996
58996
58992
58995
58996
58993
58993
58993
58992
58994
58989
58987
58991
58992
58992
58991
58992
58991
58991
58992
58991
58992
58991
58990
58990
58988
58988
58989
58989
58989
58988
58988
58988
58989
58989
58988
58988
58988
58988
58989
58988
58987
58987
58987
58988
58989
58987
58986
58985
58987
58987
58988
58988
58987
58985
58986
58991
58993
58994
58995
58995
58996
58999
58999
58998
58998
58998
59000
59000
58997
59005
59003
59003
59002
59002
58999
58998
58998
58998
58999
58995
175706
238646
239109
236724
238552
235792
239507
235186
238135
240892
242036
240330
239972
234231
234833
229309
232707
232678
162656
159783
162804
158337
157418
155754
153936
152038
152222
154702
157064
157154
157679
156663
154514
155672
154785
156932
157839
158843
160340
160647
160245
163941
161688
162158
161709
160612
151067
164901
162688
175971
168261
166725
166952
168807
165134
163784
167174
169807
171037
170982
169159
165763
162925
161226
162351
168194
167276
115490
71889
177535
177469
173273
176207
177957
175076
168207
168573
164653
165051
168934
168407
172123
175606
169482
178286
177815
164887
214235
213979
215009
214196
213242
212454
216625
73739
73734
73730
73730
73732
73731
73729
73731
73732
73734
73738
73738
73738
73733
73739
73735
73730
73734
73732
73726
73725
73725
73727
73728
73731
73730
73730
73730
73732
73727
73719
73728
73732
73736
73731
73726
73727
73728
73729
73729
73729
73726
73715
73712
73710
73644
73644
73644
73644
73644
73642
73640
73641
73637
73637
73637
73637
73637
73637
73636
73653
73654
73646
73648
73648
73648
73648
73648
73648
73647
73644
73641
73644
73643
73645
73646
73646
73648
73646
73645
73650
73650
73650
73651
73651
73651
73651
73651
73650
73647
73646
73649
73647
73648
73649
73650
73650
73650
73651
73648
73648
73646
73645
73645
73646
73621
73620
73620
73619
73621
73618
73617
73617
73617
73617
73617
73617
73617
73617
73614
73610
73606
73604
73604
73604
73603
73602
73603
73608
73608
73607
73607
73607
73607
73608
73614
73615
73618
73623
73622
73621
73623
73623
73623
73623
73623
73623
73624
73621
73621
73610
73611
73610
73610
73609
73609
73612
73614
73615
73615
73615
73615
73615
73615
73616
73597
73597
73597
73597
73596
73594
73595
73595
73595
73595
73593
73593
73593
73593
73593
73607
73608
73610
73611
73611
73610
73611
73611
73612
73612
73612
73612
73612
73611
73610
73613
73613
73615
73614
73613
73613
73613
73613
73612
73611
73612
73612
73612
73612
73609
73604
73602
73604
73599
73594
73595
73597
73597
73596
73597
73596
73597
73597
73593
73594
73642
73640
73640
73640
73640
73639
73639
73642
73639
73641
73643
73643
73643
73643
73642
73655
73654
73648
73646
73646
73646
73646
73646
73646
73646
73646
73646
73646
73646
73646
73629
73632
73633
73633
73633
73633
73643
73647
73646
73645
73645
73645
73645
73645
73646
73638
73646
73639
73635
73631
73633
73633
73633
73633
73635
73636
73640
73640
73639
73638
73614
73619
73609
73615
73608
73610
73607
73615
73610
73611
73611
73608
73612
73611
73613
73624
73616
73622
73624
73626
73625
73626
73625
73625
73618
73625
73624
73624
73621
73620
73645
73645
73645
73650
73646
73650
73650
73651
73652
73652
73652
73652
73652
73656
73665
73656
73660
73660
73656
73657
73653
73656
73649
73656
73654
73653
73652
73653
73653
73652
73650
73641
73645
73642
73639
73641
73642
73645
73644
73645
73640
73639
73640
73642
73651
73639
73646
73642
73643
73643
73644
73649
73649
73649
73645
73644
73645
73645
73645
73644
73591
73592
73594
73594
73594
73594
73594
73594
73594
73595
73597
73597
73596
73596
73593
73600
73602
73604
73598
73599
73601
73601
73600
73600
73600
73600
73599
73599
73597
73593
73607
73610
73614
73615
73614
73607
73603
73599
73600
73597
73601
73602
73604
73604
73603
73611
73608
73610
73610
73612
73612
73614
73613
73614
73613
73614
73613
73614
73614
73615
73615
73615
73615
73616
73616
73616
73616
73619
73621
73621
73620
73620
73621
73621
73622
73620
73626
73626
73626
73622
73624
73625
73625
73626
73626
73628
73628
73623
73626
73630
73639
73644
73646
73643
73643
73642
73649
73646
73650
73650
73649
73649
73648
73648
73648
73649
73642
73641
73640
73640
73641
73641
73641
73641
73643
73640
73639
73634
73634
73639
73621
73619
73619
73619
73619
73615
73614
73614
73614
73614
73614
73614
73614
73614
73613
73619
73615
73616
73615
73615
73616
73616
73615
73615
73614
73615
73617
73619
73619
73618
73619
73622
73623
73622
73630
73626
73615
73610
73609
73609
73610
73609
73610
73615
73611
73625
73619
73620
73620
73619
73620
73626
73623
73623
73622
73622
73622
73622
73622
73622
73625
73623
73623
73622
73624
73623
73624
73623
73624
73623
73624
73623
73622
73623
73626
73619
73618
73618
73618
73615
73615
73615
73612
73612
73612
73613
73613
73613
73613
73613
73614
73609
73609
73609
73608
73607
73608
73609
73607
73608
73606
73607
73604
73602
73604
73607
73608
73608
73611
73612
73612
73612
73613
73613
73613
73617
73653
73663
73682
73639
72880
72880
72830
71741
71603
71619
71438
71487
71491
71494
71889
72454
72476
72929
73369
73363
73438
73610
73787
73761
73934
74016
74032
73970
73687
73805
73812
73960
74068
73999
73979
73809
73808
73809
73867
73822
74033
74029
74441
74637
74621
74866
74781
74794
74805
74805
74700
74682
74715
74718
74707
74694
74736
74787
74786
74804
74553
74353
74354
74317
74188
74190
74353
74375
74393
74406
74408
74415
74423
74421
74506
74515
74516
74518
74517
74518
74534
74530
74536
74534
74535
74535
74535
74535
74535
74535
74541
74584
74674
74491
74589
74466
74489
74493
74471
74534
74552
74551
74560
74565
74561
74558
74557
74562
74567
74545
74539
74542
74546
74582
74638
74661
74568
74645
74637
74707
74712
74766
74760
74766
74728
74728
74732
74733
74727
74725
74700
74602
74611
74612
74611
74589
74591
74605
74621
74557
74545
74540
74539
74542
74538
74534
74534
74530
74529
74524
74527
74529
74533
74531
74267
74266
74266
74266
74266
74266
74267
74267
74268
74267
74268
74268
74268
74268
74268
74272
74274
74274
74274
74274
74274
74273
74273
74273
74273
74273
74271
74272
74272
74272
74274
74274
74274
74272
74274
74275
74275
74275
74275
74292
74365
74311
74326
74447
74421
74439
74423
74406
74397
74401
74415
74441
74448
74433
74434
74437
74442
74443
74447
74449
74282
74282
74282
74282
74282
74283
74283
74282
74287
74288
74288
74288
74286
74285
74286
74286
74284
74284
74283
74283
74282
74282
74282
74282
74282
74290
74322
74361
74369
74433
74641
74656
74686
74757
74838
74875
74960
75004
75039
75188
75413
75623
75686
75927
76277
76475
76796
77029
77271
77352
77488
77596
77641
77700
78058
78503
78524
78814
78930
78968
78948
79278
79536
79535
79750
79808
79820
79833
79979
80076
80083
80105
80256
80309
80309
80504
80450
80441
80467
80664
80883
80886
80647
80602
80610
80361
79921
79203
79202
78504
77970
77959
77264
76784
76153
76148
75650
75050
75037
74564
74017
73631
73623
73213
72989
72984
75418
75189
74969
74953
74644
74387
74352
74023
73926
73592
73622
73276
73033
73058
72129
72046
71961
71980
71874
71979
71975
71816
71717
71605
71605
71406
71102
71093
70556
70146
69598
69595
69298
69090
69116
68872
68737
68734
68762
68704
68628
68638
68604
68759
68730
68720
68550
68671
68682
68521
68522
68542
68531
68460
68505
68514
68744
68770
68889
68893
68693
68739
68835
68836
69012
68943
68921
68737
68258
67839
67829
67068
66622
66592
65329
65263
65036
65039
65039
64927
64885
64841
64773
64838
64812
64841
64845
64833
64838
64879
64873
64878
64876
64803
64808
64814
64810
64822
64826
64840
64808
64775
64798
64827
64881
64874
64854
64880
64903
64904
64897
106682
184362
84742
143327
163430
163877
163687
158134
151936
181932
177701
183888
187181
185024
184768
177920
175840
177793
177393
168110
171011
167739
139836
143184
143482
136870
134582
129539
130306
122999
108428
107896
102481
100163
98937
90013
90868
96198
95444
96660
98977
90425
89450
87557
86171
72078
70560
70855
71014
70445
70336
70236
70205
70273
70322
70315
70233
70237
70240
70250
70256
70234
70232
70240
70244
70223
70219
70227
70362
70352
70350
84426
214475
228418
224344
225793
222495
218767
211653
222540
224301
222856
220019
216927
211928
209155
210087
208961
206541
223190
222308
222555
224497
210923
212266
213077
211700
212897
193065
72086
72043
72061
72025
72025
72025
72018
72042
72042
72042
102450
191862
186855
187504
187215
188415
165514
72173
72062
71989
71727
71403
71101
122286
187408
193806
187311
184911
175419
169144
166391
168262
194825
193187
183063
161741
160003
150958
122399
80245
98145
71704
71764
71726
71518
156570
212578
208452
198108
200682
195895
192966
196016
206025
207452
208012
204071
198564
196142
206458
206495
208286
207867
196695
153107
102576
103291
72203
72105
72105
72049
71745
71496
71381
71369
71511
71395
71343
71335
71172
71049
70943
70905
70961
70928
70907
70899
70876
70863
70813
70840
70835
70824
70826
70827
70855
70852
70877
70877
70720
70696
70674
70826
70808
70792
70790
70764
70667
70623
70677
70672
70758
70760
70737
70737
70758
70859
70939
71031
71370
71702
71827
72030
72117
72161
72237
72246
72263
72216
72213
72220
72225
72221
72146
72201
72225
72224
72224
72224
72224
72120
72121
72127
72128
72160
72144
72170
72217
72112
72028
72038
72093
72169
72131
72130
72111
72099
72105
72106
72104
72112
72116
72133
72161
72161
72166
72167
72162
72190
72215
72222
72243
72230
72252
72251
72207
72206
72231
72262
72119
72151
72155
72156
72177
72147
72104
72121
72147
72147
72120
72135
72131
72141
72159
72163
72162
72162
72113
72138
72137
72178
72177
72179
72183
72179
72175
72175
72174
72174
72175
72158
72064
72577
72650
72676
72651
80279
190535
201067
199391
198429
199658
199987
200408
198421
197913
196395
197465
195451
194798
194193
194829
194526
192681
191815
190467
188968
188441
167823
163270
164726
163777
163996
163822
205273
201417
204150
204343
204086
203394
203118
202330
191103
186973
187423
188100
189122
187373
187417
186907
185674
180626
182426
166580
120362
116316
113593
104343
74078
74037
74037
74031
74099
153621
201187
207568
203622
169994
103816
90892
78722
74212
74558
75367
77977
132161
222190
225951
221615
221075
220927
221884
220574
221385
221351
221993
221510
222254
221055
208344
200485
200507
200951
202010
200607
201155
201774
201064
201948
201575
200073
201531
202446
202152
200796
200206
196662
199870
199971
198861
198926
197229
198447
194143
176988
169549
162496
157527
162693
162328
163363
162530
164276
162978
162253
160901
158478
158386
159423
158279
157052
156361
156749
155381
154091
154407
152626
152657
148413
150752
150452
149639
145650
147743
146122
147616
147386
131040
103330
104272
114606
111654
111346
134596
209447
214845
212547
212252
211858
212309
211062
211988
212053
212158
208950
209845
209307
209674
208526
209539
209423
210181
208916
207099
208159
207918
208274
208038
208066
204901
175510
155417
147552
129382
110879
103491
84158
79713
82486
93188
98043
105524
112245
112859
113172
120821
148360
167528
170288
162673
133301
131732
142486
138883
128246
125319
155626
163898
170781
168228
167217
162771
169321
168369
168737
169392
169203
169253
167980
167574
167341
166534
166898
166452
166314
166435
165899
164714
162457
160877
158502
160084
160282
160417
160863
159553
157765
158561
156676
154548
155956
154771
139787
122456
126371
128602
132369
130799
130806
131750
128819
130791
130718
130129
131821
131405
129815
127959
126853
126921
126268
126096
123621
123971
122025
119372
118793
118288
116302
117309
115929
114960
112564
110857
112128
109597
111770
108553
108226
98407
81003
78917
78817
78814
78893
79131
78960
78837
78854
78773
78822
78821
78766
78759
78716
78719
78713
78729
78796
78723
78801
78833
78869
78887
78854
78791
78810
78810
78845
78862
78897
78933
78937
78866
78858
78858
78930
78771
78813
78812
81783
115827
115281
107506
106422
107347
107599
78826
78840
78816
78865
78875
78874
78875
78884
78879
78884
78889
78888
78888
78923
78894
78893
78889
78940
78934
78859
78872
78915
78921
78914
78909
78880
78839
78877
78876
78936
78919
78914
78900
78901
78937
78933
78930
78925
78926
78929
78899
78868
78867
78923
78917
78962
78883
78780
78783
78776
78776
78756
78704
78722
78713
78680
78683
78683
78697
78697
78697
78827
78906
78906
78866
78843
78844
78843
78818
78786
78785
78795
78792
78804
78791
78791
78790
78831
78831
78804
78760
78786
78790
78781
78781
78780
78821
78812
78807
78779
78809
78832
78907
78895
78840
78832
78766
78726
78740
78740
78819
78829
78826
78824
78835
78835
78794
78734
78732
78772
78738
78738
78692
78735
78735
78740
78740
78740
78785
78792
78788
78760
78757
78755
78773
78801
78805
78794
78768
78699
78802
78724
78729
78892
78908
78919
78912
78904
78914
78966
78970
78971
78971
78968
78968
78988
79022
79030
79031
79032
79025
79025
79034
79060
79050
79107
79061
79062
79061
79053
79041
78985
78984
79093
79094
79115
79085
78930
78918
79005
78987
79027
78966
78972
78978
79142
79110
79124
79142
79116
78890
79047
79132
79263
79191
79200
136514
180496
177914
177684
177824
177649
177862
178614
179103
177787
178225
177853
175569
173500
173241
174076
174338
168669
170226
168599
167837
168412
157982
159748
156704
156884
143670
147983
148084
146118
145421
140405
139754
137153
136538
134446
86754
94175
105032
116515
116444
116822
117738
113942
111232
110598
108151
106341
103846
101262
91277
94441
94761
90944
87028
87031
87032
87039
87199
91836
97321
101913
106858
109565
118175
119932
110983
121917
129002
125551
126055
122684
117799
116360
116200
114313
111455
107962
78874
83048
76919
76869
76814
76799
76787
76815
76847
76833
76846
76721
76736
76775
76774
76755
76747
76743
76751
76747
84013
151101
151453
149222
148619
148579
149047
149034
150370
151596
140148
140219
141308
141007
140734
140910
141897
144650
143863
142876
142524
142498
142674
143541
143442
143700
143090
143228
143782
143997
143757
145503
142199
132724
116933
117150
115834
113746
117045
118464
118347
115746
111647
108352
108385
109304
108187
103680
102602
95680
94112
93683
93698
93697
93508
93584
91842
96018
103994
96529
91691
88877
91422
94899
98369
99609
98962
90255
111424
144077
139354
139783
139732
139250
139415
140457
140312
139950
139848
140094
139886
139958
139914
139130
130578
130760
130696
130817
130856
128613
129024
128419
123418
123095
121558
122430
122572
121936
120488
119257
118912
116548
115910
115967
112808
112277
110895
109860
109039
107019
97869
97865
97485
95688
96071
96995
98099
93385
92176
80181
80140
80150
80149
80164
96700
96251
96589
95758
90422
87582
80111
80123
80122
80099
80114
80104
80095
80069
80099
80064
80082
80087
80088
80047
80054
80085
80100
80088
80093
80089
80194
80191
80100
79938
79936
79942
79964
79964
79964
80017
80079
80051
80023
80020
80035
80022
80072
80051
79953
80018
80049
80050
80049
80069
79980
79978
79979
79979
80025
80030
80004
80004
80004
80029
80092
80092
80059
80005
80003
80294
80596
80886
81025
81047
80546
82240
83160
83849
80357
79084
77747
70618
67905
64808
63954
63475
63596
63616
63618
63605
63594
63608
63680
63310
63359
63303
63312
63342
63313
63342
63315
63312
63313
63312
63317
63346
63432
63427
63343
63377
63380
63273
63272
63283
63322
63373
63383
63404
63366
63361
63370
63398
63425
63375
63387
63391
63391
63403
63381
63386
63398
63413
63357
63393
63392
63319
63359
63313
63355
63369
63398
63363
63303
63363
63365
63380
63373
63342
63342
63351
63295
63305
63310
63215
63213
63176
63149
63081
63081
63102
63108
63108
63145
63098
63097
63094
63094
63094
63201
179671
205589
141598
75573
121767
219972
212860
210191
210405
213466
115640
63347
63344
63326
63267
132523
214239
206772
203652
203163
203040
204091
203443
205466
205557
207284
210661
210633
213115
214673
214517
216724
217901
217549
219590
217493
212282
212775
213420
212953
213448
212576
213515
212012
213501
212713
211070
209447
209521
210139
211433
209661
209810
200317
66394
66146
66100
66079
66083
66105
66087
66079
189259
212438
209627
209808
210497
211734
212559
217119
215882
211557
212234
212431
213200
211937
204898
204879
203944
205671
206558
206992
206318
206951
206996
206442
206209
205032
200827
157661
79975
67055
67026
66995
66984
66954
66988
66975
66974
66977
67007
66973
67021
67013
66765
66775
66799
66854
66855
66788
66813
66812
66732
66723
66744
66725
66725
66725
66733
66771
66779
66781
66781
66780
66795
66790
66791
66791
66791
66791
66781
66780
66780
66780
66740
66740
66724
66724
66724
66724
66723
66696
66714
66723
66723
66723
66723
66780
66793
66764
66842
66832
66832
67015
67030
67030
67023
67038
67127
67115
67109
67110
67109
67105
66817
66801
66809
66781
66781
66781
66895
66774
66812
66814
66815
66871
66877
66897
66897
66807
66768
66744
66735
66727
66729
66741
66909
66976
66972
66973
66973
66978
66935
66929
66856
66864
66876
66874
66829
66824
66823
66818
66804
66775
66742
66737
66727
66727
66713
66718
66711
66698
66729
66727
66727
66718
66714
66684
66680
66705
66694
66691
66691
66690
66504
66511
66550
66543
66533
66533
66533
66539
66538
66534
66538
66538
66538
66574
66639
66648
66617
66601
66633
66610
66608
66639
66639
66639
66639
66639
66639
66639
66639
66639
66675
66656
66656
66659
66659
66659
66651
66675
66675
66675
66660
66660
66632
66631
66631
66633
66633
66619
66665
66665
66665
66665
66665
66691
66650
66658
66658
66673
66669
66677
66656
66663
66663
66663
66643
66626
66609
66610
66610
66610
66610
66611
66597
66597
66597
66572
66570
66547
66545
66545
66545
66534
66560
66560
66560
66560
66560
66560
66559
66568
66552
66551
66576
66576
66573
66543
66543
66543
66539
66524
66524
66524
66524
66524
66501
66492
66515
66515
66515
66520
66540
66554
66554
66554
66554
66559
66536
66535
66535
66532
66520
66550
66551
66551
66551
66535
66536
66449
66469
66469
66469
66469
66469
66463
66464
66461
66461
66461
66551
66617
66617
66617
66617
66640
66549
66549
66549
66549
66549
66493
66542
66539
66539
66539
66628
85260
258052
261970
263425
263994
274804
265997
254450
249341
248720
248531
249629
259132
268525
239898
237767
238512
246601
254150
240949
245330
254653
261232
250863
252839
259046
252698
261441
265915
261596
263390
262118
262503
261914
267003
266359
258708
259288
258167
254656
250637
251006
255927
252324
259461
257119
259992
265128
263844
267701
266359
271725
268193
269126
269756
261691
263589
262681
257381
260226
271968
316537
183358
77557
77543
77443
77362
77349
77339
77305
77347
77388
77412
77411
178730
201093
185493
186442
187634
184390
186092
187445
187154
187537
187695
194713
192563
183807
186231
184392
183061
180738
179018
179572
177385
172797
172275
175080
179283
183354
185829
185083
185700
183362
183080
182564
181687
181296
180745
180434
182596
186765
187675
186254
186264
185159
184723
184094
184197
184729
186249
187385
187190
185780
184680
192031
202528
190962
196019
209231
188638
186644
207431
207648
173130
162342
159972
163394
227472
183035
179527
180129
179820
179231
179910
179691
180095
185562
209808
183555
182079
181982
181429
180621
179875
179370
179734
182291
185713
188292
187089
183250
183006
181945
181796
185300
188529
190193
186305
185670
181897
182276
183392
187399
192173
192767
187852
190153
184415
183579
185645
185041
189214
193065
195517
194394
191753
197069
214486
153120
154075
139378
88818
88807
88868
88824
88779
88757
88738
88755
88733
88662
88657
88674
88686
88647
88669
88659
88647
153296
158264
155132
150657
147742
146908
146512
147692
148406
149648
149758
150050
149765
150821
150452
150528
150986
151920
152335
151221
151642
151377
151084
150881
148819
148867
156893
96155
90114
90111
90110
90111
90149
90051
90066
90086
90084
90084
90050
90150
90152
90089
90089
90122
90073
90073
90072
90071
90095
90100
90100
90106
90116
90116
90116
90099
90099
90096
90097
90085
90093
90092
90128
90127
90097
90079
90082
90080
90149
90134
90133
90147
90143
90131
90142
90216
90228
90107
90112
90112
90119
90098
90098
90085
90099
90100
90109
90113
90113
90113
90145
90149
90141
90140
90152
90163
90179
90152
90153
90157
90156
90129
90157
90157
90157
90155
90155
90155
90136
90136
90136
90136
90136
90138
90138
90138
90244
90244
90240
90221
90209
90209
90149
90162
90114
90209
90208
90208
90193
90173
90195
90280
90248
90209
90209
90209
90249
90251
90253
90208
90209
90156
90156
90149
90166
90124
90118
90144
90135
90126
90119
90087
90159
90159
90155
90160
90159
90162
90162
90162
90194
90185
90172
90181
90181
90176
90248
90252
90252
90244
90188
90188
90178
90206
90088
90133
90148
90147
90142
90142
90141
90141
149793
170535
166412
166145
165609
155273
154269
153705
152788
155151
154289
150068
152644
153452
154893
153720
153455
153576
151491
150860
152513
153322
154061
154258
153096
153505
154401
153809
153552
152159
153631
153488
93688
93541
93563
93555
93517
93515
93553
93568
93578
93589
93586
93634
205586
225195
226371
224571
225058
217683
93780
93780
93784
93775
132603
231056
209320
207869
205369
206451
207795
208314
209901
212365
213916
212972
211183
209589
208399
207143
205190
205447
204163
205311
208159
212119
218501
209914
203471
200050
203761
206712
206955
207176
206742
204883
201462
199424
197956
198394
197945
197412
196347
195082
196235
194964
196170
196882
197151
196714
196030
195191
194558
196856
200320
197263
202132
205573
198766
195187
194189
193844
195641
197465
194436
198453
192359
196548
193015
192293
194193
191805
190664
190787
191266
193649
192809
193499
197260
203927
210027
211696
204523
203291
202186
202116
227847
228927
226060
225344
225413
226264
224323
222630
223738
227977
225734
224013
224800
224126
225493
225522
226923
225179
223675
225714
225871
227547
227578
232364
228702
229191
227641
232683
224326
222483
223139
223582
221575
223111
225848
221027
220577
220105
220077
219920
220111
219916
220221
220642
222994
232714
233250
221914
220805
220359
219682
220134
231611
118713
97565
97514
97585
97582
97579
97504
97520
97530
97534
107097
97529
97506
97509
97520
97496
97496
97493
97492
97490
97491
97537
160794
159148
164994
151415
150737
150430
151062
151393
151792
155432
154766
155268
156029
156398
156916
157090
157363
158019
157512
156151
156526
158450
141477
141915
144676
146130
146281
147937
149681
151253
150273
151315
156186
100185
100197
99776
99975
100017
99943
99926
158204
160846
99857
99851
99797
160138
165048
161257
151510
146789
147149
159064
161234
162164
154061
148964
158384
163685
162725
156970
152748
161679
167163
167326
160251
153741
154770
167707
171460
168911
161890
155210
167436
151503
151823
135030
109616
109615
109601
174472
132439
154997
175169
171648
170673
176685
174050
173379
192413
193005
192707
178679
181715
182829
172461
168571
115902
111142
111111
111108
110848
110518
111115
122282
112667
108329
108326
108322
136654
156617
162132
162269
163219
164695
165147
165513
155006
156450
156257
155689
154851
153114
110464
110449
110431
110432
110439
110592
110617
110598
110569
110534
110530
110551
110552
110542
110535
110538
110541
110543
110536
110536
110531
110174
110176
110179
110179
110172
110172
110166
110167
110167
110183
110184
110185
110175
110173
110173
110175
110175
110175
110175
110175
110175
110175
110175
110175
110175
110175
110175
110175
110175
110175
110160
110160
110159
110159
110157
110158
110161
110158
110153
110152
110144
110144
110140
110148
110149
110178
110176
110177
110188
110179
110183
110189
110177
110176
110179
110178
110179
110187
110185
110185
110165
110170
110163
110161
110163
110159
110156
110151
110153
110151
110151
110146
110145
110142
110143
110137
110140
110140
110141
110143
110144
110145
110149
110149
110146
110141
110140
110141
110144
110149
110194
110196
110189
110184
110182
110196
110200
110197
110196
110196
110194
110193
110193
110195
110193
110199
110204
110201
110211
110225
110228
110243
110243
110248
110247
110251
110253
110254
110257
110255
110246
110247
110257
110255
110257
110273
110275
110274
110286
110288
110296
166598
168346
162861
161568
157877
154388
147794
140384
157695
156339
156690
151553
146404
120963
112745
112746
112747
112750
112749
112635
112634
112641
112639
112641
112635
112637
112640
112641
112638
112637
112642
112640
112636
112632
112658
112656
112652
112636
112636
112637
112635
112631
112631
112630
112630
112627
112622
112619
112618
112620
112619
112622
112614
112613
112616
112617
112617
112617
112614
112616
112619
112618
112618
112623
112628
112628
112625
112628
112628
112626
112626
112626
112627
112627
112627
114481
112628
250090
226524
177590
122257
126266
126383
126759
129106
132002
132810
129728
131546
135295
172346
234230
229543
227175
225607
227737
233623
226259
148343
141295
141278
141266
141274
139756
132347
124837
124708
124683
124682
124659
124657
124656
124654
124642
124639
124631
124630
124637
124633
124634
124626
124622
124618
124603
124593
124602
124603
124603
124600
124594
124601
124598
124595
124595
124597
124598
124593
124584
124575
124432
124430
124431
124431
124430
124430
124430
124430
124428
124428
124428
124428
124429
124427
124429
124431
124431
124432
124428
124428
124428
124418
124418
124419
124420
124419
124420
124419
124421
124430
124443
124440
124441
124431
124431
124432
124432
124432
124436
124441
124439
124439
124439
124440
124441
124443
124442
124439
124439
124436
124433
124436
124435
124434
124434
124434
124431
124431
124426
124425
124429
124428
124428
124427
124427
124429
124429
124429
124427
124428
124430
124430
124430
124430
124430
124434
124435
124439
124441
124441
124444
124450
124449
124448
124447
124450
124447
124449
124445
124446
124441
124444
124446
124446
124440
124437
124437
124437
124438
124445
124444
124446
124445
124446
124444
124444
124441
124440
124435
124435
124433
124440
124440
124439
124441
124440
124440
124435
124432
124432
124393
124396
124396
124396
124396
124397
124397
124397
124399
124399
124399
124400
124400
124400
124393
124377
124377
124375
124377
124375
124366
124369
124369
124370
124367
124371
124369
124375
124375
124372
124390
124390
124393
124396
124397
124398
124397
124400
124399
124396
124398
124398
124399
124400
124410
124418
124417
124419
124419
124419
124407
124399
124401
124400
124400
124400
124401
124399
124399
124403
124395
124395
124393
124396
124395
124395
124395
124394
124394
124394
124395
124395
124395
124395
124395
124393
124393
124393
124393
124393
124393
124393
124392
196764
200294
198439
197211
189745
190228
190146
192463
193020
194603
194277
193025
192815
193490
194669
195668
196747
199280
200520
197391
198398
201328
202329
199313
200434
199229
200775
198015
197494
203102
197800
197564
199277
201011
201635
192224
135453
128874
128856
128845
128843
128827
128826
128812
128833
128830
128818
128799
128802
128775
128765
128750
128743
128750
128758
128761
128754
128756
128756
128748
128751
128758
128755
128764
128767
128754
128739
128755
128757
128757
128764
128768
128762
128763
128762
128754
128771
128773
128774
128776
128776
128786
128768
128760
128767
128770
128767
128780
128765
128774
128766
128768
128769
128768
128764
128767
128770
128790
128788
128788
128784
128784
128782
128782
128772
128780
128777
128776
128776
128775
128774
128775
128775
128777
128779
128783
128774
128773
128770
128770
128772
128772
128776
128789
128790
128789
128785
128783
128786
128787
128787
128787
128785
128780
128780
128780
128780
128777
128777
128782
128774
128775
128784
128784
128776
128778
128773
128776
128777
128776
128780
128778
128778
128778
128775
128785
128776
128806
128801
128809
128811
128800
128797
128794
128793
128791
128790
128794
128791
128792
128789
128786
128771
128772
128775
128771
128770
128764
128763
128769
128772
128774
128772
128772
128773
128774
128768
128752
128754
128754
128756
128756
128757
128759
128759
128755
128754
128754
128755
128761
128752
128748
128764
128762
128764
128762
128754
128753
128754
128757
128758
128755
128756
128755
128755
128757
128756
128748
128756
128752
128752
128751
128746
128747
128744
128744
128743
128744
128739
128738
128738
128741
128741
128741
128733
128738
128735
128737
128738
128742
128745
128742
128745
128732
128727
128722
128726
128763
128765
128764
128766
128766
128767
128767
128767
128767
128767
128766
128765
128765
128765
128767
128763
128764
128768
128767
128767
128775
128767
128767
128767
128763
128764
128767
128768
128769
128771
128767
128778
128774
128774
128775
128777
128777
128780
128781
128778
128778
128779
128780
128775
128780
128769
128768
128768
128766
128760
128757
128756
128756
128755
128757
128760
128766
128763
128762
128757
128716
128715
128715
128715
128715
128715
128712
128712
128712
128715
128715
128713
128715
128713
128723
128719
128719
128723
128729
128728
128729
128728
128730
128729
128729
128729
128730
128733
128727
128723
128729
128732
128736
128736
128737
128736
128733
128731
128730
128731
128728
128729
128726
128727
128730
128709
128702
128703
128704
128705
128697
128694
128695
128694
128691
128690
128692
128689
128690
128682
128717
128715
128712
128713
128712
128712
128708
128706
128705
128708
128707
128706
128708
128710
128708
128721
128717
128714
128714
128714
128720
128721
128720
128716
128718
128718
128719
128719
128711
128712
128729
128725
128730
128729
128724
128719
128723
128725
128724
128722
128723
128729
128727
128728
128727
128719
128722
128722
128719
128719
128718
128718
128719
128720
128719
128720
128712
128712
128710
128708
128764
128767
128769
128767
128767
128767
128767
128767
128767
128768
128769
128770
128770
128770
128768
128765
128765
128765
128765
128765
128766
128766
128766
128766
128766
128766
128767
128767
128767
128767
128758
128758
128757
128757
128756
128755
128755
128758
128760
128760
128760
128759
128760
128758
128757
128750
128753
128755
128756
128755
128757
128757
128760
128758
128756
128755
128764
128762
128760
128754
128740
128742
128743
128743
128741
128741
128736
128737
128737
128740
128730
128731
128728
128728
128730
128741
128744
128745
128746
128751
128749
128750
128746
128750
128750
128752
128756
128756
128756
128755
128723
128723
128731
128724
128723
128724
128724
128724
128719
128718
128718
128718
128719
128724
128723
128719
128708
128710
128709
128706
128711
128711
128711
128712
128713
128710
128703
128705
128704
128706
128722
128724
128726
128729
128727
128727
128727
128725
128724
128725
128727
128726
128727
128725
128726
128727
128727
128727
128729
128729
128731
128731
128730
128725
128726
128726
128726
128725
128724
128725
128781
128781
128782
128782
128782
128780
128780
128780
128781
128782
128781
128781
128781
128781
128781
128785
128783
128788
128788
128788
128789
128787
128786
128783
128782
128784
128781
128775
128776
128773
128765
128763
128766
128762
128766
128768
128767
128766
128769
128768
128766
128765
128766
128764
128767
128761
128770
128769
128769
128767
128773
128772
128773
128771
128770
128772
128772
128772
128773
128771
128774
128772
128772
128772
128772
128767
128768
128767
128763
128763
128763
128765
128762
128762
128762
128777
128774
128757
128759
128758
128758
128761
128761
128757
128761
128764
128765
128765
128763
128761
128755
128760
128761
128760
128760
128760
128760
128760
128760
128760
128759
128758
128758
128758
128758
128757
128753
128754
128755
128755
128756
128759
128757
128758
128753
128751
128750
128756
128758
128759
128771
128770
128772
128770
128769
128769
128769
128765
128763
128762
128762
128762
128762
128760
128758
128763
128764
128765
128770
128772
128772
128772
128770
128771
128770
128766
128770
128770
128770
128770
128792
128798
128798
128793
128795
128779
128778
128784
128784
128784
128785
128791
128789
128791
128790
128790
128784
128787
128784
128782
128784
128787
128788
128789
128788
128787
128787
128788
128787
128789
128741
128740
128740
128738
128741
128741
128741
128741
128741
128743
128744
128744
128744
128744
128744
128738
128738
128737
128737
128737
128735
128734
128734
128734
128734
128734
128735
128736
128737
128737
128737
128738
128738
128739
128739
128739
128739
128739
200208
203931
205878
203237
199144
198031
199997
189966
189590
189333
188322
186910
190422
191367
191721
195339
196517
198808
199178
193174
193364
188517
185887
183871
183398
185755
202187
203349
211932
209828
209208
212509
202509
200723
200561
202825
203224
201293
200020
204888
207379
208164
201191
198218
197253
198139
201187
204369
204979
202206
200503
200746
199063
200174
203235
207679
208622
211509
209726
214322
215996
214900
213555
212602
215116
240905
182672
199247
200304
205562
204824
205918
209661
210940
210989
207696
201479
198725
201270
204377
225791
157369
138166
138163
138174
138174
138170
138160
138149
138137
138138
138139
138138
127352
116772
109177
108032
107404
106605
107074
107295
107288
158303
158561
158274
156282
155342
158058
158086
154892
149981
154918
148339
143512
160661
168021
164365
161586
160013
157816
158363
152614
108842
108836
108819
108821
108800
108775
108796
164380
115850
161835
160638
159815
161213
162602
161708
160384
158990
152418
153590
153450
152650
153912
153084
153628
140777
141171
140571
142869
142024
144174
141462
137514
138370
136658
111803
111824
111824
111812
111818
111811
111796
111776
111782
164112
161471
157815
111813
111791
209509
210271
205545
205613
211893
197408
199875
203621
198724
199413
201545
200359
202223
205043
201107
180791
114686
114663
114655
114656
114653
114644
114637
114483
114553
225697
217957
214009
209290
208707
204996
200751
200501
205220
209518
207341
199813
202376
211733
219578
220655
216676
219771
219257
219493
222657
220226
219567
210620
207951
208825
208197
203383
203046
197417
196183
194727
198414
198866
201809
197271
224603
118585
118589
118591
118596
118596
118602
133914
149380
148270
150099
153575
156756
152463
151755
155038
156095
157563
156259
153397
156023
155039
155600
152568
127569
120014
120182
142876
143613
120338
120559
120509
120461
120459
120459
120466
120458
120458
138251
122074
120792
129337
216612
222835
219921
221190
212004
206387
206261
195107
201754
192977
176175
176034
179413
178054
177781
179859
186040
187368
185852
184347
178375
178115
178305
179185
190733
189768
190448
188428
182310
180540
181315
181387
181979
192184
195131
192624
179279
165168
171330
170000
173142
173804
169200
168595
166866
170097
179108
176500
177566
179032
185207
183734
179896
172767
164346
166115
168008
170095
172387
165638
162307
160098
160256
158940
159385
162616
168850
183836
184057
185902
179096
176692
171792
143083
133891
133887
204962
207423
203966
204023
164816
134775
134762
134773
134744
134744
134758
134747
162995
160189
161241
170014
164385
161410
162183
161569
165660
135162
135165
135247
134948
134938
134936
134944
134942
134946
134952
134937
151807
144337
162443
171410
168071
172256
172477
172076
171988
171394
170764
162228
163065
162273
161422
160000
157765
155193
153954
153568
151586
150010
149548
147091
137794
146534
137829
137826
165296
166637
166604
166131
164892
163160
156481
139510
138756
138794
138788
138798
138801
138785
138814
138815
144258
140724
154087
143794
141891
148432
152948
155831
155127
154541
151981
152121
150275
148853
148254
146785
153336
161480
162023
162690
142865
144435
143252
144022
145598
140300
140318
140290
140290
140256
140230
152524
140259
140242
140248
140279
140277
140256
140243
140226
140229
140231
140234
163396
142237
140190
140194
139648
139648
139640
139692
140749
143207
152039
158401
145125
158196
159531
159123
160348
157088
158018
158575
158583
158641
157466
156845
150062
151610
151332
149611
149573
148704
147258
146288
143341
144302
143378
143571
142836
142761
142718
142724
142458
142151
142922
141637
138586
137855
137502
137494
137486
137466
137456
137455
137457
137438
137460
137445
137449
137445
137446
137438
137444
137437
137440
137443
137218
243839
278370
275834
273773
268529
268138
264171
259952
177351
177527
179413
164003
140283
140269
140214
140270
140617
141753
143412
145189
146775
148901
150796
152132
152230
152154
152150
152133
152128
151853
151657
152074
152532
152642
151589
151694
151647
151651
151665
190531
269126
261171
262194
261820
253832
246789
224705
262483
261946
261216
262963
261948
243460
220026
204689
170035
168039
173882
177642
174217
170725
167568
165585
164691
163001
162356
162236
162211
162181
162194
162189
162182
162181
162172
162150
162147
162146
162144
162144
168736
168967
169544
169520
168762
168766
165695
162753
161946
160516
155794
156224
155739
156393
155136
155171
150878
150747
150817
150814
150811
150790
150779
150878
150977
151307
150973
151128
151186
151159
151154
151145
151145
151151
151399
150998
150767
151126
151184
149948
148601
148844
145562
145182
145071
145006
142288
138670
133207
128474
121176
115131
109514
101749
93677
89656
86591
84834
83521
81686
78675
77634
77361
77206
77222
76554
76586
76520
84392
98487
98576
99038
99163
85499
76829
76273
76270
76267
76268
76296
76327
76087
76294
76328
77569
79045
78782
78454
78334
77913
77702
80088
85281
85295
85355
85489
85525
85501
85454
85401
85484
85446
85437
85478
85391
85345
85282
85263
85332
85244
85210
85238
85307
85346
85337
85409
85413
85340
85322
85356
85242
85237
85231
85242
85234
85217
85193
85185
85221
85228
84992
84977
85020
85009
84991
84991
84954
84954
84941
84967
84958
84880
84845
84846
84845
84856
84888
85008
84964
84971
84985
84984
84936
84964
84987
85050
85061
169254
252287
250608
244502
241445
240236
239772
239937
242369
236207
234934
235782
234764
234913
235079
235614
230508
229508
230667
230126
229465
228935
229990
228676
227579
227156
223783
218884
218314
219440
217908
217949
216300
217322
216577
216544
216449
217174
216952
215712
215415
216875
216031
215126
216060
216377
215563
215248
216095
214903
215559
217130
226303
206749
108932
93598
93427
93396
93373
93357
93327
93319
93329
93388
93371
93267
93249
93271
93266
93259
93314
93346
97619
180401
202044
209618
207470
206358
206227
205573
205502
205740
205387
205953
205229
205044
205361
205231
204929
205441
204866
204699
205370
205457
204863
204778
204471
202121
196849
196437
197537
197077
197228
197473
197641
197068
196974
197051
197076
197130
196755
196431
196041
196833
196548
196138
195067
192420
192064
192381
192102
191983
192349
191943
191860
192026
192259
192600
191003
191399
190683
189929
189705
190003
189470
190069
189917
190245
190002
189566
189816
189586
189066
189686
189511
189408
189434
190013
189785
189380
189323
188872
188663
189429
189103
191000
197927
152232
97154
96598
96689
96735
96726
96670
96668
96636
96641
96639
96708
96657
96606
96592
96581
96531
96495
96534
96562
96602
96629
96615
96634
96621
96555
96473
96425
96445
96460
96459
96462
96265
96286
96336
96333
96336
96335
96334
96323
96299
96365
96354
96327
96326
96333
96350
96323
96270
96252
96247
96211
96211
96222
96206
96227
96045
96042
96039
96054
96072
96038
96021
96021
96021
96021
96067
96074
96114
96112
96113
96098
96067
96065
96025
96016
96016
96017
96017
96064
96064
96064
96064
96063
96063
96063
95838
95809
95838
95846
95906
95982
95871
95862
95866
95844
95867
95843
95785
95781
95738
95741
95735
95708
95751
95775
95759
95736
95778
95815
95814
95803
95794
95776
95775
95806
95735
95724
95709
95674
95643
95640
95638
95707
95676
95671
95671
95647
95604
95583
95590
95664
95632
95718
95709
95738
95681
95666
95629
95766
95684
95573
95570
95542
95540
95541
95502
95508
95508
95506
95543
95523
95512
95506
95547
95559
95605
95625
95616
95630
95570
95585
95545
95547
95490
95475
95473
95485
95515
95498
95515
95517
95522
95534
95530
95532
95537
95479
95499
95503
95505
95483
95464
95472
95470
95525
95611
95613
95587
95621
95574
95632
95647
95651
95572
95567
95567
95580
95522
95458
95462
95471
95531
95553
95588
95598
95631
95605
95605
95605
95601
95668
95595
95570
95607
95607
95609
95609
95692
95919
95944
95982
95983
95950
95842
95840
95841
95880
97335
97376
97379
97381
98361
98427
98427
98425
98467
99644
99663
99673
99672
100552
100518
100489
100473
101195
101145
101185
101259
101595
101583
101530
101561
101612
101753
101740
101719
101711
101754
101745
101736
101739
101773
101827
101766
101790
101843
101762
101732
101744
101727
101704
101744
101728
101742
101935
101890
101892
101892
101895
101634
101814
101799
101790
99621
99572
99583
99547
97283
97286
97184
97186
95863
95879
95878
95865
95891
95789
95732
95732
95720
95640
95697
95701
95690
95738
95686
95700
95692
95680
95668
95620
95587
95598
95625
95642
95647
95620
95595
95598
95598
95598
95599
95551
95557
95556
95618
95631
95624
95641
95693
95652
95584
95601
95601
95607
95648
95567
95561
95570
95626
95690
95641
95641
95653
95663
95664
95666
95671
95641
95638
95632
95636
95646
95640
95609
95618
95619
95617
95619
95619
95580
95521
95505
95505
95516
95508
95512
95516
95508
95475
95501
95520
95515
95526
95492
95505
95500
95496
95621
95648
95642
95632
95494
95503
95505
95633
95629
95605
95598
95581
95553
95494
95497
95491
95489
95442
95468
95465
95463
95465
95623
95627
95642
95643
95648
95651
95645
95684
95568
95531
95539
95552
95512
95562
95559
95638
95650
95635
95640
95668
95621
95642
95635
95626
95614
95576
95485
95500
95501
95559
95690
95683
95688
95689
95678
95656
95654
95666
95655
95590
95587
95586
95589
95600
95588
95574
95629
95613
95608
95624
95623
95563
95527
95527
95517
95489
95550
95552
95551
95604
95684
95718
95701
95687
95579
95656
95645
95622
95705
95715
95709
95699
95549
95530
95526
95494
95513
95542
95518
95521
95539
95608
95651
95684
95704
95649
95631
95630
95627
95717
95685
95643
95598
95593
95633
95618
95616
95612
95627
95596
95600
95598
95633
95631
95629
95712
95739
95660
95679
95661
95649
95641
95692
95693
95696
95666
95671
95671
95666
95649
95558
95555
95552
95552
95560
95544
95542
95542
95540
95540
95540
95540
95540
95540
95540
95627
95625
95669
95527
95528
95533
95596
95631
95604
95603
95608
95580
95580
95568
95597
95658
95680
95680
95725
95609
95619
95637
95707
95764
95772
95769
95771
95762
95641
95640
95769
95739
95690
95676
95674
95650
95634
95628
95613
95613
95624
95598
95558
95558
95552
95503
95466
95473
95475
95511
95478
95478
95480
95445
95511
95511
95583
95594
95606
95696
95617
95684
95651
95656
95673
95704
95724
95931
96068
95657
94473
94310
94071
94119
93997
94016
93046
91589
91432
91409
91394
91371
91275
91359
91358
91340
91363
164761
188914
193875
192609
193819
194106
189660
192542
188875
187159
188016
185305
184800
185004
183500
182907
184342
183865
183025
181034
179150
179269
181488
179439
181481
180666
180366
179222
181159
180596
181597
175726
178311
177963
178662
178339
177713
178045
177732
177942
178213
178571
178129
168570
111182
95027
94908
94975
95021
94997
94984
94980
94975
94900
94854
94851
94908
94921
94941
94943
94850
94860
94806
94827
95452
95851
95955
96006
96064
95884
94790
94769
94752
94786
94777
94775
94766
94739
94686
94704
94742
94784
94788
94792
94750
94717
94661
94661
94719
94755
94756
94790
94816
156961
159540
157405
157114
157662
157756
156945
156447
156873
156726
156129
156714
156563
156803
156590
157857
156685
157592
157212
157107
158374
158822
158755
156328
140028
95887
95874
95758
95755
95837
95848
95832
95883
95892
95889
95827
95824
143121
152960
153800
153605
153582
152883
153344
152761
153347
153880
153427
154347
154136
154165
154154
153658
154268
153601
153460
154202
153034
153120
151635
152697
152618
151219
151156
150611
151204
148423
145774
154207
154311
150967
151284
151216
152526
154480
154157
154682
150962
151249
151002
151325
150469
150322
150377
150058
150403
150432
149643
150002
149838
149842
149933
149325
147779
146524
149336
150884
149563
149705
149242
148561
148707
148315
148837
149011
149816
149406
150420
152782
157671
113285
97981
97860
97844
97790
97774
97748
97762
97785
97752
97920
97881
97854
97779
97798
97828
97842
97870
97851
97894
103099
115165
117204
116938
117288
117122
114344
113354
114005
115354
116205
116942
117622
119186
120313
120633
120081
118608
117455
116379
117670
120696
121796
121980
122154
122133
121314
120580
118509
122346
122161
122047
121868
122212
122700
122869
121667
121553
121902
122483
122578
122894
123115
119290
117007
117144
117959
118041
117725
118408
117102
116457
117798
118038
118209
117403
116218
115627
116626
117477
118191
117351
117827
120659
119514
123199
122254
121475
121852
121879
122490
120050
119563
120343
120429
119627
120223
119797
119032
119059
121073
122766
120657
120922
120736
120835
120979
121451
121656
121955
122225
122663
123243
123350
121569
107189
100909
100824
100809
100793
100603
100581
100588
100582
100554
100549
100560
100602
100577
100591
100893
100907
101295
101801
101690
101663
101665
101664
101664
101664
101663
101628
101622
101617
101609
101648
101644
101643
101642
101642
101642
101644
101648
101614
101607
101607
101607
101607
101607
101607
101174
101210
101266
101272
101255
101245
101247
101247
101250
101246
101246
101232
101212
101220
101133
101147
101115
101120
101116
101116
101104
101138
101095
101087
101093
101120
101121
101122
101124
101122
101230
101259
101205
101187
101187
101186
101191
101190
101192
101188
101229
101240
101132
101124
101096
100909
100939
100941
100941
100935
100935
101000
101075
101057
101057
101055
101052
101056
101059
101032
101106
101164
101199
101200
101199
101202
101199
101198
101199
101204
101197
101238
101240
101239
101255
101238
101186
101187
101187
101196
101114
101111
101102
101099
101096
101095
101097
101095
101097
101099
100966
100900
100896
100895
100895
100897
100897
100897
100897
100900
100914
101000
101042
100999
101006
100941
100937
100952
100998
100973
100934
100902
100900
100902
100903
100904
100904
100904
100901
100912
100978
101012
101018
101016
101015
101016
101016
101017
101016
101035
101126
101125
101128
101129
101136
101132
101137
101137
101122
101158
101165
101181
101172
101168
101165
101164
101165
101163
101157
101083
101003
100973
100959
100959
100979
100979
100981
100968
100962
100923
100929
100948
100942
100935
100934
100878
100879
100883
100974
101009
101043
101025
101030
101031
101034
101034
101034
101034
101087
101076
101136
101169
101166
101166
101166
101166
101166
101161
101049
101087
101061
101071
101071
101072
101050
101004
101025
101116
101144
101167
101168
101167
101167
101167
101168
101168
101180
101135
101183
101206
101177
101183
101183
101182
101180
101181
101184
101304
101301
101308
101309
101297
101283
101260
101287
101259
101232
101211
101127
101113
101125
101124
101125
101128
101127
101128
101133
101135
101098
101114
101158
101150
101141
101141
101141
101116
101185
101330
101331
101316
101316
101316
101316
101316
101265
101259
101184
101138
101130
101107
101107
101107
101107
101107
101107
101076
101092
101170
101158
101202
101247
101260
101264
101269
101266
101288
101266
101230
101225
101251
101225
101220
101204
101207
101226
101104
101083
101071
101094
101095
101095
101092
101093
101093
101088
101085
101090
101073
101076
101093
101071
101081
101081
101081
101078
101116
101083
101078
101080
101080
101080
101078
101080
101078
101101
101016
101007
101001
101000
101002
101002
101002
101002
101002
101047
101046
101154
101155
101162
101097
101236
101188
101178
101119
101076
101064
101078
101102
101093
101036
100996
101105
101097
101107
101124
101217
101246
101248
101229
101252
101192
101198
101183
101112
101077
101174
101116
101160
101143
101096
101104
101051
101008
101015
101085
101047
101070
101029
101070
101140
101110
101117
101079
101079
101066
101095
100982
100944
100949
100961
100924
100910
100955
100919
100922
100926
100896
100883
100978
100978
101067
101075
101098
101113
101049
101034
101017
101112
101095
101143
101131
101126
101123
101210
101217
101199
101274
101279
101318
101279
101271
101280
101268
165583
173772
175617
178820
176290
167636
167724
166671
165388
164553
164078
163931
163528
163790
165362
166860
167312
167821
167283
166795
169522
177620
172290
169861
166952
164277
161145
160018
159939
158690
158805
158630
158487
158103
157854
157370
157110
156391
156095
155975
156034
156114
156004
155613
155518
155340
155221
160109
160450
160649
166094
165949
165700
167262
168134
168060
161837
163280
164457
163015
162203
161652
161427
161818
163152
163502
162674
161994
163199
162766
162140
160884
160317
160175
161163
163474
164821
165265
165016
165113
163490
161639
161256
161244
163228
165502
166543
166814
166734
166082
164320
163175
162697
164210
163480
164199
165987
168312
169806
170556
168338
167555
165583
166965
165606
164793
166167
170666
170529
170645
170733
170830
170396
169783
168726
171026
180178
107248
106965
107057
107083
107088
107120
107166
107171
107165
107119
107083
107073
107068
157542
184166
176949
176691
175511
176043
175346
177524
177307
178189
178092
178143
177142
178254
177320
177599
178481
178900
183584
111634
107809
107806
107799
107775
107798
107733
107733
107427
107420
107391
107386
107426
107456
128407
158565
155781
158017
160128
161452
162665
163512
166217
165798
164354
117963
125720
155189
145941
143784
142580
142574
144417
143401
142977
143818
142671
145770
145562
141994
144579
143505
144694
142693
145493
144539
143518
145283
144890
147189
147275
147866
146297
148996
149273
146396
147517
149808
149256
153146
107764
107770
147053
148939
149047
153416
152704
107710
107356
107406
107411
107376
107377
107339
107317
107291
107285
107299
107329
107393
115842
134777
152824
143324
135760
134372
133494
133861
135062
135771
135510
136456
139688
136161
135236
135996
136199
136423
137327
137326
138050
138541
139920
138701
136948
138019
138326
138287
139540
139206
139318
139809
139639
140381
140034
139689
138860
139623
139298
139185
140101
141223
141912
149931
144190
143984
142905
144299
144597
144938
144671
144960
144612
145953
145273
145197
145652
144926
145816
144072
151389
127253
110713
110434
110398
110431
110504
110489
110478
110475
110486
110483
110476
111182
119426
118235
117922
118038
119095
118977
119171
118956
118870
118521
117804
117494
117413
113959
111368
111331
111372
111363
111355
111267
111252
112214
119520
130062
130443
130270
131234
131800
132038
132197
132179
131479
131474
131891
131622
131321
131152
131245
131238
131267
131214
130982
130773
130460
127758
124578
118915
119102
120952
122528
123114
123503
124062
124944
124852
124776
124779
124699
123551
172272
359073
389072
380176
377103
376208
376462
373072
369146
366931
361045
365472
342420
338708
336299
335983
334624
332019
328578
327620
328203
324077
320565
322320
330338
377980
374589
373502
374104
371624
370256
366006
360109
348679
345302
344365
342013
338722
339196
340264
332085
331692
330197
328995
342239
323333
319583
321593
319567
318373
317439
318581
317375
316913
316470
317174
317458
316838
318744
317300
323432
365754
168099
130500
130674
131201
131341
131587
131828
132074
132105
132140
132199
132207
132238
132224
132219
132223
132223
132226
132177
132199
132167
132162
132166
132162
312732
309675
308484
307974
308274
309168
310842
312582
313847
314229
316200
317954
315853
315793
317035
317859
318448
317661
313708
312445
311760
310268
308632
307246
305699
305309
305350
305921
306117
306764
307559
318353
313417
310926
310037
309248
311828
311794
309887
309089
308547
306123
306610
305670
308274
308770
309607
310932
310512
312986
322591
324912
322750
330029
331019
321042
319142
318087
317391
316921
317895
319095
320725
321818
322985
323845
324238
324922
324802
324317
322987
323179
322253
320668
319704
319011
318318
317182
315498
314277
313026
313295
315054
319753
319762
318559
318129
318194
317937
319055
320967
320286
320336
320319
319968
320561
326301
346852
333417
329031
327925
326621
325425
324456
323007
323160
323506
323962
320181
320868
331603
324528
323047
324864
323148
322584
320514
317950
315576
318663
316328
314851
313309
320097
321248
321673
321357
321492
322813
323384
323425
331182
326952
325989
325236
325047
335511
326930
324789
324128
323338
323218
322921
323531
323444
323430
323972
325990
328690
328957
327559
333294
326905
329053
319838
320012
323240
321966
321474
321284
320201
321255
321038
321293
321391
322170
328985
323508
322666
321812
321257
320665
319020
314948
313773
313544
312684
311694
311513
312204
314582
315155
305515
307571
304832
328776
327397
330922
332044
329091
327387
326714
325666
331140
332440
335654
337930
354421
345580
191888
140183
140101
139987
139957
139712
139671
139626
139473
139466
139460
139441
139447
145898
201955
311427
341300
335225
326721
324569
324112
324044
323747
325731
324585
324916
325790
325608
325863
327061
327221
327702
327564
324800
325318
324541
324188
323330
321974
321464
322366
321201
321395
321758
323045
320204
322302
313378
141344
140874
140504
140443
140427
140340
140281
140261
141007
140228
140212
140207
140209
140225
140185
140184
140187
140227
230895
294008
326442
310972
309079
308669
307879
307001
307738
307182
307894
307750
308161
308268
307955
308097
307937
310070
307036
305610
304242
304454
305548
305421
304490
304654
304703
305329
305576
306151
306755
307555
311567
338963
176229
141915
141664
141574
141511
141528
141487
146308
182601
266673
287528
279210
278468
279237
278385
279797
300206
312650
311457
311743
307469
308818
308936
309964
307585
307100
306753
304999
305064
305316
305428
304578
305277
305953
305071
305063
305020
304468
304171
303842
304388
304354
303862
303416
302832
302577
302955
302771
302995
301792
301843
301578
302263
301610
301975
313736
304620
302630
302286
302154
302304
301805
301979
301808
301443
301199
301103
300695
300423
300809
301410
302888
305089
301700
301128
301014
301304
301127
300808
300855
299794
299309
300120
299331
299876
302333
311571
307047
301959
298488
296966
296988
303135
302434
300848
298850
297990
298653
298214
297655
298693
297809
298403
298802
298308
298138
298676
297973
298530
298073
297618
297542
298315
297806
298286
298261
298996
297987
298610
302426
311709
146078
146058
145902
186470
308710
306157
149786
146155
164675
329248
328454
327628
321079
311171
315278
312617
315461
313139
303820
148670
148581
148602
258675
296129
295433
296960
298425
295192
294899
293091
295076
292836
150681
150591
150539
150495
274681
282449
281774
286800
291888
288184
284378
280635
280995
280664
294935
285944
286356
285786
287691
287109
288517
303212
303435
299045
305216
296003
297905
294962
293803
295184
295643
296028
296182
297712
301400
300625
300343
296712
294866
302299
314935
177251
156139
156055
155772
249710
259024
260202
260582
277703
288074
287118
283882
281196
280362
280629
282512
275897
174809
169607
245617
245815
152410
146683
146615
146534
146331
233366
318708
315567
316780
315562
316218
314924
314382
311760
308891
307534
307441
308016
316963
161849
145572
145583
145680
275879
272154
272179
275928
276231
276556
276355
273136
272856
271860
322194
147278
304340
288361
289018
288957
270133
146974
146890
306968
297189
298540
299696
300622
299349
299609
300052
299491
322279
147668
147694
147690
147663
147739
279072
265063
268894
269341
270183
148226
254756
261225
263755
294650
153033
148056
148032
147936
147850
147826
147817
184454
235000
235334
231051
240507
243878
249413
250894
252325
240019
240657
241121
240611
240820
236330
234454
236578
235633
235893
236383
234554
232371
231630
231115
230433
233161
229674
230031
230398
230119
229694
228496
228206
227801
227594
232818
235307
231801
227131
226647
243674
242872
238632
244036
152892
152857
152792
152750
152690
152656
152644
152735
152781
152757
152754
152768
152757
152742
152680
152689
152638
152687
152670
152671
152671
152671
152637
152681
152751
152734
152723
152727
152708
152709
152645
152746
152642
152210
152319
152304
152389
151894
151333
151074
151047
151374
151328
150978
151174
150759
151161
151143
150739
150795
150601
150392
150727
150696
150692
150713
150698
150677
150693
150695
150687
150571
150579
150618
150641
150580
150735
170871
359680
373268
353549
349702
346098
340877
332216
323539
316083
301992
288129
284630
285820
279661
274908
270867
270213
268641
265699
264915
261873
261920
306568
310533
308435
306563
296113
277593
290836
319475
316205
323610
322684
322248
323161
320729
327750
335168
316395
206351
161561
161471
161432
161321
161211
161171
161159
161085
161074
161046
161035
161040
161071
161067
161004
161004
161005
161124
161373
160614
156636
152228
153837
153504
153663
146234
144122
143247
142721
142772
143175
143142
143222
143058
142973
142955
142946
142873
142860
142854
142911
142907
142906
142902
142927
156112
353362
326914
317033
315418
313960
315812
319148
313784
313064
315709
313094
310032
312718
312798
313441
311371
313926
310701
310439
310432
310795
312642
311080
310522
309304
305410
322751
318399
319055
318982
320080
319301
318615
317633
317777
318539
318146
317996
319468
317711
315956
317153
149838
149584
149547
149577
149532
149518
149663
148563
145851
145605
145427
145474
145481
145480
145493
145544
145583
145573
145554
145554
145543
145125
145313
146196
148036
154168
156101
163988
170036
169358
165126
164419
163924
155656
153444
154071
153254
153077
151665
145132
135432
132410
129704
130277
132102
132054
131756
129643
129169
129159
129321
129488
130076
131321
192470
388116
379043
374009
376878
358535
362246
352132
362189
367282
363359
360712
360870
361135
362561
362611
363605
366024
366903
364652
362854
364090
364533
361817
365013
367499
367317
367346
365603
363265
368592
368594
367400
364989
364629
364039
363907
364010
365971
367050
368645
369524
370057
369082
368578
368296
368370
373889
374225
373643
366107
365961
369592
368409
373847
373377
428536
376568
227697
170587
140213
137231
137178
137168
137155
214206
339853
332868
332608
334028
334564
333758
333170
332115
330875
329515
329810
330667
336932
335188
335874
335195
334643
333836
332064
333079
333882
333193
332078
333287
339590
414152
400952
397635
396166
399058
399197
399174
400204
399596
407769
415824
413272
410870
412158
410139
410628
410371
407161
407659
406326
406039
404179
401374
400377
413083
411316
412010
411689
411000
410164
410161
408275
407564
408969
406884
406464
404662
403682
404215
409451
408541
406984
405124
404226
402781
401607
376099
408347
145955
146011
146000
146055
146318
146554
146749
147032
147246
147267
147284
147301
147284
147289
147315
326645
343900
341171
343565
347079
346294
347279
346476
342799
343059
342253
342456
342393
342117
338995
148751
148702
148659
148677
148633
148631
148635
148634
342794
391996
373771
363316
364700
366864
362283
369415
365345
365804
372197
372782
371376
369023
396910
156974
149637
149660
149693
149661
149659
149624
149631
149633
342146
366066
362540
362237
367495
364593
364521
362493
358259
356399
357067
359674
362066
364183
365919
368097
367173
365671
364333
368488
370733
385688
376557
373710
371826
371165
372330
372788
374647
374783
375400
375283
375198
377831
379551
376870
373043
372652
397528
370593
367081
370771
373505
371409
375220
377921
374127
383954
390022
370909
376156
389525
403124
379785
319978
270148
219097
247851
275943
274823
274987
275510
272975
270552
270173
272161
272977
277342
273285
270610
273449
277371
276663
271639
268902
270043
272315
284289
230053
158425
158417
158353
158355
307425
308286
306678
307465
307397
305144
304244
305268
312339
307669
307393
304226
306614
306299
306371
308735
308059
307410
311461
308673
160678
160698
160679
160678
160709
162684
160733
160720
160704
423120
401667
387722
389279
404958
387026
384001
383109
386675
386843
385991
387048
388532
388217
389315
383245
386307
386711
386513
388747
390390
390337
391506
389734
451574
164501
163041
163059
163099
163002
163014
163044
163095
177924
393724
428682
409691
407470
407926
388416
382376
230321
231744
227422
229847
228771
221511
217584
218910
218693
218774
219699
220072
219711
300735
378458
371018
369481
370879
370592
372546
415962
405609
407947
411521
409870
404052
432655
458734
456475
458952
458084
455490
452704
455500
449855
449326
446729
460040
261289
179584
179375
179307
179287
179217
179184
179180
179181
179185
179133
179136
179127
179107
179097
179088
179084
179078
179079
179078
179074
179081
179090
179083
179078
178849
178850
178850
178850
178850
178850
178850
178850
178850
178850
178850
178850
178850
178850
178850
178854
178857
178854
178852
178849
178850
178848
178848
178847
178848
178847
178849
178849
178849
178849
178847
178847
178841
178845
178844
178844
178844
178845
178847
178845
178846
178844
178844
178844
178845
178865
178867
178868
178866
178866
178869
178865
178855
178857
178857
178854
178851
178861
178868
178871
178924
178924
178924
178924
178908
178910
178908
178908
178908
178909
178913
178912
178910
178910
178910
178906
178908
178906
178908
178908
178908
178908
178908
178905
178906
178906
178906
178906
178906
178906
178911
178912
178912
178912
178912
178912
178903
178895
178893
178891
178891
178891
178891
178897
178905
178919
178920
178920
178921
178918
178914
178914
178914
178914
178914
178914
178914
178913
178912
178912
178909
178916
178920
178934
178969
178962
179034
179399
181932
182133
184779
191356
194705
199155
190837
181041
182620
194501
192601
195526
195533
195544
195589
196922
197091
199922
201627
202415
200617
194782
192307
192722
192106
191583
190976
193102
192845
192595
191829
191630
191367
191123
190355
189070
188774
186876
186167
186107
185919
185304
184214
183725
182488
184120
183580
183251
182854
183034
183172
183160
183374
183492
182769
180818
177856
176288
173993
174445
175198
180327
180461
180771
180785
181041
180957
181367
182908
182698
181880
180770
179480
178868
188524
188723
188032
187469
186486
185904
184697
183920
180759
181789
181260
180884
180004
179512
178830
178684
178314
177240
176445
176216
176585
176243
176186
176056
220048
218471
217807
217508
217519
217438
217494
217676
217932
217811
217774
217840
217818
217787
218463
218896
218774
218757
218800
220367
221653
224401
222246
219227
214951
204857
195244
184205
172947
159812
151534
140505
132173
120518
109190
101371
93151
85545
77547
70585
62899
57497
51873
47337
40425
34571
27745
20467
15019
9416
6591
3753
924
281
0
0
0
0
0
0
0
0
28
28
28
877
1960
2687
3210
3794
4353
4794
5367
6381
8244
10124
12771
17079
21944
28194
34339
41531
47440
55603
67508
86107
103879
122016
135876
153795
163572
173408
177869
179305
178572
177937
177194
177290
176945
177031
177099
176600
176601
176713
174831
175132
175408
175766
175776
176216
176183
176126
176240
176577
176405
176571
176502
176379
176620
176802
176744
176725
176793
176453
176342
176578
176189
176011
175882
175742
175289
175445
174974
174340
174237
173965
173879
173717
173366
173123
172900
172883
172858
173111
173007
172660
172912
172989
172869
173110
173136
173223
173338
173680
173627
173605
173808
173897
173703
174228
174212
174180
174481
174548
173295
173887
174227
174645
174442
174835
174975
175053
175105
175359
175186
175866
175619
175654
175815
175656
175758
176166
175837
175807
176270
175981
175972
176265
175945
176056
176024
176030
176066
176447
175859
175894
176117
176192
176167
176358
176032
176171
176034
176193
176151
176139
176313
176267
176110
176746
176566
176418
176664
176519
176389
176566
176439
176278
176159
176449
176210
176246
176109
175846
174550
175302
175218
175468
175694
175759
175695
175990
175756
175722
175857
175747
175652
176105
175621
175607
175694
175512
175593
175733
175450
175513
175236
175399
175221
175251
175175
175048
174770
175029
174785
175030
174815
174920
175011
175023
174941
174722
174771
174734
174423
174757
174752
174351
174567
174429
174371
174393
174169
174318
174301
174147
174054
174154
173904
173704
173579
173655
173426
173824
172017
172185
172583
172778
172746
173084
172657
172954
172686
173124
172787
172568
172779
172707
172541
172735
172811
172628
172350
172414
172426
172426
172244
172108
172011
172522
172187
172192
172500
172322
170743
171447
171122
171588
171893
171584
171910
172064
172022
172016
172334
171940
171922
172311
171981
171967
172037
171709
171926
172162
171803
172109
171863
171861
171860
171747
171596
171467
171523
171723
171133
171432
171294
171120
171183
171202
171068
171168
171088
170968
170925
171279
170918
170861
171080
170632
170735
171080
170657
170582
170743
170825
170590
170842
170592
170569
170722
170874
170550
170598
169250
169412
169669
170219
169913
170213
170391
170251
170304
170428
170554
170302
170309
170287
170255
170322
170304
170016
170078
170150
169929
170162
170026
169816
169853
170105
170089
170000
169854
170085
169912
170178
170008
169932
170119
170309
170201
170508
170239
170111
170329
170275
170284
170460
170190
169966
170416
170443
170419
170515
170454
170169
170348
170350
170387
170600
170440
170643
170439
170664
169085
169614
169989
169740
170053
170763
170009
170206
170579
170110
170241
170663
170088
170088
170217
170149
170181
170287
170164
170229
170274
170224
170260
170372
170078
170022
169993
170287
170030
169975
170027
169888
169983
170586
170053
169917
170201
169956
170271
170512
170145
170277
170470
170390
170321
170653
170334
170347
170559
170477
170719
170724
170682
170662
170504
170871
170640
170652
170615
170576
169291
170026
170008
170327
170689
170494
170363
170850
170689
170764
170656
170666
170581
170723
170653
170393
170385
170550
170297
170504
170215
170029
170214
170236
169919
170179
169851
169733
169449
170027
169517
169657
169839
169519
169414
169668
169319
169285
169531
169318
169245
169605
169211
169148
169227
169473
169462
169450
169527
169671
169516
169886
169555
169834
169811
169693
169568
170001
169884
169835
168694
168956
169272
169854
169639
169793
169809
170011
170073
170207
169789
170008
169988
170273
170117
170181
170056
169767
169951
170045
169727
169889
169772
169646
169558
169781
169498
169525
169520
169488
169320
169797
169145
169184
169250
169046
169064
169257
168946
168971
168690
168952
168621
168888
168820
168502
168310
168799
168335
168463
168194
167960
168033
168254
167643
167758
167599
167310
167058
167317
165569
165737
166116
165941
165779
166254
165639
165558
165448
165710
165149
165319
165079
165019
164844
165337
164736
164864
164742
164498
164729
164860
164547
164647
164762
164754
164510
164877
164379
164491
164533
164570
164402
164637
164322
164311
164510
164453
164415
164454
164233
164334
163999
164138
163859
164031
163893
163671
163628
163761
163450
163700
163577
163468
163456
163671
163469
163461
163399
163611
162103
162998
162961
163117
163361
163429
163399
163722
163523
163755
163635
163861
163853
163992
163998
164065
164015
164338
164087
164357
164535
164460
164472
164401
164243
164406
164201
