69
0
0
0
0
0
0
0
0
0
0
0
0
0
0
0
0
0
0
0
0
0
0
0
0
0
0
0
0
0
0
0
0
0
0
0
0
0
0
0
0
0
0
0
0
0
199
69
128
40
0
36
0
0
0
0
0
0
0
0
0
0
227
423
464
497
520
769
814
960
958
961
999
1024
1192
1192
1323
1330
1337
1360
1391
1486
1568
1596
1659
1691
1691
1742
1959
1985
2016
2015
2043
2275
2288
2424
2466
2509
2502
2507
2521
2571
2570
2510
2519
2489
2491
2491
2470
2470
2470
2470
2470
2470
2470
2470
2470
2470
2470
2470
2515
2515
2515
2515
2515
2515
2515
2515
2515
2515
2515
2515
2515
2515
2515
2545
2515
2515
2515
2515
2515
2515
2515
2515
2515
2515
2515
2515
2515
2515
2515
2515
2515
2515
2515
2515
2515
2515
2515
2515
2515
2515
2515
2515
2515
2515
2515
2515
2515
2515
2515
2515
2515
2515
2515
2515
2515
2515
2515
2515
2515
2515
2515
2515
2515
2515
2515
2515
2515
2515
2515
2515
2494
2494
2494
2494
2494
2494
2494
2494
2494
2494
2494
2494
2494
2494
2494
2494
2494
2494
2494
2494
2494
2494
2494
2494
2494
2494
2494
2494
2494
2494
2494
2494
2494
2494
2494
2494
2494
2494
2494
2494
2494
2547
2494
2494
2494
2494
2494
2552
2494
2494
2494
2494
2494
2494
2494
2494
2494
2494
2495
2495
2576
2576
2576
2576
2576
2576
2576
2576
2576
2576
2604
2576
2576
2610
2570
2634
2616
2620
2621
2618
2618
2618
2618
2618
2576
2576
2576
2576
2576
2576
2576
2576
2576
2734
2860
2869
2955
3147
3100
3081
3082
3105
3097
3097
3127
3130
3107
3131
3207
3037
3037
3037
3037
3037
3037
3037
3037
3037
3037
3037
3036
3036
3036
3036
3036
3036
3036
3036
3036
3036
3022
3021
3151
3086
3081
3081
3081
3081
3143
3081
3081
3081
3108
3081
3120
3120
3120
3120
3120
3120
3120
3120
3151
3306
3367
3429
3462
3620
3682
3866
3899
3943
3994
3964
4018
4220
4325
4357
4487
4517
4637
4649
4760
4806
4871
5098
5177
5188
5189
5214
5101
5101
5101
5103
5218
5344
5390
5448
5595
5744
5724
5802
5942
5936
5991
6185
6238
6249
6324
6353
6405
6592
6611
6705
6899
6895
6998
7149
7184
7252
7521
7604
7709
7788
7766
7788
7688
7700
7687
7686
7686
7686
7686
7686
7686
7686
7686
7721
7632
7667
7857
8062
8167
8203
8335
8569
8745
8907
8964
8964
9073
9073
9073
8944
8958
8941
8919
8930
8925
8980
8987
8982
9010
9010
9039
9010
9010
9010
9013
9013
9013
9070
9376
9492
9686
9949
9976
9945
9997
10057
10296
10320
10364
10393
10579
10624
10579
10603
10617
10645
10652
10664
10727
10982
11032
11033
11088
11098
11190
11358
11202
11202
11202
11202
11191
11360
11306
11305
11317
11317
11219
11219
11220
11221
11219
11219
11219
11219
11201
11236
11200
11237
11252
11202
11204
11210
11183
11185
11189
11188
11189
11189
11194
11194
11078
11078
11107
11078
11078
11078
11078
11078
11188
11249
11233
11233
11354
11452
11491
11546
11558
11588
11640
11705
11696
11706
11704
11704
11629
11690
11788
11925
12033
12026
12034
12051
12251
12257
12258
12371
12457
12525
12618
12674
12667
12765
12772
12811
12942
12933
13038
13095
13364
13358
13456
13738
13744
13768
13926
13977
14110
14129
14189
14334
14465
14453
14471
14592
14747
14798
14920
14967
14979
14966
15002
15147
15054
15029
15052
15054
15118
15053
15053
15050
15054
15054
15054
15102
15442
15638
15735
15754
15767
15998
16151
16473
16753
16764
16756
16814
16764
16776
16801
16784
16776
16798
16797
16886
16911
16903
16903
16903
16965
17151
17428
17558
17605
17714
17772
17802
18010
18008
18043
18075
18212
18212
18303
18436
18443
18442
18451
18437
18446
18456
18451
18434
18501
18512
18497
18501
18507
18497
18502
18509
18503
18497
18498
18498
18348
18347
18347
18353
18362
18355
18355
18395
18413
18382
18382
18383
18328
18328
18328
18524
18681
18635
18643
18702
18829
18897
18911
18936
19057
19090
19098
19133
19294
19298
19446
19480
19608
19573
19575
19587
19553
19554
19552
19584
19757
19832
19874
19863
20000
20090
20063
20248
20335
20364
20435
20464
20525
20561
20606
20610
20733
20780
20784
20790
20824
20820
20830
20836
20831
20831
20869
20838
20966
20968
21063
21163
21167
21297
21375
21389
21503
21519
21729
21689
21718
21934
22023
22041
22045
22082
22043
22074
22052
22071
22050
22053
22053
22046
22046
22080
22742
22734
22811
22921
23050
23096
23150
23135
23151
23325
23423
23582
23718
23710
23926
24021
24078
24083
24167
24336
24398
24414
24431
24537
24518
24652
24747
24732
24732
24811
24831
24828
24845
24843
24837
24835
24925
24986
24925
24896
24912
24912
24905
24906
24906
24906
24906
24906
24849
24849
24847
24850
24849
24849
24849
24871
24849
24849
24850
24850
24823
24823
24823
24823
24823
24823
24823
24873
24823
24823
24823
24823
24787
24787
24787
24787
24787
24787
24787
24787
24903
24977
25174
25322
25360
25396
25543
25537
25527
25722
25729
25790
25881
26005
26046
26205
26358
26395
26490
26493
26512
26594
26614
26619
26725
26912
26943
27014
27030
27231
27251
27260
27553
27516
27616
27615
27676
27795
27934
28253
28319
28432
28444
28449
28446
28440
28423
28441
28452
28356
28369
28387
28455
28440
28432
28441
28441
28441
28441
28441
28441
28441
28441
28441
28428
28369
28369
28369
28369
28369
28369
28369
28423
28369
28433
28429
28374
28316
28310
28478
28294
28294
28294
28294
28294
28294
28294
28294
28282
28282
28282
28282
28282
28282
28282
28282
28282
28282
28282
28282
28282
28282
28282
28282
28282
28282
28282
28282
28282
28282
28282
28282
28282
28282
28282
28282
28282
28282
28282
28282
28282
28282
28282
28282
28344
28343
28372
28343
28343
28343
28343
28343
28343
28343
28343
28519
28898
29093
29033
29019
29008
29007
29046
29067
29102
29472
29684
29732
29856
29816
29815
30073
30444
30462
30428
30422
30416
30423
30450
30421
30698
30647
30596
30883
31361
31554
31638
31707
31672
31587
31587
31591
31932
32195
32344
32347
32350
32459
32464
32505
32548
32550
32549
32541
32429
32432
32432
32436
32436
32436
32436
32458
32436
32610
32448
32448
32605
32559
32509
32505
32515
32455
32519
32457
32527
32613
32718
32744
32864
32942
33038
33090
33225
33313
33388
33492
33557
33693
33981
33981
34195
34291
34439
34590
34902
35070
35079
35222
35125
35220
35223
35223
35295
35119
35119
35119
35119
35129
35134
35135
35134
35129
35133
35133
35175
35174
35174
35174
35174
35174
35174
35174
35174
35178
35182
35188
35135
35137
35131
35133
35133
35133
35141
35140
35140
35140
35140
35140
35114
35106
35106
35254
35137
35116
35116
35140
35125
35145
35141
35172
35065
35047
35037
35071
35091
35070
35086
35071
35071
35065
35078
35067
35158
35134
35088
35084
35084
35087
35075
35097
35095
35095
35121
35127
35085
35092
35225
35704
36138
36528
36750
37007
37007
37007
37046
37070
37076
37101
37079
37054
37112
37114
37115
37161
37174
37192
37208
37201
37533
37436
37436
37436
37436
37466
37443
37443
37381
37381
37317
37320
37347
37347
37355
37362
37362
37362
37362
37359
37362
37482
37665
37716
37670
37674
37673
37810
37847
37763
37889
37931
37938
37962
37959
37951
38198
38240
38417
38404
38464
38450
38447
38447
38448
38471
38500
38474
38539
38511
38526
38503
38489
38489
38492
38492
38492
38500
38500
38500
38445
38445
38590
38651
38660
38743
38751
38768
38727
38768
38780
38787
38841
38844
38844
38873
38862
38849
38850
38853
38884
38845
38851
38849
38783
38802
38779
38773
38756
38756
38688
38688
38688
38688
38773
38729
38801
38832
38723
38660
38670
38670
38670
38671
38688
38688
38717
38682
38771
38788
38771
38740
38743
38678
38679
38680
38717
38712
38680
38680
38651
38563
38556
38577
38552
38552
38553
38553
38553
38553
38542
38542
38624
38655
38624
38622
38613
38625
38633
38635
38634
38629
38625
38613
38597
38597
38597
38597
38597
38597
38596
38596
38593
38593
38593
38593
38691
39122
39139
39101
39118
39134
39132
39130
39130
39129
39131
39160
39335
39650
39707
39736
39792
39748
39784
39844
39970
40198
40208
40229
40051
40081
40082
40045
40055
40066
40310
40520
40436
40441
40441
40443
40294
40330
40301
40301
40318
40310
40304
40297
40396
40349
40354
40326
40499
40539
40535
40538
40508
40503
40503
40503
40503
40503
40503
40508
40334
40334
40334
40334
40334
40334
40334
40342
40332
40332
40394
40332
40295
40295
40295
40295
40295
40295
40295
40436
40408
40485
40559
40546
40545
40545
40545
40545
40577
40544
40590
40783
40850
40859
40858
40919
41292
41433
41613
41559
41559
41547
41630
41651
41727
41796
41921
41960
41974
41971
41974
41977
41980
41972
41968
41998
41968
41968
41968
41968
41812
41833
41835
41827
41900
41834
41825
41858
41856
41858
41860
41862
41995
41993
42016
41876
41882
41887
41885
41885
41886
41876
41876
41882
41875
41833
41837
41830
41826
41819
41825
41894
41833
41843
41843
41843
41806
41808
41808
41808
41808
41808
41808
41808
41807
41820
41819
41777
41751
41756
41773
41788
41781
41830
41809
41798
41799
41785
41786
41787
41922
41765
41795
41784
41785
41786
41783
41856
41803
41775
41767
41799
41831
41835
41828
41870
41846
41845
41838
41857
41833
41855
41850
41844
41828
41819
41815
41827
41853
41848
41807
41796
41796
41798
41795
41813
41845
41875
41889
41889
41889
41880
41880
41880
41875
41924
42012
42011
41976
42012
42027
42040
42042
42042
42045
42048
42043
42043
42038
42043
41987
41994
41993
41997
42001
42007
42005
42008
42008
42025
42068
42107
42190
42231
42257
42262
42257
42258
42258
42417
42566
42591
42598
42611
42583
42629
42635
42684
42759
42745
42786
42789
42784
42818
42808
42807
42770
42775
42772
42765
42762
42762
42762
42762
42762
42769
42829
42769
42733
42768
42733
42730
42743
42743
42743
42741
42734
42744
42737
42729
42860
42857
42865
42870
42865
42879
42964
42919
42928
42918
42920
42920
42916
42930
42905
42866
42875
42914
42907
42903
42928
42897
42901
42896
42883
42859
42859
42837
42892
42860
42858
42859
42918
42903
42899
42899
42792
42792
42792
42792
42792
42792
42792
42792
42792
42750
42752
42752
42745
42745
42745
42745
42745
42745
42745
42745
42745
42745
42745
42723
42683
42702
42697
42698
42706
42704
42706
42705
42735
42702
42713
42713
42701
42732
42736
42739
42737
42729
42751
42736
42734
42734
42735
42734
42680
42675
42715
42719
42730
42734
42706
42753
42824
42787
42768
42793
42641
42664
42672
42672
42704
42675
42692
42673
42662
42652
42656
42653
42647
42646
42675
42723
42727
42756
42917
43010
43116
43071
43173
43233
43414
43491
43623
43633
43720
43889
43877
44123
44286
44412
44534
44664
44927
45055
45124
45205
45400
45433
45532
45566
45600
45598
45602
45563
45520
45540
45546
45671
45712
45824
45821
45886
46023
45998
46028
46013
46107
45979
46014
46028
46107
46052
46062
46060
46055
46055
46089
46093
46023
46023
46020
46021
46018
46024
46020
46020
46078
46080
46080
46077
45938
46234
46220
46420
46499
46603
46647
46611
46612
46647
46725
46781
46840
46850
46847
46848
46876
46847
46783
46787
46788
46786
46826
46808
46694
46641
46645
46615
46627
46627
46607
46630
46648
46627
46628
46630
46827
46827
46857
46826
46909
46824
46825
46820
46820
46826
46831
46831
46820
46821
46821
46821
46821
47088
47104
47138
47165
47195
47209
47383
47356
47379
47371
47370
47370
47549
47708
47750
47746
47755
47856
47888
48040
48040
48277
48253
48220
48322
48321
48333
48334
48334
48334
48334
48378
48378
48378
48378
48378
48412
48398
48398
48398
48433
48435
48398
48374
48519
48649
48644
48718
48668
48669
48669
48669
48655
48651
48664
48688
48686
48680
48680
48814
48827
48854
48856
48974
49046
49073
49370
49254
49351
49348
49316
49356
49357
49356
49355
49359
49367
49364
49362
49453
49453
49453
49414
49414
49414
49414
49412
49412
49438
49602
49624
49635
49622
49731
50019
50063
50057
50085
50129
50122
50133
50130
50130
50092
50094
50118
50089
50128
50104
50126
50118
50117
50149
50115
50073
50136
50136
50136
50136
50136
50136
50136
50168
50134
50136
50137
50138
50042
50074
50074
50074
50074
50074
50103
50074
50074
50074
50074
50135
50010
50010
50010
50005
50013
50009
50009
50009
50075
50038
50032
50032
50148
50080
50096
50120
50095
50097
50142
50138
50146
50133
50168
50166
50143
50143
50123
50137
50153
50141
50184
50183
50143
50132
50154
50144
50042
50024
50027
50027
50041
50044
50027
50053
50096
50102
50099
50118
50080
50117
50121
50126
50132
50127
50129
50113
50125
50137
50131
50127
50201
50146
50147
50161
50157
50212
50221
50216
50243
50232
50252
50265
50067
50065
50071
50071
50070
50070
49989
49989
49989
50016
49986
49986
49988
49985
49988
50071
50012
50030
50025
50028
50028
50025
50025
50026
50028
50022
50015
49969
49973
49972
49967
49974
49981
49965
49964
49969
50165
50202
50169
50169
50146
50146
50135
50159
50182
50171
50165
50156
50239
50257
50279
50252
50264
50235
50231
50235
50261
50235
50232
50232
50234
50170
50222
50170
50170
50170
50172
50172
50172
50172
50172
50172
50131
50161
50155
50157
50157
50169
50153
50152
50167
50135
50149
50180
50173
50182
50209
50194
50175
50225
50179
50188
50164
50163
50195
50163
50304
50319
50316
50294
50303
50283
50321
50332
50303
50302
50318
50319
50345
50352
50355
50369
50355
50365
50372
50360
50385
50385
50359
50361
50249
50261
50326
50271
50318
50239
50208
50245
50278
50246
50285
50293
50333
50354
50326
50406
50390
50364
50364
50353
50312
50313
50343
50371
50390
50325
50324
50390
50372
50363
50356
50346
50350
50361
50370
50371
50200
50176
50176
50181
50181
50181
50211
50216
50216
50216
50216
50216
50196
50196
50196
50196
50196
50196
50196
50196
50196
50196
50196
50196
50251
50251
50251
50251
50251
50251
50248
50245
50245
50245
50245
50245
50098
50098
50098
50097
50096
50096
50099
50087
50087
50097
50087
50073
50015
50066
50062
50047
50047
50066
50059
50059
50059
50059
50079
50054
50062
50094
50126
50131
50170
50192
50220
50196
50217
50246
50245
50374
50511
50457
50459
50461
50458
50459
50468
50468
50528
50711
50724
50698
50571
50611
50614
50779
50887
50890
50919
50919
50906
50931
50945
50945
50883
50923
50935
50942
50950
50961
50965
50975
50969
51008
50984
50990
50797
50804
50805
50814
50817
50838
50826
50828
50828
50833
50830
50816
50828
50869
50894
50910
50857
50796
50803
50795
50791
50816
50796
50793
50906
50908
50875
50910
50906
50907
50933
50884
50952
50964
50945
50967
50775
50775
50785
50751
50789
50765
50839
50815
50841
50810
50796
50857
50803
50803
50795
50815
50890
50866
50870
50838
50815
50847
50856
50856
50737
50803
50769
50769
50787
50793
50785
50800
50803
50806
50803
50811
50710
50718
50712
50784
50757
50800
50777
50777
50723
50739
50739
50740
50700
50718
50738
50700
50693
50778
50767
50770
50771
50726
50739
50731
50797
50804
50821
50831
50831
50781
50797
50799
50833
50830
50827
50825
50812
50828
50990
50969
50963
50967
50983
50979
50981
50984
51000
51012
50993
51012
51019
51031
51030
51024
51014
51043
51034
51013
51036
51021
51062
51098
51057
51049
51051
51028
51025
51034
51070
51130
51086
51093
50987
50999
50934
50928
50921
50925
50922
50935
50940
50937
50950
50950
51006
51007
51004
51004
51006
51099
51224
51351
51405
51410
51430
51436
51260
51271
51307
51355
51272
51273
51318
51288
51276
51244
51250
51248
51598
51582
51601
51617
51730
51687
51777
51632
51651
51648
51643
51645
51528
51530
51533
51517
51536
51531
51529
51531
51531
51531
51715
51742
51869
51841
51854
51974
52047
52232
52218
52217
52220
52278
52297
52353
52414
52489
52517
52569
52605
52762
52883
52969
53017
52982
53068
53088
53119
53168
53151
53149
53150
53150
53149
53149
53271
53412
53534
53576
53558
53585
53711
53760
53803
53819
53885
53897
53986
54138
54132
54131
53969
54042
54075
54044
54134
54179
54182
54172
54166
54149
54157
54159
54324
54348
54291
54242
54255
54246
54224
54236
54238
54260
54252
54270
54276
54275
54292
54274
54265
54265
54282
54288
54292
54289
54276
54302
54273
54273
54282
54264
54261
54248
54263
54256
54242
54237
54237
54239
54268
54261
54263
54261
54259
54276
54242
54263
54271
54288
54286
54273
54239
54287
54272
54205
54208
54208
54208
54205
54208
54208
54208
54208
54225
54335
54378
54342
54370
54384
54416
54467
54513
54600
54761
54823
54935
54959
54977
54873
54919
54925
54950
54962
54958
54962
54970
54961
54900
54882
54868
54873
54901
54902
54905
54925
54945
55010
55037
55023
54882
54895
54927
55033
55036
55070
55082
55094
55108
55135
55172
55159
55229
55173
55156
55174
55214
55246
55252
55251
55256
55241
55254
55298
55279
55261
55309
55310
55316
55314
55323
55326
55322
55295
55264
55253
55215
55207
55209
55206
55208
55209
55267
55230
55237
55230
55231
55231
55155
55208
55272
55292
55286
55302
55314
55332
55340
55311
55319
55321
55345
55344
55420
55421
55403
55435
55448
55411
55388
55378
55404
55413
55451
55502
55623
55576
55572
55553
55574
55528
55544
55530
55523
55519
55261
55251
55255
55249
55374
55446
55442
55421
55497
55498
55516
55565
55640
55661
55675
55678
55678
55695
55699
55677
55732
55705
55722
55723
55697
55708
55700
55733
55718
55725
55727
55724
55723
55709
55709
55708
55763
55763
55763
55763
55763
55760
55752
55727
55754
55754
55766
55759
55721
55728
55704
55703
55740
55727
55707
55697
55708
55728
55747
55760
55708
55731
55732
55712
55715
55746
55705
55709
55709
55709
55811
55727
55823
55751
55744
55744
55744
55744
55758
55730
55730
55730
55730
55730
55747
55747
55747
55747
55747
55747
55747
55747
55747
55747
55747
55747
55803
55803
55803
55803
55803
55794
55798
55799
55798
55798
55798
55798
55645
55589
55598
55877
56029
56098
56102
56340
56430
56582
56591
56596
56915
56938
56937
57043
57049
57076
57048
57051
57065
57066
57056
57093
57207
57196
57212
57234
57208
57219
57223
57195
57195
57175
57175
57232
57060
57233
57287
57289
57303
57443
57493
57643
57666
57786
57797
57793
57886
58019
58112
58185
58218
58241
58350
58390
58384
58449
58442
58449
58658
58676
58816
58830
58820
58947
58968
58953
59021
59038
59131
59152
59300
59304
59379
59335
59328
59458
59445
59553
59568
59664
59660
59661
59697
59670
59682
59682
59713
59713
59703
59675
59671
59671
59671
59671
59677
59677
59677
59677
59677
59677
59715
59709
59709
59747
59713
59713
59784
59786
59756
59765
59757
59793
59762
59772
59825
59829
59849
59922
59837
59778
59749
59747
59747
59747
59747
59747
59766
59753
59753
59753
59736
59729
59743
59744
59739
59739
59739
59749
59747
59791
59767
59767
59894
59894
59894
59896
59899
59902
59848
59832
59824
59853
59820
59820
59705
59705
59705
59705
59705
59740
59864
59887
59894
59892
59966
59988
60106
60095
60353
60411
60416
60425
60445
60438
60452
60456
60454
60527
60494
60453
60476
60653
60661
60732
60780
60832
60818
60826
60824
60842
60850
60861
60903
60848
60909
60921
60932
60937
60942
60928
60928
60939
60997
61025
61025
61025
61025
61025
60984
61039
60984
60984
61015
60985
60973
60959
60959
60922
60924
60924
60924
60924
61114
61172
61298
61328
61485
61586
61566
61515
61529
61529
61786
61803
61810
61806
61810
61799
61797
61774
61811
61796
61854
61937
61962
61957
61958
61958
61956
61956
62030
62016
62016
61979
62009
62219
62222
62254
62260
62245
62240
62278
62431
62544
62551
62521
62524
62525
62515
62580
62518
62550
62518
62519
62498
62484
62484
62484
62448
62449
62449
62449
62453
62453
62453
62453
62511
62511
62511
62497
62497
62497
62457
62516
62457
62457
62485
62457
62564
62539
62499
62499
62499
62499
62499
62499
62569
62499
62499
62499
62695
62681
62681
62641
62641
62641
62641
62641
62641
62641
62641
62641
62667
62652
62617
62617
62617
62617
62617
62617
62617
62617
62617
62617
62689
62689
62689
62689
62689
62689
62751
62689
62689
62689
62689
62746
62683
62683
62683
62683
62678
62710
62663
62663
62663
62663
62627
62624
62724
62723
62766
62697
62692
62696
62696
62681
62681
62681
62705
62709
63027
62991
62994
62857
62857
62858
62856
62856
62922
62856
62856
62856
62962
62962
62962
62956
62956
63036
62988
62988
62984
62986
63019
63030
62965
62890
62897
62881
62881
62911
62881
62877
62881
62936
62882
62882
62869
62869
63158
63333
63442
63550
63740
63877
64018
64033
64018
64171
64066
64092
64142
64108
64119
64116
64101
64101
64101
64166
64101
64101
64148
64084
64084
64084
64083
64077
64077
64069
64069
64058
64152
64227
64564
64632
64781
64860
64916
65008
65093
65302
65417
65656
65660
65664
65582
65583
65583
65583
65650
65583
65608
65625
65619
65645
65634
65612
65562
65573
65573
65577
65560
65558
65532
65552
65559
65542
65566
65586
65724
65701
65757
65677
65681
65677
65677
65691
65720
65723
65722
65732
65846
65856
65853
65821
65821
65820
65822
65842
65820
65822
65820
65820
65768
65766
65766
65768
65766
65766
65766
65766
65827
65863
66102
66262
66350
66354
66308
66386
66379
66591
66650
66716
66680
66680
66683
66682
66700
66924
66997
66961
66937
67039
67119
67107
67127
67195
67247
67236
67202
67198
67300
67257
67350
67336
67366
67382
67409
67528
67692
67673
67844
67966
67969
68144
68140
68130
68130
68138
68171
68138
68138
68153
68314
68276
68300
68293
68299
68275
68098
68078
68119
68069
68080
68089
68104
68095
68113
68091
68083
68082
68101
68102
68122
68131
68101
68110
68070
68005
68035
68010
68004
68011
68017
68020
68028
68062
68021
67975
68214
68189
68179
68159
68155
68155
68155
68155
68157
68168
68152
68213
68160
68159
68166
68161
68163
68163
68163
68284
68459
68602
68763
68794
68933
68965
69021
68984
68988
68994
68985
68999
69034
69031
69059
69054
69168
69205
69184
69203
69224
69219
69222
69222
69222
69240
69242
69242
69235
69268
69235
69235
69235
69235
69235
69235
69235
69235
69235
69235
69028
68998
68996
69061
69177
69262
69271
69450
69636
69642
69653
69658
69765
69842
69919
69929
70066
70097
70112
70112
70274
70430
70601
70686
70982
71001
70987
71002
71019
71006
71069
70982
70982
70977
70982
70976
70957
70961
70966
71021
71246
71473
71764
71877
72043
72050
72109
72292
72287
72540
72827
72829
72837
72830
72828
72830
72833
72833
72850
72862
72917
72921
72985
72921
72921
72922
72963
72985
72985
73017
73025
72921
72864
72887
72918
72858
72892
72876
72878
72870
72895
72875
72862
72836
72782
72777
72813
72824
72778
72795
72784
72792
72759
72789
72860
72823
72935
72838
72799
72815
72833
72833
72825
72849
72891
72868
72867
72866
72758
72758
72758
72758
72758
72758
72788
72807
72750
72777
72713
72713
72804
72759
72760
72762
72762
72824
72762
72762
72762
72762
72762
72762
72900
72900
72900
72859
72859
72953
72986
72986
72966
72966
72996
72998
73268
73271
73438
73256
73256
73256
73214
73214
73214
73214
73214
73214
73034
73034
73034
73034
73034
73034
73034
73034
73034
73105
73051
72988
73237
73237
73237
73237
73237
73237
73237
73237
73237
73237
73359
73719
73645
73603
73656
73668
73678
73767
73906
73887
73914
73917
73943
73914
73695
73727
73727
73729
73792
73731
73735
73736
73739
73791
73739
73740
73751
73753
73751
73751
73751
73739
73753
73746
73746
73746
73746
73783
73428
73428
73587
73635
73654
74171
74238
74211
74189
74194
74311
74430
74656
74729
74600
74611
74623
74739
75047
75119
75118
75122
75100
75247
75085
75132
75114
75116
75140
75202
75121
75121
75121
75121
75121
75121
75216
75216
75217
75395
75550
75568
75586
75581
75604
75563
75601
75571
75643
75579
75589
75587
75587
75626
75595
75634
75634
75634
75634
75634
75610
75610
75610
75672
75649
75670
75670
75670
75848
76120
76161
76198
76266
76487
76866
76829
76835
76836
76830
76813
76950
77259
77507
77644
77610
77451
77448
77661
77665
77811
77854
77845
77840
78186
78359
78416
78431
78520
78934
79145
79088
79117
79113
79128
79138
79141
79141
79142
79448
79448
79646
79638
79632
79922
80201
80202
80227
80289
80215
80415
80571
80628
80598
80670
80802
80818
80828
81035
81050
80985
80991
81091
81260
81300
81310
81328
81325
81325
81320
81337
81332
81332
81698
81831
81979
81880
81987
82304
82533
82570
82548
82594
82586
82586
82581
82582
82684
82754
82875
82832
82953
83145
83379
83666
83684
83720
83801
83782
83819
83823
84112
84112
84474
84472
84447
84449
84405
84405
84405
84402
84342
84346
84491
84700
85047
85402
85476
85478
85491
85494
85466
85468
85523
85560
85538
85546
85564
85535
85542
85512
85480
85493
85532
85506
85396
85343
85368
85373
85361
85359
85367
85367
85367
85367
85367
85367
85525
85525
85525
85525
85525
85527
85527
85527
85527
85527
85527
85527
85465
85465
85465
85465
85445
85467
85437
85472
85452
85482
85549
85628
85769
85743
85707
85711
85697
85716
85712
85741
85743
85732
85722
85721
85762
85761
85764
85769
85759
85743
85747
85739
85817
85773
85767
85764
85758
85729
85670
85776
85745
85769
85766
85750
85695
85735
85701
85729
85714
85731
85734
85747
85789
85796
85795
85788
85811
85795
85804
85783
85851
85814
85750
85751
85751
85751
85721
85721
85721
85721
85721
85721
85608
85608
85608
85608
85608
85608
85608
85608
85608
85608
85608
85608
85608
85595
85602
85608
85600
85581
85582
85580
85548
85539
85536
85571
85578
85583
85546
85546
85546
85546
85540
85716
85927
86138
86425
86664
87119
87113
87248
87215
87322
87441
87701
87937
88263
88598
89011
89222
89400
89190
89219
89195
89130
89193
89133
89150
89150
89185
89150
89150
89201
89137
89170
89137
89137
89137
89137
89216
89374
89535
89662
89867
90065
90106
90093
90099
90112
90113
90113
90246
90497
90505
90624
90615
90835
90844
90811
90865
90811
90936
90959
91011
91138
91186
91153
91167
91320
91225
91225
91225
91225
91225
91225
91225
91225
91225
91225
91205
91197
91189
91189
91189
91189
91189
91189
91189
91189
91338
91338
91855
91807
91804
91818
91814
91812
92077
92117
92084
92303
92287
92241
92239
92316
92319
92327
92328
92328
92350
92420
92431
92435
92429
92437
92427
92500
92552
92738
92734
92744
92746
92756
92765
92702
92768
92775
92775
92679
92663
92663
92661
92660
92660
92660
92660
92688
92658
92658
92658
92758
92708
92700
92712
92698
92703
92659
92665
92716
92738
92719
92722
92828
92820
92821
92833
92818
92819
92831
92844
92881
92885
92941
92881
92838
92819
92775
92800
92819
92821
92880
92857
92865
92844
92835
92818
92878
92813
92802
92797
92793
92839
92808
92781
92814
92794
92792
92797
92944
92929
92952
92854
92854
92854
92854
92854
92854
92854
92853
92857
92922
92919
92926
92907
92934
92936
92892
92893
92916
92905
92941
92933
92885
92871
92868
92867
92854
92860
92881
92865
92855
92881
92830
92843
92746
92738
92738
92738
92724
92741
92738
92746
92753
92717
92687
92721
92708
92742
92727
92734
92726
92724
92725
92724
92726
92738
92722
92705
92904
92813
92788
92731
92731
92731
92731
92731
92727
92735
92727
92727
92664
92658
92658
92650
92650
92650
92637
92597
92603
92595
92568
92563
92596
92587
92557
92558
92565
92565
92568
92566
92570
92564
92570
92568
92602
92591
92589
92585
92587
92601
92606
92591
92605
92603
92605
92617
92563
92534
92515
92512
92518
92516
92511
92514
92514
92509
92524
92514
92579
92571
92571
92577
92578
92578
92578
92578
92578
92578
92578
92576
92642
92634
92634
92603
92594
92570
92570
92570
92570
92570
92570
92570
92579
92527
92527
92527
92527
92527
92527
92527
92527
92527
92527
92527
92481
92473
92473
92473
92468
92468
92468
92468
92468
92468
92472
92462
92728
92644
92603
92598
92598
92600
92600
92642
92658
92634
92638
92628
92640
92640
92605
92646
92651
92637
92638
92641
92645
92643
92640
92669
92668
92660
92664
92664
92648
92651
92641
92609
92587
92603
92600
92658
92673
92607
92624
92665
92675
92663
92629
92685
92673
92671
92647
92645
92772
92643
92612
92617
92617
92634
92637
92636
92672
92695
92714
92699
92805
92708
92715
92714
92715
92716
92723
92711
92713
92703
92746
92713
93005
93005
92980
92872
92893
92888
92901
92921
92892
92899
92898
92899
92917
92924
92913
92915
92915
92968
92971
92943
92954
92962
92967
92957
92927
92931
92930
92927
92927
92927
92929
92895
92944
92928
92957
92945
92922
92970
92970
92970
92960
92954
92957
92933
92965
92967
92967
92966
92869
92876
92840
92874
92858
92874
92890
92876
92880
92877
92842
92887
92970
92984
92963
92946
92950
92948
92978
92966
92995
93001
92975
92965
93011
93048
93046
93040
93040
93063
93034
93027
93047
93047
93047
93036
92864
92926
92884
92874
92895
92888
92886
92885
92888
92904
92903
92903
93051
93051
93073
93069
93037
93075
93073
93082
93083
93095
93086
93096
92766
92745
92726
92718
92805
92789
92796
92839
92850
92882
92834
92875
92851
92898
92962
92888
92872
92864
92858
92853
92854
92870
92882
92877
92973
93014
93033
93014
93057
93030
92917
92888
92871
92886
92908
92864
92731
92728
92743
92734
92738
92770
92739
92754
92766
92764
92763
92775
92573
92582
92597
92577
92563
92555
92569
92559
92537
92576
92581
92600
92424
92391
92403
92388
92387
92428
92416
92407
92405
92418
92447
92414
92774
92786
92815
92786
92781
92773
92773
92781
92792
92793
92764
92779
92644
92643
92639
92650
92652
92688
92698
92671
92729
92628
92680
92671
92763
92734
92716
92721
92747
92754
92770
92791
92789
92770
92773
92759
92766
92773
92773
92785
92787
92787
92787
92787
92785
92793
92783
92794
92497
92508
92541
92537
92537
92568
92557
92559
92563
92591
92631
92638
92905
92872
92866
92759
92748
92780
92783
92797
92814
92831
92832
92832
92830
92809
92795
92729
92733
92738
92763
92743
92768
92744
92748
92759
93013
93089
93116
93055
93064
93049
93058
93049
93066
93084
93086
93050
93039
93001
93008
92941
92943
92929
92966
92947
92976
93014
93037
93119
92883
92833
92827
92814
92833
92852
92859
92830
92880
92881
92892
92962
92933
92911
92944
92933
92867
92874
92874
92894
92930
92910
92923
92917
92979
92917
92943
92954
92978
92995
92936
92936
92944
92944
92934
92945
92661
92641
92641
92638
92637
92637
92642
92649
92649
92647
92650
92650
92721
92722
92706
92700
92703
92714
92714
92714
92714
92714
92714
92716
92843
92851
92784
92776
92776
92778
92792
92813
92812
92818
92819
92813
92881
92764
92764
92769
92769
92793
92781
92788
92785
92786
92804
92800
92794
92775
92751
92750
92813
92798
92786
92754
92747
92737
92740
92747
92720
92721
92708
92698
92705
92714
92727
92731
92716
92706
92709
92711
92802
92801
92729
92709
92798
92791
92803
92773
92772
92752
92804
92775
92758
92744
92696
92689
92685
92686
92689
92681
92689
92689
92689
92689
92593
92585
92585
92528
92528
92528
92528
92528
92692
92928
92972
93144
93555
93775
93821
93795
93918
94050
94091
94339
94559
94576
94588
94598
94892
94812
94748
94809
94748
94748
94748
94748
94748
94650
94651
94651
94717
94709
94709
94709
94709
94709
94709
94709
94709
94709
94709
94709
94552
94525
94492
94492
94492
94492
94492
94492
94492
94492
94492
94492
94577
94574
94574
94574
94574
94574
94574
94574
94564
94568
94568
94568
94837
94837
94837
94837
94837
94845
94826
94794
94806
94796
94788
94777
94990
94897
94897
94897
94897
94897
94897
94897
94897
94888
94888
94888
94843
94843
94843
94843
94843
94851
94837
94837
94837
94837
94853
94853
94796
94786
94758
94762
94762
94802
94810
94836
94828
94831
94978
94816
95025
95025
95025
95027
95027
95027
95027
95027
95027
95027
95027
95027
94975
91188
90767
90707
92577
92585
91161
86457
86539
82930
82818
78302
63684
63693
62429
60989
62095
62192
62959
62670
60983
62019
63018
63018
58344
58335
58348
58365
58365
58365
58365
58365
58365
58365
56899
56875
58782
58739
58713
58713
55282
55284
55290
56032
53872
53878
48925
48845
46193
43416
40340
39225
36286
36271
35989
34836
34240
34337
26941
24867
21771
19921
19492
19471
20106
19233
16878
16902
15919
13579
12406
11138
6893
5707
5440
2370
1439
1312
1288
1288
1288
1204
1204
1204
0
0
0
117
0
0
0
0
0
0
0
0
0
0
0
0
0
0
0
0
0
0
0
0
0
0
0
0
0
0
0
0
0
0
0
0
0
0
0
0
0
0
0
0
0
0
0
0
0
0
0
0
0
0
0
0
0
0
0
0
0
0
0
0
0
0
0
0
0
0
0
0
0
0
0
0
0
159
138
191
147
0
32
0
0
0
0
0
0
0
0
0
54
126
204
366
727
801
807
836
865
1029
954
961
978
1003
1004
1010
946
971
979
986
1098
1089
1113
1137
1141
1119
1152
1137
1183
1154
1186
1182
1181
1189
1181
1183
1183
1183
1184
1172
1229
1228
1225
1222
1222
1221
1221
1221
1251
1221
1221
1346
1559
1845
1887
1838
1837
1831
1829
2007
2162
2309
2357
2353
2378
2460
2498
2479
2476
2461
2679
2760
2760
2746
2762
2766
2806
2806
2982
3058
3147
3177
3315
3365
3397
3447
3370
3370
3414
3556
3996
3996
3996
3996
4142
4152
3993
3993
3993
3993
3977
3976
3976
3976
3976
3976
3976
4040
3976
3976
3976
3976
4000
4000
4000
4028
4000
4190
4211
4219
4372
4358
4361
4361
4356
4292
4292
4292
4292
4292
4296
4296
4296
4714
4808
4795
4800
4810
4879
4997
5145
5140
5230
5125
5126
5134
5177
5416
5737
5737
5673
5673
5673
5673
5673
5673
5704
5806
6048
6058
6156
6258
6351
6411
6425
6523
6564
6571
6565
6644
6810
6827
6931
7131
7334
7381
7475
7389
7389
7459
7791
7924
7934
7952
7937
7935
7873
7873
7873
7873
7757
7751
7751
7808
7749
7749
7665
7665
7694
7730
7888
8069
8061
8070
8091
8047
8072
8068
7990
7991
7991
8016
8128
8136
8136
8125
8246
8239
8237
8235
8435
8407
8407
8407
8407
8407
8429
8407
8407
8407
8407
8407
8445
8380
8411
8380
8380
8380
8380
8380
8380
8380
8380
8384
8365
8351
8351
8351
8351
8351
8354
8352
8352
8352
8353
8353
8467
8551
8522
8535
8598
8628
8643
8637
8637
8660
8663
8663
8792
8852
8900
9175
9441
9803
9777
9918
9918
9975
10012
10032
10025
10033
10027
10025
10058
10283
10449
10581
10579
10581
10577
10575
10605
10605
10637
10781
10889
11030
11035
11050
11085
11073
11102
11098
11274
11241
11238
11243
11320
11474
11638
11682
11830
11983
12016
12024
12014
12014
12046
12272
12501
12495
12509
12522
12550
12562
12562
12633
12473
12409
12409
12409
12409
12409
12404
12419
12414
12422
12446
12446
12392
12396
12396
12396
12396
12396
12592
12755
13000
12986
13011
13071
13163
13161
13161
13128
13127
13114
13115
13187
13259
13266
13295
13283
13474
13467
13464
13464
13464
13567
13383
13381
13377
13377
13377
13377
13404
13340
13340
13340
13351
13402
13386
13381
13381
13386
13418
13386
13266
13266
13266
13266
13266
13266
13266
13266
13266
13287
13286
13286
13332
13335
13335
13335
13335
13335
13335
13335
13335
13335
13335
13335
13296
13296
13296
13296
13296
13296
13296
13296
13296
13296
13296
13296
13296
13296
13281
13281
13281
13281
13282
13283
13270
13289
13289
13289
13330
13330
13330
13330
13361
13330
13330
13330
13330
13301
13301
13301
13317
13317
13317
13317
13317
13312
13312
13313
13315
13315
13340
13320
13297
13292
13320
13320
13330
13382
13401
13395
13399
13376
13543
13364
13304
13304
13304
13260
13260
13260
13260
13260
13260
13260
13260
13260
13232
13232
13232
13232
13232
13232
13232
13232
13217
13217
13217
13217
13227
13227
13227
13406
13471
13908
14107
14296
14324
14352
14510
14502
14602
14702
14769
14909
15082
15165
15193
15418
15454
15488
15607
15606
15785
15825
15858
15857
15868
16044
16071
16143
16167
16172
16173
16173
16204
16493
16692
16754
16771
16944
16959
16978
16979
17021
17107
17243
17451
17553
17559
17581
17669
17681
17729
17788
18010
18327
18302
18335
18587
18610
18690
18637
18618
18618
18618
18681
18651
18936
19166
19172
19404
19470
19480
19765
19840
19909
19914
19914
19914
19897
19898
19881
19875
19878
19945
20053
20344
20418
20471
20447
20527
20517
20674
20670
20611
20846
20808
20778
21129
21196
21268
21236
21236
21236
21236
21392
21635
21688
21789
22021
22095
22096
22095
22246
22280
22343
22369
22529
22454
22469
22494
22650
22703
22830
23068
23110
23137
23299
23462
23448
23581
23517
23517
23517
23517
23517
23517
23638
23862
24138
24166
24245
24382
24435
24816
24837
24842
24837
24822
24861
24857
24846
24853
24853
24834
24834
24930
25317
25686
25778
25753
25753
25753
25752
25754
25810
25938
26190
26270
26259
26382
26428
26438
26413
26463
26690
26685
26915
26893
27005
27086
27071
27114
27072
27073
27069
27069
27025
27026
27023
27055
27055
27054
27086
27054
27191
27280
27381
27392
27430
27461
27448
27569
27571
27571
27571
27571
27571
27571
27571
27571
27571
27571
27571
27592
27528
27528
27528
27528
27528
27528
27528
27528
27528
27528
27528
27513
27513
27513
27513
27513
27513
27513
27513
27513
27513
27513
27513
27511
27511
27545
27511
27511
27511
27511
27511
27574
27511
27511
27575
27575
27511
27514
27529
27488
27566
27589
27568
27585
27588
27575
27573
27621
27631
27632
27623
27623
27623
27623
27623
27623
27623
27623
27623
27601
27601
27601
27601
27601
27601
27601
27601
27601
27601
27601
27601
27721
27581
27570
27570
27570
27570
27570
27570
27570
27570
27570
27604
27571
27571
27571
27571
27571
27571
27819
28080
28248
28500
28762
28923
28996
29259
29462
29519
29524
29541
29525
29525
29623
29556
29572
29561
29603
29566
29569
29589
29645
29599
29626
29622
29634
29630
29636
29623
29639
29645
29646
29637
29641
29641
29648
27568
27568
27568
27568
27568
27568
27568
27568
27568
27568
27568
27568
27640
27821
28163
28332
28523
28580
28675
28765
28799
28812
28824
28836
28824
28851
28769
28772
28766
28682
28728
28754
28735
27749
27724
27724
27724
27724
27724
27724
27724
27577
27577
27577
27614
27670
27798
27898
27992
28104
28175
28312
28406
28508
28516
28675
28694
28733
28912
29030
29150
29252
29344
29381
29463
29301
29322
29340
29324
29312
29359
29353
29438
29462
29467
29583
29635
29747
29683
29790
29787
29830
29940
30113
30263
30331
30364
30376
30376
30372
30372
30372
30364
30363
30351
30351
30354
30354
30354
30354
30354
30407
30422
30412
30418
30408
30425
30478
30635
30707
30779
30868
30988
31016
31139
31336
31448
31443
31673
31832
31968
31991
32081
32133
32139
32196
32264
32249
32379
32386
32397
32431
32467
32442
32442
32449
32468
32415
32418
32411
32421
32411
32412
32410
32484
32416
32412
32417
32419
32509
32509
32509
32509
32722
32903
33083
32932
33031
33081
33150
33128
33095
33095
33116
33150
33051
33019
33062
33109
33103
33106
33022
33008
33417
33517
33710
33743
33784
33819
33823
33841
33839
33841
33890
33845
33731
33761
33809
33863
33918
34072
34093
34209
34244
34254
34343
34278
34249
34181
34181
34181
34181
34344
34404
34525
34522
34519
34535
34531
34615
34648
34627
34614
34657
34662
34683
34715
34810
34818
34779
34808
34628
34658
34658
34647
34645
34636
34638
34640
34652
34632
34664
34660
34734
34784
34781
34759
34758
34758
34758
34758
34758
34758
34758
34758
34586
34611
34617
34643
34650
34641
34660
34663
34666
34691
34701
34747
34688
34630
34661
34677
34687
34752
34766
34764
34715
34715
34697
34698
34613
34620
34627
34620
34663
34649
34648
34635
34623
34626
34621
34714
34475
34516
34525
34525
34629
34557
34564
34570
34563
34569
34567
34600
34654
34584
34580
34596
34651
34602
34616
34608
34610
34601
34607
34606
34695
34695
34695
34732
34695
34695
34684
34684
34684
34721
34676
34719
34616
34622
34619
34622
34680
34619
34608
34615
34625
34625
34617
34639
34581
34611
34609
34595
34576
34593
34580
34572
34580
34560
34569
34572
34623
34642
34642
34626
34641
34626
34630
34639
34645
34665
34679
34661
34753
34719
34752
34744
34744
34786
34776
34772
34780
34768
34786
34778
34686
34633
34659
34668
34670
34669
34638
34667
34668
34663
34634
34630
34656
34691
34673
34666
34658
34677
34668
34696
34703
34677
34684
34718
34800
34836
34807
34826
34813
34835
34829
34848
34888
34886
34885
34885
34685
34731
34707
34724
34732
34732
34733
34738
34719
34723
34722
34727
34703
34699
34687
34740
34753
34746
34739
34734
34757
34786
34818
34806
34486
34527
34503
34532
34553
34538
34531
34541
34555
34560
34552
34554
34667
34679
34694
34712
34710
34759
34765
34743
34753
34669
34693
34681
34602
34552
34551
34579
34607
34613
34610
34614
34629
34639
34648
34668
34549
34591
34579
34591
34597
34597
34614
34617
34625
34625
34590
34588
34512
34559
34588
34577
34567
34590
34588
34602
34606
34612
34586
34564
34359
34381
34398
34399
34399
34395
34393
34454
34451
34463
34447
34449
34420
34465
34475
34471
34489
34477
34489
34506
34492
34490
34500
34514
34542
34530
34538
34548
34563
34575
34552
34553
34541
34554
34581
34568
34610
34626
34624
34620
34601
34627
34627
34627
34627
34688
34739
34689
34599
34599
34599
34599
34599
34599
34597
34597
34599
34599
34624
34605
34677
34720
34720
34743
34727
34719
34667
34665
34678
34678
34678
34678
34607
34618
34624
34619
34622
34625
34622
34623
34624
34622
34626
34624
34561
34561
34567
34561
34557
34567
34654
34627
34667
34662
34642
34642
34596
34591
34588
34579
34596
34596
34596
34596
34596
34596
34596
34596
34624
34624
34632
34619
34619
34619
34619
34619
34619
34619
34619
34619
34604
34604
34604
34604
34604
34604
34604
34604
34604
34604
34604
34604
34627
34627
34627
34624
34665
34638
34607
34606
34605
34599
34599
34627
34613
34613
34613
34613
34613
34654
34773
34774
34830
34853
34849
34864
34999
34973
34973
34972
34999
35011
35013
35013
35017
35025
35035
35022
34984
35017
35008
35012
35081
35023
35016
35010
35033
35007
35050
35043
35059
35045
35066
35086
35087
35060
35112
34993
34991
35008
35028
35035
34856
34856
34889
34856
34899
34889
34878
34876
34917
34888
34807
34825
34712
34709
34717
34725
34737
34744
34747
34742
34753
34769
34764
34742
34731
34767
34754
34754
34741
34756
34765
34800
34768
34764
34756
34751
34844
34780
34780
34775
34775
34775
34775
34775
34771
34777
34796
34782
34805
34799
34819
34773
34804
34804
34821
34800
34840
34801
34814
34799
34801
34801
34829
34788
34788
34788
34788
34791
34811
34789
35067
35381
35388
35393
35409
35425
35414
35414
35415
35551
35693
35691
35843
35878
35834
35823
35824
35824
35824
35824
35824
35824
35824
35824
35825
35817
35890
35865
35865
35856
35856
35856
35856
35856
35856
35856
35856
35856
35837
35837
35837
35837
35869
35837
35836
35836
35836
35836
35836
35869
35805
35805
35805
35805
35805
35808
35864
35808
35808
35808
35808
35808
35847
35847
35847
35847
35847
35847
35847
35847
35847
35847
35847
35847
35798
35819
35929
35951
35961
35956
35990
35996
35997
35998
36019
35995
36036
36037
36046
36052
36049
36049
36069
36357
36728
36718
36736
36806
36754
36758
36767
36771
36773
36777
36941
36932
36931
36935
36935
36931
36860
36877
36888
36886
36885
36899
36887
36881
36888
37002
37030
37152
37129
37199
37193
37215
37205
37221
37237
37231
37196
37224
37225
37289
37512
37508
37496
37499
37505
37591
37528
37560
37573
37601
37620
37628
37710
37765
37738
37704
37708
37708
37704
37678
37734
37717
37716
37717
37615
37615
37607
37602
37620
37761
37820
37820
37833
37827
37837
37859
37828
37822
37835
37985
38031
38030
38125
38159
38137
38132
38134
38257
38485
38527
38533
38534
38533
38533
38590
38533
38533
38533
38533
38533
38426
38430
38430
38563
38591
38623
38621
38632
38629
38661
38614
38627
38710
38710
38815
39047
39256
39243
39234
39245
39218
39219
39272
39273
39370
39421
39438
39453
39446
39434
39422
39459
39466
39464
39464
39464
39449
39449
39449
39449
39492
39506
39504
39499
39499
39472
39468
39503
39477
39474
39474
39474
39474
39474
39474
39474
39520
39474
39474
39474
39542
39547
39622
39627
39614
39603
39595
39605
39598
39594
39594
39758
40239
40268
40277
40250
40233
40229
40258
40296
40386
40415
40427
40457
40473
40473
40473
40470
40552
40485
40506
40496
40500
40494
40490
40483
40553
40543
40558
40576
40586
40585
40599
40590
40662
40576
40576
40596
40584
40585
40589
40580
40596
40568
40575
40578
40587
40637
40609
40611
40539
40544
40533
40527
40492
40493
40491
40487
40474
40495
40491
40465
40560
40613
40614
40520
40514
40503
40512
40508
40505
40500
40485
40485
40517
40517
40517
40526
40526
40521
40481
40484
40515
40489
40494
40552
40400
40425
40433
40447
40432
40431
40432
40403
40475
40455
40462
40491
40433
40412
40433
40428
40427
40430
40426
40424
40503
40503
40439
40439
40461
40460
40490
40460
40460
40460
40780
40743
40754
40764
40771
40770
40744
40779
40772
40712
40724
40897
41165
41171
41179
41176
41171
41171
41041
41041
41057
41223
41232
41266
41237
41274
41273
41273
41273
41272
41346
41346
41346
41377
41576
41626
41649
41665
41649
41679
41691
41657
41616
41642
41992
42264
42243
42285
42262
42298
42297
42302
42377
42418
42447
42417
42417
42408
42408
42408
42409
42410
42410
42410
42441
42444
42419
42434
42432
42454
42492
42481
42444
42440
42472
42440
42448
42478
42493
42469
42497
42542
42546
42532
42492
42497
42516
42507
42508
42538
42436
42500
42436
42436
42502
42436
42436
42435
42435
42409
42406
42406
42383
42396
42387
42403
42416
42405
42407
42403
42405
42405
42397
42397
42652
42598
42598
42598
42599
42599
42599
42599
42599
42599
42599
42599
42645
42645
42645
42645
42645
42645
42645
42645
42645
42645
42645
42645
42787
42889
42929
42926
42908
42905
42863
42875
42906
42908
43099
43309
43360
43355
43368
43346
43386
43380
43378
43425
43426
43393
43400
43431
43379
43379
43379
43379
43379
43379
43379
43431
43379
43461
43688
43810
44011
44035
44033
44036
44044
44043
44260
44262
44561
44526
44583
44537
44401
44442
44454
44457
44432
44470
44469
44469
44469
44469
44469
44507
44786
44811
44863
44868
44807
44822
44850
44872
44872
44893
45082
45257
45202
45157
45152
45154
45152
45182
45222
45246
45228
45143
45135
45135
45173
45173
45173
45174
45174
45206
45174
45174
45174
45436
45467
45535
45484
45484
45470
45480
45475
45454
45785
46072
46118
46175
46205
46213
46183
46270
46252
46280
46287
46269
46333
46305
46328
46267
46246
46308
46379
46299
46289
46301
46303
46299
46293
46269
46265
46257
46271
46266
46352
46265
46262
46241
46241
46243
46245
46240
46240
46231
46231
46231
46307
46311
46310
46310
46309
46309
46309
46314
46314
46371
46307
46287
46208
46177
46192
46188
46188
46188
46196
46201
46191
46184
46180
46187
46194
46213
46218
46202
46206
46208
46208
46253
46241
46221
46196
46222
46191
46201
46219
46219
46222
46222
46232
46242
46264
46267
46241
46209
46199
46196
46234
46248
46248
46246
46305
46350
46362
46345
46345
46345
46070
46062
46067
46051
46084
46114
46115
46123
46116
46097
46117
46102
46100
46089
46130
46139
46178
46149
46150
46158
46153
46149
46142
46144
46162
46169
46149
46092
46094
46127
46086
46098
46091
46090
46145
46090
46176
46176
46176
46170
46180
46147
46141
46140
46143
46157
46157
46157
46247
46184
46184
46184
46185
46185
46185
46215
46216
46130
46130
46130
46118
46118
46118
46118
46118
46118
46182
46118
46151
46118
46118
46118
46199
46199
46199
46199
46199
46199
46199
46229
46199
46199
46199
46199
46154
46154
46176
46215
46235
46235
46235
46236
46236
46236
46236
46236
46123
46123
46123
46151
46123
46123
46125
46125
46125
46125
46125
46125
46132
46132
46132
46132
46132
46132
46132
46132
46132
46132
46132
46132
46057
46057
46057
46057
46057
46057
46057
46056
46124
46207
46031
46039
46060
46028
46028
46028
46030
46030
46027
46027
46029
46029
46029
46029
46028
46028
46028
45991
45991
45991
45991
45991
45991
45991
45991
45991
45988
45988
45988
45988
45988
45988
45988
45988
45988
45988
45986
46021
46023
46025
46026
46030
46027
46021
46037
46047
46045
46036
45942
45990
46026
46026
46026
46014
45998
45998
45998
45998
45998
45998
45998
45998
46161
46161
46161
46161
46161
46161
46161
46161
46161
46161
46170
46166
46155
46091
46091
46091
46091
46131
46116
46108
46120
46124
46125
46125
46204
46133
46146
46119
46109
46071
46046
46052
46051
46051
46043
46040
46113
46110
46110
46110
46112
46122
46112
46124
46149
46128
46125
46127
46127
46138
46116
46125
46123
46116
46086
46084
46089
46114
46125
46125
46071
46118
46119
46108
46113
46110
46121
46125
46113
46114
46145
46143
46019
46006
45994
45989
45998
45991
45999
45999
45998
46004
45993
46012
45988
46018
46018
46039
46037
46038
46044
46039
46049
46049
46106
46055
46042
46011
46047
46036
46038
46036
46036
46036
46036
45986
45990
45992
46050
45986
45981
45984
45988
46140
46051
46062
46040
46056
46081
46087
46144
46147
46147
46147
46147
46167
46152
46169
46163
46186
46197
46190
46087
46082
46082
46098
46107
46099
46095
46098
46094
46120
46123
46124
46124
46124
46124
46124
46124
46122
46063
46030
46036
46051
46053
46052
46143
46081
46097
46082
46082
46082
46092
46089
46053
46038
46039
46054
46048
46075
46053
46075
46039
46036
46060
46120
46095
46095
46095
46098
46023
46024
46024
46024
46024
46024
46024
46024
46024
46024
46024
46024
46004
46009
46045
46016
46016
46050
46016
46021
46012
46045
46014
46022
46064
45995
45995
46027
46057
46020
45964
45939
45942
45943
45942
45942
45926
45926
45926
45926
45926
45926
45926
45926
45926
45926
45926
45926
45984
45984
45984
45984
45984
45984
45984
45984
45984
45984
45984
45984
45966
45964
45970
45959
46022
45955
45956
45953
45986
46005
45973
45959
46115
46147
46115
46087
46087
46083
46092
46090
46099
46098
46137
46105
46046
46061
46078
46144
46128
46150
46154
46140
46158
46155
46175
46171
46083
46080
46092
46098
46097
46099
46165
46130
46112
46127
46224
46169
46257
46229
46193
46193
46252
46193
46193
46193
46221
46218
46193
46193
46007
46016
46016
46013
46070
46059
46066
46043
46074
46116
46088
46103
46132
46130
46131
46112
46112
46112
46112
46113
46113
46115
46115
46115
46041
46075
46064
46083
46084
46100
46043
46056
46055
46062
46062
46063
46082
46084
46086
46086
46087
46068
46079
46077
46074
46070
46070
46090
46140
46107
46096
46098
46096
46089
46137
46117
46114
46114
46125
46128
45998
46002
46011
46012
46020
46006
46102
46034
46075
46076
46056
46043
46137
46059
46080
46069
46070
46074
46077
46069
46061
46070
46080
46078
46080
46080
46084
46088
46088
46084
46080
46077
46091
46091
46091
46091
46144
46142
46142
46142
46142
46131
46133
46141
46148
46142
46142
46141
46129
46149
46150
46150
46139
46146
46153
46153
46154
46147
46147
46168
46107
46125
46123
46118
46121
46129
46157
46191
46129
46127
46123
46167
46221
46090
46091
46091
46083
46107
46082
46080
46121
46162
46105
46102
46176
46157
46145
46214
46198
46164
46153
46170
46149
46182
46181
46200
46176
46175
46198
46169
46169
46179
46248
46239
46206
46217
46216
46203
46132
46136
46135
46143
46161
46143
46153
46153
46153
46185
46155
46180
45993
46028
46033
46041
46038
46034
46022
46025
46051
46051
46048
46045
46206
46200
46185
46154
46149
46160
46170
46136
46128
46156
46165
46150
46240
46240
46160
46160
46160
46160
46066
46068
46068
46068
46111
46095
46217
46223
46231
46258
46244
46250
46250
46331
46366
46451
46467
46806
46885
46941
47091
47149
47357
47525
47711
47747
47945
47970
47970
47909
47843
47851
47883
47921
47878
47880
47907
47907
47894
47971
48026
47994
48016
48119
48097
48221
48209
48230
48260
48244
48232
48278
48281
48276
48260
48260
48255
48255
48271
48281
48260
48312
48287
48280
48276
48284
48276
48276
48276
48276
48276
48269
48269
48287
48285
48252
48254
48222
48215
48212
48224
48227
48211
48233
48273
48273
48273
48283
48277
48289
48072
48088
48078
48123
48121
48102
48084
48095
48095
48093
48093
48093
48344
48280
48280
48264
48264
48264
48264
48264
48267
48267
48257
48263
48150
48150
48190
48209
48155
48150
48150
48150
48150
48185
48150
48150
48089
48105
48089
48089
48089
48157
48089
48089
48089
48089
48089
48089
48048
48336
48424
48418
48424
48436
48481
48452
48427
48411
48435
48463
48544
48731
48699
48747
48819
48862
48747
48770
48784
48823
48818
48793
48790
48823
48760
48783
48791
48838
48816
48750
48810
48827
48827
48827
48902
49097
49083
49096
49106
49154
49230
49151
49241
49144
49142
49209
49125
49130
49136
49153
49183
49153
49180
49163
49164
49153
49146
49147
49104
49104
49104
49104
49104
49104
49104
49450
49879
49898
49898
49895
49802
49867
50053
50141
50124
50338
50334
50322
50340
50561
50832
50935
50843
50892
51280
51272
51372
51365
51365
51364
51364
51350
51545
51877
52061
52064
52069
52078
52056
52097
52132
52492
52681
52702
52775
52800
52763
52782
52895
52889
52827
53306
53602
53563
53559
53538
53550
53548
53912
54430
54450
54449
54441
54403
54640
54653
54760
54790
54790
54790
54825
54830
54839
54845
54899
54828
54830
54859
54815
54815
54815
54815
54994
54994
54994
54996
54996
54996
54996
54996
54996
55302
55534
55527
55467
55621
55617
55620
55624
55758
55932
56071
56136
56556
56847
56858
56845
56781
56819
57134
57238
57362
57361
57500
57767
57812
57819
57837
57692
57692
58064
58295
58479
58437
58434
58432
58426
58426
58426
58423
58236
58613
58958
58970
58972
58953
58953
58962
58972
58976
59171
59163
59287
59314
59304
59284
59317
59303
59301
59325
59318
59326
59361
59380
59420
59420
59426
59420
59417
59411
59398
59421
59433
59435
59468
59440
59337
59378
59324
59321
59321
59321
59321
59321
59321
59278
59273
59264
59362
59322
59366
59363
59365
59369
59360
59401
59385
59362
59351
59396
59220
59203
59224
59243
59204
59207
59205
59205
59207
59240
59213
59255
59259
59263
59345
59243
59243
59211
59244
59211
59211
59211
59211
59211
59104
59104
59104
59271
59360
59778
59781
59782
59974
59956
60026
60026
60046
60046
60046
60046
60500
60598
60632
60759
60793
60742
60761
60765
60808
60812
60744
60744
60744
60744
60769
60758
60762
60768
60802
60776
60817
60831
60831
60831
60831
60831
60831
60802
60802
60738
60738
60738
60952
60952
60952
60951
60951
60951
61138
61391
61439
61398
61369
61482
61534
61534
61534
61534
61754
61935
61916
62065
62056
62101
62214
62156
62199
62199
62191
62191
62191
62191
62191
62191
62191
62234
62763
62753
62765
62759
62795
62794
62858
62862
62869
62858
62859
62941
63278
63294
62973
62987
63051
63115
63051
63004
62978
62960
62960
62929
62924
62928
63043
63060
63015
63042
63021
63051
63043
63016
63018
62998
62998
62998
63198
63246
63216
63191
63191
63191
63199
63219
63184
63204
63201
63201
63196
63233
63334
63246
63241
63246
63283
63284
63290
63275
63312
63314
63156
63179
63145
63191
63157
63168
63225
63221
63227
63189
63222
63220
62899
62933
62968
62986
62964
62984
62958
62973
63004
62979
62979
62980
63090
63026
63026
63024
63023
63027
63025
63026
63025
63025
63025
63073
62945
62954
62927
62932
62939
62973
62942
62927
62927
62945
62939
62965
62962
62981
62961
62943
62952
62968
62967
62987
62989
62958
62954
62954
63018
63018
63018
63018
63018
63018
63050
63041
63009
63002
62987
63034
62987
63011
63012
62994
62994
63031
63060
63032
63023
63024
63024
63024
63184
63186
63186
63138
63138
63138
63138
63138
63138
63138
63138
63138
63112
63112
63112
63112
63112
63112
63112
63112
63112
63112
63109
63132
63132
63108
63121
63150
63143
63134
63167
63170
63159
63142
63109
63107
63138
63088
63126
63139
63140
63122
63084
63104
63528
63662
63662
63658
63622
63627
63657
63667
63676
63695
63683
63695
63722
63716
63713
63739
63810
63857
63858
63819
63824
63808
63814
63803
63797
63821
63806
63815
63734
63734
63766
63766
63729
63734
63751
63773
63751
63736
63762
63765
63755
63778
63815
63816
63831
63821
63821
63816
63815
63818
63833
63805
63734
63697
63779
63819
63805
63811
63800
63789
63823
63818
63808
63826
63706
63728
63720
63760
63749
63781
63788
63781
63810
63785
63787
63800
63784
63793
63786
63784
63750
63778
63787
63778
63778
63776
63779
63781
63679
63699
63739
63737
63739
63728
63670
63655
63648
63639
63654
63655
63661
63661
63651
63747
63927
64149
64125
64130
64167
64187
64178
64170
64104
64103
64186
64147
64191
64316
64384
64374
64344
64401
64358
64389
64359
64362
64362
64365
64377
64383
64365
64393
64394
64447
64462
64442
64459
64451
64466
64446
64437
64436
64470
64466
64446
64453
64447
64452
64415
64420
64370
64383
64408
64394
64370
64386
64382
64404
64379
64370
64469
64461
64461
64457
64459
64494
64457
64459
64485
64443
64448
64423
64388
64406
64392
64383
64397
64400
64408
64409
64427
64412
64403
64393
64423
64423
64423
64405
64430
64419
64440
64464
64444
64453
64459
64474
64444
64460
64465
64459
64439
64426
64427
64441
64485
64510
64507
64436
64444
64427
64410
64434
64440
64416
64408
64422
64413
64397
64442
64388
64437
64456
64433
64421
64416
64457
64425
64416
64416
64396
64388
64389
64410
64410
64410
64410
64410
64410
64410
64410
64410
64410
64410
64407
64376
64343
64440
64340
64357
64420
64397
64378
64406
64392
64388
64388
64409
64433
64462
64455
64451
64480
64463
64468
64451
64499
64513
64459
64390
64395
64399
64454
64399
64399
64345
64347
64347
64347
64375
64713
64861
64991
65066
65264
65432
65446
65470
65626
65672
65776
65787
65834
65944
66047
66122
66100
66132
66441
66448
66431
66566
66659
66696
66719
66674
66708
66738
66736
66919
67057
67235
67319
67331
67384
67453
67650
67666
67705
67766
67857
67991
68016
68040
68047
68194
68254
68378
68335
68260
68256
68336
68389
68501
68502
68610
68610
68680
68821
68976
68954
68892
68887
68883
68889
68889
68889
68923
68889
68889
68880
69038
69205
69301
69378
69475
69647
69672
69719
69785
69835
69956
70021
70033
70078
70053
70152
70221
70233
70207
70378
70466
70453
70496
70600
70712
70731
70847
70965
71103
71428
71466
71670
71797
71797
71895
71903
71981
72097
72003
71935
72011
72162
72439
72483
72510
72557
72530
72530
72530
72530
72786
72693
72693
72670
72712
72723
72746
72734
72736
72708
72719
72717
72731
72758
72768
72764
72764
72762
72744
72779
72823
72831
72821
72840
72755
72763
72757
72759
72746
72748
72750
72746
72789
72810
72805
72795
72872
72884
72893
72880
72939
72933
72928
72915
72921
72943
72930
72984
72676
72671
72671
72672
72663
72663
72668
72667
72667
72667
72667
72667
72874
72870
72870
72870
72870
72870
72870
72870
72870
72870
72870
72870
73015
72901
72859
72859
72892
72859
72859
72859
72859
72859
72922
72859
72800
72805
72801
72801
72801
72847
72801
72801
72801
72801
72855
72801
72832
72828
72828
72828
72863
72951
73187
73240
73418
73569
73707
73990
74022
74162
74352
74495
74750
74821
74960
75189
75336
75571
75719
75953
76226
76555
76618
76841
77000
77374
77522
77553
77716
77927
78084
78141
78038
78027
78047
78043
78066
78101
78075
78096
78060
78071
78065
78076
78131
78132
78132
78132
78132
78132
78132
78132
78132
78132
78132
78132
78217
78213
78245
78211
78191
78108
78128
78183
78176
78152
78234
78227
78307
78307
78308
78307
78301
78367
78294
78299
78321
78320
78343
78346
78176
78176
78159
78159
78155
78155
78155
78157
78162
78136
78134
78134
78189
78189
78189
78189
78189
78189
78189
78189
78189
78189
78189
78189
78073
78077
78077
78077
78077
78077
78077
78077
78077
78077
78077
78142
78081
78086
78087
78087
78087
78087
78087
78087
78092
78098
78098
78098
78140
78144
78138
78149
78138
78190
78181
78173
78188
78200
78178
78214
78174
78175
78187
78185
78177
78123
78152
78169
78180
78177
78187
78180
78210
78210
78210
78210
78210
78210
78210
78210
78210
78277
78300
78274
78052
78027
78027
78042
78095
78089
78039
78061
78071
78087
78127
78041
78099
78093
78145
78142
78138
78131
78153
78140
78201
78205
78210
78204
78100
78116
78056
78109
78095
78092
78174
78115
78133
78139
78142
78173
78126
78179
78191
78174
78178
78176
78210
78154
78174
78144
78144
78143
78149
78146
78140
78146
78142
78148
78146
78208
78190
78194
78217
78236
78020
78025
78004
78011
78077
78100
78121
78145
78198
78196
78223
78221
78183
78251
78238
78245
78262
78279
78293
78240
78237
78256
78255
78269
78295
78313
78328
78314
78281
78308
78291
78343
78304
78284
78290
78302
78307
78302
78305
78296
78296
78347
78317
78287
78287
78303
78334
78297
78347
78347
78347
78356
78365
78294
78316
78313
78310
78312
78324
78351
78268
78309
78316
78332
78317
78341
78281
78288
78291
78308
78331
78279
78404
78507
78466
78366
78430
78366
78366
78366
78374
78369
78302
78305
78304
78346
78341
78341
78340
78335
78331
78301
78304
78298
78293
78256
78559
78481
78483
78460
78460
78462
78479
78428
78443
78442
78495
78483
78458
78461
78508
78618
78637
78656
78695
78722
78697
78711
78725
78746
78649
78657
78672
78688
78683
78643
78655
78677
78713
78616
78665
78678
78727
78643
78672
78641
78643
78670
78695
78703
78743
78707
78699
78707
78782
78833
78849
78866
78783
78783
78791
78789
78791
78792
78792
78792
78782
78782
78771
78748
78748
78748
78748
78748
78748
78748
78748
78748
78924
78996
79180
79225
79222
79332
79394
79414
79423
79434
79432
79428
79271
79274
79271
79270
79270
79400
79459
79465
79440
79444
79444
79478
79590
79591
79791
79818
79911
79877
79877
79889
79899
79943
79955
80020
80071
80107
80122
80131
80135
80133
80120
80141
80139
80182
80208
80225
80084
80084
80084
80085
80070
80070
80070
80070
80070
80024
80027
80027
80109
80111
80105
80105
80105
80101
80123
80136
80148
80134
80085
80147
80188
80232
80270
80210
80204
80273
80240
80220
80206
80210
80176
80181
80306
80288
80256
80273
80238
80271
80251
80218
80248
80228
80226
80256
80251
80251
80298
80273
80298
80285
80314
80303
80242
80246
80278
80286
80236
80195
80201
80243
80208
80209
80209
80205
80227
80157
80181
80215
80254
80234
80226
80211
80190
80232
80193
80187
80193
80192
80195
80218
80198
80203
80207
80203
80203
80203
80198
80201
80201
80217
80209
80212
80156
80156
80156
80166
80166
80166
80166
80166
80166
80166
80166
80166
80135
80135
80135
80135
80135
80135
80135
80135
80132
80121
80121
80128
80159
80152
80163
80185
80255
80229
80183
80173
80178
80198
80225
80232
80193
80145
80188
80162
80158
80164
80169
80169
80198
80169
80234
80169
80054
80071
80061
80078
80076
80078
80110
80086
80069
80115
80048
80077
80152
80180
80186
80171
80170
80168
80181
80234
80513
80718
80935
81136
81203
81210
81210
81210
81210
81210
81195
81195
81339
81353
81408
81408
81329
81329
81329
81340
81349
81349
81342
81406
81416
81445
81499
81595
81544
81694
81661
81701
81706
81735
81709
81737
81709
81706
81723
81726
81577
81581
81614
81610
81581
81581
81579
81574
81574
81574
81574
81574
81682
81682
81682
81684
81684
81684
81684
81684
81712
81684
81684
81684
81675
81613
81613
81613
81608
81608
81608
81608
81666
81808
81960
82151
82136
82178
82140
82287
82298
82320
82328
82340
82331
82344
82374
82605
82545
82583
82598
82611
82644
82632
82655
82633
82601
82640
82639
82646
82726
82767
82815
82811
82818
82793
82822
82838
82821
82848
82844
82842
82863
82872
82896
82893
82887
82883
82881
82898
82903
82915
82891
82912
82828
82831
82814
82792
82817
82809
82796
82837
82837
82821
82803
82824
82830
82830
82830
82810
82794
82864
82813
82858
82854
82823
82834
82854
82890
82861
82844
82847
82868
82843
82859
82830
82838
82835
82840
82851
82725
82724
82751
82703
82739
82735
82732
82755
82733
82733
82758
82758
82802
82823
82804
82834
82837
82853
82842
82860
82858
82846
82876
82860
82766
82789
82719
82693
82682
82739
82765
82801
82740
82740
82760
82743
82732
82740
82733
82723
82747
82725
82751
82809
82767
82753
82774
82809
82689
82709
82723
82723
82719
82701
82701
82710
82697
82721
82722
82750
82925
82947
82965
82943
82949
82931
82926
82955
82918
82933
82932
82910
82927
82927
82927
82913
82893
82913
82872
82881
82900
82912
82885
82892
82991
82981
83011
83017
83019
83018
83042
83038
83006
83006
83001
83001
83000
82873
82901
82942
82954
82950
82949
82924
82918
82903
82905
82948
83030
82895
82904
82902
82902
82933
82949
82924
82941
82912
82898
82916
82832
82809
82766
82793
82813
82793
82830
82837
82863
82839
82814
82763
82889
82988
82895
82856
82868
82861
82861
82839
82832
82846
82850
82866
82885
82885
82885
82885
82885
82885
82889
82889
82889
82889
82889
82889
82862
82862
82862
82862
82862
82862
82862
82862
82862
82862
82862
82862
82862
82859
82848
82902
82848
82848
82848
82905
82848
82848
82848
82880
82720
82722
82722
83018
83151
83249
83406
83392
83397
83417
83417
83417
83533
83533
83533
83555
83648
83819
83991
84198
84255
84252
84313
84342
84488
84597
84606
84602
84607
84607
84583
84583
84583
84519
84520
84519
84574
84585
84585
84583
84610
84605
84607
84595
84594
84595
84585
84585
84676
84681
84683
84686
84734
84668
84691
84669
84733
84659
84662
84660
84538
84540
84540
84540
84540
84540
84540
84540
84593
84803
84814
84820
84881
84866
84881
84895
84889
84888
84880
84910
84918
84918
84918
84918
84885
84885
84885
84885
84885
84885
84848
84849
84849
84849
84849
84849
84886
84919
84886
84907
84886
84886
84886
84886
84886
84886
84886
84886
84990
84859
84819
84769
84778
84798
84803
84790
84832
84858
84831
84877
84802
84819
84860
84874
84857
84853
84815
84817
84816
84819
84810
84843
84717
84728
84738
84744
84743
84743
84743
84752
84753
84753
84757
84781
84772
84800
84813
84813
84843
84840
84809
84773
84854
84808
84869
84867
84843
84854
84852
84868
84836
84846
84895
84857
84858
84880
84858
84865
84909
84896
84896
84940
84904
84899
84868
84852
84844
84863
84855
84860
84851
84812
84809
84809
84811
84795
84823
84795
84788
84791
84769
84750
84872
84887
84846
84859
84851
84841
84885
84897
84857
84888
84887
84911
84919
84935
84923
84883
84886
84878
84854
84866
84868
84865
84861
84873
84946
84921
84925
84945
84899
84880
84913
84908
84959
84881
84891
84924
84929
84952
84902
84900
84903
84874
84864
84862
84869
84823
84836
84855
84893
84905
84906
84942
84933
84921
84917
84930
84921
84951
84970
84972
84995
84952
84954
84969
84991
84953
84960
84962
84961
84943
84959
84944
84867
84877
84877
84881
84881
84864
84894
84893
84893
84912
84893
84900
84863
84863
84926
84864
84855
84855
84855
84855
84855
84861
84861
84861
84840
79319
103948
103623
128235
128068
145907
145654
150807
150563
155438
155194
124076
126558
126419
138406
138247
138204
138226
138218
138198
138284
138268
138241
135426
135464
135426
135454
135454
135503
135566
135531
135548
135583
135519
135505
135515
135512
135512
135512
135512
135512
135504
135504
135504
135504
127815
127191
118796
118800
121631
121065
114480
114193
109239
108856
111596
111926
111062
110386
85650
85689
84183
84195
84245
84286
84281
84294
84261
84330
84243
84258
85808
85825
85823
85820
85768
85787
85800
85800
85800
85805
85820
85796
85610
85674
85750
85740
85721
85711
85677
85691
85696
85685
85693
85697
85897
85890
85884
85898
85893
85906
85939
85961
85922
85915
85911
85910
85987
85984
85982
85979
85981
85981
85984
85982
85982
85985
85984
85984
85784
85770
85769
85769
85784
85778
85778
85778
85800
85778
85778
85778
85882
85875
85874
85876
85876
85968
86028
86113
86315
86426
86466
86467
86477
86482
86486
86498
86490
86494
86497
86575
86696
86776
86792
86779
86875
86862
86861
86861
86861
86861
86889
86957
87015
87021
87020
87020
87153
87014
87013
87013
87013
86998
87006
87006
87051
87062
87062
87062
86914
86903
86902
86902
86902
86902
86902
86902
86902
86902
86902
86902
87036
87019
87022
87021
87051
87084
87020
87051
87020
87020
87020
87020
87034
87023
87102
87194
87360
87409
87636
87642
87638
87646
87636
87639
87621
87602
87605
87608
87607
87607
87607
87612
87612
87651
87838
87834
87844
87965
88058
88087
88101
88071
88073
88092
88156
88347
88324
88480
88443
88452
88459
88458
88460
88460
88460
88460
88460
88460
88460
88460
88609
88600
88596
88596
88596
88596
88596
88596
88596
88596
88596
88596
88517
88506
88505
88505
88505
88534
88505
88505
88505
88505
88505
88505
88517
88506
88569
88505
88505
88498
88503
88516
88617
88648
88597
88740
88501
88524
88514
88504
88490
88571
88584
88586
88602
88709
88785
88802
88576
88564
88574
88582
88650
88564
88575
88676
88625
88621
88634
88634
88576
88570
88619
88576
88585
88544
88534
88536
88527
88530
88542
88525
88592
88584
88591
88568
88554
88576
88572
88548
88545
88576
88515
88582
88408
88399
88411
88395
88425
88419
88381
88410
88393
88415
88435
88412
88439
88442
88450
88454
88471
88441
88449
88455
88452
88476
88475
88511
88400
88412
88421
88424
88447
88494
88484
88475
88534
88446
88433
88424
88515
88515
88532
88574
88646
88628
88634
88635
88593
88580
88571
88558
88862
88829
88838
88769
88763
88760
88742
88768
88754
88765
88784
88770
88724
88722
88709
88721
88749
88746
88673
88679
88641
88646
88615
88649
88644
88684
88600
88619
88604
88592
88597
88637
88637
88647
88640
88645
88683
88694
88720
88725
88719
88721
88734
88726
88715
88705
88699
88727
88690
88720
88707
88661
88667
88664
88663
88671
88667
88669
88714
88698
88691
88671
88761
88683
88720
88718
88720
88740
88715
88674
88715
88731
88737
88714
88717
88757
88764
88758
88710
88721
88730
88653
88658
88636
88599
88617
88631
88630
88640
88658
88637
88638
88634
88630
88618
88654
88671
88624
88633
88674
88661
88652
88678
88670
88671
88661
88676
88669
88664
88686
88718
88682
88688
88677
88685
88689
88688
88678
88677
88743
88745
88738
88750
88728
88720
88715
88698
88705
88702
88702
88702
88726
88773
88735
88772
88774
88774
88741
88702
88725
88710
88717
88717
88717
88649
88637
88643
88650
88650
88644
88638
88645
88642
88643
88643
88643
88658
88646
88652
88659
88659
88653
88647
88648
88643
88643
88643
88643
88750
88720
88760
88758
88755
88749
88743
88750
88747
88838
88776
88747
88921
88909
88915
88886
88886
88880
88874
89020
89104
89166
89198
89222
89351
89517
89665
89769
89877
89965
90023
90182
90212
90230
90226
90246
90075
90090
90109
90116
90127
90199
90166
90175
90172
90174
90174
90174
90176
90171
90143
90151
90165
90159
90144
90151
90147
90145
90145
90145
90170
90157
90163
90156
90162
90156
90086
90123
90100
90128
90101
90135
90283
90293
90283
90274
90282
90277
90271
90278
90275
90310
90275
90275
90257
90245
90249
90278
90297
90246
90213
90213
90176
90168
90139
90147
90263
90269
90275
90332
90319
90222
90279
90269
90290
90270
90273
90270
90216
90209
90219
90256
90240
90227
90222
90229
90222
90222
90222
90228
90128
90122
90128
90135
90135
90129
90123
90130
90127
90127
90127
90245
90205
90186
90222
90384
90624
90612
90605
90642
90640
90753
90778
90752
90517
90505
90576
90648
90640
90653
90702
90542
90534
90526
90526
90534
90624
90604
90607
90642
90640
90654
90649
90636
90637
90651
90653
90625
90650
90653
90657
90664
90633
90628
90622
90629
90634
90630
90670
90664
90710
90707
90685
90692
90682
90667
90690
90669
90705
90688
90692
90672
90851
90815
90819
90818
90816
90794
90818
90823
90846
90793
90801
90801
90782
90770
90776
90782
90783
90778
90875
90904
90955
91103
91151
91190
91262
91238
91246
91254
91254
91248
91261
91268
91260
91226
91227
91227
91058
91061
91051
91056
91057
91051
91045
91052
91082
91124
91173
91100
91026
91011
91017
91024
91024
91002
91007
91014
91011
91011
91011
91011
91216
91204
91210
91217
91217
91211
91205
91354
91482
91600
91964
92097
92121
92138
92135
92151
92374
92546
92602
92607
92704
92966
93117
93130
93126
93148
93134
93215
93188
93220
93202
93219
93186
93197
93158
93158
93080
93068
93074
93081
93081
93075
93069
93144
93132
93160
93399
93748
93867
93858
94084
94103
94414
94407
94412
94432
94688
94628
94665
94792
94891
94882
94943
94913
94878
94855
94849
94856
94856
94856
94856
94856
94845
94833
95014
95062
95079
95081
95063
95065
95062
95062
95062
95062
95001
94989
94995
95002
95115
95179
95171
95250
95395
95571
95733
95902
96065
96034
96034
96057
96048
96055
96080
96121
96082
96089
96098
96100
96326
96309
96316
96389
96555
96647
96755
96850
96833
96893
96849
96853
96961
96949
96955
96972
96972
96966
96960
96967
96964
96964
96964
96964
96993
96981
96987
96994
96984
96982
96984
96991
96988
96988
96986
96986
96966
96954
96960
96967
96967
97018
96955
96962
96959
97190
97202
97411
97670
97736
97720
97726
97767
97772
97785
97799
97791
97788
97796
97794
97812
97862
97906
97956
97948
97938
97925
97932
97929
97941
97941
98005
98042
98025
98201
98101
98098
98089
98091
98103
98100
98100
98105
98105
98388
98398
98520
98644
98752
98801
98809
98818
98833
98817
98796
98853
99047
99061
99102
99138
99223
99284
99275
99319
99316
99317
99320
99316
99459
99446
99452
99521
99525
99552
99554
99561
99588
99628
99642
99622
99605
99619
99632
99639
99639
99667
99627
99634
99631
99631
99631
99631
99625
99613
99619
99721
99639
99633
99627
99636
99660
99648
99654
99649
99636
99643
99659
99663
99668
99672
99655
99659
99664
99662
99662
99662
99681
99669
99675
99682
99682
99676
99670
99677
99721
99628
99628
99680
99690
99614
99620
99627
99636
99623
99570
99578
99575
99575
99575
99575
99384
99363
99369
99376
99376
99370
99364
99371
99368
99368
99368
99398
99475
99464
99470
99477
99477
99468
99464
99469
99466
99466
99468
99468
99462
99450
99522
99634
99678
99783
99795
99802
99829
99832
99832
99835
99829
99817
99823
99830
99905
99941
99939
99946
100036
100188
100228
100243
100342
100568
100711
100768
100869
100872
100947
100996
101020
101007
101028
101028
100921
101011
101068
101169
101163
101187
101216
101355
101373
101370
101378
101378
101594
101518
101526
101526
101653
101748
101747
101784
101820
101874
101904
101885
101865
101859
101865
101891
101903
101876
101882
101894
101886
101906
101893
101947
101999
101987
101993
102006
102006
101975
101969
101976
102003
101983
101983
101981
101940
101946
101924
101923
101931
101951
101947
102000
101997
101997
102006
101996
102112
102107
102101
102096
102135
102136
102160
102180
102163
102148
102133
102155
102115
102242
102266
102307
102312
102323
102294
102299
102303
102289
102307
102309
102158
102083
102097
102125
102122
102116
102059
102078
102095
102142
102115
102110
102231
102221
102169
102169
102181
102173
102170
102175
102163
102157
102153
102137
101952
101941
101948
101964
101965
101968
101962
101969
101966
101966
102019
101995
102011
101998
102004
101999
102000
102005
102000
102018
101989
101985
102018
101985
102028
102018
102024
102032
102032
102026
102020
102027
102022
102022
102022
102022
102117
102142
102090
102107
102099
102093
102070
102015
102032
102030
102049
102006
101900
101833
101832
101836
101868
101830
101824
101831
101822
101787
101786
101812
101889
101808
101812
101819
101840
101834
101859
101900
101830
101830
101830
101830
101793
101787
101793
101800
101800
101808
101797
101807
101804
101804
101766
101766
101766
101821
101760
101755
101888
101839
101705
101712
101709
101709
101709
101709
101659
101647
101653
101660
101660
101654
94516
94339
94304
97303
97388
96378
84095
79381
75524
75468
77202
77120
78229
78002
73156
71532
70641
70594
52886
49292
49328
48772
47199
48328
48167
47239
48460
49213
49234
48513
46834
46779
46794
46787
46793
46783
46783
46775
46793
46791
46791
46791
46956
46956
46956
46958
46958
46957
46957
46969
46969
46969
46965
46965
46935
46935
46936
46936
46936
46936
46936
46936
46936
46936
46936
46936
47044
46879
46886
46878
46878
46878
46946
46908
46878
46878
46878
46878
46898
46868
46834
46834
46834
46834
46904
46834
46834
46834
46834
46834
46894
46891
47023
47026
47264
47433
47491
47511
47505
47522
47636
47691
47718
47817
47826
47807
47803
47908
47961
47977
47977
47989
47983
47983
47988
48110
48449
48437
48456
48467
48396
48479
48669
48679
48888
48960
48997
49008
49003
49218
49237
49293
49258
49287
49426
49420
49419
49419
49497
49560
49537
49573
49578
49608
49581
49581
49581
49580
49580
49582
49634
49631
49631
49631
49634
49643
49637
49637
49707
49637
49662
49637
49743
49743
49743
49743
49743
49743
49743
49743
49743
49743
49743
49743
49686
49686
49686
49686
49744
49686
49686
49686
49686
49686
49780
49847
49578
49589
49598
49635
49814
49841
49847
49831
49831
49959
50020
50012
50095
50048
50149
50427
50406
50406
50594
50689
50673
50678
50684
50782
50856
50863
51031
51286
51286
51285
51270
51277
51287
51326
51329
51323
51403
51418
51416
51442
51460
51472
51445
51430
51443
51442
51437
51428
51447
51441
51442
51447
51442
51453
51453
51453
51453
51450
51450
51450
51529
51513
51513
51598
51818
51901
51883
51877
51874
51823
51831
51833
51990
52046
52057
52065
52060
52069
52068
52068
52068
52068
52068
52068
52053
52005
52112
52257
52297
52297
52344
52343
52376
52343
52343
52372
52426
52538
52616
52637
52822
53076
53114
53117
53120
53114
53235
53238
53198
53182
53182
53182
53211
53468
53670
53678
53686
53721
53998
54033
54189
54226
54234
54219
54367
54721
54705
54716
54711
54755
54755
54752
54697
54688
54688
54688
54688
54688
54688
54688
54688
54972
55155
55128
55107
55049
55050
55049
55092
55049
55141
55292
55305
55319
55315
55297
55354
55338
55338
55334
55330
55325
55325
55318
55328
55335
55350
55439
55570
55560
55545
55569
55573
55573
55521
55500
55496
55484
55555
55487
55488
55510
55536
55472
55472
55472
55472
55472
55502
55615
55776
56008
56193
56221
56230
56208
56252
56347
56395
56514
56534
56508
56508
56561
56432
56524
56542
56558
56572
56574
56600
56614
56609
56610
56603
56603
56641
56629
56630
56587
56587
56583
56587
56589
56603
56597
56594
56599
56619
56602
56609
56637
56614
56606
56608
56608
56608
56616
56615
56600
56591
56579
56588
56588
56586
56586
56577
56578
56575
56599
56570
56567
56517
56497
56495
56484
56556
56506
56532
56527
56529
56521
56522
56505
56515
56534
56518
56518
56518
56518
56518
56518
56518
56550
56518
56518
56559
56543
56543
56699
56742
56730
56749
56730
56731
56796
56776
56779
56920
56842
56843
56843
56843
56843
56741
56740
56740
56740
56740
56740
56736
56720
56752
56844
56995
57225
57236
57231
57364
57362
57365
57373
57504
57519
57553
57562
57562
57686
57686
57976
57969
58084
58229
58224
58253
58335
58363
58349
58491
58702
58794
58741
58741
58741
58826
58897
59068
59169
59337
59260
59272
59320
59507
59659
59622
59678
59687
59677
59694
59678
59678
59678
59708
59702
59919
60000
59985
59968
59969
60078
60257
60251
60255
60344
60282
60286
60284
60281
60270
60250
60250
60250
60372
60356
60356
60382
60478
60646
60709
60714
60810
60795
60802
60812
60808
60932
61142
61171
61428
61489
61566
61574
61603
61573
61743
61758
61769
61787
61792
62006
61989
62273
62286
62473
62623
62587
62659
62708
62679
62857
62979
63002
63020
63020
63027
63026
62989
63001
63012
63046
63196
63180
63232
63244
63245
63235
63241
63241
63241
63222
63222
63222
63257
63359
63450
63535
63556
63579
63560
63565
63728
63915
64108
64107
64109
64113
64109
64135
64140
64148
64156
64161
64160
64164
64197
64180
64126
64110
64110
64092
64104
64098
64097
64097
64097
64097
64097
64099
64174
64159
64159
64159
64159
64159
64496
64573
64592
64581
64599
64616
64563
64618
64630
64630
64850
64850
64869
64865
64885
64886
65008
64884
64959
64879
64912
64877
64877
64878
64933
64876
64912
64915
65078
65104
65118
65191
65194
65247
65255
65253
65289
65412
65483
65606
65826
65921
66096
66021
66027
66129
66268
66338
66469
66611
66731
66888
66977
67118
67388
67502
67655
67793
67794
67794
67784
67787
67769
67804
67975
68089
68477
68473
68567
68572
68635
68664
68673
68674
68783
68852
68859
68959
68956
68940
69009
69038
69033
69033
69234
69228
69228
69394
69485
69488
69600
69585
69640
69639
69639
69639
69639
69625
69629
69626
69626
69624
69848
69888
69895
69823
69822
69827
69857
69857
69838
69838
69838
69838
69830
69750
69750
69762
69766
69766
69764
69764
69764
69764
69764
69764
69757
69568
69617
73590
73731
84724
84557
94665
97272
97258
101006
100881
94322
102064
102117
112090
112086
114697
113128
113127
111101
111018
113593
113361
102295
102317
102317
102317
102303
102303
102302
102302
102302
102325
102311
102323
102332
102340
102396
102306
102310
102322
102317
102317
102318
102318
102318
102318
102277
102279
102279
102309
102309
102309
102309
102491
102481
102309
102430
102430
102281
102376
102376
102380
102437
102431
102385
102980
103352
103576
104190
104629
104678
104967
102593
105542
106301
106450
106571
106494
103144
107008
103188
107554
106951
107168
107317
107295
107299
107299
107299
107292
107538
107548
107548
107715
107954
108076
107845
107698
107699
107701
107701
107703
107703
107703
107703
107703
107446
107452
107452
107451
107451
107451
107451
107451
107451
107451
107451
107451
107381
107387
107387
107387
107387
107387
107387
107596
107693
107696
107704
107698
107616
107609
107613
107410
107410
107410
107410
107410
107410
107410
107410
107410
107418
106834
106886
95344
95217
92700
92473
88988
88806
83803
79246
77015
51881
51901
50853
51420
51384
50895
52229
52064
51505
51566
51584
51633
49197
49196
49196
49199
48998
48998
48879
48858
48861
48872
48883
48879
49542
49537
49537
49537
49537
49537
49537
49537
49537
49533
49533
49537
49566
49566
49566
49566
64049
64049
64324
64198
64154
64306
64234
64224
64887
64977
61784
69035
68977
72342
72849
73402
73500
72237
72204
71873
67459
66063
64239
70464
69847
69959
69950
69956
69949
69531
69663
69666
70326
70177
70450
70439
70428
70096
70080
70129
70126
70125
70123
70123
70292
70292
70292
70292
70292
70292
70292
70292
70292
70292
70292
70292
70303
70304
70304
70304
70304
70304
70304
70304
70304
70304
70304
70304
70235
70252
70247
70252
70252
70249
70252
70252
70252
70252
70252
70252
70216
70216
70216
70216
70216
70216
70216
64681
64682
64684
64688
64689
64407
64379
64428
64403
64404
64394
64394
64389
64372
64379
64383
64451
64654
64636
64654
64665
64665
64665
64665
64665
64665
64643
64643
64643
64462
64462
64462
64462
64470
64540
64473
64473
64473
64473
64360
64426
64511
64476
64477
64477
64477
64548
64480
64494
64495
64495
64497
64497
64519
64524
64524
64524
64520
64520
64520
64520
64520
64520
64520
64520
64443
64443
64443
64443
64443
64443
64443
64443
64443
64443
64443
64443
64423
64423
64423
64423
64423
64423
64423
64423
64423
64423
64423
64423
64423
64423
64423
64423
64423
64423
64423
64423
64423
64423
64423
64423
64327
64336
64336
64336
64345
64345
64345
64345
64345
64345
64345
64345
64355
64428
64418
64423
64423
64423
64423
64423
64423
64423
64423
64423
64301
64301
64301
64301
64301
64301
64301
64301
64301
64301
64301
64301
64411
64308
64322
64322
64322
64322
64422
64322
64322
64322
64319
64319
64444
64380
64380
64380
64438
64380
64380
64380
64380
64380
64380
64380
64528
64506
64506
64504
64504
64537
64504
64504
64504
64504
64549
64504
64368
64368
64366
64366
64366
64366
64330
64330
64373
64330
64330
64330
64372
64372
64372
64372
64372
64372
64372
64372
64372
64372
64372
64372
64366
64366
64366
64366
64366
64366
64366
64366
64443
64485
64524
64573
64776
64832
64932
65010
65175
65458
65615
65801
65908
65969
66087
66224
66196
66194
66204
66193
66172
66171
66171
66171
66201
66261
66235
66239
66042
66042
66179
66033
66032
66032
66028
66030
66128
66030
66021
66024
65967
65967
65967
65967
65994
65968
66016
66008
66031
66077
66084
66056
66104
66104
66112
66106
66103
66164
66105
66106
66106
66134
66134
66134
66060
66060
66060
66060
66155
66345
66441
66467
66435
66463
66460
66475
66415
66399
66490
66496
66633
66630
66635
66635
66655
66656
66656
66795
66899
66936
66933
67059
67087
67087
67087
67085
67104
67112
67105
67095
67252
67286
67408
67395
67456
67469
67479
67492
67476
67437
67469
67577
67452
67489
67521
67521
67521
67797
67867
67873
67865
68044
68056
68037
68098
68042
68036
68033
68024
68024
68024
68024
68024
68024
68024
68024
67929
66196
82458
82361
90647
90493
89708
95421
95539
100062
115306
115031
87844
85918
85841
87071
86969
86917
86968
86928
86862
86860
86801
86820
88021
87991
87958
87969
87954
87976
87933
87940
87941
87952
87931
87929
87901
87906
87893
87885
87876
87880
87888
87912
87893
87939
87984
87998
87774
87772
87809
87827
87772
87771
87793
87798
87781
87805
87794
87803
88298
88330
88296
88318
88324
88281
88281
88278
88278
88278
88281
88457
88131
88131
88131
88155
88155
88173
88173
88173
88173
83502
83573
90223
84441
87222
89616
89228
92450
87938
88105
86440
83807
83778
82803
85938
69655
65794
65004
64981
65017
65051
65060
65067
65065
66605
66625
66689
69191
69132
69131
69143
69142
69139
69134
69138
69130
69134
69134
69134
69375
69409
69377
69377
69380
69386
69384
69371
69371
69367
69370
69364
69336
69347
69347
69445
69356
69344
69344
69344
69358
69371
69370
69372
69752
69618
69613
69626
69628
69629
69538
69533
69539
69563
69549
69597
69570
69502
69502
69502
69502
69502
69503
69503
69491
69401
69401
69401
69359
69359
69359
69359
69359
69359
69362
69367
69354
69381
69380
69384
69395
69393
69395
69439
69412
69422
69442
69426
69422
69422
69422
69422
69405
69405
69408
69289
69289
69289
69289
69289
69289
69289
69289
69289
69218
69218
69218
69218
69218
69218
69218
69218
69218
69218
69218
69218
69177
69177
69177
69177
69177
69177
69177
69177
69177
69177
69177
69177
69220
69220
69220
69220
69220
69220
69220
69220
69220
69220
69220
69168
69179
69138
69138
69143
69167
69184
69189
69193
69207
69179
69162
69175
69306
69243
69255
69238
69232
69221
69222
69231
69212
69187
69289
69245
69143
69148
69148
69106
69098
69149
69066
69116
69107
69114
69178
69139
69165
69144
69124
69129
69126
69120
69111
69138
69119
69122
69120
69116
69051
69071
69081
69080
69087
69096
69096
69078
69081
69075
69066
69051
69230
69224
69215
69247
69234
69231
69228
69228
69228
69221
69256
69227
69246
69246
69324
69225
69223
69223
69254
69251
69223
69223
69223
69222
69167
69167
69167
69222
69179
69174
69130
69130
69158
69278
69272
69317
69065
69069
69074
69065
69065
69065
69065
69065
69065
69065
69065
69065
69023
69022
69022
69022
69022
69022
69022
69022
69022
69022
69099
69155
69432
69541
69725
69901
69954
69972
69978
69976
69976
69988
69986
70013
70115
70136
70134
70129
70127
70149
70177
70161
70206
70162
70175
70177
70340
70340
70340
70340
70340
70342
70254
70254
70254
70251
70251
70251
70114
70114
70114
70114
70114
70114
70150
70150
70150
70242
70232
70212
70307
70263
70263
70263
70263
70263
70322
70330
70652
70811
70832
70808
70754
70870
70953
70961
70954
70961
70960
71128
71339
71555
71545
71541
71600
71600
71599
71581
71577
71584
71584
71582
71607
71607
71582
71632
71534
71547
71528
71529
71557
71544
71575
71569
71634
71635
71636
71627
71369
71368
71359
71361
71390
71371
71379
71384
71373
71361
71361
71361
71474
71474
71613
71786
71836
71858
71856
71852
71863
71917
71912
71916
72054
72169
72315
72372
72371
72371
72579
72635
72643
72662
72715
72709
72753
72802
72995
73112
73136
73132
73137
73140
73120
73130
73127
73131
73316
73421
73497
73487
73537
73698
73764
73814
73876
74047
74096
74098
74091
74091
74091
74375
74468
74472
74475
74564
74655
74673
74730
74705
74769
74767
74927
75175
75148
75145
75154
75152
75152
75152
75152
75152
75074
75086
75083
75081
75081
75081
75082
75080
75267
75452
75483
75476
75487
75423
75448
75473
75512
75485
75483
75467
75472
75478
75477
75489
75591
75597
75610
75598
75599
75648
75523
75519
75507
75426
75411
75433
75482
75474
75484
75463
75486
75487
75496
75483
75465
75488
75477
75477
75391
75392
75401
75390
75323
75319
75319
75324
75329
75458
75574
75666
75594
75717
75778
75854
75908
75966
76107
76172
76169
76182
76248
76329
76362
76412
76474
76511
76540
76683
76682
76691
76699
76659
76656
76666
76843
76843
76843
76814
76872
76860
76767
76767
76766
76761
76718
76718
76809
76743
76742
76742
76744
76744
76776
76743
76743
76778
76773
76773
76846
76846
76846
76846
76846
76846
76846
76846
76846
76846
76846
76846
76830
76832
76862
76844
76846
76845
76854
76873
76868
76871
76871
76871
76786
76786
76786
76784
76784
77008
77109
77160
77162
77146
77184
77434
77414
77408
77411
77416
77465
77480
77406
77420
77419
77413
77413
77509
77671
77868
77896
77896
77879
77879
77942
78130
78141
78165
78180
78185
78139
78147
78091
78251
78348
78543
78544
78544
78532
78543
78543
78543
78804
78807
78804
78834
78974
79158
79214
79332
79343
79339
79324
79330
79235
79163
79163
79149
79149
79149
79148
79148
79148
79148
79146
79146
79266
79350
79503
79678
79660
79723
79762
79758
79779
79809
79784
79788
79709
79707
79707
79711
79707
79707
79707
79711
79707
79714
79772
79714
79676
79674
79673
79667
79667
79670
79749
79670
79668
79668
79668
79668
79684
79687
79683
79702
79700
79697
79697
79697
79726
79723
79902
79988
79919
79911
79919
79915
79935
79935
79953
79944
80001
80002
80058
80023
80092
80090
80086
80082
80086
80086
80090
80076
80080
80086
80090
80089
80044
80048
80039
80039
80039
80039
80039
80052
80077
80076
80071
80066
80072
80041
80047
80033
79962
79987
80006
80007
80008
80008
80008
80008
79687
79691
79687
79698
79698
79698
79698
79698
79698
79698
79698
79698
79845
79993
79866
79883
79880
79880
79895
79889
79890
79890
79890
79890
79985
79921
79921
79921
79921
79921
79912
79912
79912
79912
79912
79912
79847
79847
79847
79889
79847
79842
79847
79847
79847
79846
79879
79846
79985
79985
79985
79985
79944
79921
79921
79921
79921
79921
79921
79921
79904
79903
79923
79941
79930
79928
79934
79968
80008
79967
79986
79970
79835
79835
79861
79828
79828
79828
79892
79842
79842
79842
79844
79876
79994
79802
79802
79802
79834
79832
79802
79802
79802
79802
79834
79803
79764
79764
79764
79764
79764
79764
79764
79764
79764
79764
79764
79832
79886
80088
80292
80678
80866
80845
80859
80850
80878
80895
80889
80904
81069
81069
81065
81024
81024
81360
81599
81682
81672
81669
81772
81911
82137
82174
82164
82104
82105
82107
82145
82343
82446
82497
82538
82632
82658
82672
82666
82665
82650
82649
82918
82981
82983
82984
83003
83154
83346
83347
83399
83552
83668
83675
83866
84025
84138
84150
84136
84193
84300
84434
84428
84420
84634
84693
84747
84782
84792
84793
84857
85134
85057
85070
85076
85084
85083
85078
85207
85656
85630
85639
85642
85615
85433
85437
85432
85455
85436
85442
85436
85461
85460
85464
85464
85587
85668
85701
85707
85703
85703
85703
85653
85653
85653
85653
85653
85653
85511
85511
85511
85511
85511
85530
85529
85537
85504
85513
85514
85518
85496
85478
85491
85490
85494
85519
85492
85524
85531
85537
85558
85556
85607
85576
85597
85561
85545
85568
85563
85576
85576
85576
85576
85592
85513
85492
85500
85507
85516
85549
85515
85515
85515
85515
85660
85829
85874
85911
85989
86154
86175
86171
86124
86141
86141
86141
86142
86145
86094
86094
86094
86094
86094
86094
86102
86090
86090
86085
86090
86093
86140
86140
86140
86140
86140
86141
86136
86136
86138
86138
86245
86307
86238
86241
86230
86230
86441
86589
86629
86659
86637
86722
86745
86753
87029
87022
86991
87028
87229
87279
87329
87337
87339
87339
87345
87341
87398
87468
87503
87572
87612
87740
87739
87747
87741
87770
87926
87999
87958
87986
87994
88079
88120
88191
88140
88140
88161
88191
88130
88129
88175
88200
88158
88153
88178
88209
88196
88200
88200
88215
88214
88214
88216
88217
88217
88217
88217
88217
88217
88217
88217
88217
88217
88217
87990
87990
87990
87990
87990
87990
87990
87990
87990
87990
87990
87977
87958
87967
87934
87926
87994
87932
87914
87918
87918
87918
87918
87918
87912
87912
87912
87912
87912
87967
87912
87912
88123
88571
88927
88872
88858
88858
88858
88856
88856
88856
88856
88856
88854
88855
88862
88826
89041
89039
89038
89054
89054
89054
89054
89054
89069
89062
89022
89027
89047
88988
88987
88971
88966
88991
88992
89051
89052
88988
88988
88993
89176
89178
89179
89190
89209
89214
89155
89134
89134
89138
89133
89091
89104
89121
89096
89138
89114
89123
89125
89150
89154
89115
89113
89113
89066
89099
89074
89078
89074
89074
89066
89074
89089
89080
89058
89056
88962
88977
88962
88980
88997
89014
89018
89019
89021
89019
89009
89031
88979
88973
88986
88993
89015
89015
89011
89057
89023
89040
89010
89010
89071
89080
89081
89073
89082
89081
89016
89016
89022
89010
89025
89013
88973
88965
88966
88966
88971
88970
88971
88971
88971
88971
88971
88964
88873
88898
88875
88884
88908
88909
88908
88908
88914
88919
88894
88891
89003
89006
89000
88963
88944
88951
88954
88944
88946
88950
88992
88968
89023
89031
89030
89021
89021
89023
89023
89015
89012
89012
89026
89026
89038
89037
89037
89037
89037
89037
89007
89004
89004
89004
89004
89007
88988
88988
89003
89028
89018
89006
89055
89066
89098
89080
89064
89064
89055
89110
89179
89135
89135
89117
89141
89139
89152
89176
89138
89153
89132
89113
89118
89111
89111
89233
89116
89115
89146
89175
89171
89115
89137
89215
89213
89322
89380
89411
89516
89545
89642
89717
89824
90005
90150
90112
90335
90515
90729
90841
90973
91106
91152
91188
91191
91176
91244
91247
91250
91251
91251
91280
91355
91350
91570
91758
91746
91769
92017
91993
92126
92192
92310
92380
92454
92638
92578
92601
92601
92624
92906
92901
92900
92914
92909
93044
93113
93112
93112
93236
93176
93112
93425
93368
93290
93307
93330
93307
93306
93311
93308
93321
93339
93308
93223
93343
93350
93342
93533
93524
93587
93675
93764
93939
94075
94073
94151
94151
94158
94207
94167
94194
94205
94134
94141
94150
94152
94152
94053
94053
94053
94055
94054
94055
94116
94079
94087
94085
94086
94083
94266
94275
94309
94275
94270
94270
94273
94275
94275
94277
94277
94275
94310
94310
94310
94310
94310
94310
94310
94310
94310
94302
94306
94257
94052
94052
94049
94043
94059
94062
94036
94079
94027
94021
94044
94042
93995
93995
93997
93997
93997
94070
94010
94003
94015
94010
94045
94017
94067
94030
94031
94031
94042
94047
94027
94002
94032
94032
94017
94025
93878
93767
93764
93763
93760
93760
93760
93760
93758
93761
93761
93761
94122
93964
93966
93991
93991
93991
93991
93991
93991
93991
93991
93991
93944
93944
93944
93944
93944
93944
