1
75
150
255
615
660
840
930
990
1020
1080
1125
1155
1200
1275
1425
1605
1635
1680
1725
1785
1950
2070
2130
2235
2445
2670
2760
2835
3000
3030
3165
3225
3240
3255
3285
3330
3480
3495
3525
3570
3690
3780
3945
4320
4455
4650
4770
4815
4830
4950
5010
5085
5145
5175
5310
5610
5625
5655
5700
5715
5925
5985
6000
6135
6150
6210
6285
6315
6330
6435
6510
6570
6585
6660
6855
6870
6885
6930
6960
7005
7050
7080
7200
7230
7365
7410
7425
7470
7485
7560
7665
7695
7740
7845
7860
7965
8235
8310
8430
8595
8625
8775
8850
8940
9000
9090
9165
9195
9420
9510
9600
9630
9645
9735
9870
9870
9930
10050
10095
10170
10170
10230
10290
10335
10380
10440
10620
10680
10710
10785
10935
11040
11070
11175
11205
11295
11490
11505
11535
11775
11835
11940
11985
12015
12075
12375
12495
12705
12735
12840
12855
12885
12945
12990
13095
13200
13305
13320
13425
13470
13485
13545
13605
13755
13950
13995
14055
14085
14280
14340
14385
14565
14625
14640
14655
14805
14880
14910
15075
15090
