1225
1225
1253
1253
1253
1253
1253
1253
1253
1253
1253
1253
1132
1132
1132
1132
1132
1132
1132
1132
1132
1132
1132
1132
1132
1132
1132
1132
1132
1132
1132
1132
1132
1132
1132
1132
1132
1132
1132
1132
1132
1132
1132
1132
1132
1132
1348
1289
1216
1024
1280
1102
1000
960
960
1088
1216
1088
1088
960
1088
1088
1267
1517
1473
1535
1654
1831
1915
2047
2158
2099
2164
2054
2184
2191
2326
2316
2432
2419
2456
2570
2596
2618
2890
2893
2893
2840
3003
3054
3017
3039
3095
3306
3293
3440
3402
3459
3421
3426
3417
3460
3450
3521
3584
3522
3463
3466
3535
3471
3471
3471
3471
3471
3471
3599
3599
3599
3599
3599
3584
3584
3520
3520
3520
3584
3520
3520
3520
3520
3776
3776
3648
3520
3520
3560
3568
3568
3580
3594
3584
3648
3648
3624
3584
3584
3584
3584
3584
3520
3584
