1466
1471
1466
1466
1466
1466
1466
1466
1466
1466
1466
1466
1467
1467
1467
1467
1467
1467
1467
1467
1467
1467
1467
1467
1467
1467
1467
1467
1467
1467
1467
1467
1467
1467
1467
1467
1467
1467
1467
1467
1467
1467
1467
1467
1467
1467
1661
1638
1655
1655
1675
1633
1630
1668
1613
1690
1678
1672
1658
1653
1646
1642
1838
1980
1971
1997
2101
2288
2373
2483
2556
2605
2617
2658
2752
2767
2888
2840
2899
2935
3001
3070
3058
3160
3278
3364
3389
3305
3553
3610
3659
3711
3642
3749
3842
3954
3946
4043
4070
4059
4061
4093
4073
4140
4166
4190
4180
4221
4170
4122
4125
4123
4116
4078
4078
4109
4104
4107
4107
4104
4175
4175
4150
4150
4147
4165
4188
4201
4199
4187
4152
4147
4165
4154
4154
4149
4150
4147
4155
4131
4122
4167
4170
4172
4162
4162
4159
4148
4185
4189
4167
