213225
1005490
103321
879133
932240
989920
952689
947585
945248
961629
974970
968033
953456
973021
1352126
930928
941942
944295
938296
963228
942284
953989
940824
948794
1020521
986474
968243
978711
994878
1370244
947138
956215
946979
954215
959284
962835
957681
968651
979753
981185
992164
990624
971302
1013799
1437840
935695
965058
934542
950534
950621
944681
950983
964996
951449
953591
951763
984782
971795
984274
1677068
809969
851656
855877
868354
877183
877231
867896
902692
887256
890478
887177
905721
855087
904692
1110121
2759517
2160532
2668627
1354232
1151228
1170560
1318102
1407807
1274063
1554868
820829
1880179
1387426
788581
2751767
2755013
2466283
2638908
2521958
2356846
2546032
2518381
2498166
2339378
2708948
2355281
2457239
2519139
2425687
2746168
2477938
2758618
2229852
2734614
1814518
1591681
1957747
2618129
1405106
1429731
1340071
1096310
2761597
2532897
1868734
1710329
1830286
1943540
1775132
2761832
2727834
2641105
1831161
1840802
1330127
2193563
2070565
2051200
2164386
2037754
1725611
2551787
1924926
1516773
1663521
1858595
1844298
2006533
987070
2744541
2645220
2121385
2319254
2151418
2150622
2601750
2372689
2683959
2221463
1403974
2352329
1593453
2274833
2729732
1183351
1508693
1341504
850486
904386
1155571
1518947
1204233
855431
765096
806806
2304593
2656264
1225832
1453656
1178702
1390471
1438016
1406709
763091
1245193
2764800
341712
282751
431079
418911
382320
334430
352980
522910
1660394
1454634
1164878
927006
1082460
606080
471660
569210
347989
365967
281579
255073
776018
1919891
2032087
1993130
1891484
1534934
1243978
1150301
1246206
1098248
1215671
1206814
1107181
1130359
1134569
1124978
1172934
1187344
1090749
1115211
1096471
980151
1217547
1371731
1040480
989353
1150734
1113577
1041287
1039631
950844
1154077
1031184
1027839
1102997
1223664
926345
1074726
1010209
985066
1284536
1596567
1239959
1067993
1193220
1046127
1037613
1109696
973359
980105
1024752
981585
1057989
1210832
1296951
1037649
1060228
1116980
1067582
982458
1208850
1045692
883572
1135904
969179
1411892
1163188
1142328
1196318
1137008
903274
1033574
1197636
1062594
938093
762616
1263256
1298400
1139727
1137650
1117883
976478
1033373
1118611
961635
998634
1105951
958759
1011620
1040753
1250057
1346433
1084970
1270908
1349812
1646828
376024
299173
478121
432033
390825
375902
242838
294037
271678
261761
251330
236984
252974
222731
239916
247322
230152
384028
330065
1729447
2010819
2117556
1953899
1772300
1549698
1143369
1051692
953461
1301740
1221605
1297172
1105104
1116169
1028831
1107525
1213995
1186852
1245930
1049101
1483488
1338856
1231434
1083641
1270123
1147708
938223
1066789
1575235
1335414
1257540
1174705
1234538
1026456
1105068
1223934
1212154
892215
1123722
1094138
1043484
1036826
781470
1123761
1099164
1124842
1280982
1035220
1178679
1218121
997169
1063561
778327
781261
1174056
910581
909799
818951
1039503
1136046
1073142
879838
1630533
529916
699973
1751091
1988370
2220552
1972586
1807130
1569872
1163998
1321849
1269511
1259558
1696243
1467511
1310138
1129664
1173556
1161506
1310339
1246234
1102189
1098083
1587263
1445067
1528047
1307451
1112466
1175398
1314351
1155093
1151235
1289608
1157905
1385589
1262930
1244331
1200297
1167661
1068220
1177785
1058184
997522
1270033
1053325
1151879
1242238
1034241
1030983
819001
849350
824189
890086
776258
903752
860899
1084072
769569
778528
887127
1120627
1791578
1531409
1608795
1840958
1726128
1634660
1344866
1443633
1136995
1037436
1355099
1094926
1226424
1638009
1339429
1137181
1168045
1257617
1177486
1154772
1093692
1466265
1151721
1067453
1332396
1281013
1167886
1130301
947046
1035711
1015150
1294881
1167139
1201682
1047578
994496
923977
865436
976752
1135112
1312945
71678
37850
83616
722199
177189
37913
105568
716040
185682
114459
862067
193015
27690
129728
1125186
123274
90276
691704
210185
29406
129171
735438
202357
38741
143509
667767
224696
138045
659318
552535
61202
112881
573154
210246
103999
459049
200043
33668
97997
441381
191054
95579
410840
224201
360185
89601
453933
193974
45782
144235
422631
202695
95056
389694
180766
30312
82980
392868
231589
366552
397513
190919
30239
71701
417697
203056
31468
85088
417973
206470
29541
20223
11846
62889
445932
443708
208726
94943
441563
198989
25662
74476
415044
196733
23990
69686
391036
202556
121190
734483
138723
28747
81739
445448
182968
86425
407104
190152
27699
73324
435578
191895
28375
104520
710573
139344
87411
443895
195598
34217
91561
420618
193631
85803
424355
176322
29708
100649
526080
520003
66037
90107
518720
206394
101584
420623
199760
32093
92540
397879
184839
91379
397793
235881
456332
83280
463886
207329
41702
141773
446026
190084
92600
438190
203408
26446
93364
381160
225293
367577
368309
184136
22039
72170
430188
193130
77584
398102
186157
21493
11335
3764
1695
39918
291875
429613
221219
91722
457728
185353
20428
77269
404783
138097
268075
307929
405151
405417
762553
1033938
715024
365274
352167
273163
292946
844114
1358776
1365664
971554
732675
582463
590185
516361
588011
860866
640994
1004282
1028616
870835
1145565
1152014
1050621
1154502
935832
1080009
956433
872487
1035083
987607
1136574
754938
947694
1004728
832031
880391
974170
905281
876681
789503
885412
1195255
1188112
595484
420667
637490
339765
473174
550895
402223
350582
318837
290826
313631
271001
284385
274206
396468
290927
264557
532955
252087
287295
313542
379075
397309
399655
513401
373745
377775
336442
290465
594140
766685
932636
1341836
1095278
1093937
859467
815271
912247
849767
791887
793906
857461
824211
848041
669146
797763
795827
1097620
832909
773442
749641
708476
685047
746781
840730
765979
696050
732932
845867
709981
741004
749183
904798
681901
757284
1023707
702974
736809
383063
404830
399874
778677
387250
295829
381304
453054
753939
1140268
734839
680486
639975
679199
641846
652123
653897
782752
743753
736788
764575
721409
687489
689446
801272
546303
586159
592999
591383
657004
666137
648853
628775
640416
663921
663785
591229
700224
676022
980890
544062
571206
638543
650880
680703
657696
667990
667997
728421
700716
923862
592090
600603
648896
900525
788901
770183
727218
730340
912285
556341
544709
562093
566724
548183
522127
557320
555461
602187
730948
593196
598159
614582
586621
620796
623742
698460
687315
591294
574344
563335
548524
544534
575136
622315
922230
811727
1029206
1093916
985963
1012991
625469
495903
578011
956182
740658
393941
295030
370895
907494
746311
854565
712763
600396
576908
576098
532108
568760
569904
521768
591365
583630
608888
600265
822041
663799
576324
564814
603659
695175
750274
655422
721942
573476
976030
1160468
778110
746919
741810
919477
589783
576946
636162
655546
622316
575931
549230
491144
450883
507413
475845
518250
509894
584513
819997
573439
625959
602427
663110
808274
493441
571482
511634
389984
336914
273783
269710
347583
434428
718078
228231
283220
272206
264468
293487
288387
263244
292637
265919
245714
427208
438167
539340
584401
654059
272127
274847
259116
310271
906673
863285
506931
456260
369670
315493
291694
285851
284314
301010
583038
300342
385784
327286
256885
247396
239104
242581
242582
240827
268157
264606
246282
272437
264446
513578
243961
255825
249220
247118
305891
273298
236123
221708
236290
234942
237162
238694
217950
254416
645278
217258
239852
261341
251617
268725
784596
1068784
477623
1112431
822888
633313
398729
315187
309081
567071
242045
273699
237107
233176
213817
232791
214536
246355
220072
231809
226868
212284
198315
227189
469069
203296
214444
236044
230623
221486
210489
224887
257008
537803
416491
299179
302986
283029
289704
605672
266254
324361
277098
288267
288554
290561
305643
276472
270675
285894
278019
312245
268977
303993
690971
229764
288869
283177
281967
269612
274539
266949
265192
272704
277939
309752
300822
273583
283531
550818
297533
344510
350614
299119
315676
278940
276520
397145
311017
300803
246356
278593
263545
278170
541852
265218
281371
289357
295564
418721
634639
921366
851194
439990
314414
330953
409243
308978
278520
517019
307704
1562204
461789
279318
257346
521106
1107028
1078492
1025684
869287
637229
1943232
2343455
1867590
1439005
1207788
1269797
1083040
1181439
1303605
1384733
1440890
1143530
879257
847325
1193888
1164267
1130770
1213045
1423477
1423649
1241540
1343707
735286
1192611
1574469
1975366
2008910
1361332
1472433
1331285
1168922
1212680
1123879
1340256
1192046
1491812
1516970
1184705
1388415
1110294
1010955
1039533
1371069
1183026
1442794
1406833
1168886
1334647
1424979
1269229
1369860
1253279
1293746
1531845
957911
880732
845314
979937
1110581
1066883
915061
1010872
1701985
791756
307458
1632025
1934719
993085
707038
397568
311702
1262912
1044986
1062334
1138971
949887
1091346
847755
1326734
1596818
2012847
2082477
804545
784739
873671
1016789
903897
811631
1140847
1232190
1844995
761620
1075096
1290549
1363699
997516
1151837
1829237
2048963
1295934
1176432
879436
1057082
814830
1051771
818453
809709
1194532
846530
1693028
1752649
1765801
1997264
2455845
1304585
1056201
1132628
825243
1651942
1365202
955235
1594889
892779
1200691
882193
1379449
1163114
853470
1042973
1030937
1394057
1706475
758339
1389971
1303557
890108
866609
999846
1100470
1185393
1024557
1201791
1364749
1367025
1348376
1132545
1089167
1233316
1708579
1809602
346351
292559
235741
460656
898793
2081087
2107664
1056221
1370913
1605466
886847
1510283
1862003
1671128
1744181
2182243
2070862
1658891
1441944
892526
749277
1018020
809489
697653
642829
630680
612593
584080
1596113
1445536
1429833
1523196
1426610
1340933
779757
892401
694366
570325
670699
599597
651137
492480
581623
489393
477398
514589
1384045
1559920
902956
1013250
1268724
1594695
1612652
427484
309834
301057
919294
863901
678525
762768
606200
497145
448944
871477
865566
949876
912752
1427214
1335779
353220
251414
251237
261887
276285
247649
278178
269006
251731
576588
254578
384098
1152245
491173
299837
246435
240509
226571
244327
515826
996946
744132
937358
802488
1101504
733147
932732
501169
542480
498802
459372
531829
471778
523358
426763
462757
453372
462628
560977
1318514
1243737
1142507
1242906
1342322
635605
679869
750667
603255
493723
525114
527056
497595
441495
467683
912732
546903
488094
504736
509456
539697
457727
527635
423036
498564
702629
582734
578388
705921
569259
890117
517583
506324
513391
487951
680101
534249
558635
518417
531626
444019
485140
599497
714953
619460
880931
561154
945814
434049
454985
450051
503985
547062
508911
489395
469585
416946
772813
582925
736357
1564825
1321851
503239
331610
261233
239016
225045
216836
202723
188839
194355
197011
199539
254003
190695
487172
562910
1679818
1680484
1668749
1322304
1145719
1151295
1108831
728621
911629
748325
431944
177352
82132
490582
364130
144460
55159
333218
164763
23071
39134
311846
135658
63530
308321
145089
28565
58731
628611
111431
467954
377748
130323
50086
308103
131054
17534
43202
313706
115393
39819
338339
163675
282916
67762
341221
140939
48392
309144
114897
15375
36748
294663
97887
34882
259366
77807
36277
912441
117557
20236
66531
413884
192353
31643
9205
6541
5589
55124
365492
182859
82010
421107
559262
75842
87084
415234
193200
77900
368610
192879
85743
389135
246010
38855
96991
442160
258691
462888
364374
254446
119963
77857
373879
194764
107087
358160
204282
44700
83068
377947
197637
129097
824061
147744
85445
423069
196782
38055
85485
398177
203323
73200
345124
206400
36989
75775
405896
665408
100179
393747
195451
81828
361265
204752
26807
68904
415098
227412
99640
367836
203006
98480
461920
349289
182861
80772
398406
186131
28451
66210
359165
198702
88431
351124
184326
39433
69355
444992
72075
78769
418221
200240
86416
373669
185741
39184
87112
336260
179081
77264
348011
214910
451571
109945
418925
203845
83513
366247
198838
82580
406976
231601
38225
91629
379736
187372
117747
881090
127596
109878
94003
406335
185309
80072
359476
207144
28008
77150
378404
184198
80142
396869
582273
111752
417297
201908
32449
70385
390237
181464
83293
340061
175725
42859
69285
365277
232047
436975
356575
190147
90664
439165
221915
42917
84917
380643
194769
88368
352191
192337
28751
109904
763208
142167
83041
418043
194924
37051
71303
363658
185355
32894
18877
11211
77113
347985
229641
570620
97773
428973
200189
81150
371383
199110
21478
61823
388259
194633
83043
331243
184603
85457
435521
342099
179668
88551
413120
152651
298916
246429
304343
268532
248795
231869
227576
251334
243133
566561
247816
318034
256944
259693
247961
243430
243974
241308
251557
236015
236346
224877
216275
245266
504199
231920
237810
231944
221169
303616
1279612
1569743
1647246
2149564
2187379
2464342
2258820
1723962
1062426
1183144
870105
942737
811660
691040
788396
684275
677092
615162
704682
620084
685233
741180
749004
747331
966074
731900
801686
700269
664343
688601
725991
739386
740306
841750
807977
793548
677794
804867
747200
944284
690214
868059
739738
923540
1849435
2004284
1735222
739531
355384
1052567
1027428
1433739
1499721
555852
695129
283157
284068
262123
272325
998866
1872450
1783964
1506367
2007362
2152533
2098083
1394821
1495215
1456675
1707625
1543158
1541389
1742670
1720609
920430
1023924
810282
649511
675431
703285
654253
689722
880391
738657
1008022
791947
953945
926098
835817
748069
740293
912473
1104589
924601
743868
776847
878561
771141
969082
1210007
779872
844918
894212
840380
820156
905538
736993
1341572
1733499
1556133
1170094
353405
145653
90083
635902
84047
306476
154970
67855
271163
122988
58868
320681
143838
85546
347962
141472
73405
397084
578810
78645
444859
136121
73816
449675
163348
90214
449619
166574
90406
523183
149851
89991
543756
645363
62465
623735
179204
111266
678128
196574
123170
625929
224425
133557
601195
217305
137864
801490
577548
116259
611816
238894
133983
602922
241209
126945
536030
233385
56875
13150
9803
114667
486505
542420
346451
178004
69050
372864
175078
76412
454415
205706
85153
710778
182898
96207
677264
228137
541775
361897
171608
89816
375644
173790
72569
387760
192992
89817
405260
176627
80725
402637
222555
664812
320215
154387
62231
444276
167490
91423
523694
170758
76021
617683
172526
79923
741250
199403
513593
832873
190712
109850
796914
202252
133171
770133
251596
116846
694341
236049
104027
385473
250669
596217
343130
162865
388859
204717
42336
23916
9883
77315
384915
142843
61442
352614
164946
83664
740238
130158
132068
396296
155846
76018
420709
184909
86735
576158
183394
89733
366310
202696
126441
978264
104358
64407
411147
164150
52997
356832
190496
76641
539569
189218
85844
748077
231176
119788
964829
133654
84845
421118
186265
83246
360694
183337
77250
359062
186017
84299
373144
162138
101190
783055
98915
365729
180941
82394
351116
160672
63078
344587
174052
73119
349687
155360
76296
369583
511164
108067
448159
182217
33714
18710
13932
65807
366819
151722
58143
346683
170238
70068
387939
713349
70537
375859
163832
68441
348353
147184
56227
306795
160778
56823
332469
163369
62570
383729
506158
88963
430480
183279
58416
358711
161738
63394
347195
156309
60322
374320
180781
68210
357494
421906
346663
147936
55355
325641
123774
265357
249616
320855
573935
576039
773485
309249
747647
766334
759881
326378
275857
236795
207463
204660
464985
1027580
1350006
817031
1451274
1196101
1592710
827697
714585
1284020
602393
772850
656127
766399
757610
713136
686595
1718791
1556595
2049173
778695
644647
659322
658990
1112808
730832
764391
749265
636127
695931
766766
639650
669193
696974
1607582
1923265
1489851
704283
789099
1822268
1520820
1520024
882390
754481
746451
762939
841264
759701
925734
685603
778676
697164
868525
855823
1254399
728193
807442
689125
824780
1432868
1301461
1451142
1931582
1329892
717151
574664
525611
647517
645589
1103734
661715
660178
615525
1176550
1948131
2329355
811532
689672
712457
614734
584972
591918
561371
614909
858236
595277
643630
708722
1239117
1123110
781179
622015
657061
612774
713774
631011
709196
1055756
1040443
1061162
659695
723462
691437
750924
726351
619777
635564
551369
797204
775745
737067
806532
697679
1271670
1452045
858498
238811
189197
248629
948772
1631562
669161
404179
556703
1665384
1403711
923948
1024279
646423
1324985
1057685
1430020
1568959
1511016
1372676
902165
676211
912673
1535734
1813517
1130632
1585692
2343545
2076068
2061744
1364283
1082537
273597
720397
1515924
1578437
373037
391471
435445
269728
491084
500994
487454
372461
733299
298471
736722
386912
616129
409942
318452
341009
256918
285514
339622
291428
259759
244831
246459
692246
230139
318754
422497
282999
258077
247138
225923
228892
206244
211635
218104
238991
196586
235155
583131
224083
225693
210478
221966
198850
225075
219989
191693
197166
191940
210196
203179
197412
194876
885646
236097
226243
232921
237745
214132
226179
211314
226079
212527
212061
207358
196825
193369
218132
586379
236357
250842
217975
234393
194935
208947
217178
206606
209078
202256
210835
196555
199202
191280
500889
238477
221407
216889
214259
197616
208378
203742
190952
211562
195308
193985
181987
191137
186901
490472
205971
220284
208734
186777
202094
176855
187845
200030
185524
183785
197904
182665
186478
189287
872243
205011
230908
206582
199752
196572
197031
208812
202061
192173
205482
182056
193833
187915
217601
502603
220278
236829
225206
202573
208573
194195
194558
210943
213466
189056
204726
173129
185048
183016
448923
197146
234569
197881
219772
193766
198574
177162
179932
168451
178304
180293
176671
183885
185411
476100
221977
239878
202717
183745
185336
190036
196173
175945
189618
177219
177354
164101
173167
195389
831624
193040
194424
201984
187734
176925
182418
179305
272957
271349
628926
630052
394008
248511
337521
640549
258174
346448
310194
259229
452877
487357
261034
594268
444701
299760
277785
260041
302792
429076
596255
221386
226504
183902
307149
608945
376797
462178
611278
423280
514353
1601862
1790046
1792406
1346909
1396478
1269108
1397415
1319526
1123520
1058191
908760
830100
729785
861782
768653
307201
249862
250019
279261
715569
250919
234767
275980
264903
224920
194774
196414
184583
182292
278183
1273693
1785837
1810008
1559661
1911017
1449163
2013632
2144152
1992973
1543782
1052577
869175
691788
871970
843969
847314
1015408
818028
893629
1074607
843363
697922
723120
802407
1456490
1427220
1329198
1133815
1130044
1445477
1670403
999889
337075
236640
553933
269321
772802
296479
1432366
1553506
1937286
1746674
1798769
1707794
1138989
1179420
839602
935478
950291
998895
772031
805164
748013
1289446
1138082
837989
931266
1025631
882516
955203
888243
831750
841449
848959
1229721
1075785
902372
1361184
1601259
1354094
348759
247278
258964
218367
667163
1562121
1759326
1632861
1282387
672592
288268
245802
223163
212483
204424
183627
186040
185465
177707
162610
171582
171244
182245
1495832
1915578
1910878
2122097
1960016
1672868
1348311
1106349
1234105
1050645
1245350
965890
977664
1006963
1192638
1188224
1662711
1434439
1249000
1281828
1244679
1235860
1084514
1191267
943592
1059294
898743
1228320
1090731
1038865
908698
1315329
900432
760410
889575
950046
797769
990199
1125409
1284773
1440800
1693119
1589968
1532450
1556131
1390892
1455611
1081795
1422902
1613675
1391628
977270
1199525
995448
1453237
1355256
1317451
1086366
1081822
1006991
1104188
1330268
1044910
1073914
825470
1024457
1178716
1168291
1033912
973610
1153538
1202654
1412153
1632081
1419902
1317243
1153639
1281838
1546923
1295931
1268041
1225845
1242280
1228937
1069755
1437239
1258537
1277794
1031391
1035385
1106340
1448990
1039669
778480
1000644
968067
1052836
1163410
899592
942504
794124
1268771
1579372
344727
272628
231581
530024
195134
206332
196751
182029
150977
184767
156514
175205
179372
158596
177213
178562
153367
179072
337088
185362
220054
209522
180372
154223
159233
268299
632391
1380877
1759594
1878006
1573648
318465
264308
601704
232194
199679
221401
194210
208229
239828
215648
206107
192577
461548
200339
595831
641252
1183913
1438580
1116645
935791
929702
1229445
1289147
935881
354932
744016
607665
269946
207773
209747
191758
458517
1700532
1812829
1967682
1838376
1985054
2423333
2045711
1545270
1382300
717987
568114
578134
781418
795673
835904
1221421
1009187
1154406
1168621
643180
757337
938771
956241
1405247
1762274
1648025
1143027
513242
1192983
1377415
1704594
1331377
1461908
1634230
1891052
1846078
1560850
1308330
1435908
1709831
1378249
1084258
1015026
1111947
1275734
1782560
1359623
1486654
1593185
1664840
1087286
1175475
1329338
1800759
1719977
1890690
1103908
1115870
1140042
992538
1220005
1119384
929877
857716
1673842
1202755
1072175
1136477
1049139
961400
1452405
853329
1014223
1109660
977272
1304995
1119026
1010781
1312404
1697048
1709822
1838889
1976696
2155889
930980
1043898
1262126
1269838
1523944
1237287
1698130
286545
1245015
1354211
1977834
1892455
1345008
1253844
891707
1023175
818373
677393
527839
569099
1467590
1143651
534686
619619
854491
744512
726001
773755
568285
526009
525400
229049
430038
1155188
499647
260661
732059
283444
225904
210404
174601
179060
165958
161683
154799
181020
164033
142716
149516
139642
176274
489747
195778
186710
153363
155712
169960
142838
143944
141787
142155
159846
157995
140143
152751
180725
436881
183675
184132
167133
199806
162514
154932
157337
144282
143660
164977
132874
137375
122565
154257
889195
162849
168198
158284
156116
171759
139812
155504
141072
152848
165520
158665
137064
152626
145657
396257
167439
166947
167235
158324
163647
143654
157179
157771
134101
153275
137296
224085
207853
240765
552087
232887
345403
631566
222686
239374
187440
150401
155955
149811
146987
137242
146286
149282
420060
655927
246226
223672
862896
571827
549082
483608
594280
658813
561922
734796
1408455
1686179
1880565
1064864
1868833
902607
879031
1377313
1375987
1395834
1001984
1194186
1411947
1252672
1205090
1355456
1579548
689531
745632
1898447
1797069
1668921
1400418
1181784
941465
662745
854597
1179424
879786
1530408
1298018
1516598
1356185
1531286
1608595
1303541
1419179
1515840
1691697
1412104
972363
1368595
1590619
1610148
1478408
1639431
370877
318492
1241963
1609332
1180365
1299686
1300604
1902898
906467
927869
653269
974839
1179277
1908275
1460144
1080087
1080333
1224751
2074903
729730
682362
1131184
1245087
2066686
833195
1373908
642104
597013
514219
529297
508646
496899
481868
1200317
434848
446193
447707
413528
385673
350639
593688
535986
529637
459901
516003
502937
1375542
1235316
1984045
752135
950607
1402503
1560760
293210
274960
191129
231219
1444011
1363905
2044583
1455602
1091639
1412497
1263837
808379
896656
1605035
297567
270440
248404
198641
182203
191514
197767
176284
360466
240773
262348
1088568
302494
282956
298057
1047683
1240979
2041909
1573846
1257750
236314
228263
1696581
1732128
2004578
1227974
1327910
982650
933261
1257532
1606689
1405990
680116
186173
448297
914077
1011587
1053472
1144002
560827
306554
536527
199367
201283
184610
300566
546186
273045
207058
167483
196908
914709
1397942
1216832
1181681
1442838
1234094
648055
809379
1240546
788079
1329217
1422794
1566832
1734024
1769262
1806842
1500236
870966
659191
614478
981164
561877
587374
528498
514645
639382
1433123
758030
754632
604276
698955
600562
603743
713989
580670
795684
589428
632501
776603
747311
625989
730352
585509
608051
692746
612592
612448
610658
1528151
1408530
1594371
831814
592591
570196
680439
565161
773160
669240
637168
533518
583793
597835
612535
618883
728639
911846
759280
665650
619990
669306
983855
1243527
1300780
1382083
1371235
741761
220981
143947
351542
562718
1110014
1050792
843901
333395
243082
946764
850849
165277
250207
193609
189790
166667
179938
175042
165915
376469
210208
416387
599103
1126160
1093231
992850
583952
222271
606007
235000
179750
216759
193049
181385
1135791
815851
636068
225161
222098
275634
217504
177628
172822
158779
330470
790734
1494685
1750029
1745669
1862603
1005792
932616
868328
1306567
978166
980073
1114606
1368973
963064
698519
658758
736049
609854
613985
871559
584887
642100
1004476
1663522
1460315
1336269
623308
617831
656304
557707
704487
688502
647519
671210
879135
571181
750084
572875
774117
763945
562599
568043
617285
825350
790758
619784
1310337
1363459
1213944
1452901
1064885
954875
1288044
993215
906959
1384209
860870
619068
501940
490825
512472
510168
612743
596483
890406
435160
547079
548916
570518
569115
474236
557909
556534
578234
619998
598493
563212
557945
674590
967048
538106
528551
489002
693279
549114
1170325
996723
1334941
1150677
749375
506561
517992
604237
535391
830516
470715
598415
561932
494977
579441
532917
508201
650549
636907
629785
398864
639462
798219
665918
1497165
678399
577127
630244
809532
685147
623086
476649
583939
529515
894390
1059688
864259
747365
710691
1220868
863889
702336
548691
451903
479534
523115
499391
544281
487455
473385
536929
448215
424970
608580
1109761
708541
1044962
495088
504079
582936
616983
600828
525418
587635
510204
504045
548568
501447
507274
774929
444770
512242
612164
654590
530417
461153
475385
682306
951470
839714
791414
511638
836217
629046
1273681
384228
531650
489865
605816
971121
587748
597632
548891
536505
610585
645827
529945
696980
998118
1165834
459732
452003
280171
222791
177913
200456
497891
834162
838545
1212061
367623
247620
195062
225998
470143
198511
189840
178691
165825
168658
191920
173999
159381
155734
149608
154087
146296
140430
170638
348750
149801
152255
179910
386899
365809
690241
652590
760057
791658
225899
233835
186844
161182
171840
1016436
133802
169778
164021
186595
741546
852895
327080
266976
325888
195713
183080
182235
159333
153343
550659
647561
1093702
1608898
1612231
1372831
1196319
1031965
1085591
1046306
1756911
1716017
1851705
1636422
1445128
1382423
1448218
1511419
1235893
1164165
1038280
807729
616374
575197
654554
726811
612828
623975
555730
705705
919350
1031745
940879
941866
779833
1064676
1305673
426359
314008
245998
237267
195112
198326
213480
205745
999600
154546
166087
305652
748028
817312
782629
779403
797239
716441
587450
599379
610035
410208
544851
873908
724306
778406
696727
647861
608486
617746
579576
683972
599769
633779
682047
731027
737643
722340
1241104
990743
820798
735109
684916
634204
655220
744583
852277
904122
520735
275938
466231
685411
710659
955252
761504
812671
738930
808929
634900
771623
640476
689165
776349
875098
805925
579933
559984
385555
1276311
371269
497472
1103197
644431
903036
783237
811668
718716
622477
616872
592430
574757
520708
575874
988816
662793
649663
475446
573554
620761
515507
551817
560637
607933
643648
586709
601494
447630
593208
769472
516910
577893
577731
551104
472560
594087
426453
534216
638419
566144
555751
645112
867496
578986
831483
690711
923626
700791
746272
656634
650600
644341
585780
463722
478552
425644
531019
560350
574568
1353048
548582
460867
466058
504214
536550
520838
513578
484672
472441
488367
453284
496578
452611
536665
741298
493704
532416
590327
503996
520395
493873
446997
440191
424532
399330
426389
406589
427812
432270
700771
521301
472613
447389
435092
416687
394975
417765
389107
388645
411844
526489
433177
406514
353190
486426
198653
191324
178212
172365
169448
172518
207039
180510
152102
140658
142963
120258
126976
130874
1001311
119588
152996
150430
133811
146643
144613
128151
126791
115389
126086
108956
122809
488339
1095549
2145501
1623763
1527605
1363681
1616942
1661904
1875576
1739552
1836298
1508445
1016402
1349555
1147381
1058152
1184051
1491567
1220432
1203053
1204510
1499638
1292514
1200987
1101114
1230087
1299825
1225168
1294100
1207383
1247027
1146664
1167985
1039714
1053688
994244
1219119
1209728
1152705
966511
1192727
1017855
1017571
975598
861802
967155
944429
1198580
878050
777821
695096
542018
698810
769758
1073363
1390270
1427872
1109677
1150446
952181
843112
991421
1680316
1106066
996155
1049853
1030730
894433
1124655
976062
1038387
963258
870247
929602
1087255
1027245
1023518
1183259
966126
901470
1056152
1042589
951188
956056
823684
881998
1032833
884469
884461
808423
738948
1283519
1446500
954776
298025
190843
148124
191015
539799
862239
971940
862523
1023679
489744
303621
238265
212373
465017
162356
166500
139069
148427
134424
142262
131533
157651
873198
1536880
1660986
1574535
1405754
1250937
1744027
1192021
1732025
1777344
1825081
1654913
1355039
1101683
1205009
1224741
1119169
1105715
953785
1018443
901404
1339058
1007704
974621
1054171
1227723
1141619
880795
1163332
995131
986993
1007224
1151958
1076003
1338767
1347583
1267321
330879
271634
503843
888254
1234160
1547768
1291103
975145
793826
754575
692597
763613
779051
674965
942029
860582
820854
689643
739874
688457
704298
623624
623732
801524
832260
855238
838280
745290
681887
1513139
749621
832865
811027
863128
743179
798754
821932
774860
692132
829263
818408
698949
818040
817766
907191
664610
714931
781512
647472
695440
822573
837777
614314
297681
219666
177585
179755
164496
231803
501599
187696
202633
190717
182425
184576
181180
167175
168794
160039
146101
157395
153769
161874
164518
405559
244595
238892
196708
192853
236456
456061
424278
370317
189004
163075
149184
155299
155789
155208
1008899
160345
423918
578527
870292
656425
569552
530086
463028
436049
547531
525053
470163
409657
411981
790199
439242
484850
448622
375119
379085
465349
431931
418008
398903
405843
410650
426285
426853
441858
664168
435387
453324
438353
403951
388510
457822
448694
445338
458765
406688
345933
359156
302611
329007
692864
351050
337889
333791
320411
316805
297651
294764
297251
290992
278223
279521
322617
279038
181124
1070903
147937
149558
125262
130923
124202
142233
125394
111193
123305
115070
123108
120736
242337
158718
333038
365286
1199295
1569996
1643623
1541347
1174299
1317704
1462072
1376982
1721984
1831007
1730389
1733793
1377372
1440708
1650885
1311218
1339389
1430894
1330347
1102479
1544716
1249476
1172371
1281503
1417592
1048861
946731
869138
1028175
940267
612827
542065
543166
467560
334585
694664
1047113
849569
433578
289820
398812
623242
670939
1394483
513515
513140
567868
546329
516997
513158
463923
481084
530718
456002
499919
530708
448774
447632
1359178
629097
602529
549251
700834
518529
511608
525038
459241
437093
555376
459620
293727
206561
173327
399572
162697
174907
159660
164105
147233
157088
157302
154245
141242
165675
147458
147408
140779
124755
286058
157206
160172
146353
138792
154088
125754
135252
774255
669917
1262355
1476321
1508795
1436140
1275009
1308147
1305561
1162334
1164827
1061682
730548
976954
1063992
1031556
1076604
1086873
1141792
1128940
991999
771300
987822
998608
983070
860126
824371
424390
768045
1026881
1013872
599570
170776
176574
2707844
1113114
933290
1187334
543588
480682
979429
581657
343257
383485
736172
856674
777148
720361
751668
857823
1301899
1411037
1478516
1140041
680561
711349
452645
343235
546054
498685
1247450
1102420
749645
1094810
447143
693685
889381
1096820
685767
394230
786073
889735
817466
746253
850228
1023640
1012192
505971
335229
331550
852706
650131
1608266
700637
1908281
2670824
1072627
644073
753904
1430613
1245111
1041624
644018
385879
288796
422738
980291
1584740
1381608
936493
453684
309116
285896
253934
264559
262171
249325
265325
847111
284804
250559
266618
790859
267730
348950
404623
311906
223572
230381
207585
178476
533533
996104
1314648
1472930
851196
1458243
1415573
995354
379569
878837
236635
1350672
1845148
1356874
1894478
2477354
2116190
1747569
2001879
1601364
1800921
1520854
1265106
430219
403875
462588
433742
1096495
714491
642092
523875
338976
454524
475966
940765
793126
1444651
877028
836232
973507
994688
648981
637677
612986
665931
660471
430643
443676
364237
610902
334824
720736
304331
316148
1332449
406856
324264
286242
339885
1038325
928699
742272
623305
445616
331571
242431
649330
213813
252910
921416
609143
566087
581816
550171
1537596
761521
321499
1722559
2481038
2043156
1517472
707469
1170335
917342
1863167
2428818
1899901
2009882
2516274
2548724
2323052
1343113
1427001
1379442
1361406
1461263
1697556
1221306
1154866
1250855
1255236
2007381
2636686
583909
439435
284125
254426
268091
321756
1277645
1262777
711275
1239343
987788
888515
820758
796895
815013
1042392
579686
335662
470599
609300
427020
397958
638514
1099397
990244
470786
489640
424815
415281
358997
307819
1163481
295148
315685
386183
319152
262619
865434
868139
659786
837761
1016699
732646
418301
414190
528912
893794
673712
787899
677116
692243
438167
292416
838916
353238
817005
725366
690965
692861
563469
839936
676623
513748
585595
717344
500327
496683
421661
785321
377351
422011
1892294
533386
408775
290570
300106
436652
287356
292992
255743
227154
299935
1474546
1245033
782247
1102338
1085270
919086
1173284
1218287
585659
1319845
576678
1168601
1497401
954271
973982
1036888
1432806
947205
872434
812973
498944
774857
805779
535588
485884
397195
617400
583693
233667
211692
191498
1347280
285581
1191008
1247625
951813
942226
1076782
1024815
1290548
969028
470126
600995
960982
806364
788984
1245082
779273
827307
792797
732873
823854
901782
516857
701013
674505
742991
683248
819930
777047
731870
921844
681849
1295493
718464
689506
628768
690722
448078
397351
375955
348603
367326
384585
369729
361326
937171
305399
341274
315906
274269
289503
588354
1115610
686582
617302
500621
602013
535565
485565
482217
1418709
480323
539373
468754
529510
462387
361251
331695
283485
391058
2083900
192973
43328
15408
60645
446602
83077
93934
1331586
348477
88098
35423
22092
12306
9401
8411
100665
1310615
328650
161353
910428
134317
39893
31821
81430
1392017
321970
71161
49556
31241
19628
16267
119169
1311762
377258
952257
143441
63747
25484
28470
19686
84322
1221427
366126
113141
53459
38812
40667
23881
192001
1406505
164048
33269
16796
11517
11781
11637
67977
595223
297614
71363
26337
21367
13397
86069
626417
138954
499059
278266
54099
38744
21031
19106
16781
90488
469816
269818
56740
30054
115978
669163
112664
81396
459607
272832
60430
35757
30989
25235
43351
179595
166627
504650
305828
161862
757599
131970
40341
23914
82508
480425
237516
48539
27120
15561
12126
11572
76793
465940
303389
1007705
77912
14012
10737
8385
9036
49417
423484
224859
32086
18196
9381
7133
6083
91872
1360726
201441
67649
29194
20249
12442
8329
85025
1208639
289918
79628
44824
24080
15655
91920
811311
123216
46965
20522
13210
10195
7894
6904
9386
76614
1129777
287541
63749
27226
103590
731020
121372
83544
1125631
295627
94393
29833
17161
12263
8736
10043
107999
1117404
292085
167295
1142765
80780
15271
11977
82788
1153198
294739
60614
34484
52422
145767
152295
124739
1239357
364347
885512
128794
41102
19518
15223
10633
79181
1267685
311016
73738
34950
22231
12856
10402
133136
1554759
255275
93206
29402
22529
13525
10961
88051
1188690
342458
90468
42497
35457
20022
131064
846589
179787
1008424
378665
102747
55952
44788
32622
25984
139965
574108
365122
94005
53781
164537
1066403
92736
74513
477001
281869
47691
29106
18101
17362
14181
15634
87091
427567
267923
140723
696743
123376
24686
14826
72231
477768
266370
57309
26015
14529
15751
12163
69720
397875
318496
712426
126012
55373
23719
22787
25014
59069
448290
272711
66307
172939
130609
40299
17848
100260
1076218
171563
39054
20160
12131
6502
7501
48775
445587
228560
27533
22342
12645
9353
45505
988677
100615
417544
181696
21649
9735
4644
2183
45633
301940
802167
781571
606991
477713
476920
1423058
519061
736461
388963
650039
625385
610428
698449
602433
593780
528865
585799
608423
628667
594366
1011217
530367
542676
524907
540758
489289
481578
567105
529014
532459
561773
525489
541792
597500
552612
919439
419092
457777
429596
481104
403818
493157
632952
638774
474021
517370
484586
502877
479152
489609
943818
426992
506043
458825
458344
461677
591443
587089
544501
536790
418636
366639
300985
318096
324397
1254677
248968
277487
269747
276584
276096
331353
302162
310253
315177
311009
278369
285365
261849
330152
889852
596117
560952
474448
428175
553274
559876
524796
487157
456649
421640
418164
401391
388244
380224
824747
361548
405708
411088
420701
414274
397652
428516
430178
473342
435171
399887
395266
374979
383869
777922
428528
446910
499559
506665
479588
444674
386642
427523
419474
406902
435857
443559
409009
421603
1325284
361431
430266
419285
447973
430113
406856
430952
460947
455550
418777
356432
354011
369785
348554
725588
387966
387235
381099
382388
432819
478342
384979
321195
279654
260809
272939
209612
244021
745424
1240979
1009614
391105
351334
323584
276825
290428
265639
247921
250721
263337
241892
235760
247200
253932
758092
296804
279393
272188
229378
227216
219095
227478
216781
223169
329476
567517
661946
750416
613603
1456347
480981
583230
520105
499371
456650
465429
503951
447133
459041
464653
468962
451699
487953
581432
1179212
567822
603022
537993
515360
572264
559559
525574
510883
489921
505169
478055
423265
468186
480913
920993
485522
574215
524897
485901
439440
487322
480285
449923
432032
389376
449274
436549
449165
495459
988356
491621
562761
535309
479635
464836
468877
473689
467594
468735
518047
441586
477029
511904
495590
1374303
406995
466552
464670
473283
715456
622310
462722
358703
367462
509028
714537
497669
570772
556711
984935
449812
449895
489209
481546
491786
438452
392277
341468
295812
284166
289416
269577
292365
303538
819527
307783
316232
265665
281240
266046
268273
315036
380781
318661
294447
324016
285759
261161
301327
689899
282677
268486
293644
269575
264732
271754
286088
266242
223161
264799
266540
255966
265516
251366
1250678
237968
260010
258112
268430
269151
285829
260895
272028
268624
255323
259744
265626
248499
248970
650886
266560
288453
283022
267061
262916
258138
249519
250254
244612
279763
280726
224005
269454
242967
640217
265555
289500
267952
462748
461850
604394
605652
541696
481553
467936
481673
486334
453617
467827
797006
418090
448139
409932
412251
400627
415765
424909
414325
424419
395003
429813
389677
390227
412113
1346713
321696
396714
446109
399394
378076
411217
390310
410414
378723
396888
389435
378147
373545
407737
1507186
612163
855938
836251
786865
662302
671619
605035
376354
353614
759466
1407799
1801097
1809374
1875615
1376905
384982
537568
330234
429732
1006534
820171
713689
599008
554414
713203
546692
560515
595139
628764
1080973
674675
608815
578414
662484
596564
584778
508315
533553
467688
520435
475209
515930
494072
433332
799450
551933
544345
485715
408714
379703
379816
374126
372097
339038
324710
314992
300597
363016
515712
1576887
278856
262798
274152
261990
251522
270793
273770
249096
222680
315192
489568
883097
762912
764253
1095976
621667
687857
695675
705027
637241
654295
608293
653737
661135
668905
656534
575052
513274
512908
831400
565981
532230
523184
519193
550053
533469
533942
592047
510896
577122
572590
620581
751258
644949
913318
715298
664301
621146
712864
567046
573097
517608
585184
535512
547742
653574
602515
481873
514701
1470348
477608
482873
463482
459695
490940
403435
427866
435885
406541
443330
453352
425840
398457
475438
683160
551154
763110
692745
572536
760096
690734
546915
636599
612496
576268
570656
592974
564948
545349
836949
551588
553170
525714
488473
467814
508067
484532
534111
527171
462723
524997
505086
526393
441487
690420
274685
288534
315791
573964
730871
730657
622652
582611
729962
728027
573203
585832
546491
551694
1530497
498282
551634
523408
521334
507348
502764
527656
493689
535466
554663
467561
460798
436061
415690
806701
472868
408490
473700
427553
387762
365639
372812
354266
319418
314203
306969
294264
287903
301787
613513
263751
301325
290802
244512
262371
254974
213896
206590
258680
261202
225137
210313
265209
231318
546467
223415
259206
244639
272890
424673
498550
668699
620871
510697
546013
580443
578107
484568
446235
1502831
431138
441047
443960
425751
424566
415674
498507
373549
459107
374609
294041
275443
281564
284842
635472
222116
225484
211001
223676
207372
218782
206718
186189
230307
1051531
1336641
277004
262657
235725
681506
950667
283516
253722
235499
226081
192047
188802
182778
191863
172362
187061
940614
1276813
977867
1298561
297324
304506
233274
204808
1571320
1117484
590892
1107078
1418884
1350102
1234317
1020577
1745060
2173415
2217350
2255600
2203522
2130728
2212862
697186
642593
523592
975053
252037
1471175
1036390
1622179
1551596
1601032
1620550
1384288
449082
1190575
1363905
1552663
1809640
1582537
736498
328219
318147
1166289
934708
295881
1673737
1667017
895313
1379835
1650128
994376
350886
298596
286329
251388
283409
306996
385441
988731
1107359
604795
1150367
294704
1071671
362588
398973
1547310
1499453
1138699
1465935
1404668
372659
295090
252740
256376
1406741
478862
187602
200984
190287
169652
193429
190279
149249
214821
1313251
1504197
235652
187789
151711
168926
1588988
295115
302924
605700
331657
298295
256193
1439857
1426049
1828430
1967930
1981791
1917523
1599772
1304195
1695831
1729478
1111472
1476319
1234270
544295
1335281
517423
170094
78069
152473
81474
234159
643937
629369
1299419
255881
98441
60371
48521
109135
506340
348809
89758
78063
53853
47787
149084
753788
552232
943986
209975
73769
52838
110249
497638
339050
106704
54828
46633
45947
86378
453973
334025
199546
1320177
104368
28978
61068
442609
283843
69958
28597
36741
23958
20961
93519
388463
292116
179332
890431
151618
65280
74143
428450
276912
81713
38900
25508
29052
78872
378704
265331
70778
130359
839704
148775
91751
430524
287140
71815
38897
24983
18988
17058
77078
386468
268578
93115
273048
1004782
143641
118074
432972
276686
76677
43637
20369
19325
84832
490627
329175
82038
48085
133318
1274440
112465
410024
237529
55160
22185
14733
12406
61497
399558
285259
67728
33014
23015
121503
875856
163926
411539
263773
84142
40634
23989
22851
70053
357152
263650
92470
39298
24903
104461
778932
377154
236230
83579
44180
27945
18618
16783
14478
16045
25460
15262
14233
15121
71949
634540
383702
241950
76784
40581
30835
19467
61242
370591
245977
66757
40622
28623
22443
113105
1461573
142325
33743
18779
15076
14808
50142
412164
228024
55394
42496
23396
14791
68905
513350
1092399
144225
46967
26881
14618
13346
53889
443936
270724
71601
33389
16914
13267
73681
520372
997918
146518
67141
48695
22136
76798
413001
268335
66397
26067
19072
14597
72011
370057
306385
801428
140054
61636
25515
21205
57342
388057
267222
57455
34094
25237
13103
67315
373142
296020
1253349
95540
31831
18693
46911
375670
263106
51878
29608
18947
16135
78326
387153
257584
142064
837502
133939
58185
65464
432121
257985
60825
39469
26511
23839
18989
78552
353361
279187
157942
832976
149839
55083
78128
400816
274396
71781
34138
19268
15943
76356
377736
229579
97858
238890
977589
137885
92976
450029
256635
76998
38784
19140
16662
12536
72196
494043
301580
72535
146046
1261674
88825
59880
413024
253525
45763
29508
25071
15566
84622
380530
258585
63056
48321
118749
840216
169372
402470
257010
53661
34994
23268
41708
72896
385622
253725
78660
41540
17371
106983
800208
148318
57929
18966
21469
17605
11361
10090
51968
382961
234541
46281
25420
13461
74745
579950
367187
227409
60824
25870
17190
16069
50488
352006
198837
40976
17415
11373
8577
58993
1233022
285602
141331
16360
9144
4642
3472
36095
312916
127984
11584
4398
2072
5477
64086
1501794
115845
19438
9935
7887
8373
33269
333570
174434
33570
8674
4534
1043
40018
378195
571697
90970
25769
7218
2116
36752
298300
242816
189262
173934
224451
220525
175051
165244
162851
424005
177536
175043
184597
164025
146974
159412
163583
197245
1405859
1780013
1921523
1736173
1858020
1817737
1576520
1606336
895611
1245675
1570289
440567
545794
401290
337569
309004
308410
272814
255896
249560
272214
1527753
213070
226875
189306
198720
194744
182841
250201
265243
285106
274088
199873
236410
281540
258600
502528
213305
201593
193577
178191
185517
189266
174420
183168
186777
153125
807265
1781507
1736708
1757853
1783662
1545464
1402556
1494235
1639092
1300380
1445036
1363440
1647255
1727845
1578031
1485603
1247564
666812
1242040
1703282
1645568
1295308
1446179
1643103
1246095
518957
582126
498126
954161
1352642
1690378
1761425
1732974
1604516
1868684
1474297
1256221
1460954
1386420
1671400
1339576
1038852
1361491
1657564
1337201
440348
464006
1428873
940335
986797
300778
981463
2497183
2343099
2663606
2610932
1828369
1619849
1074086
931705
847558
911102
648624
827341
1204531
800783
785380
751423
810958
762981
620116
745736
712148
1077885
2134502
1784687
631797
579307
1453870
2087257
1119277
540513
426123
376035
347454
416337
1276136
799274
1352167
1075055
400509
367626
237106
198937
1347363
444246
2352325
2297086
2297736
2500188
1786432
1990151
852654
782076
932663
861186
637671
782591
874272
1084546
1235715
1162762
788073
666844
798557
968666
1612298
1076916
1365443
1180005
755804
797251
927195
808397
942621
836844
748932
777939
783994
763532
736820
817769
1470498
1499345
2019751
1756606
243900
1097667
1905375
2104496
912883
321049
247709
201363
184084
563736
1029223
1916848
2401006
2229428
1779817
1606479
1683453
1499622
1213847
174405
588303
214915
297236
876668
685721
596113
651542
262384
1213559
1525948
1626636
1527286
1407835
1316374
1594146
2389596
1060910
513119
1112592
1524243
1257472
1144119
1126486
967902
374336
288668
245796
276390
427832
2148163
2621680
1964492
1355400
1035754
1836139
1204177
1027342
954902
1177943
1549026
1143420
1051402
946762
1192814
975892
968518
1024370
1013050
1019598
1019168
973988
917066
998546
1152562
878672
1024969
1005943
992598
1309720
907963
1115791
1175483
1140722
1038865
1030019
1164835
953522
925142
1137009
1082042
1017965
861304
846129
965397
908106
902491
961927
959788
917295
970657
911636
1499843
2635108
360816
1430395
2190478
2323570
1500489
1628291
1857891
1762601
1193914
1119765
1202384
1347537
1266060
1361819
1207707
1286215
1006145
1147513
926250
857643
942618
779965
834500
826863
865066
844919
924467
927001
929582
866749
747587
739973
772804
838902
898245
1335086
928634
892098
1070845
1121136
1227542
1187477
1249122
1327466
1360991
1373046
1434768
1248964
1066133
1292988
1453303
1425850
1524196
1328232
1261780
1449365
1370328
1391141
1420850
1258306
1234226
1459971
1193091
1101714
975812
1161361
1049660
1023760
1112198
1183042
1119440
1002967
1091895
1141476
958339
905010
1753374
1344480
1911818
1807216
1544591
1396330
1250069
1605707
1561353
2331797
510176
398767
354746
315339
284640
282975
328644
250898
259256
853176
619205
752472
1579883
1350237
882643
1753314
1995787
2143071
1658393
1666984
150185
138187
671194
339326
1289459
114283
68556
659583
262596
612699
274638
162499
656525
281656
183521
695701
341005
914851
367380
636945
863489
316633
850316
312482
185184
675886
338966
473586
283109
136103
428304
246318
99608
465117
700246
443932
283043
126219
410205
217691
392578
234055
112859
398856
227330
56689
35019
75104
413080
634217
377539
194352
90751
374087
219030
110784
353611
180777
359872
221062
93207
391713
167154
407921
1004872
77100
386702
159613
442070
262877
99184
406703
238749
93462
393022
183954
361284
205364
133759
916359
123109
400676
228028
96133
389245
195187
361792
241069
183702
422415
194929
376944
203997
145807
944349
151295
84324
407368
186912
436073
273650
103451
423477
203575
355653
207533
53802
25195
121480
902035
162859
79062
413468
212305
81626
392207
181230
353681
212204
78297
366603
151902
329258
234424
904065
313282
135160
352338
197731
84201
377196
180016
428489
237212
101345
404287
201992
86378
427683
606743
362726
208934
88591
390600
182158
373452
225811
94665
370969
167089
337111
190055
80833
414139
674247
113160
434241
193185
377221
199450
75186
393917
177671
444355
265477
92735
379841
171533
383074
675539
94961
33193
47954
446569
211905
72123
399557
235103
164436
412149
190578
372683
203223
147719
1218348
89026
398912
202689
75542
456220
197888
332253
213033
85876
358358
197257
74872
421487
219164
901252
141524
80640
425086
191806
358885
199244
80377
382079
179687
378192
220083
98136
384648
211706
865053
131451
70526
424008
215817
87045
373383
187634
374819
210362
87717
394137
157954
407541
283787
495810
384011
197180
59398
19749
61101
370785
204805
76922
350226
179068
340094
182210
86947
387842
953651
299040
169888
59355
356215
158884
347378
189550
78341
380087
162780
333478
192278
71321
412740
640974
101165
474681
189617
361134
218648
89732
350104
168775
386805
222943
79134
318243
149665
358355
640306
113741
412431
232495
69278
395342
188744
345573
207203
84089
337736
156365
321698
156987
101438
821105
110009
454039
195337
74824
356273
179173
31128
21366
44327
326680
140179
61785
308504
126681
1189066
71157
30762
336615
95460
285419
112755
43270
282162
77695
610356
119113
38503
859855
88299
1032509
944941
119518
1066618
168583
57926
979603
149099
1014086
190357
71749
1061334
160285
1063105
183180
475405
1049515
157436
1081584
178648
84587
1114494
165707
80999
1148798
295792
1101190
227282
133240
1045801
758635
795232
206887
102433
404246
237497
414622
247059
85417
138773
125769
72476
366297
143446
344231
617141
87290
358487
133224
307515
145541
54152
298814
113353
281908
138819
47694
287451
105459
303333
1075310
42639
346756
122280
38835
781840
162953
849575
161750
82827
876774
170345
923531
170949
96642
1126150
125743
803353
199459
102849
779874
191492
102780
388194
207382
322939
196708
74912
323304
150047
801475
108282
57485
341570
121073
326689
126758
39000
292896
99804
298719
148272
24303
14866
47392
460188
2524097
2384166
2699428
1123228
1057434
971271
942586
908157
915106
835900
882480
795148
811020
1007798
1617054
767272
899216
1025288
865797
910417
880160
1781963
1534071
1033646
997541
834793
964946
922246
973462
930607
961205
1852207
1931127
1569629
1172410
1051510
946385
1043417
1037891
1025408
1047604
828181
770642
906817
1374720
966469
1098469
1479407
1669037
1003524
1010400
1153339
1133857
1050140
994153
776876
1008649
713778
820554
990164
798971
737995
799024
1468476
1553211
1303869
1608337
1420430
349767
284240
997431
1471464
1678831
1192030
2055418
260561
294058
280579
259163
248555
216170
208547
242571
207086
225634
232292
215426
200336
236868
395972
199213
231830
225717
208527
198033
219397
200036
189651
210169
176436
178688
192884
278032
206893
355539
162715
188142
1337862
1285646
1413354
1361688
1291758
950631
1141009
1309198
1145461
727327
1283399
271542
714304
235763
232218
216715
229041
191106
183206
213698
188318
154608
159097
182042
718411
1069431
1943440
2228720
1512210
1431295
2179798
2344263
2492050
2278167
2402140
1862608
1557530
1289926
978406
802554
947460
864836
1238276
792858
1010957
825938
1178172
952182
931334
901548
667982
1114161
910701
1043082
980773
921635
1688016
1861672
1153673
933811
864012
829071
810276
916390
842139
781069
910524
904181
795160
877615
1680710
1681039
1547907
1015902
1041941
1186302
810077
848612
851231
913922
749408
704990
797645
828534
884562
661834
697348
1566785
624762
785260
812688
808753
729948
793036
677789
630493
797354
768997
765427
989417
1668245
2164269
1710402
385199
333234
1022982
1181255
1606515
2230208
2399407
2046819
1628454
1375560
1254915
2208065
2458426
2447621
1849228
1435552
1681327
1449849
1515707
1540885
1580542
1665925
1478854
1310055
1340926
987748
1029575
927472
960031
1005434
1635826
1852344
1071247
1098597
1496029
1749714
1790709
1798470
1290724
2199949
1656047
375647
181420
963396
1596097
1708792
1383525
1717502
1103707
390825
269020
201975
193830
179366
152223
150867
171708
156242
135609
1220906
156466
183084
176651
442255
1216011
2009408
1655888
1560090
2198088
2142380
2239149
2091375
1618446
1341531
1553535
1093377
951572
996807
997995
946653
918463
986975
916771
868520
1068954
989541
934324
904961
934891
1130498
788918
1334235
1430000
1025338
946167
815694
1028482
878975
1033554
807418
941670
992272
856658
941140
1430983
1427847
757776
751812
849998
837383
837052
671092
976008
832800
905347
859594
800031
694838
837982
1459877
595690
853633
733794
621208
747013
705380
733247
652670
762728
785711
1452870
1987025
1915392
195432
278187
154031
1154014
1813312
2590616
1891260
1621194
962266
1027992
1132406
1290893
1335730
1929214
2010941
1871492
1756321
1595400
1240875
1118090
918625
970761
1069998
1250442
1730084
1595857
930339
1673829
1714328
1636737
1279842
1753020
1027706
284288
1601660
2150689
396950
231490
1115865
1208164
1529200
1656483
1653045
1525352
982835
1627118
1996787
1857478
1955469
1886075
347057
319551
275898
254714
210781
230805
228310
208300
197844
178472
217242
710558
214142
947244
1462696
1380164
2356229
2489264
770169
755338
678357
763579
1392041
1216386
721573
881694
946272
814788
719471
878121
756231
612990
1902335
1807374
399107
1660347
1739516
1333858
1528651
1092023
1628580
2258243
1858098
1355560
750525
876006
654203
681489
778279
917036
867244
1345832
1058493
186595
980099
2075944
1641003
278974
166921
319128
897660
498598
1342526
1338390
1124700
1453634
329715
303662
238919
198177
203276
1869573
1625523
918458
1458261
1308849
820850
1585515
1138910
790956
866068
658677
706988
798713
599351
1390208
1392768
742361
718534
772607
612403
1065989
619371
543704
693071
708241
684919
652528
1149241
918938
904157
1346115
918614
919347
811104
649872
474176
493058
1267942
1061078
1172435
1150480
603597
785010
572676
826170
1590435
599231
711505
707399
813444
1118009
613599
753536
615670
710738
552292
717554
587955
714944
590150
1052500
623773
667032
725145
741063
819344
551779
1197740
672577
300671
365782
311971
254284
212622
220818
592213
161095
175555
185689
173182
165473
159704
149973
150579
480230
1432324
585786
571800
346534
274023
748514
234102
257957
291342
762985
546020
492016
553832
513160
336511
403096
475083
485614
494329
313696
1584519
1116058
864989
985109
609470
520553
467979
614977
521114
573787
567974
697539
1093781
811026
488414
779150
852329
873088
632191
660109
600261
552137
594743
534303
727375
566033
648340
489038
1041697
814356
582629
192614
185149
158808
139806
151166
134407
146019
133972
112648
111887
120585
106066
113192
107877
360350
973297
930226
625728
1562088
1871861
2180184
2297230
2290075
1519960
669480
1594811
878949
1044709
1229604
1698704
1554981
1383589
1014185
287302
227913
218350
153852
158205
138329
141522
121531
130773
123209
100172
1430528
187932
209225
203496
225501
210334
298606
399486
385576
520850
348973
429849
439968
430728
299659
813063
281471
275132
826809
1052563
1001255
995983
470356
572642
436382
488667
640414
733018
636259
604364
1125684
294045
314899
309881
300438
305748
290471
310519
301916
280403
289816
281788
260889
263733
293573
811417
288038
267006
275184
263774
269973
242607
234774
225238
221173
215340
224081
217696
227649
243056
1302992
206205
261005
245040
254756
251642
282203
293096
248559
261045
247845
250415
220388
240838
283144
812844
255688
273314
255931
266213
224798
255008
238752
264993
248888
230908
223603
246784
239519
247639
756786
269218
273704
257510
241526
225149
224921
243331
223332
219152
207663
225571
209028
218186
244039
684103
271714
249769
244356
246691
238054
238739
235037
223249
229856
223336
209538
222520
201011
225976
1289091
200731
252767
278921
514691
435880
447579
339922
305717
273102
257664
243532
251298
251037
252638
815974
237906
272080
268262
254231
249167
242843
248474
219219
241790
240918
283581
247944
239492
238859
689668
266548
264666
258518
240343
286483
447337
477859
301085
287962
252953
283353
253341
325214
552369
901758
301522
289359
280306
266097
278172
256994
242679
268882
250147
248663
233612
261006
262850
293170
1340406
336049
385627
308683
390075
417550
371586
301743
294693
296191
304790
339245
293677
280512
282652
840750
252274
260182
265314
257372
256652
238855
228511
237495
217742
249800
216153
240582
215118
271498
737011
263605
260191
240915
268943
238638
240465
234944
226527
233485
218207
214396
203154
225538
248125
757193
263463
261531
275334
255499
241651
255267
238486
239643
221308
242865
230737
210167
246131
250585
1283531
193530
230195
238463
226126
228806
268502
283936
249495
238161
272658
266608
268147
253516
270255
733999
267388
288569
259198
264838
240855
239328
210013
263145
232394
227578
217250
216662
225545
257743
688770
271420
261389
245065
247833
247937
239773
230805
237863
231223
219541
234853
230602
224662
240469
690798
253784
260970
289663
296058
319447
326204
316484
310732
762946
791824
396531
326319
277336
293126
1306004
220792
227051
247627
225281
230136
217434
241751
214033
202532
222954
204905
210525
216927
264338
1430930
386056
369454
330408
278733
257812
305141
504506
506453
379541
333381
339078
801269
1027438
558416
894443
296597
306622
300444
246916
252256
315021
288597
221524
236937
224201
212930
199974
224313
217337
633668
230933
269557
278219
258882
215258
234319
201950
202490
195991
197011
193563
174643
170158
176140
1338228
182646
296496
210518
159930
135990
139661
129635
153387
144966
125372
133314
115484
110565
98843
1371689
256455
353335
359599
362127
337439
496986
582143
508342
425389
401029
487480
529377
479796
468236
1100569
312401
366931
403590
391642
508185
589307
455565
398753
397856
605031
486037
460202
417490
425344
1120607
296522
392380
399243
412679
421313
427707
369883
364235
357745
348109
339516
331473
317651
374585
1061045
318909
308177
353899
361256
533956
1665188
976470
524812
398903
473738
500383
415329
349092
386553
1309850
254663
332648
326254
323777
282088
291132
292497
290712
255858
270837
251340
239985
229909
268578
748677
408783
848045
884404
931113
516475
400308
320897
1628645
1834107
1999291
1947742
1900146
1763774
1668479
1647818
1554969
1501890
1472588
1414981
1696133
1703369
1511260
1235453
2179451
2620230
1175559
797243
993300
1458022
1533296
1123547
523649
567403
316368
194054
136596
243757
131646
208064
755380
346058
141220
237265
215867
504641
126006
660606
238188
25464
22539
11493
7530
102553
649362
240024
24294
12861
8255
55329
349600
558595
232562
30231
22523
27211
84693
124208
547279
235776
26027
10840
10377
6077
123115
890546
172150
32729
18340
12789
7583
98408
626626
223312
22112
108916
15245
4354
100835
605290
451680
70735
21936
27902
14887
116466
641961
240599
28860
15079
13568
12054
14098
11566
47009
227423
45816
15424
13997
121887
646759
231019
30866
18444
15361
12640
111036
583487
222873
75709
284855
50127
18625
103024
651984
242737
32539
16534
17505
13999
103379
587774
233901
35463
66511
273054
54651
113955
652878
238466
32293
21099
15358
13377
109997
692002
258228
40288
32998
77057
314037
132496
673679
243609
33521
41174
87948
78279
136686
605150
230033
34490
31331
20009
67156
305360
522256
246202
36662
20383
23072
18907
116191
617084
235584
37825
33082
24439
15642
139620
855011
160219
30463
21683
17253
15760
102503
636418
260091
34624
30727
21229
14995
117048
661072
456224
68828
35933
15895
17894
113903
633188
237792
34997
28616
93662
26746
117852
592173
262286
265534
60862
19228
17289
109927
622853
241336
35550
29554
19568
19307
126915
587057
232246
72625
284847
56381
115458
662472
261567
32735
25429
17728
21255
125118
618382
247782
41715
30188
68160
287564
128513
654676
246740
37338
40258
75507
76509
119717
618066
234786
39798
34468
25304
60924
315590
527166
235909
38920
26007
23172
18350
105726
610634
230187
104830
36115
25521
19741
58165
263396
50445
16814
14102
15366
14974
95507
615267
244252
38091
26529
18283
15312
108358
637498
405859
48087
13146
8137
2413
91919
628108
222444
23271
17577
9043
3350
111476
564020
275285
341668
56931
7738
3527
109294
626461
237906
23875
14067
7419
5896
111471
573248
231202
65810
261018
44726
5318
99817
663871
255413
30601
16922
12713
4306
123884
596843
226839
24553
56549
254060
41762
106657
622484
235628
33410
80321
63182
17491
106166
566574
215749
25608
9762
61442
286048
112545
608545
236573
24319
14590
7322
4267
98535
610033
229254
21839
7531
4622
51098
319158
541182
232512
21719
16306
5268
6972
108940
570065
214429
28380
8094
3965
1567
110980
832333
166113
23609
16968
9005
4548
108501
587535
209456
24793
8107
5294
2399
100533
767640
618004
268076
129121
128346
183537
226922
795586
423561
157251
197813
121881
