147163
147047
146627
146594
146563
146414
146163
145889
145973
145603
145512
145268
145015
144833
144698
144524
144367
144100
144232
144110
143983
143660
143653
143469
143551
143007
142890
142718
142669
142374
142231
141889
142019
141858
141655
141444
141370
141214
141041
140717
140642
140351
140282
140013
140097
139822
139623
139559
139435
139259
139295
139026
138945
138696
138686
138522
138521
138192
138170
137846
136698
136989
137151
136938
136919
136845
136792
136665
136561
136425
136459
136372
136365
136311
136365
136578
690436
726018
639031
633493
628733
628302
628822
606012
603457
566734
566690
559698
541001
540495
763039
480193
472631
466409
480076
473597
473826
458498
481997
460859
485318
482354
491535
507683
527053
563121
497620
666791
727625
582503
572723
556076
396348
555396
545661
546937
530997
444929
699329
650661
594387
629386
556058
592382
591163
344604
444651
513551
489086
513596
515542
538673
586668
642847
658058
648494
640753
569988
609895
602658
582655
567902
526470
524844
524900
624970
533723
452638
560333
511823
454010
603214
693572
520414
209280
224027
436515
445035
477671
603704
599610
598761
593337
589584
593416
597929
571972
566230
561306
554789
545422
578583
686319
683820
639329
635058
684370
571268
569954
572330
584223
3124
3082
3129
3168
3045
3046
3142
3219
2942
0
0
0
0
0
0
0
0
0
0
0
0
0
309810
297709
260231
184026
172286
171193
175206
171300
167457
163247
164337
165015
167567
172392
173280
170804
169209
169664
172801
172607
168050
163234
160099
162253
162312
165183
162036
156669
156851
157970
160009
163969
165496
163185
162345
162904
164081
160937
160388
152593
173459
178926
178966
177718
173934
169401
172987
173763
174882
178232
179650
180316
180019
165122
164238
166867
169158
164623
167290
166202
162942
163201
168323
166257
174115
168356
166205
175446
169892
171905
175206
165242
170975
166174
166634
160800
173059
175970
176324
177834
170885
174019
170796
172309
178091
177300
171967
175072
177036
183590
170293
127005
10347
10666
10843
10870
10884
10939
10960
10966
10982
10999
11018
11045
11071
11072
11091
11094
11101
11112
11128
11151
11177
11180
224907
353421
295033
226592
195137
181820
179520
179105
178486
178785
177336
175638
173803
172554
170286
166020
165059
165464
161226
162966
169502
176733
176956
176435
174178
169852
169057
167824
168200
184880
188775
193603
196232
194500
191840
192220
194315
191104
186873
188606
184954
187666
185360
181761
176933
176866
153096
186075
213269
243361
247687
240281
239388
236589
196166
200310
208455
203586
203741
164421
69682
15641
16418
16426
22811
265350
335363
287778
212456
181021
170728
167208
168541
167541
170791
180075
171426
174807
176247
176811
177539
177182
176686
176923
178128
174969
177107
194278
195082
194782
191277
193703
196294
195413
197443
194187
194098
193485
218205
235066
237877
238710
234776
234760
233821
182149
182738
206651
240183
247448
236258
238607
240314
238054
229861
229034
226735
219954
212172
207701
202667
209208
123622
282614
281655
268767
234651
194991
184300
179759
178909
179582
178196
180866
179862
176428
174474
175500
178801
178602
178987
179651
178647
178904
170716
170875
174053
196390
206683
206687
208864
206372
205146
200612
167647
183910
217049
224855
221567
216881
215616
208262
142697
23151
23154
23156
23155
23187
23211
23205
23210
23259
23300
23324
23456
23490
23496
23523
23800
23802
23804
23836
23853
23860
23884
23963
23981
23986
23998
24053
24079
24106
24159
24244
24246
24246
24255
24272
24271
24284
24305
24311
24317
24318
24323
24317
24325
24323
24357
24357
24358
24351
24342
24340
24334
24336
24340
24333
24331
24332
24334
24345
24340
24377
24381
24393
24390
24390
24380
24382
24384
24383
24383
24383
24383
24377
24380
24382
24351
24354
24355
24355
24353
24351
24350
24351
24345
24344
24348
24350
24344
24345
24356
24373
24368
24369
24369
24373
24367
24364
24370
24365
24369
24365
24370
24367
24366
24366
24375
24371
24375
24385
24383
24386
24382
24373
24363
24363
24368
24364
24359
24357
24371
24377
24376
24381
24371
24366
24365
24358
24356
24356
24359
24367
24369
24369
24378
24392
24358
24358
24359
24356
24364
24365
24367
24358
24361
24363
24369
24364
24367
24358
24364
24357
24349
24354
24354
24353
24355
24348
24347
24358
24354
24360
24357
24357
24357
24366
24369
24367
24368
24368
24370
24366
24365
24363
24364
24365
24366
24380
24393
24420
24476
24392
24345
24317
24320
24320
24324
59036
272885
222031
151477
126667
127542
132361
132000
134237
135854
127178
198478
236021
237594
277741
293096
301292
304951
305850
299845
302584
301307
304946
302503
303511
304268
300365
294848
293339
294461
289814
292107
288413
287485
284947
224058
25292
25284
25295
25322
25321
25317
25304
25285
25260
25247
25239
25232
25230
25215
25208
25201
25194
25175
25180
25191
25194
25198
25208
25208
25202
25196
25184
25171
25161
25161
25163
50019
89897
141832
197868
219374
227277
231560
238720
234611
237962
238486
234030
239048
228686
228854
233091
223741
220742
198602
195957
197964
200442
202406
207177
212724
209476
208089
210689
215355
213077
210314
205493
205832
204009
200562
76133
26352
26351
26369
26422
26401
26366
26359
26341
26305
26869
113780
146933
140690
144464
145199
146770
143272
152887
156110
161828
166998
163815
150898
135429
124729
120978
119945
122999
128211
107481
112059
135816
145598
151349
151367
156580
160554
139135
135701
164219
166394
152175
151001
149698
152257
146806
157446
160611
164494
163553
168784
169412
119212
124532
127502
138731
166887
178646
172300
175724
180447
122320
122358
123460
122505
115319
122322
123570
126194
128566
133812
133003
127538
130117
130729
134647
130804
142977
151003
129759
119880
106771
83085
115992
101007
59354
57100
29591
47187
80787
80168
77923
75825
75766
75561
73990
29176
29041
29015
28969
29432
87570
112474
124150
115834
108727
107653
111215
99193
117635
101696
107117
123914
127237
131029
129090
139493
127742
128612
120676
136033
149966
58716
29956
29876
29868
95749
160205
166922
170980
156885
115634
130373
132053
128487
89735
62809
59066
89980
87390
83497
95401
92685
103332
106257
116120
124357
122372
116320
99710
31262
30191
30181
30125
30131
30147
30161
30180
30176
30171
30155
30076
30072
30069
30077
30072
30073
30087
30078
30077
30076
30057
30058
30091
30180
30134
30087
30102
30092
30095
30103
30172
30335
30458
30509
30542
30552
30559
30569
30594
30608
30709
30709
30701
30688
30692
30692
30696
30707
30712
30709
30701
30691
30679
30682
30683
30715
30694
30702
30712
30719
30710
30710
30706
30708
30715
30724
30719
30725
30717
30717
30680
30676
30674
30671
30670
30641
30570
30317
30300
30447
30525
30597
30623
30660
30665
30764
30755
30752
30743
30737
30726
30743
30746
30745
30740
30721
30723
30737
30737
30745
30754
30757
30749
30744
30741
30742
30730
30731
30740
30747
30760
30755
30763
30752
30751
30778
30773
30760
30757
30766
30765
30774
30761
30760
30750
30748
30730
30729
30738
30738
30757
30759
30763
30765
30769
30764
30745
30747
30755
30743
30746
30751
30757
30754
30748
30750
30756
30751
30740
30732
30734
30739
30731
30731
30736
30740
30741
30741
30751
30756
30757
30742
30745
30747
30751
30749
30544
30501
30422
30396
30357
30303
30185
30181
30183
30144
30139
30015
30005
30000
29999
29985
29696
31253
32149
32407
32472
122386
181411
155206
154194
152498
154890
151392
153641
155107
186801
139660
139809
138887
135878
133830
148661
146977
150337
165230
99088
99895
109763
111390
120886
214235
200387
157959
157262
179089
174852
162504
163141
165024
172272
163525
206518
176461
182467
177992
170017
168351
176794
194026
189151
179198
178023
182330
184375
182851
187139
186733
189920
191532
157603
153166
145173
137371
138444
149342
155820
163079
74204
90809
43244
43229
36879
35418
27556
26519
26198
26268
87758
117212
108977
98040
90122
101807
100808
116238
122133
122508
105485
106492
108902
115510
107181
116666
117348
128262
148721
128492
128896
126488
129469
158905
155067
149277
160128
117776
115399
107594
107719
110546
108917
105989
110305
109294
106467
106094
140579
25820
29088
182003
125026
117063
119254
118420
117561
135228
128144
127368
108324
107359
109984
108718
106633
109393
108242
106014
104578
112868
103558
101573
114935
82216
85204
85781
91347
93103
101933
95406
116867
127862
123905
129196
130418
129384
131237
54305
29185
29198
29247
29311
29409
134819
199845
24442
24941
26810
28389
28930
155706
186595
189609
185478
161797
129239
120086
116531
115595
115013
117291
116432
116315
116118
116553
116202
116592
136567
154442
134487
94786
90919
95580
93585
92689
93675
93851
92408
92291
93761
93577
92926
93360
92853
93270
112486
55301
22375
23813
25766
27614
29049
29153
29267
29426
38438
44497
64058
75034
73350
73045
72768
72279
74362
77411
84074
75348
30445
30362
30325
30268
30141
30336
30292
30293
30300
30322
30390
30450
30553
32319
32359
32364
32472
32565
32555
32612
33124
30944
31455
50809
69271
82489
84648
84193
84422
81670
84171
84164
83877
84313
82201
82388
84280
84895
84116
84236
87185
90454
105855
100436
86890
87736
88750
86793
86017
86048
84033
85373
84170
85952
84665
86139
85824
85232
86607
86645
85970
87064
86665
86779
85863
88442
87894
88695
85157
85382
85530
84174
85571
85479
85684
88088
88271
87078
88657
87660
88189
87988
90619
89128
88474
87900
88795
88819
88617
89437
89278
89796
88688
88922
88861
89058
89330
90874
89981
93052
128171
42806
34009
33973
33848
33803
33725
33668
33591
33577
33640
33588
33602
33711
33732
33692
33407
57291
49924
40021
34736
36606
41647
44622
44711
44415
44213
33772
33762
33761
33741
33744
33726
33732
33744
33739
33748
33745
33746
33737
33739
33743
33747
33746
33753
33760
33762
33764
33762
33765
33766
33766
33761
33761
33761
33763
33759
33759
33758
33752
33741
33740
33739
33739
33739
33735
33738
33738
33738
33738
33738
33738
33738
33738
33738
33676
33677
33679
33678
33693
33702
33702
33705
33702
33705
33709
33703
33706
33712
33712
33670
33672
33670
33686
33693
33708
33715
33717
33707
33693
33703
33694
33705
33691
33699
33698
33702
33704
33703
33700
33698
33714
33718
33707
33688
33691
33688
33680
33688
33692
33667
33667
33660
33666
33658
33657
33656
33654
33637
33647
33649
33641
33644
33645
33636
33630
33636
33636
33620
33624
33641
33637
33642
33628
33640
33654
33643
33656
33663
33655
33649
33642
33657
33665
33664
33655
33643
33640
33649
33656
33665
33663
33672
33671
33681
33661
33667
33667
33665
33659
33665
33663
33671
33657
33653
33666
33671
33682
33669
33666
33668
33671
33682
33663
33671
33681
33690
33689
33700
33691
33686
33693
33707
33699
33702
33751
33751
33743
33741
33746
33747
33732
33734
33722
33721
33727
33733
33733
33729
33739
33714
33704
33712
33713
33720
33707
33716
33697
33697
33705
33701
33697
33697
33698
33697
33703
33712
33710
33708
33714
33728
33733
33730
33737
33742
33744
33749
33749
33742
33734
33701
33699
33696
33693
33693
33684
33690
33692
33705
33701
33698
33700
33701
33711
33716
33760
33763
33768
33765
33755
33749
33739
33733
33734
33737
33735
33727
33720
33702
33698
33705
33707
33714
33714
33727
33724
33719
33718
33716
33714
33717
33722
33736
33723
33729
33756
33767
33800
33815
33824
33818
33817
33814
33808
33798
33791
33800
33795
33802
33789
33746
33742
33754
33758
33755
33761
59833
120158
145851
156543
153054
136913
131271
131209
127895
131996
132067
129716
134942
135639
135920
136407
136224
135660
134154
134723
133615
135150
134748
133351
134812
134438
134146
136338
136138
136767
136619
134970
135710
136811
137035
137190
136295
135554
136259
138498
137705
136034
137650
134786
176670
136506
31239
30169
30182
30963
31815
33110
34120
34325
34808
34826
34845
34854
34878
62093
106912
131245
145487
148074
146778
140847
139115
136746
135066
144446
156241
153417
135368
128798
128801
132975
134941
134811
134893
135222
134754
134569
134757
134732
135531
134984
137529
136314
136106
136950
135991
136157
138870
136908
136510
137234
136981
135888
138009
135691
135221
137282
136635
137677
136611
136330
136953
138329
174128
112495
31595
31556
31552
31532
31450
31438
31431
31423
31419
31413
31421
31422
31444
31469
31480
31504
31518
31530
31572
31843
31847
31870
31902
31926
31991
32038
32077
32140
32182
32208
32255
32289
32306
32324
33294
33293
33336
33394
33433
33582
33660
33711
33842
33934
33983
34107
34195
34254
34458
34791
34831
34941
35014
35052
35096
35142
35197
35249
35331
35345
35351
35350
35368
35425
35633
35651
35686
35702
35724
35734
35745
35822
35848
35851
35816
35805
35815
35959
35966
35921
35920
35943
35937
35934
35952
35953
35983
35999
36008
36018
36017
36018
36012
36005
36004
36005
36012
36029
36071
36062
36075
36110
36105
36109
36099
36098
36108
35878
35871
35811
35875
35869
35858
35983
35980
36002
36061
36075
36090
36158
36202
36214
36234
36217
36185
36188
36187
36197
36193
36203
36197
36198
36207
36203
36193
36202
36194
36187
36196
36206
36214
36220
36221
36221
36215
36193
36179
36169
36099
36126
36134
36184
36181
36180
36132
36132
36133
36140
36136
36143
36157
36158
36157
36220
36249
36263
36146
36151
36148
36055
36062
36066
36069
36061
36053
36043
36036
36033
36038
36033
36041
36041
36049
36041
36016
36000
35999
36015
36017
36011
36008
36017
36033
36030
36031
36021
36015
35999
36008
36013
36014
36029
36037
36048
36047
36050
36054
36051
36040
36037
36045
36034
36035
36033
36035
36036
36035
36019
36022
36013
35999
35995
36008
36008
36007
36015
36014
36018
36035
36071
36069
36061
36053
36060
36055
36046
36044
36040
36034
36033
36042
36039
36049
36042
36066
36069
36064
36066
36067
36065
36065
36067
36084
36080
36115
36212
36254
36207
36239
36210
36228
36216
36218
36198
36193
36215
47583
118796
119834
126711
119619
121897
122021
121454
120754
120753
122632
123133
125494
126949
127442
128225
151070
126016
117647
117402
117915
116999
117600
119667
119968
121061
122647
121899
121604
121044
120677
119406
118064
147127
112810
74093
64524
74798
110180
129942
124146
126800
127452
126310
130562
131378
129535
131078
132000
130783
133547
135118
137028
138451
138174
137935
137821
136077
158758
160778
130972
93109
107108
109930
110273
110813
110660
110994
111759
113910
115675
116124
126170
132845
98815
106748
103441
104522
103963
102325
103886
104081
107300
107284
107660
109412
111435
125011
106822
106420
105651
108659
109475
111756
110847
112584
121126
106338
108707
109875
112252
113014
111813
114369
113556
115396
116109
119155
116572
119446
121400
121585
145527
63931
37382
37369
37362
37387
37864
40260
40451
40596
40755
117907
132183
134943
130851
130719
129595
127197
125122
123120
121782
120718
133991
134809
124789
149386
163928
163874
162561
150100
143334
141853
95805
36666
36572
36837
40087
42114
42182
42216
42215
42235
42319
42410
42657
42738
42945
42968
43043
43144
43224
43216
43240
43255
43288
43325
43358
43364
43371
43387
43383
43351
43352
43361
43351
43360
43367
43383
43397
43390
43402
43392
43401
43404
43395
43392
43359
43369
43364
43366
43362
43350
43336
43336
43342
43339
43351
43353
43364
43380
43384
43481
43481
43494
43485
43495
43498
43499
43482
43497
43503
43505
43513
43508
43507
43502
43449
43460
43471
43476
43466
43492
43501
43508
43505
43506
43493
43497
43495
43496
43492
43466
43466
43481
43493
43492
43491
43493
43488
43503
43509
43512
43509
43515
43518
43518
43498
43495
43508
43518
43518
43514
43509
43507
43502
43502
43496
43493
43493
43502
43501
43433
43427
43433
43435
43438
43447
43444
43458
43464
43458
43445
43447
43453
43461
43445
43384
43383
43396
43405
43405
43410
43404
43407
43404
43398
43406
43400
43401
43408
43406
43402
43408
43413
43433
43443
43449
43452
43453
43455
43456
43458
43455
43457
43449
43450
43418
43424
43425
43430
43425
43418
43417
43414
43412
43417
43420
43424
43425
43425
43424
43482
43477
43477
43473
43468
43473
43468
43468
43457
43475
43003
43165
43180
43214
43260
43116
43131
43115
43065
43047
42971
42693
42694
42904
42959
43005
43038
43090
43141
43096
43126
43124
43116
43120
43132
43116
43205
43136
43127
43033
42878
36577
26017
30606
31391
33727
35735
36493
37467
38196
38852
38910
39233
39144
39152
39029
38886
38945
38949
39048
39005
38967
38953
38934
38824
38763
38747
38712
38788
38829
38759
172845
224259
42656
263699
229099
229910
208799
161717
140058
134882
133386
131649
131281
132330
132352
133209
132901
133292
132019
130778
131919
131859
131817
130641
155804
171331
69274
28637
30253
33155
35475
36419
36678
36732
37169
37296
37795
37878
161977
215417
183599
173112
155230
144122
138833
141366
139566
139790
140071
140896
138979
141909
136987
180976
150204
149362
151775
153692
153351
155037
156167
153552
154189
146024
173681
76164
33329
36104
38397
39719
39927
39973
39807
39828
40194
41476
45402
44077
46529
46603
46547
46557
46564
46576
46573
46563
46568
46574
46575
46567
46565
46563
46555
220937
276587
281195
241076
203564
193358
189592
187021
189861
189122
188921
186810
187799
187782
188305
188949
234055
188266
190623
189507
194710
192485
191244
191796
191160
188262
186782
184616
195751
196603
195538
192323
189051
187115
185306
182226
181825
183548
186498
196927
238628
207410
226061
247422
216209
214071
213464
210628
203780
190668
185419
187656
188788
189956
222438
194746
193865
191621
191965
191085
193248
193589
192976
191457
190975
186936
191985
159709
169136
178068
184514
183366
214424
195318
201239
201972
200682
197303
188901
186324
186451
184344
185655
190835
190302
213481
199714
187270
189035
189175
185992
186061
182097
183274
181328
181895
177902
169260
140950
42962
45155
49007
51375
51541
51710
51840
52241
52251
52261
52266
52279
52311
52325
52330
52334
52337
52344
52346
52358
52354
52357
52362
52363
52370
52373
52373
52373
52372
52377
52257
50668
51089
45401
44981
44982
44928
45011
45036
44983
44973
44982
45016
45067
45001
44995
44940
44886
44946
44880
44812
43475
43340
43863
44156
43742
43940
44582
44829
44918
44803
44860
44888
44945
45016
45030
45793
118408
201627
85443
166571
209731
167101
148664
142810
137053
136438
136461
136323
135433
137493
134210
130559
129629
131367
133742
133843
132344
129920
127440
137543
150339
163920
31392
31580
34852
37940
57887
190759
314308
280449
279619
265424
237943
225040
216870
199003
200457
201742
203795
202290
200788
197260
195589
195030
203445
210569
212139
210445
208362
208421
155979
135504
135957
132814
133791
133274
131037
132204
133180
133256
193004
190981
189094
189682
191206
191857
190678
191862
191306
193164
195276
195961
194405
192879
192197
44200
51051
176799
161319
128800
130801
128865
128029
136716
45477
48221
53187
53176
127343
160482
149626
134007
140226
121645
117852
109426
106838
104969
90009
112377
115693
116655
119115
131261
139881
137694
148906
119701
119393
85878
54444
54424
54421
54727
54806
54863
54913
54910
54959
54962
54972
54974
54980
54971
54988
55002
55004
55005
55009
55018
55025
54979
54981
54975
54973
54984
54982
54972
54978
54986
54980
54985
54995
54996
54984
54992
55010
55012
55016
55010
55008
55008
55001
54996
54988
54991
54994
54990
55004
55012
55005
54941
54941
54939
54939
54951
54956
54960
54961
54958
54961
54958
54957
54959
54962
54962
54966
54954
54958
54960
54958
54960
54958
54956
54957
54958
54961
54967
54947
54935
54874
54609
54610
54524
54714
54712
54741
54746
54741
54741
54748
54746
54749
54750
54739
54665
54522
54519
54528
128967
132530
134265
135163
132583
130890
138779
146974
254003
233819
188196
186447
163206
158644
157652
175461
208455
150225
152655
150191
149285
146327
141106
136803
154475
159502
158816
196336
177235
164739
155957
163350
165806
156878
169989
196145
197631
205691
206531
215354
211818
208617
183361
139383
169022
165183
174666
149727
156274
175540
166227
185855
56842
60671
60759
60819
143986
150305
145589
161712
162941
148688
145048
150680
151851
194850
190715
155052
149822
151595
100915
72684
142664
143116
140261
140897
157704
107807
93835
96291
96402
93525
94683
94788
91912
95444
94518
97193
102120
109199
108781
102214
99175
97183
152342
148171
135940
133826
125942
125767
171506
167687
167467
165670
55652
58877
61488
61619
61666
61722
61769
167231
205276
156360
142186
151513
167553
151372
153519
55648
61085
61168
61209
61275
61329
61370
61390
61408
61418
61434
61440
61449
83040
83595
77250
64199
61903
59941
90394
79055
82684
82602
82621
230470
226606
199019
200929
202027
203228
202272
204830
259821
88913
76788
76823
77152
79109
81084
82898
84268
84828
85096
85757
85802
85828
85851
85913
85921
85973
85989
85993
86006
94376
144546
163463
174907
169591
166022
166419
165993
164261
164171
171194
175144
192903
171893
171214
167418
165929
166563
166638
166655
164595
165325
166764
167284
166193
166304
174152
171995
170777
170214
169977
168667
168701
170172
169232
170020
170326
171671
172753
170075
169149
171843
171501
169905
171725
171374
169026
170883
201095
180492
159792
157650
160086
160288
158564
160606
164756
161497
164831
165112
166100
166106
166544
167373
168636
166890
169211
167062
167631
164692
172042
192018
205871
182997
104224
79149
79137
79117
79224
79912
82573
83713
84563
84908
85164
85777
86073
86089
86156
86134
86150
86149
86160
86179
86183
86232
86233
86204
86242
85886
86002
86354
86485
86508
86397
86417
86459
86473
86509
86506
86515
86590
86630
86640
86666
86679
86655
86626
86620
86619
86595
113888
137430
170218
170999
171014
172878
176563
178215
177021
176547
175887
175162
171648
170751
171038
170475
171273
171691
172220
172712
171525
172085
175254
166163
157354
157409
159952
159645
160281
160617
160628
162535
161866
163940
162680
163376
166333
166009
169248
166995
165433
167925
167760
169746
167005
168182
184765
192342
175046
138966
86476
104749
139622
152690
154973
148671
145654
149775
150064
150005
150496
150485
152768
152434
153759
154409
155200
156070
157332
159222
159950
159019
160744
161312
163038
160522
159527
159914
161430
158002
157891
158205
157010
156557
155566
155815
159374
151797
149585
149895
150538
150637
151249
151833
152960
152929
153029
153420
153538
154717
154917
154934
156865
154344
155707
156166
151969
147486
152456
146207
147676
148075
148761
148420
149061
148738
149985
150475
149185
159488
160841
127897
101968
106525
124103
135236
137732
139725
139583
139267
139341
140179
141724
142213
142113
143874
143958
144287
146975
140174
143298
139841
139530
140654
140548
142771
142617
143690
143288
144391
144731
145385
145776
145576
144381
144935
144383
145906
145255
145698
144570
144313
144266
141690
141785
139558
139402
138871
140514
140223
141465
141481
142225
143711
142815
142730
142314
143534
142034
143624
141319
141892
139841
146972
85721
85710
85738
85764
85807
85841
85898
86167
87415
88535
90378
90676
90880
90982
91110
91552
91611
91654
91665
91715
91761
91810
91827
91836
91846
91841
91847
91860
91877
91882
91922
91929
91936
91953
91972
91976
91881
92048
91878
92025
92056
92038
92056
92064
92077
92241
92241
92239
92238
92272
91957
91845
91928
91895
91909
91893
91884
91886
91897
91904
91874
102378
189832
253117
247591
248428
250294
249920
250817
250801
241621
233411
221089
214003
208835
203918
218177
222121
172738
157363
152704
154639
158745
160185
159939
158153
158780
157151
158347
157340
149114
139326
90840
84319
85981
87897
90174
90555
90771
90925
91065
91129
91242
91336
91398
92339
92336
92335
92498
148267
183592
189074
181410
183632
186565
187968
188512
188710
189009
189398
189787
188934
187696
188692
186431
188037
185930
186803
188396
190069
187776
183676
187171
182877
159379
175183
182064
181460
179321
180812
180925
183164
190335
183251
112809
92930
92917
112919
146593
164844
167115
174555
175551
162635
165067
166918
139616
151153
158073
161039
169971
167944
168148
169453
169589
170502
170382
170164
165971
167414
163903
164878
162522
161063
161163
160326
159880
160730
160951
161291
161436
163270
164355
164291
165017
165978
165132
165899
166166
163896
161670
161004
162124
162560
162906
162879
163378
162629
163426
163312
163797
163437
163613
164695
164751
164277
163790
163408
144344
115719
140948
156364
166160
167810
168321
169064
170643
170353
169658
170129
170896
170938
168731
164936
164392
164657
165052
165696
165864
166782
165979
164613
162912
162134
163095
163756
162411
163061
161590
162082
160739
160637
161404
146596
135557
150349
150056
151367
151111
151973
151193
151095
150808
149781
148826
150187
148435
148323
146463
148617
147537
146387
144367
145162
143727
145417
137798
119116
101994
95166
95033
95017
95013
94995
95000
95003
95005
94996
94995
95007
95002
95000
95006
95017
95030
95163
95162
95167
95165
95164
95163
95164
95158
95153
95155
95156
95155
95150
96353
180099
273934
293857
288782
287824
278383
268920
251710
237723
229611
222174
221038
222892
222590
222940
221304
219171
214741
209800
214754
213307
213982
212289
212998
214857
215811
213684
210600
206585
205037
208244
209666
208677
207734
207503
208696
207352
204606
203735
205835
208119
209958
206599
204393
207306
208254
210337
208915
208991
209293
209547
209365
209956
211138
220230
212518
211255
210103
210645
210229
211651
212985
214290
215166
214223
216048
216177
217741
218514
218159
218122
218112
219017
218317
217670
217804
217901
217792
218614
218596
218607
217403
215707
216241
217775
216870
216052
215786
215475
214392
230403
171820
87530
87541
87572
87604
87714
88729
91022
93317
94918
96619
97164
97481
97701
97850
98357
98381
98390
98408
98442
98468
98509
98526
98544
133013
232051
273212
270623
269727
269387
272907
267258
255494
243050
227529
217523
214574
212157
211414
212793
212972
213610
214848
212354
213669
212353
213129
211647
213730
214341
212663
211954
213758
213654
214779
212738
212589
209928
212689
211386
88277
88268
88356
89097
91688
97231
193485
204508
209723
210765
213685
212836
215290
216106
214619
215027
213104
219385
218429
218786
219329
220718
220386
222299
224656
223529
219196
213438
209871
206255
202436
203821
206091
207763
215892
217746
220085
220410
215967
217798
220021
212769
211888
215813
211319
209699
210216
211222
212333
212225
211383
205413
131223
99968
99945
99947
99970
99991
99992
100016
99970
99971
99985
100007
100035
100028
100035
100053
100046
100042
100023
99994
99982
99980
99998
99986
99974
99968
99974
99981
100033
124627
108089
100031
100018
100013
99997
99988
99978
99980
99933
99934
117715
145214
147697
149959
150373
151010
151359
151535
151645
150456
150787
150649
150843
150026
150182
149959
149201
149242
149077
147827
147990
146547
146797
146489
145251
145215
145115
142483
142107
140064
140950
137311
139166
137314
139207
131950
140484
129054
113053
122532
127611
129567
129818
129467
129789
128492
129605
128815
128823
128902
128465
127788
126951
125828
125024
101284
100943
100922
100810
100811
100813
100811
100818
100811
100811
100807
100800
100796
100803
100807
100794
100799
100795
100739
100962
213156
310700
312803
300078
299350
297381
293496
285888
278087
267713
256452
244555
242979
240291
257092
254837
250570
242918
245819
245633
250462
253123
253010
251601
214723
189347
180678
181844
180829
139279
138116
132362
95739
90661
90978
92964
96124
97774
98421
98783
99245
152071
174396
174473
176039
178799
175583
170669
176266
172238
174645
177877
171995
171927
170966
174061
177638
180264
182580
187555
185343
181926
175959
173819
175272
176241
175315
173235
140403
101473
101478
101484
101501
101488
101497
101496
101487
101479
101467
101462
101461
101454
101457
101450
101446
101452
101447
101440
101418
101416
101412
101412
101413
101410
101415
101417
101321
101070
99178
91059
83718
80514
78531
76921
70230
66956
62353
64532
65502
66467
68394
70520
71382
76232
76322
76453
77538
78311
78941
79776
79262
79033
78757
78798
78544
77180
76255
76465
76514
76561
90451
90820
90934
91285
91349
91347
91292
91286
91264
92167
168809
210816
164435
188190
195675
202246
200312
195768
189574
177483
168299
95842
94152
96984
149050
147041
118938
98440
98318
96662
96731
96732
96791
96685
96789
96782
96772
96697
97364
100518
110431
134818
107879
97809
97820
97843
211642
212313
213273
219369
217921
205318
93901
153740
189692
133008
97041
95488
95298
95347
95341
104638
203166
137531
98512
98116
98093
98103
98138
98144
98124
98115
98101
98111
98283
98289
98322
98338
98102
98086
98039
98027
97957
97959
97951
97949
97935
97950
103112
165127
215769
217618
153047
106270
101741
101567
101328
101319
100124
89516
88125
103451
88026
94629
93610
94762
94287
93540
93370
93183
92608
92883
92827
92698
167799
169414
116381
115337
113133
122836
120009
207999
217175
222687
227128
224979
227423
191044
192412
190575
189182
186420
117404
115517
109643
104351
99829
96227
94859
94681
95332
106066
103982
99579
97011
95888
224699
195038
154026
95635
95560
95791
95724
95354
95553
95387
195770
195490
197719
196106
196927
197348
95900
95983
95000
95763
71737
71856
72016
71664
71635
229080
290747
296875
70210
364268
337085
276883
276525
275971
274726
274747
266937
278449
275590
276353
277095
229313
67727
75536
75658
75749
75792
75817
75838
75869
201577
75966
76011
178068
171027
169645
172794
175942
174199
81282
76478
76751
77359
77759
77698
77825
77892
77779
78664
78292
78220
78907
79163
79018
78398
79138
79320
79115
78712
78714
78700
78921
78917
87136
120318
110873
89015
83845
103828
79354
79069
78935
79193
79461
79596
79599
79624
79600
79635
79584
79525
79604
79516
79370
79788
86632
80649
80463
81772
81130
80870
81067
80888
80899
80889
80098
80253
80260
80269
80258
80241
80227
80237
80212
80191
80171
204605
213979
215933
210475
228530
226205
197567
149442
151594
150495
150168
223044
162251
185974
195451
128933
122304
118012
119359
117069
118786
116541
148901
148029
144062
144735
140605
88157
88165
88153
88147
88011
88001
224576
223303
220591
218219
212649
210900
194860
88956
88974
91673
176992
178393
180154
178999
182110
174015
179917
180261
179422
89450
93037
163351
162228
167640
159546
158532
97205
89883
89711
118071
136874
132941
127459
130539
90607
90577
90603
90649
90677
90716
90736
90776
90781
90762
90777
90778
90769
90755
90743
120746
127516
127413
127151
126980
124733
124618
123645
122710
129753
122452
123811
123567
91987
91763
91730
91720
91710
91713
88857
88858
88869
88870
88868
88954
88980
88978
88902
88924
88934
88907
88914
88906
88912
88903
88924
89063
89049
89094
89038
89028
89023
89026
89033
89216
89218
89225
89228
89221
89226
89220
89234
89384
89440
89398
89386
89375
89371
89374
89368
89373
89614
89640
89645
89641
89638
89640
89636
89656
89637
89683
89687
89692
89695
89695
89692
89689
89710
89697
89704
89699
89703
89698
89717
89737
89732
89727
89709
89703
89706
89710
89718
89718
89735
89730
89724
89715
89722
89731
89716
89715
89713
89689
89688
89694
89691
89691
89694
89682
89682
89705
89696
89690
89678
89655
89646
89640
89636
89635
89647
89629
89623
89621
89617
89624
89620
89627
89632
89613
89609
89621
89619
89621
89619
89621
89618
89617
89608
89609
89606
89603
89605
89602
89593
89520
89508
89526
89518
89524
89522
89526
89513
89960
89985
89982
89983
89980
89981
89983
89986
89997
90005
90003
90004
90002
90004
90001
90004
90005
90365
90374
90391
90384
90382
90306
90308
90315
90602
90595
90587
90592
90586
90591
90588
90590
90620
90450
90427
90461
90390
90397
90396
90394
90384
90452
90462
90461
90463
90458
90450
90470
90461
90581
90592
90512
90528
90519
90521
90518
90522
90529
90783
90782
90812
90822
90810
90813
90813
90838
90965
91006
91004
90998
90999
90993
90999
91000
91463
91429
91427
91433
91428
91433
91403
91313
91298
91266
91300
91298
91305
91298
91302
91301
91315
91357
91327
91323
91316
91291
91175
91173
91170
91143
91110
91119
91115
91116
91120
91117
91119
91124
91110
91095
91119
91179
91183
91177
91177
91176
91159
91147
91158
91136
91147
91141
91148
91127
91165
91166
91113
91125
91119
91115
91115
91115
91118
91110
91099
91089
91092
91097
91098
91094
91089
91024
91034
91038
91041
91040
91040
91041
91042
91052
91044
91054
91046
91053
91049
91050
91085
91090
91089
91087
91088
91085
91080
91085
91089
91095
115534
152673
152315
154946
156042
156142
153155
91364
91322
137209
155095
155716
155708
154952
154490
154160
153215
150480
142665
145198
144130
143893
141907
140224
139811
137370
137367
128571
127700
109184
122431
127143
128877
127732
125244
125126
122797
121694
121141
120614
117447
126422
145180
145284
145086
144124
142938
140953
139277
137648
136414
136600
133829
134386
131657
130729
126971
106889
97525
94770
94816
94808
94798
94793
94817
94772
94775
94785
94797
94805
94817
94792
94791
94756
94719
94686
94658
94633
94613
94619
97518
127427
129171
132273
131956
133339
130197
128190
126288
123504
121393
118981
118918
118721
118739
118094
117951
121150
125066
129597
132090
131319
126820
128760
129089
125548
125177
126020
126568
127829
129751
132618
137189
139585
140936
141357
141007
141172
141395
141345
141277
141139
139479
137860
133491
132308
134515
137425
138780
131233
128545
129247
139918
141573
135703
120446
123641
123873
126112
124993
119305
122373
127135
130399
115276
121319
98052
98004
98058
98012
97985
97994
97990
97988
98004
98298
98564
98568
98552
98599
98618
98615
98606
98601
98605
98622
98641
98648
98649
98656
98445
98448
98419
98409
98392
98392
98374
98382
98369
98354
98540
150858
156347
157819
156753
151389
149330
152687
147764
147968
145026
148937
143869
140419
146805
150144
145657
141171
150798
152354
156079
155348
154370
154538
155553
150125
152620
149220
145646
144457
148016
139671
141118
144805
149759
146415
149597
143692
139449
148012
147704
149483
148676
145415
147033
147215
145723
149736
151544
154446
159351
159323
154584
149213
147314
151407
151780
151655
152013
150331
151654
152759
155420
157859
152609
152265
150898
145743
149095
143613
102363
101977
101978
101998
101966
107431
135318
133324
140743
142221
136323
133591
136063
134280
131990
102331
102336
102277
102266
102262
102229
102222
102193
102193
102224
102297
102324
102331
102328
102333
102336
102329
102313
102273
102216
102173
102157
102141
102116
102141
102213
102208
102224
102231
102248
102260
102282
102290
102286
102280
102286
102305
102332
102352
102362
102470
102472
102474
102477
102467
102478
102481
102474
102490
102476
102470
102496
102489
102484
102475
102461
102442
102444
102438
102417
102414
102412
102395
102391
102406
102414
102394
102395
102384
102388
102389
102392
102396
102407
102407
105724
146571
145584
144926
146244
148089
153498
154075
140700
126077
136016
138826
135206
143158
147149
148282
137630
147790
149720
159026
158706
159256
157712
156660
157312
157185
157539
157084
157423
158865
159784
157114
156093
156097
155239
153909
157276
158592
160666
162900
175194
195156
211877
216253
214470
211787
128453
103562
103646
103685
103767
103851
103352
103144
102643
102802
102788
102787
102771
102860
216947
207027
210238
211776
212869
210584
211254
212899
214608
214609
213085
206124
207284
205075
199100
202582
197652
197170
189605
190126
191903
190028
186515
182450
181633
178779
174337
149889
146232
149246
149501
147775
144972
142294
136154
131561
129784
127640
128137
105555
105361
105372
105396
105402
105414
105424
105424
105451
105452
105449
105637
121897
218711
228663
231923
234597
236217
238184
239663
231805
231283
229677
228747
227376
220023
224370
214144
216727
217185
214828
215435
211550
209032
208217
204135
197722
201556
201938
144802
126778
192361
160378
214596
241166
239894
239444
241227
238604
238277
229920
228771
227593
226421
221815
220176
217646
191158
194395
193905
191441
190193
186801
185487
182910
181556
176147
176582
175560
172918
170273
171317
164797
167790
167656
123460
109686
182074
234967
234411
234763
237629
231639
231079
223336
225953
223857
223601
219487
216526
213912
214453
209727
206279
203551
201051
201709
199578
197829
195774
196610
196151
194321
185629
139754
111280
110966
110996
110968
111000
166938
228305
225250
225424
224802
227513
221587
219891
217247
215317
213386
208692
205828
208090
202548
202753
200324
201207
196670
194450
166253
168139
165790
168468
163834
162177
161480
117777
112487
138215
139849
142157
141549
140842
136188
133560
135319
130187
129548
128054
125843
125120
125098
120236
122634
121501
119608
116168
116911
117284
115615
114927
115019
114812
114134
114153
114118
114119
114125
114113
114334
143214
174562
187861
194458
193878
194208
196138
185695
188735
188752
183985
184065
179318
178575
172968
174237
170871
132936
115887
114904
114979
115011
115022
115062
115060
114920
114914
114924
114929
114934
114925
114904
114898
114887
114877
114700
114454
114447
114469
114499
114523
114723
114734
114767
114787
114790
114793
114801
114796
114804
114803
114811
114665
115059
115135
115168
115203
115241
115255
115262
114589
114306
114419
114243
113675
113461
113172
113072
93110
94255
104517
120164
122707
124020
130712
130437
130275
130236
129982
129861
129693
129222
128138
127508
127159
126949
127449
127406
127324
127072
126722
126543
126971
127189
127253
127146
127418
127237
127156
126182
126718
126538
126037
124762
124781
124622
124645
124834
125006
125032
125265
125370
124776
124042
123657
123399
123422
123732
123887
124116
121503
125525
126084
126951
127483
127857
127786
127857
127801
127639
127788
127913
128114
128179
128247
128287
128358
128512
128505
128526
129262
129337
129389
129402
129495
129654
129379
129487
129852
129859
129859
130077
128747
129810
129386
127777
129883
131516
131826
131714
131009
131187
131092
130881
131001
130994
130881
131081
131048
131045
131025
131025
131046
130774
130673
130362
130276
130232
130224
130215
130198
130186
130204
130197
130179
130179
130167
130182
130458
130640
130800
130876
130910
130907
130967
131321
131258
131259
131259
131256
131261
131261
131115
131136
131135
131076
131093
131082
131076
131331
131291
131287
131278
131282
131270
131280
131274
131150
131131
131072
131373
131337
131309
131277
131220
131276
131203
131261
131210
131266
131290
131286
131215
131214
131203
131258
131249
131233
131322
131217
131221
131200
131205
131203
131199
131211
131362
131284
131293
131315
131038
130978
130942
131022
130940
130937
130934
130924
130929
130940
130893
130802
130722
130710
130730
130991
130945
130985
131106
131157
131159
131149
131157
131219
130989
131089
131095
131095
131094
131103
130941
130857
130966
130958
130971
130971
130980
130976
130971
130983
130741
130724
130733
130730
130712
130792
131021
131048
130954
130944
130941
130942
130946
130946
130949
130949
130948
130948
130948
130918
131190
131157
131154
131160
131165
131165
131159
131077
130954
130891
130966
130877
130960
130961
130980
131634
131479
131462
131477
131445
131458
131514
131298
131437
131456
131457
131454
131450
131457
131575
131532
131525
131524
131522
131522
131518
131508
130952
130885
130875
130853
130837
130842
130838
131365
131063
131057
131045
131043
131044
131062
131198
131104
131128
131135
131134
131135
131117
131076
131149
131374
131340
131345
131300
131304
131261
131612
131615
131577
131576
131574
131570
131573
131327
131492
131539
131497
131488
131488
131453
131304
131199
131232
131247
131250
131247
131269
131452
131531
131617
131698
131702
131694
131684
131690
131563
131557
131547
131554
131552
131558
131503
131425
131184
131334
131268
131226
131206
131243
131422
131567
131522
131518
131508
131514
131513
131300
131214
131223
131167
131073
131167
131169
131197
131400
131397
131371
131392
131380
131391
131436
131368
131431
131452
131485
131496
131505
131500
131687
131634
131636
131639
131641
131636
131596
131435
131357
131305
131317
131326
131590
131568
131312
131280
131317
131302
131296
131306
131333
131276
131088
131052
131039
131039
131068
130626
130674
130669
130657
130662
130658
130659
130655
130631
130890
130941
130937
130927
130926
131000
131227
131180
131132
131138
131168
131169
131182
131137
131145
131208
131179
131175
131183
131177
131191
131225
130945
130995
130930
130928
130915
130903
130893
130936
130955
131009
131009
131009
131012
130868
130807
130793
130808
130797
130808
130800
130830
130915
130895
130886
130886
130886
130886
130908
131020
130710
130677
130654
130656
130656
130667
130712
130622
130791
130937
130913
131011
130909
130800
130934
131247
131198
131148
131107
130895
130853
130868
130839
132980
132932
132604
131866
131189
128083
125670
125621
124429
124476
124489
123844
123863
122698
122477
122396
122396
122513
122482
122447
122353
122451
122876
122764
122838
122899
123044
122852
122830
122818
122654
122462
122347
122459
122483
122630
122839
122823
122835
122662
122673
122688
122499
122633
122631
122479
122482
122454
122557
119145
117425
113470
111492
110138
110235
110070
109356
109501
111287
112148
112688
113621
113550
113623
113939
113679
113981
112994
112529
112938
112679
111713
111846
112077
112219
112467
112869
112096
110947
110556
110473
110677
111864
111365
111280
111720
111547
111072
112016
112594
113205
114465
115232
114759
114506
110958
110896
110402
110377
132697
277690
339206
319162
300185
290373
287511
284020
283080
282970
282527
282340
282008
281474
281038
280455
280233
279285
278682
279038
278477
279426
278666
180797
102988
93967
91638
93185
99121
108336
109122
93228
93281
93370
93486
93044
93039
93030
93559
93169
93163
93060
93153
93337
94855
234787
313839
305856
281455
275569
266054
264734
264578
262855
263235
262822
263287
260394
259351
252527
250887
250965
251755
250651
250345
252906
252589
254224
252888
251813
252336
250925
250558
252415
253177
251610
251542
251983
249087
247571
248499
215133
225504
123620
80527
80494
81336
86700
94438
95588
95549
95552
95587
95632
96165
96205
96446
103561
107717
107432
105812
108807
110871
110966
110972
111004
111024
111077
111784
112054
112093
111875
111793
110772
107473
104512
98585
94847
96308
95558
98346
98758
98723
98722
96168
95533
94465
93618
93574
93593
93587
93615
93621
93639
393216
311474
260781
257215
254890
201911
251551
244174
248898
265351
319212
311370
318180
318146
315391
312689
316334
318424
308819
312117
304102
304876
303596
307233
314893
314867
317915
319895
320552
322722
321877
329677
337668
325255
328055
325384
310277
315426
310685
323287
310589
309860
308597
308533
305980
309407
303327
308054
303110
303980
301942
306302
163237
99334
99436
199710
354491
345510
358307
378060
357078
321437
316643
324043
329318
334954
333648
318806
309019
149174
255405
268357
242918
242243
246716
239618
247469
262586
257057
274620
274676
276089
255190
227495
224278
225736
238210
271650
264018
280485
281809
268270
289451
333981
332862
338194
334322
322320
326549
330868
329770
324773
321759
256284
313090
312385
323330
326666
326063
328422
324109
322638
327571
331772
326769
280047
302875
308442
300876
293559
287520
298131
154597
268547
275616
283326
291110
233081
247822
237925
295955
301546
250185
242498
264686
231036
266889
316717
106956
113207
113338
113500
113608
113695
113768
113783
113785
113795
113825
114118
114208
114509
319235
326161
325642
377386
348573
263937
220299
107240
107308
107365
107669
107944
109208
109236
109234
109433
109650
109919
110088
110176
110460
110609
110719
110956
111200
111595
111823
112373
112636
112829
113145
113274
113369
113608
113772
113913
114009
114052
114131
114190
114214
114261
114528
114580
114602
114605
114622
114622
114635
114638
114649
114658
114681
114675
114676
114681
114701
114754
114755
114752
114744
114755
114765
114769
114775
114761
114771
114784
114791
114786
114778
114771
114859
114859
114875
114852
114857
114873
114882
114875
114866
114873
114880
114886
114887
114889
114863
114890
114893
114882
114888
114903
114869
114862
114868
114863
114849
114854
114887
114903
114913
114919
114861
114871
114870
114860
114866
114877
114886
114881
114905
114908
114921
114921
114920
114930
114924
114924
114918
114904
114908
114918
114939
114953
114943
114946
114955
114954
114948
114938
114928
114930
114911
114911
114910
114914
114906
114892
114893
114877
114876
114890
114899
114887
114867
114872
114847
114914
114914
114920
114931
114911
114914
114896
114902
114890
114876
114850
114853
114864
114858
114867
114870
114892
114901
114907
114921
114914
114921
114897
114896
114913
114922
114920
114930
114907
114909
114960
114956
114960
114953
114971
114995
115007
115008
115003
115010
115031
115030
115031
115024
115028
115004
115012
115013
114993
115003
114999
115003
114996
114987
114996
114980
114989
114976
114972
114987
115000
114997
114993
114976
114965
114942
114958
114973
114985
114975
114982
114980
114968
114973
114970
114930
114936
114934
114930
114913
114912
114922
114921
114922
114915
114904
114897
114905
114914
114934
114954
114968
114981
114990
114984
114991
114976
114963
114964
114966
114982
114974
114970
114962
114937
114928
114934
114913
114916
114917
114917
114910
114880
114868
114852
114842
114843
114831
114847
114838
114883
114867
114868
114842
114843
114882
114888
114883
114896
114857
114833
114827
114819
114809
114799
114796
114792
114797
114789
114783
114776
114750
114739
114748
114749
114747
114743
114740
114748
114739
114716
114704
114725
114686
114685
114706
114724
114728
114719
114719
114712
114708
114710
114711
114721
114724
114721
114721
114722
114722
114722
114718
114717
114717
114717
114650
114650
114650
114492
114492
115024
114947
114941
114929
114910
114908
114830
114822
114560
114584
114576
114385
114400
113994
113982
114001
113782
113820
113722
113769
113765
113500
113506
113506
113115
113194
112973
112978
112961
112794
112832
112831
112849
112850
112884
112887
112887
112890
112882
112876
112878
112877
112847
112846
112854
112833
112829
112836
112832
112833
112836
112824
112834
112832
112830
112826
112824
112824
112825
112821
112725
112725
112732
112742
112743
112714
112734
112910
112923
112928
112803
112821
112812
112811
112824
112912
112913
113000
113008
113025
113046
113060
113069
113069
113062
113058
113030
113027
113026
113024
112961
112969
112963
112963
112981
112958
112978
112973
112966
112964
112966
112974
112978
112980
112971
113080
363549
347767
277695
274258
273870
275600
272443
274404
272572
273768
273381
270720
268331
266472
266551
266590
261764
263255
263352
260202
262717
262056
264022
263316
264321
265160
262694
261553
260554
261356
261235
279691
251381
253456
255255
256834
257898
258231
257754
258144
256392
257058
256321
254619
253713
254947
254510
254811
244283
245831
246825
246783
247006
246227
247199
246898
246314
246569
247936
246423
246392
246965
248288
252639
264943
265080
193240
99399
99279
99308
102087
106253
110429
111663
114784
114782
114855
114891
114944
114956
114961
114975
115006
115029
115023
115035
115040
115038
115038
115079
115093
115094
115095
115100
115096
115090
115092
115096
115102
115096
115092
115093
115094
115094
115078
115081
115074
115593
115116
113586
113293
113180
113240
112221
110915
110528
110539
109323
109319
109358
109366
109375
109378
109376
109376
109378
109385
109400
109397
109407
109407
111486
162600
252847
301526
321405
327840
348135
333432
319089
310754
290849
277258
265942
257985
257683
256244
254672
256333
257717
255560
255841
254721
253604
254613
255641
254130
254380
253613
253013
253424
251031
254141
251694
240935
242234
243927
244254
242742
244014
243308
242822
243566
244031
244822
242481
243044
255724
234697
230189
231235
236319
230605
230317
230478
228515
230851
229908
230735
229782
231698
231237
231883
232443
230014
232633
230282
230748
229890
230838
230064
228869
229675
224945
227555
228057
223244
244975
199625
107977
100180
99253
101401
103963
107801
113377
259474
332246
327329
323363
323698
319026
307860
284916
271192
257247
249622
241017
237074
232519
227864
222965
219840
219058
233772
237398
237922
235089
227309
224886
241813
260362
262843
264722
260572
254396
247615
243560
247719
208034
98538
98392
98297
100694
106238
109057
113403
112407
113315
113664
113852
113976
114059
114093
114114
114134
114157
114160
114168
115590
115591
115591
115592
116752
189965
315619
332634
327881
318010
308227
294037
265454
251367
242343
235130
233436
233628
233939
232627
233266
231047
231452
230929
230603
230808
230947
228379
230951
228588
225203
225819
221064
219961
223301
225401
224937
223456
222049
222958
223130
223394
222979
221959
223272
215260
220825
221432
222939
221190
221681
220476
219918
218853
218710
218917
219290
218987
216872
216531
215577
217081
216904
214549
214482
215493
214622
212176
213102
212766
209110
215788
191756
102396
102326
102014
102036
105524
114832
284800
308111
299503
302182
301801
300955
295527
286422
272131
248016
226229
211399
204563
217170
227542
226458
224606
214415
225208
251696
263652
263959
254912
243533
237696
238786
139502
105738
105757
111751
118298
118345
118426
119457
120160
122264
124129
122323
120298
120245
121808
126139
136312
120058
122509
122538
122550
122559
122578
122578
122546
122554
122559
122575
122597
122604
122520
122548
130312
218984
257435
252519
230357
230079
227687
228139
227697
232121
222722
222009
223428
222924
225759
225732
224043
224947
224424
192611
111929
111946
115515
119085
150801
267883
266603
265073
248774
239552
229238
229605
229123
226790
226709
225146
222452
219108
198461
113954
113945
115268
123273
124369
124368
124364
124760
124233
125593
199492
207983
207697
124683
124622
124592
124511
124478
124478
163607
207704
208525
222674
209722
210988
206616
209121
209558
212201
210461
210393
210418
209907
204850
199838
202244
204272
205753
205835
202369
204294
205089
206846
207702
207193
205528
200223
199723
199339
181631
124421
179218
184666
185756
184852
185097
199741
124678
192279
190181
189970
190446
190267
192395
193012
194268
194287
192882
192587
192222
193528
193219
195464
194007
195028
197311
195905
197299
197307
201953
199778
199777
196049
195005
195042
194933
159481
125212
125189
125181
125129
125095
125062
125059
124944
124966
124962
124961
124969
124959
124963
124962
124956
126446
130609
133015
132453
133197
133406
133749
134121
134565
133420
166272
170516
167489
167054
167033
167507
167985
167439
169039
168842
168993
175476
187085
181122
179191
177272
177302
177490
177349
176665
178841
179467
181310
137916
128335
141405
147316
185569
182743
183594
183950
184053
183479
183950
183064
182856
181443
181580
181678
188027
127227
127182
127155
127154
127176
127145
127140
127144
127137
127118
127112
127110
127106
127102
127103
127098
126995
127128
127249
126934
126398
102982
86434
94342
107671
111239
111565
112271
112611
112870
112688
112114
112252
112122
112059
112133
112218
112196
112036
112005
112055
112205
112039
112016
112173
112167
112862
112896
112880
112808
112799
112854
112895
112884
112812
112696
112627
112496
112658
112736
112771
112685
112541
112719
112185
112457
112354
112780
112908
113012
113049
113181
113336
113490
113472
113449
113257
113427
113465
113493
113448
113445
113432
113441
113441
113434
113452
113496
113381
113444
113509
113508
113477
113479
113460
113526
113463
113508
113500
113484
113333
113283
113404
113366
113361
113333
113395
113425
113314
113383
113523
113575
113587
113499
113493
113525
113596
113590
113587
113323
113334
113351
113414
113445
113384
113278
113452
113383
113449
113416
113405
113484
113435
113501
113558
113580
113569
113543
113454
113494
113514
113549
113567
113572
113519
113503
113493
113474
113481
113409
113390
113231
113224
113314
113327
113441
113468
113312
113204
113175
113219
113318
113329
113368
113381
113394
113307
113252
113225
113236
113161
113078
113161
113224
113205
113132
112975
112967
112979
112860
112873
112772
112779
112814
112752
112774
112990
113058
113035
113060
113077
113032
113192
113144
113282
113189
113354
113319
113349
113246
113066
113105
113053
113670
113816
113860
113755
113734
113761
113734
113502
113408
113527
113404
113468
113451
113508
113547
113525
113312
113226
113218
113314
113364
113351
113477
113273
113253
113499
113537
113514
113516
113534
113604
113583
113737
113728
113806
113756
113971
113793
113723
113863
113730
113670
113602
113567
113610
113661
113629
113569
113605
113556
113689
113672
113793
113669
113546
113666
113699
113648
113622
113642
113607
113586
113657
113673
113732
113693
113684
113649
113432
113494
113458
113477
113497
113480
113453
113435
113513
113612
113708
113703
113618
113654
113751
113713
113694
113711
113725
113745
113793
113685
113698
113644
113638
113624
113613
113574
113535
113480
113342
113513
113610
113588
113596
113609
113638
113537
113657
113643
113565
113617
113673
113665
113604
113499
113541
113585
113624
113597
113597
113559
113648
113667
113703
113672
113695
113703
113742
113711
113733
113566
113565
113536
113415
113290
113148
113111
113124
114533
114973
115092
115293
115499
115523
115743
115776
115461
115455
115454
115436
115455
115543
115550
115561
115534
115593
115636
115738
115838
113396
113232
113126
113034
112895
112813
112715
112436
112508
112641
112744
112943
113671
115074
115398
116224
116295
116363
116376
116347
116400
116184
116307
116318
116322
116297
116350
116362
116375
116426
116336
116421
116464
116252
116305
116281
116297
116308
116372
116397
116416
116434
116450
116499
116482
116864
116878
117025
117128
117183
116991
117000
117075
117016
117122
117060
117026
117055
117131
117154
116980
116948
116950
117011
117092
117087
117045
116792
116504
116385
116299
116368
116535
116640
116731
116952
116975
117043
117049
117177
117260
117244
116948
116978
116756
116504
116555
116564
116623
116661
117096
117101
117140
117118
117184
117213
117258
117344
117449
117537
117583
117584
117606
117548
117590
117639
117565
117568
117501
117560
117659
115328
114438
114219
114117
113986
113843
113818
113757
113622
112639
112825
112733
112750
112786
112751
112792
112872
112948
112911
112834
112814
112971
112999
112973
112955
112736
108635
111354
111851
112171
112253
112400
112022
105025
102857
101559
98033
98515
98795
99777
95248
93452
89962
87973
80459
57929
47864
43251
40682
33295
30109
25290
21068
12782
10768
7649
0
0
0
0
0
28
9309
12844
13798
14356
14704
14900
15149
15356
15357
15356
15358
15353
15353
15353
15354
15354
15354
15354
15354
15354
15354
15355
15358
15357
15357
15358
15358
15358
15358
15357
15356
15356
15355
15356
15355
15356
15356
15361
15363
15361
15362
15361
15362
15361
15363
15362
15363
15342
15342
15342
15342
15342
15344
15347
15348
15347
15349
15347
15347
15347
15349
15347
15349
15347
15349
15347
15349
15349
15347
15347
15347
15347
15347
15347
15347
15347
15347
15347
15347
15347
15347
15347
15349
15349
15347
15347
15347
15347
15347
15347
15347
15347
15347
15347
15347
15347
15347
15347
15346
15346
15346
15346
15346
15346
15346
15346
15346
15351
15350
15351
15350
15351
15348
15349
15348
15348
15348
15348
15348
15348
15348
15349
15348
15348
15348
15349
15348
15348
15348
15348
15348
15348
15348
15349
15348
15349
15348
15349
15348
15349
15348
15348
15350
15350
15349
15349
15349
15349
15349
15349
15349
15349
15349
15349
15349
15350
15349
15348
15348
15349
15348
15349
15348
15349
15348
15348
15348
15350
15350
15350
15350
15350
15350
15350
15350
15350
15350
15350
15350
15350
15350
15350
15350
15350
15350
15350
15350
15350
15350
15350
15350
15350
15350
15350
15350
15350
15350
15350
15350
15350
15350
15350
15350
15350
15350
15350
15350
15350
15350
15350
15350
15350
15350
15350
15350
15350
15350
15350
15350
15350
15350
15350
15350
15350
15350
15350
15350
15345
15346
15344
15346
15344
15352
15351
15353
15353
15353
15353
15353
15353
15353
15353
15353
15353
15353
15353
15353
15353
15353
15353
15353
15353
15353
15353
15353
15353
15353
15353
15353
15353
15353
15353
15335
15335
15335
15335
15335
15335
15335
15335
15335
15335
15335
15336
15336
15336
15336
15337
15337
15337
15337
15337
15337
15337
15337
15337
15337
15337
15337
15337
15337
15337
15337
15337
15337
15337
15337
15337
15337
15337
15337
15337
15337
15337
15337
15337
15337
15339
15339
15339
15339
15339
15338
15338
15338
15338
15338
15338
15338
15338
15338
15338
15338
15338
15338
15338
15338
15338
15338
15338
15338
15338
15338
15338
15338
15338
15338
15338
15338
15338
15338
15338
15338
15338
15338
15338
15338
15338
15338
15338
15338
15070
14859
14741
14532
14172
13678
10742
1479
0
0
0
0
