start_fid 	 end_fid 	 tlx 	 tly 	 brx 	 bry	 filename
0	0	132	74	144	107	obj_000000_000000.png
20	28	124	112	154	118	obj_000020_000028.png
29	32	123	136	155	161	obj_000029_000032.png
35	46	179	82	200	151	obj_000035_000046.png
47	48	249	72	289	107	obj_000047_000048.png
49	52	294	71	306	82	obj_000049_000052.png
53	64	314	64	317	79	obj_000053_000064.png
71	76	241	115	302	149	obj_000071_000076.png
77	94	343	107	352	123	obj_000077_000094.png
95	100	382	99	406	122	obj_000095_000100.png
102	104	408	67	431	70	obj_000102_000104.png
105	137	410	68	442	151	obj_000105_000137.png
143	150	174	215	189	230	obj_000143_000150.png
154	162	204	211	220	231	obj_000154_000162.png
165	166	237	211	263	229	obj_000165_000166.png
167	172	481	98	488	106	obj_000167_000172.png
173	174	264	61	325	90	obj_000173_000174.png
175	184	238	74	265	94	obj_000175_000184.png
192	193	234	90	246	96	obj_000192_000193.png
204	238	540	96	556	108	obj_000204_000238.png
264	269	528	80	616	115	obj_000264_000269.png
270	279	633	84	648	98	obj_000270_000279.png
280	281	637	82	652	101	obj_000280_000281.png
282	283	628	81	653	105	obj_000282_000283.png
284	292	663	61	679	73	obj_000284_000292.png
298	300	236	123	304	160	obj_000298_000300.png
312	321	536	112	622	123	obj_000312_000321.png
372	374	542	134	563	148	obj_000372_000374.png
403	411	574	133	578	144	obj_000403_000411.png
441	443	569	125	609	142	obj_000441_000443.png
518	536	709	99	714	112	obj_000518_000536.png
537	541	709	104	721	106	obj_000537_000541.png
556	562	765	89	796	109	obj_000556_000562.png
564	574	556	56	587	146	obj_000564_000574.png
576	580	582	53	591	77	obj_000576_000580.png
585	593	849	97	861	104	obj_000585_000593.png
594	619	905	69	951	114	obj_000594_000619.png
621	628	145	308	155	383	obj_000621_000628.png
636	637	161	283	173	381	obj_000636_000637.png
659	664	194	301	233	341	obj_000659_000664.png
665	669	232	309	233	310	obj_000665_000669.png
768	775	261	320	265	325	obj_000768_000775.png
860	868	252	306	298	338	obj_000860_000868.png
870	873	156	389	298	410	obj_000870_000873.png
888	889	166	442	190	458	obj_000888_000889.png
890	902	200	433	239	459	obj_000890_000902.png
911	914	168	436	248	455	obj_000911_000914.png
921	922	275	446	277	456	obj_000921_000922.png
923	927	282	446	296	457	obj_000923_000927.png
928	941	289	424	382	466	obj_000928_000941.png
942	945	374	315	388	324	obj_000942_000945.png
946	955	449	267	498	302	obj_000946_000955.png
960	961	493	260	518	278	obj_000960_000961.png
1092	1095	438	313	499	316	obj_001092_001095.png
1096	1098	446	329	462	340	obj_001096_001098.png
1105	1112	469	328	473	338	obj_001105_001112.png
1114	1117	467	333	480	334	obj_001114_001117.png
1229	1242	489	326	493	338	obj_001229_001242.png
1243	1252	537	309	551	322	obj_001243_001252.png
1260	1265	599	296	600	300	obj_001260_001265.png
1272	1273	585	296	614	319	obj_001272_001273.png
1278	1279	129	259	134	397	obj_001278_001279.png
1280	1282	132	358	133	367	obj_001280_001282.png
1284	1285	134	254	188	257	obj_001284_001285.png
1289	1315	159	241	533	257	obj_001289_001315.png
1356	1357	492	241	619	243	obj_001356_001357.png
1358	1359	501	267	516	275	obj_001358_001359.png
1360	1366	633	248	641	367	obj_001360_001366.png
1441	1449	137	373	633	400	obj_001441_001449.png
1464	1465	431	368	466	415	obj_001464_001465.png
1529	1535	427	365	442	392	obj_001529_001535.png
1536	1537	483	424	487	435	obj_001536_001537.png
1564	1566	486	422	528	439	obj_001564_001566.png
1596	1608	510	422	530	445	obj_001596_001608.png
1611	1612	547	426	558	429	obj_001611_001612.png
1620	1621	569	412	574	430	obj_001620_001621.png
1644	1645	570	429	581	432	obj_001644_001645.png
1647	1648	747	192	758	243	obj_001647_001648.png
1649	1667	778	209	797	232	obj_001649_001667.png
1668	1670	810	189	818	192	obj_001668_001670.png
1674	1676	804	192	815	205	obj_001674_001676.png
1827	1837	829	204	863	229	obj_001827_001837.png
1838	1839	214	297	240	323	obj_001838_001839.png
1842	1851	905	206	917	215	obj_001842_001851.png
1855	1870	975	184	1000	210	obj_001855_001870.png
1871	1879	1012	156	1021	157	obj_001871_001879.png
1885	1887	1006	157	1019	170	obj_001885_001887.png
1888	1892	1024	151	1045	166	obj_001888_001892.png
1893	1923	960	217	1021	223	obj_001893_001923.png
1954	1955	990	220	992	221	obj_001954_001955.png
1965	1966	967	232	980	234	obj_001965_001966.png
2060	2063	963	232	999	247	obj_002060_002063.png
2200	2204	1010	231	1013	246	obj_002200_002204.png
2208	2209	1066	204	1085	216	obj_002208_002209.png
2213	2234	1120	184	1147	211	obj_002213_002234.png
2235	2241	914	310	928	318	obj_002235_002241.png
2247	2251	971	299	991	317	obj_002247_002251.png
2254	2260	1000	287	1011	300	obj_002254_002260.png
2262	2263	969	325	1007	330	obj_002262_002263.png
2265	2267	982	342	998	359	obj_002265_002267.png
2268	2271	1041	322	1043	336	obj_002268_002271.png
2275	2280	1038	328	1052	331	obj_002275_002280.png
2288	2289	1084	304	1111	327	obj_002288_002289.png
2291	2299	747	431	758	496	obj_002291_002299.png
2324	2331	780	445	792	448	obj_002324_002331.png
2336	2337	775	448	793	472	obj_002336_002337.png
2351	2353	812	451	830	469	obj_002351_002353.png
2357	2374	812	452	834	473	obj_002357_002374.png
2375	2384	841	437	849	438	obj_002375_002384.png
2385	2389	855	427	867	441	obj_002385_002389.png
2397	2410	876	448	889	469	obj_002397_002410.png
2433	2462	891	451	913	470	obj_002433_002462.png
2474	2479	951	445	964	454	obj_002474_002479.png
2486	2488	1001	437	1024	461	obj_002486_002488.png
2495	2504	1043	417	1059	474	obj_002495_002504.png
2505	2510	1081	433	1100	456	obj_002505_002510.png
2513	2515	1109	425	1117	427	obj_002513_002515.png
2516	2524	1124	418	1135	429	obj_002516_002524.png
2525	2531	1148	427	1164	450	obj_002525_002531.png
2532	2533	1164	430	1189	450	obj_002532_002533.png
2535	2536	869	555	879	557	obj_002535_002536.png
2542	2545	870	561	883	563	obj_002542_002545.png
2569	2576	904	540	924	566	obj_002569_002576.png
2577	2578	945	516	969	580	obj_002577_002578.png
2580	2581	1001	517	1023	538	obj_002580_002581.png
2593	2597	1008	517	1025	538	obj_002593_002597.png
2625	2633	1039	498	1046	499	obj_002625_002633.png
2788	2794	1049	492	1061	504	obj_002788_002794.png
2797	2798	1077	492	1078	501	obj_002797_002798.png
2801	2802	1073	496	1087	499	obj_002801_002802.png
2808	2810	1095	489	1098	502	obj_002808_002810.png
2820	2829	990	547	1057	554	obj_002820_002829.png
2833	2836	990	575	1001	577	obj_002833_002836.png
2837	2845	1006	568	1018	583	obj_002837_002845.png
2848	2860	1023	570	1035	579	obj_002848_002860.png
2861	2862	1040	567	1042	580	obj_002861_002862.png
2867	2869	1108	534	1126	547	obj_002867_002869.png
2880	2881	1178	518	1202	544	obj_002880_002881.png
2906	2916	1201	497	1221	551	obj_002906_002916.png
