270
390
450
690
960
1170
1890
1950
2130
2400
2790
3000
3060
3270
3660
4050
4110
4170
4560
4650
4890
5400
5460
5820
6030
6360
6570
6630
6810
7290
8160
8430
9840
10020
10290
10500
10620
11010
12600
13920
14670
16020
16200
16260
17160
18000
18060
18330
19920
20130
20190
20670
21030
21870
22440
23160
23250
23340
23850
23970
24570
25560
25650
25800
25950
26550
26670
26850
26940
27090
27210
27330
27600
27720
28050
28350
29070
29220
29730
30060
30240
30690
30870
31230
31350
31440
31500
31650
31770
31890
32400
32490
32610
32730
32910
32970
33060
33120
