7570
7510
7505
7507
7507
7507
7507
7507
7507
7507
7507
7507
7465
7465
7465
7466
7466
7466
7466
7466
7466
7466
7466
7466
7495
7495
7495
7495
7495
7495
7495
7495
7495
7495
7495
7495
7495
7495
7495
7495
7495
7495
7495
7495
7495
7495
7495
7495
7495
7495
7495
7495
7495
7495
7495
7495
7495
7495
7495
7495
7495
7495
7495
7495
7495
7495
7495
7495
7495
7495
7495
7495
7495
7495
7495
7495
7495
7495
7495
7495
7495
7495
7495
7495
7495
7499
7499
7499
7499
7499
7499
7499
7499
7499
7499
7499
7499
7499
7499
7499
7499
7499
7499
7499
7499
7499
7499
7499
7499
7499
7499
7499
7499
7499
7499
7499
7499
7498
7498
7498
7508
7508
7508
7508
7508
7499
7506
7508
7505
7505
7504
7504
7507
7505
7489
7499
7494
7477
7504
7503
7503
7496
7493
7499
7490
7494
7492
7492
7500
7506
7508
7508
7508
7508
7507
7507
7508
7508
7508
7508
7508
7508
7508
7508
7508
7508
7508
7508
7501
7501
7508
7508
7508
7508
7507
7507
7508
7508
7508
7508
7507
7503
7505
7503
7510
7505
7502
7496
7487
7499
7502
7507
7507
7507
7507
7507
7501
7507
7507
7507
7507
7507
7507
7507
7507
7507
7507
7507
7507
7507
7506
7506
7505
7505
7505
7505
7508
7508
7508
7508
7508
7508
7508
7508
7508
7508
7508
7508
7508
7508
7508
7508
7508
7508
7508
7508
7508
7508
7508
7508
7508
7508
7508
7508
7508
7508
7508
7508
7508
7508
7508
7508
7512
7512
7512
7512
7512
7512
7512
7512
7512
7512
7512
7512
7512
7512
7512
7512
7512
7512
7512
7512
7512
7512
7516
7522
7528
7541
7550
7566
7576
7589
7599
7616
7512
7512
7614
7617
7613
7616
7622
7646
7654
7654
7652
7646
7661
7663
7658
7662
7618
7667
7669
7685
7693
7694
7708
7722
7748
7754
7705
7732
7747
7746
7761
7765
7773
7786
7797
7803
7811
7821
7820
7817
7817
7817
7817
7828
7854
7878
7894
7853
7836
7837
7898
7905
7924
7948
7962
7944
7967
7966
7977
7996
8007
8019
8022
8025
8018
8022
8022
8018
8015
7998
7998
7995
7990
7995
8027
8041
8062
8087
8094
8020
8098
8098
8098
8098
8098
8094
8099
8118
8134
8103
8098
8098
8140
8144
8158
8160
8100
8152
8161
8160
8161
8161
8161
8161
8161
8161
8171
8180
8199
8214
8226
8162
8197
8229
8239
8254
8268
8281
8306
8320
8325
8321
8318
8321
8328
8336
8347
8369
8383
8396
8407
8409
8405
8385
8392
8415
8417
8430
8441
8461
8471
8480
8485
8489
8485
8483
8483
8494
8509
8526
8554
8521
8505
8562
8577
8586
8596
8614
8628
8583
8574
8628
8645
8662
8669
8671
8672
8680
8680
8700
8727
8736
8671
8669
8733
8733
8735
8735
8743
8759
8733
8734
8734
8735
8760
8765
8777
8789
8748
8763
8773
8780
8790
8798
8814
8821
8820
8835
8874
8888
8890
8851
8853
8886
8889
8901
8914
8918
8926
8847
8920
8854
8911
8918
8919
8919
8918
8917
8919
8919
8918
8918
8918
8918
8918
8918
8920
8933
8964
9010
9062
9102
9146
9178
9207
9243
9271
9312
9340
9367
9419
9466
9497
9523
9537
9544
9549
9518
9528
9526
9526
9526
9526
9526
9526
9526
9524
9524
9524
9524
9524
9524
9524
9524
9524
9524
9524
9524
9524
9524
9524
9524
9524
9524
9524
9524
9524
9524
9524
9524
9524
9524
9524
9524
9524
9524
9524
9524
9524
9524
9524
9524
9524
9524
9524
9524
9524
9524
9524
9524
9545
9544
9544
9544
9543
9543
9543
9543
9543
9543
9543
9543
9543
9543
9543
9543
9550
9550
9550
9550
9550
9550
9550
9550
9550
9550
9550
9550
9550
9550
9550
9550
9551
9549
9549
9551
9550
9550
9550
9550
9551
9551
9551
9551
9551
9551
9552
9552
9552
9552
9552
9552
9553
9553
9553
9553
9553
9553
9553
9553
9553
9553
9553
9553
9553
9553
9553
9553
9553
9553
9553
9553
9553
9553
9553
9553
9552
9552
9552
9552
9552
9552
9552
9552
9552
9556
9556
9556
9556
9556
9556
9556
9556
9556
9556
9556
9556
9556
9556
9556
9556
9556
9556
9556
9556
9556
9556
9556
9552
9552
9552
9552
9553
9553
9553
9553
9553
9553
9553
9553
9553
9553
9553
9557
9557
9550
9550
9560
9550
9550
9549
9551
9551
9553
9552
9551
9541
9548
9545
9547
9545
9549
9539
9535
9521
9550
9553
9546
9550
9538
9553
9545
9545
9545
9545
9545
9545
9552
9552
9552
9552
9552
9552
9552
9552
9552
9552
9552
9552
9552
9552
9552
9548
9548
9548
9548
9548
9548
9548
9548
9548
9548
9548
9548
9548
9548
9548
9548
9548
9548
9548
9548
9548
9548
9548
9548
9548
9548
9548
9548
9548
9548
9548
9550
9554
9560
9570
9582
9592
9598
9610
9619
9633
9646
9661
9670
9548
9670
9612
9618
9616
9617
9659
9666
9672
9680
9688
9641
9671
9694
9695
9671
9646
9641
9703
9706
9711
9718
9726
9729
9692
9691
9691
9731
9735
9741
9752
9758
9664
9719
9758
9758
9758
9758
9758
9758
9759
9759
9759
9759
9759
9767
9780
9788
9759
9759
9759
9759
9759
9759
9794
9813
9824
9826
9769
9802
9819
9824
9825
9825
9825
9825
9825
9825
9825
9826
9832
9847
9861
9879
9898
9872
9857
9870
9897
9910
9924
9935
9952
9956
9957
9888
9953
9953
9961
9974
9983
9995
10011
10033
10043
9950
10033
10035
10035
10035
10034
10034
10034
10034
10041
10046
10055
10074
10085
10039
10039
10039
10094
10101
10116
10131
10042
10040
10097
10131
10131
10128
10128
10135
10145
10151
10121
10096
10088
10168
10181
10183
10131
10169
10182
10183
10185
10185
10185
10185
10185
10191
10192
10201
10211
10218
10185
10185
10203
10224
10226
10205
10199
10184
10210
10213
10210
10233
10234
10210
10229
10230
10238
10240
10247
10257
10266
10280
10292
10304
10316
10236
10237
10247
10315
10321
10336
10340
10255
10274
10342
10344
10305
10310
10341
10353
10365
10374
10378
10395
10402
10421
10440
10388
10428
10437
10437
10439
10434
10446
10454
10465
10475
10487
10502
10462
10461
10461
10455
10514
10525
10538
10547
10498
10455
10519
10525
10547
10551
10533
10523
10504
10507
10543
10528
10555
10555
10555
10555
10555
10555
10555
10549
10549
10549
10549
10549
10549
10549
10549
10549
10549
10549
10549
10549
10549
10549
10549
10548
10554
10562
10570
10579
10587
10602
10620
10638
10655
10666
10550
10666
10612
10614
10614
10625
10625
10625
10614
10614
10614
10625
10620
10613
10613
10620
10626
10626
10626
10664
10671
10677
10680
10613
10626
10634
10636
10679
10688
10694
10699
10705
10662
10663
10673
10713
10714
10675
10678
10675
10717
10725
10734
10745
10752
10712
10712
10712
10757
10769
10779
10687
10711
10747
10774
10781
10781
10785
10790
10805
10807
10785
10785
10785
10785
10822
10838
10841
10785
10818
10845
10845
10845
10845
10845
10845
10845
10841
10851
10861
10876
10883
10899
10914
10931
10954
10896
10946
10947
10947
10945
10944
10943
10939
10939
10939
10944
10944
10944
10944
10944
10944
10946
10952
10965
10974
10986
10945
10970
10973
10994
10998
10975
10975
10973
10999
11006
11016
11038
11050
10990
10977
10966
11054
11065
11069
11072
11052
11052
11074
11081
11086
11094
11105
11117
11074
11074
11071
11125
11140
11145
11153
11057
11070
11092
11113
11159
11173
11197
11211
11120
11214
11206
11210
11210
11210
11210
11210
11210
11210
11210
11210
11210
11210
11210
11206
11234
11258
11210
11210
11210
11214
11261
11274
11285
11226
11257
11280
11280
11280
11280
11280
11280
11280
11280
11280
11280
11280
11280
11281
11281
11281
11281
11281
11277
11285
11298
11312
11327
11340
11281
11280
11307
11318
11342
11351
11366
11383
11403
11411
11415
11334
11383
11401
11401
11412
11422
11426
11440
11453
11469
11477
11492
11497
11437
11494
11494
11494
11494
11486
11486
11489
11495
11498
11509
11536
11552
11523
11503
11500
11496
11557
11570
11579
11554
11556
11556
11589
11596
11604
11620
11633
11646
11597
11645
11654
11667
11679
11684
11582
11683
11654
11690
11694
11709
11739
11748
11688
11747
11696
11749
11750
11750
11749
11749
11749
11749
11749
11748
11748
11748
11748
11748
11748
11748
11747
11747
11753
11769
11784
11754
11748
11748
11786
11795
11803
11786
11800
11800
11804
11802
11815
11823
11834
11845
11860
11806
11830
11850
11858
11868
11857
11842
11851
11853
11853
11870
11871
11864
11868
11868
11871
11880
11891
11899
11915
11924
11934
11873
11875
11943
11942
11941
11948
11966
11972
11940
11943
11981
11951
11945
11946
11989
11996
12001
12011
12024
12038
12056
12059
12022
12058
12066
12075
12095
12115
12126
12069
12055
12122
12131
12135
12099
12106
12117
12121
12135
12144
12151
12174
12187
12197
12153
12153
12148
12199
12218
12232
12237
12139
12177
12214
12247
12250
12269
12299
12319
12323
12273
12270
12274
12275
12274
12278
12278
12274
12249
12234
12233
12233
12233
12233
12233
12233
12233
12234
12234
12234
12234
12234
12234
12234
12234
12323
12323
12323
12319
12322
12317
12322
12322
12323
12324
12324
12324
12324
12322
12323
12315
12312
12312
12312
12313
12320
12319
12313
12305
12318
12318
12321
12321
12324
12314
12314
12301
12323
12325
12315
12324
12324
12315
12314
12325
12320
12320
12320
12320
12320
12320
12320
12320
12320
12322
12322
12322
12322
12322
12322
12322
12322
12307
12305
12309
12271
12288
12288
12288
12286
12245
12324
12324
12324
12324
12324
12324
12324
12324
12324
12324
12328
12347
12362
12364
12324
12324
12324
12358
12363
12379
12397
12330
12332
12355
12399
12399
12399
12399
12399
12399
12399
12399
12399
12399
12397
12393
12404
12414
12429
12441
12455
12455
12397
12397
12418
12456
12462
12477
12486
12498
12514
12519
12520
12452
12486
12495
12525
12526
12536
12548
12560
12573
12577
12483
12520
12574
12568
12574
12592
12618
12633
12647
12571
12570
12571
12649
12655
12666
12674
12689
12639
12644
12690
12700
12715
12732
12740
12733
12657
12696
12741
12753
12775
12800
12789
12782
12808
12800
12804
12798
12788
12801
12801
12801
12801
12801
12802
12802
12798
12788
12799
12799
12800
12801
12777
12799
12798
12798
12800
12776
12776
12798
12794
12801
12770
12799
12801
12772
12799
12799
12800
12800
12800
12800
12800
12800
12800
12800
12800
12801
12801
12801
12805
12805
12805
12805
12805
12805
12798
12799
12780
12782
12762
12809
12818
12718
12710
12818
12816
12821
12738
12755
12816
12758
12811
12822
12714
12730
12730
12736
12742
12742
12748
12756
12744
12809
12748
12745
12735
12735
12751
12811
12760
12748
12744
12744
12742
12736
12731
12730
12732
12780
12782
12815
12816
12816
12791
12777
12790
12780
12773
12777
12763
12763
12768
12782
12782
12776
12777
12777
12777
12777
12777
12777
12775
12775
12767
12768
12773
12773
12744
12761
12793
12785
12810
12801
12766
12756
12756
12756
12756
12756
12757
12758
12758
12758
12758
12758
12753
12753
12753
12753
12743
12749
12757
12757
12757
12757
12757
12757
12758
12758
12758
12758
12758
12812
12812
12812
12812
12812
12812
12812
12809
12809
12809
12809
12809
12807
12807
12807
12807
12807
12807
12814
12820
12838
12854
12852
12814
12827
12830
12833
12838
12856
12859
12865
12878
12886
12847
12849
12867
12875
12896
12898
12869
12887
12886
12878
12881
12902
12907
12909
12909
12907
12907
12912
12912
12907
12918
12926
12937
12952
12963
12981
12908
12911
12918
12921
12987
12995
13005
12921
12933
13008
13013
12951
12970
12970
13029
13038
13039
13050
13062
13072
13088
13016
13056
13091
13097
13108
13127
13141
13143
13085
13085
13152
13161
13178
13185
13146
13144
13185
13198
13211
13225
13226
13138
13187
13233
13244
13261
13289
13298
13293
13253
13299
13302
13255
13309
13292
13290
13290
13290
13290
13290
13290
13290
13290
13290
13290
13290
13290
13287
13287
13287
13287
13287
13287
13287
13287
13287
13287
13287
13287
13286
13286
13286
13302
13302
13302
13302
13302
13302
13302
13302
13260
13246
13197
13262
13247
13215
13215
13214
13305
13305
13307
13308
13220
13270
13286
13260
13280
13297
13280
13295
13226
13308
13235
13301
13308
13217
13299
13298
13212
13212
13212
13306
13306
13306
13306
13306
13306
13304
13304
13304
13304
13304
13304
13304
13304
13304
13304
13304
13304
13304
13309
13320
13332
13340
13350
13370
13380
13394
13408
13415
13323
13339
13377
13392
13395
13393
13393
13399
13401
13397
13402
13402
13402
13403
13403
13410
13419
13433
13441
13448
13392
13418
13424
13453
13456
13425
13409
13409
13409
13409
13409
13409
13408
13408
13407
13460
13466
13478
13492
13503
13509
13463
13462
13507
13517
13525
13529
13453
13464
13525
13531
13533
13536
13540
13545
13547
13528
13542
13553
13553
13553
13552
13554
13555
13565
13579
13587
13599
13610
13617
13634
13646
13593
13614
13642
13643
13643
13631
13631
13626
13626
13627
13627
13620
13620
13630
13623
13627
13631
13645
13648
13651
13666
13671
13647
13647
13647
13648
13670
13677
13689
13697
13703
13658
13661
13713
13715
13671
13665
13668
13720
13723
13733
13741
13755
13719
13719
13719
13719
13771
13782
13790
13716
13792
13792
13792
13792
13790
13790
13790
13790
13790
13790
13792
13792
13788
13804
13816
13820
13792
13792
13792
13825
13839
13854
13819
13850
13854
13854
13854
13854
13854
13854
13854
13854
13857
13885
13903
13914
13904
13917
13919
13919
13925
13938
13950
13962
13919
13929
13971
13975
13984
13997
14003
14007
13934
13965
13988
14012
14018
14027
14040
14049
14061
13978
14058
14062
14062
14060
14057
14060
14076
14083
14088
14099
14110
14065
14065
14112
14118
14130
14140
14061
14130
14130
14143
14143
14143
14143
14143
14143
14143
14143
14143
14143
14143
14143
14152
14161
14166
14141
14141
14160
14163
14167
14177
14141
14173
14182
14182
14185
14197
14204
14207
14182
14202
14213
14215
14196
14182
14182
14209
14215
14182
14214
14214
14216
14224
14232
14238
14245
14251
14261
14213
14220
14220
14220
14273
14286
14294
14220
14243
14299
14300
14262
14262
14304
14312
14317
14320
14342
14356
14367
14374
14340
14369
14364
14367
14367
14379
14384
14394
14405
14417
14427
14389
14389
14426
14446
14458
14462
14380
14451
14459
14470
14486
14522
14542
14499
14478
14537
14541
14541
14541
14541
14541
14541
14539
14539
14539
14539
14539
14542
14555
14585
14602
14575
14599
14599
14612
14617
14617
14617
14617
14617
14617
14617
14617
14617
14614
14607
14594
14595
14588
14592
14596
14609
14610
14616
14616
14616
14616
14616
14615
14617
14619
14624
14633
14641
14654
14663
14618
14618
14621
14667
14671
14679
14689
14701
14711
14714
14658
14670
14684
14719
14724
14735
14748
14761
14773
14782
14711
14781
14784
14784
14784
14779
14779
14788
14795
14803
14822
14837
14789
14789
14783
14783
14783
14844
14851
14864
14874
14783
14855
14861
14883
14881
14881
14881
14881
14881
14881
14881
14881
14881
14881
14881
14880
14883
14888
14898
14907
14883
14884
14897
14906
14902
14908
14915
14929
14932
14944
14904
14927
14938
14948
14950
14931
14940
14953
14953
14953
14954
14964
14973
14979
14992
15008
15015
14953
14958
15012
15012
15025
15040
15046
15011
15023
15048
15050
15017
15011
15049
15061
15066
15068
15079
15089
15100
15114
15078
15112
15102
15102
15124
15128
15138
15144
15152
15162
15122
15122
15163
15170
15186
15198
15199
15122
15159
15177
15182
15203
15206
15234
15255
15271
15229
15220
15224
15226
15226
15226
15218
15223
15223
15223
15223
15223
15223
15223
15223
15254
15209
15271
15232
15262
15256
15273
15273
15273
15273
15273
15273
15273
15273
15273
15273
15265
15265
15265
15265
15265
15265
15265
15265
15265
15265
15265
15265
15270
15270
15270
15270
15270
15270
15270
15270
15270
15270
15270
15270
15269
15269
15229
15246
15253
15257
15222
15193
15194
15193
15193
15269
15264
15266
15266
15270
15251
15244
15173
15204
15203
15211
15202
15202
15230
15275
15208
15241
15205
15188
15196
15190
15186
15269
15272
15272
15142
15270
15143
15149
15193
15253
15212
15202
15196
15267
15188
15188
15192
15192
15201
15201
15201
15201
15201
15201
15203
15199
15199
15199
15197
15199
15200
15200
15204
15204
15201
15201
15201
15201
15207
15206
15212
15212
15202
15210
15269
15269
15269
15269
15269
15268
15268
15268
15264
15264
15264
15264
15264
15264
15264
15264
15264
15264
15264
15264
15273
15273
15273
15273
15273
15273
15273
15273
15273
15273
15269
15275
15284
15295
15302
15302
15304
15312
15335
15344
15351
15351
15314
15312
15314
15314
15314
15345
15353
15363
15374
15357
15359
15375
15375
15375
15375
15375
15375
15375
15375
15375
15375
15375
15375
15376
15376
15381
15386
15410
15416
15376
15372
15372
15372
15372
15380
15420
15428
15457
15462
15402
15423
15463
15463
15454
15456
15467
15460
15466
15466
15466
15467
15467
15467
15467
15464
15466
15466
15465
15448
15425
15459
15454
15452
15455
15459
15460
15460
15461
15464
15464
15464
15464
15464
15464
15466
15466
15466
15466
15466
15466
15466
15466
15471
15478
15491
15502
15512
15525
15529
15466
15476
15495
15514
15532
15540
15554
15559
15575
15571
15577
15512
15567
15566
15566
15579
15588
15601
15604
15619
15634
15647
15654
15666
15582
15648
15637
15633
15637
15638
15654
15658
15661
15672
15680
15698
15709
15710
15720
15728
15732
15723
15727
15727
15719
15700
15695
15690
15737
15743
15757
15766
15784
15798
15755
15755
15754
15800
15817
15843
15851
15848
15847
15858
15857
15857
15857
15857
15857
15803
15860
15861
15861
15861
15861
15861
15861
15861
15861
15861
15861
15858
15858
15858
15858
15858
15858
15858
15858
15858
15853
15847
15773
15864
15859
15862
15846
15767
15765
15738
15824
15816
15780
15866
15868
15772
15778
15774
15781
15779
15825
15855
15863
15863
15862
15862
15862
15859
15855
15858
15858
15854
15853
15859
15758
15774
15804
15805
15805
15854
15818
15853
15853
15853
15853
15853
15853
15853
15853
15853
15853
15860
15860
15860
15860
15860
15860
15860
15860
15860
15860
15864
15878
15882
15882
15858
15870
15884
15886
15883
15883
15881
15890
15891
15903
15920
15931
15941
15889
15907
15930
15933
15949
15950
15930
15930
15955
15952
15952
15952
15944
15956
15956
15956
15953
15953
15959
15959
15963
15963
15975
15995
16011
16019
15957
15992
15998
16020
16033
16050
16065
16080
16089
16088
16018
16089
16087
16087
16095
16101
16108
16112
16124
16137
16143
16142
16094
16137
16139
16139
16144
16147
16147
16158
16170
16179
16185
16139
16139
16139
16188
16195
16210
16222
16138
16146
16203
16223
16223
16223
16223
16223
16223
16223
16223
16223
16223
16227
16227
16236
16242
16253
16265
16273
16224
16224
16224
16273
16275
16289
16296
16223
16254
16304
16306
16271
16269
16308
16312
16324
16328
16334
16347
16366
16378
16341
16351
16351
16351
16384
16388
16395
16405
16416
16427
16443
16402
16402
16444
16458
16480
16493
16480
16392
16483
16481
16476
16478
16481
16486
16471
16473
16494
16489
16402
16489
16495
16492
16490
16412
16502
16498
16496
16395
16396
16396
16396
16398
16395
16410
16441
16496
16493
16368
16377
16377
16377
16498
16491
16487
16471
16471
16498
16490
16494
16494
16494
16494
16494
16493
16493
16493
16493
16493
16493
16496
16496
16496
16496
16496
16496
16496
16512
16521
16521
16496
16496
16496
16526
16533
16545
16551
16536
16548
16550
16552
16552
16552
16552
16549
16560
16568
16580
16535
16568
16585
16585
16562
16569
16555
16581
16592
16595
16596
16591
16591
16599
16599
16599
16601
16604
16609
16618
16634
16645
16651
16660
16596
16603
16605
16656
16665
16680
16687
16605
16630
16695
16701
16658
16656
16705
16720
16726
16726
16734
16745
16759
16769
16744
16767
16763
16772
16779
16789
16802
16815
16830
16786
16784
16776
16837
16853
16868
16765
16767
16849
16870
16870
16870
16867
16859
16860
16831
16821
16821
16804
16791
16805
16806
16821
16821
16869
16820
16830
16860
16869
16869
16874
16873
16873
16873
16877
16886
16897
16907
16917
16869
16881
16921
16921
16933
16947
16960
16970
16973
16912
16937
16975
16977
16985
16993
17001
17012
17019
16927
16973
17020
17021
17019
17021
17028
17039
17051
17064
17069
17025
17039
17039
17095
17116
17122
17128
17046
17046
17128
17072
17010
17056
17062
17045
17098
17094
17118
17128
17033
17135
17053
17053
17054
17052
17051
17049
17047
17047
17015
17027
17129
17135
17116
17037
17103
17103
17081
17053
17031
17015
17015
17015
17015
17015
17015
17015
17015
17015
17015
17015
17015
17015
17015
17022
17129
17129
17129
17129
17129
17129
17129
17129
17129
17129
17129
17128
17128
17128
17128
17128
17128
17128
17128
17128
17128
17128
17128
17127
17127
17127
17127
17127
17127
17127
17127
17127
17127
17127
17127
17130
17130
17130
17139
17147
17156
17156
17130
17144
17144
17148
17159
17170
17190
17197
17150
17171
17192
17211
17214
17194
17192
17194
17194
17201
17201
17220
17228
17237
17245
17260
17270
17277
17284
17285
17296
17298
17252
17302
17295
17295
17295
17290
17294
17296
17294
17294
17296
17297
17314
17320
17334
17345
17360
17292
17292
17348
17349
17369
17381
17386
17345
17357
17368
17402
17350
17348
17413
17426
17427
17437
17452
17466
17482
17433
17487
17485
17488
17480
17496
17503
17512
17524
17529
17536
17542
17547
17493
17546
17544
17551
17550
17550
17544
17545
17547
17546
17555
17566
17581
17603
17613
17573
17573
17613
17615
17637
17662
17671
17615
17678
17623
17627
17627
17636
17636
17636
17636
17671
17671
17673
17673
17673
17673
17673
17673
17673
17673
17673
17673
17671
17665
17666
17666
17650
17672
17673
17673
17673
17673
17673
17673
17673
17673
17681
17681
17681
17681
17681
17681
17681
17681
17681
17681
17681
17681
17679
17679
17679
17679
17679
17679
17679
17679
17627
17628
17627
17627
17627
17627
17627
17627
17627
17627
17627
17627
17627
17627
17627
17627
17627
17627
17674
17674
17674
17673
17673
17673
17673
17673
17673
17673
17676
17674
17675
17675
17675
17675
17675
17675
17675
17675
17675
17675
17677
17679
17678
17616
17641
17669
17677
17612
17621
17612
17615
17621
17624
17630
17674
17675
17605
17673
17646
17646
17645
17646
17646
17646
17646
17646
17646
17679
17694
17732
17781
17827
17882
17934
17977
18008
18034
17962
18037
18025
18025
18028
18034
18013
17995
17993
17988
17987
17980
18026
18049
18091
18144
18179
18208
18244
18283
18318
18343
18373
18408
18443
18416
18418
18410
18410
18410
18410
18410
18409
18409
18409
18407
18407
18407
18407
18407
18407
18407
18407
18407
18407
18407
18407
18410
18410
18410
18410
18410
18410
18408
18408
18382
18436
18435
18378
18362
18362
18361
18361
18357
18353
18349
18344
18338
18345
18381
18381
18384
18382
18383
18387
18387
18383
18344
18357
18357
18353
18415
18334
18325
18325
18309
18309
18415
18417
18418
18325
18332
18344
18344
18342
18337
18334
18334
18341
18348
18351
18350
18353
18356
18352
18348
18345
18339
18379
18380
18380
18385
18385
18384
18383
18381
18381
18382
18382
18388
18388
18388
18383
18340
18350
18351
18411
18333
18374
18374
18418
18335
18347
18365
18405
18334
18330
18343
18348
18354
18408
18332
18312
18349
18351
18355
18353
18352
18344
18386
18386
18391
18391
18392
18386
18398
18396
18397
18396
18396
18347
18362
18359
18358
18358
18354
18353
18395
18394
18394
18394
18354
18349
18354
18393
18393
18393
18393
18423
18453
18487
18506
18518
18519
18517
18516
18513
18513
18512
18512
18512
18527
18544
18558
18494
18512
18514
18568
18576
18596
18527
18527
18534
18572
18603
18613
18624
18626
18633
18655
18672
18672
18678
18675
18671
18687
18704
18676
18677
18672
18671
18671
18671
18671
18671
18671
18671
18670
18670
18670
18670
18670
18662
18671
18674
18696
18687
18695
18695
18703
18703
18703
18703
18703
18703
18703
18703
18703
18710
18710
18713
18711
18712
18712
18709
18712
18715
18715
18712
18712
18709
18712
18712
18722
18715
18715
18715
18715
18716
18716
18715
18715
18715
18715
18715
18707
18707
18707
18707
18707
18707
18707
18707
18707
18707
18707
18707
18705
18704
18704
18704
18704
18704
18704
18704
18704
18704
18704
18704
18703
18703
18703
18703
18703
18703
18703
18703
18707
18707
18707
18707
18707
18707
18707
18707
18707
18703
18709
18726
18731
18738
18758
18777
18780
18787
18795
18799
18801
18803
18811
18814
18762
18807
18812
18814
18815
18811
18821
18836
18846
18815
18815
18815
18849
18865
18878
18837
18869
18882
18882
18882
18895
18912
18929
18882
18918
18925
18939
18946
18955
18965
18984
18991
18992
18931
18973
18991
18998
19005
19014
19027
19044
19058
18974
19021
19050
19053
19051
19055
19067
19079
19093
19099
19114
19117
19125
19071
19079
19124
19122
19130
19151
19177
19154
19132
19123
19123
19150
19196
19203
19212
19228
19240
19204
19193
19190
19248
19253
19266
19273
19278
19280
19268
19265
19276
19287
19299
19321
19323
19331
19253
19323
19322
19321
19321
19321
19321
19321
19322
19322
19322
19322
19323
19338
19346
19348
19322
19322
19350
19357
19373
19327
19364
19377
19377
19377
19377
19377
19377
19377
19377
19377
19377
19377
19377
19377
19377
19377
19377
19377
19377
19377
19379
19392
19400
19411
19428
19443
19377
19377
19385
19442
19449
19467
19477
19402
19416
19471
19486
19437
19441
19492
19494
19503
19510
19510
19521
19534
19547
19556
19517
19537
19532
19560
19570
19582
19598
19615
19622
19629
19637
19634
19593
19628
19628
19646
19663
19688
19705
19709
19708
19711
19720
19731
19752
19764
19780
19781
19781
19787
19810
19828
19830
19832
19769
19825
19838
19855
19888
19904
19904
19861
19861
19907
19852
19831
19832
19832
19832
19825
19825
19825
19825
19825
19825
19825
19899
19842
19898
19895
19894
19906
19906
19904
19852
19845
19832
19903
19904
19900
19904
19898
19905
19830
19824
19908
19827
19828
19826
19835
19912
19904
19900
19907
19903
19911
19910
19832
19833
19835
19837
19837
19843
19900
19847
19842
19842
19830
19910
19910
19910
19910
19909
19911
19901
19903
19904
19904
19910
19904
19836
19905
19903
19889
19902
19902
19902
19902
19903
19903
19903
19903
19903
19903
19903
19903
19903
19903
19903
19903
19903
19903
19903
19930
19930
19930
19930
19930
19930
19930
19930
19930
19930
19930
19930
19931
19931
19931
19931
19931
19931
19931
19931
19931
19931
19931
19931
19930
19930
19930
19930
19930
19930
19930
19930
19930
19930
19930
19930
19919
19919
19919
19919
19921
19921
19921
19916
19921
19921
19917
19919
19918
19925
19913
19858
19839
19872
19850
19858
19871
19901
19857
19926
19921
19923
19842
19910
19867
19855
19855
19845
19846
19922
19920
19920
19919
19919
19919
19919
19919
19919
19921
19920
19920
19920
19920
19920
19920
19920
19920
19920
19920
19920
19919
19919
19919
19919
19915
19915
19917
19917
19917
19917
19917
19917
19917
19917
19917
19917
19917
19917
19917
19917
19917
19917
19917
19917
19917
19917
19917
19917
19917
19917
19925
19925
19925
19925
19925
19925
19925
19925
19925
19925
19925
19925
19917
19917
19917
19917
19917
19917
19917
19917
19917
19917
19917
19917
19917
19917
19917
19917
19917
19917
19917
19917
19917
19917
19917
19917
19919
19919
19919
19919
19919
19919
19919
19919
19919
19919
960
960
960
960
960
960
960
960
960
960
960
960
960
960
960
960
960
960
960
960
960
960
960
960
960
960
960
960
960
960
960
960
960
960
960
960
960
960
960
960
960
960
960
960
960
960
960
960
960
960
960
960
960
960
960
960
960
960
960
960
960
960
960
960
960
960
960
960
960
960
960
960
960
960
960
960
960
960
960
960
960
960
960
960
960
960
960
960
960
960
960
960
960
960
960
960
960
960
960
960
960
960
960
960
960
960
960
960
960
960
960
960
960
960
960
960
960
960
960
960
960
960
960
960
960
960
960
960
960
960
960
960
960
960
960
960
960
960
960
960
960
960
960
960
960
960
960
960
960
960
960
960
960
960
960
960
960
968
987
1013
1021
1024
1037
1064
1080
1036
973
1078
1078
1078
1088
1089
1093
1094
1094
1090
1097
1106
1106
1105
1123
1129
1144
1147
1110
1146
1148
1146
1153
1164
1177
1184
1201
1210
1212
1230
1244
1262
1272
1178
1256
1249
1272
1277
1309
1326
1327
1327
1330
1330
1337
1348
1355
1363
1373
1396
1391
1392
1389
1389
1389
1401
1413
1418
1427
1445
1457
1468
1387
1387
1456
1456
1467
1479
1487
1507
1515
1518
1525
1535
1488
1533
1551
1562
1565
1571
1578
1588
1596
1599
1615
1634
1645
1563
1603
1621
1636
1636
1636
1636
1636
1636
1636
1654
1661
1677
1701
1706
1667
1657
1708
1714
1737
1752
1752
1763
1777
1795
1813
1812
1768
1789
1777
1756
1817
1823
1833
1837
1842
1853
1869
1806
1842
1842
1866
1879
1891
1895
1901
1917
1926
1934
1937
1951
1969
1976
1968
1934
1933
1927
1981
1988
2005
2014
2034
2044
2050
2059
2065
2002
2034
2032
2033
2059
2063
2064
2092
2115
2122
2069
2069
2110
2111
2110
2111
2130
2140
2157
2173
2184
2195
2198
2212
2215
2210
2161
2217
2207
2197
2199
2203
2156
2202
2200
2204
2203
2204
2205
2203
2199
2216
2219
2231
2251
2292
2361
2425
2487
2570
2670
2734
2784
2820
2793
2774
2805
2761
2807
2808
2817
2812
2810
2811
2814
2813
2811
2808
2808
2808
2807
2808
2807
2808
2808
2807
2808
2808
2876
2811
2810
2811
2810
2811
2811
2810
2810
2811
2810
2810
2810
2810
2810
2810
2810
2810
2810
2810
2809
2810
2809
2810
2810
2810
2810
2810
2810
2810
2810
2810
2809
2810
2809
2810
2810
2806
2805
2806
2806
2805
2805
2806
2805
2806
2805
2805
2805
2806
2805
2806
2806
2805
2805
2806
2805
2806
2805
2805
2805
2806
2805
2806
2806
2805
2805
2806
2805
2806
2805
2805
2805
2806
2805
2806
2806
2805
2805
2806
2805
2806
2805
2805
2805
2806
2805
2806
2806
2805
2805
2806
2805
2822
2834
2839
2848
2854
2857
2866
2875
2885
2896
2909
2923
2937
2938
2936
2891
2927
2926
2906
2903
2902
2905
2906
2905
2909
2908
2917
2935
2936
2942
2955
2961
2912
2929
2951
2974
2975
2945
2930
2934
2934
2933
2956
2980
2989
2998
3014
3022
3034
3040
3038
3040
3052
3061
3047
3050
3049
3049
3050
3049
3050
3049
3049
3049
3052
3051
3052
3052
3051
3051
3052
3049
3050
3049
3049
3049
3050
3049
3050
3050
3049
3049
3050
3049
3050
3049
3049
3059
3071
3084
3056
3049
3048
3048
3049
3091
3100
3123
3137
3080
3138
3137
3138
3138
3137
3137
3138
3137
3138
3137
3150
3162
3180
3198
3215
3221
3136
3159
3183
3194
3215
3224
3235
3255
3270
3282
3289
3293
3247
3285
3290
3299
3312
3322
3338
3349
3363
3368
3343
3360
3359
3359
3360
3359
3360
3373
3390
3401
3421
3432
3436
3453
3428
3438
3454
3453
3454
3453
3453
3453
3454
3462
3465
3479
3487
3453
3454
3492
3499
3516
3460
3498
3518
3517
3518
3518
3517
3517
3518
3517
3531
3534
3546
3555
3562
3513
3534
3560
3562
3536
3531
3516
3514
3566
3568
3542
3563
3568
3569
3569
3584
3593
3610
3623
3633
3565
3568
3576
3640
3646
3654
3573
3589
3618
3616
3629
3624
3626
3657
3671
3683
3685
3698
3708
3724
3742
3707
3745
3747
3744
3744
3740
3738
3731
3732
3732
3737
3745
3746
3747
3757
3770
3795
3816
3832
3843
3845
3856
3865
3835
3842
3848
3849
3866
3867
3866
3849
3845
3846
3846
3845
3845
3846
3845
3868
3867
3867
3867
3867
3866
3867
3867
3866
3866
3868
3867
3868
3867
3867
3867
3875
3881
3901
3912
3921
3935
3950
3963
3990
3996
3929
3960
3975
3990
3991
3991
3990
4015
4027
4032
3991
4006
4016
4034
4031
4020
4021
4024
4036
4048
4076
4094
4098
4105
4114
4127
4141
4147
4148
4141
4140
4141
4139
4136
4148
4158
4183
4189
4144
4141
4145
4144
4198
4210
4219
4156
4164
4192
4214
4214
4211
4210
4211
4211
4210
4210
4211
4210
4211
4210
4210
4210
4212
4211
4212
4212
4211
4211
4212
4211
4232
4249
4267
4211
4212
4229
4236
4284
4286
4295
4308
4322
4335
4341
4236
4274
4323
4322
4297
4289
4288
4346
4350
4365
4374
4390
4405
4415
4309
4409
4410
4410
4404
4417
4422
4436
4463
4474
4481
4494
4504
4516
4526
4527
4504
4511
4524
4523
4539
4553
4560
4528
4528
4564
4573
4571
4580
4587
4534
4566
4581
4582
4584
4601
4610
4617
4580
4596
4599
4622
4601
4595
4608
4620
4621
4631
4643
4649
4663
4679
4688
4613
4622
4621
4622
4693
4702
4716
4725
4680
4656
4718
4716
4690
4683
4681
4690
4689
4689
4682
4724
4723
4732
4737
4737
4739
4753
4762
4782
4797
4760
4784
4791
4795
4796
4796
4799
4799
4800
4799
4821
4851
4872
4874
4879
4891
4908
4920
4925
4927
4923
4873
4927
4873
4873
4928
4928
4927
4928
4928
4927
4927
4928
4927
4928
4927
4927
4927
4930
4929
4930
4930
4929
4929
4930
4929
4930
4929
4929
4924
4928
4927
4928
4928
4927
4927
4928
4927
4928
4927
4927
4927
4926
4925
4926
4926
4925
4925
4926
4925
4926
4925
4925
4925
4928
4928
4928
4927
4928
4928
4928
4928
4928
4928
4928
4928
4927
4927
4927
4926
4927
4927
4927
4927
4927
4927
4927
4927
4927
4927
4927
4926
4927
4927
4927
4927
4927
4927
4927
4927
4927
4927
4946
4956
4969
4976
4988
5000
5022
5040
5061
5073
5069
5057
5064
5063
5058
5040
5023
5023
5062
5056
5068
5072
5081
5089
5055
5072
5083
5094
5086
5081
5059
5063
5063
5063
5085
5105
5113
5127
5141
5153
5166
5166
5171
5181
5113
5156
5179
5179
5179
5178
5179
5179
5178
5178
5178
5178
5178
5189
5207
5217
5231
5251
5273
5292
5315
5256
5276
5293
5300
5294
5310
5314
5329
5335
5296
5318
5338
5345
5334
5334
5337
5347
5360
5387
5401
5413
5428
5440
5460
5460
5362
5414
5452
5452
5450
5458
5473
5484
5452
5452
5447
5488
5503
5521
5453
5455
5511
5520
5521
5521
5520
5520
5520
5519
5520
5519
5519
5519
5520
5519
5520
5544
5576
5608
5621
5574
5616
5619
5618
5618
5619
5626
5643
5662
5676
5618
5644
5681
5686
5696
5706
5727
5739
5745
5660
5714
5744
5756
5766
5779
5793
5809
5815
5720
5812
5811
5812
5821
5839
5854
5874
5888
5892
5899
5846
5862
5898
5899
5899
5899
5898
5898
5899
5898
5899
5898
5913
5929
5931
5894
5934
5939
5950
5927
5943
5965
5966
5985
5997
5957
5981
6007
6012
5983
5983
5988
6013
6022
6031
6043
6057
6063
6006
6007
6066
6071
6085
6090
6008
6046
6094
6095
6058
6068
6116
6123
6128
6147
6159
6180
6197
6151
6192
6194
6194
6210
6226
6239
6258
6262
6269
6281
6233
6266
6278
6290
6300
6345
6380
6345
6294
6330
6377
6378
6379
6378
6379
6376
6371
6336
6326
6350
6377
6386
6388
6424
6457
6428
6458
6466
6466
6466
6469
6468
6469
6469
6468
6478
6496
6511
6525
6494
6493
6532
6544
6556
6573
6588
6590
6511
6581
6592
6601
6607
6621
6637
6642
6578
6639
6639
6638
6638
6647
6662
6689
6700
6712
6729
6746
6760
6768
6766
6705
6755
6761
6760
6761
6760
6760
6760
6763
6762
6763
6763
6762
6762
6776
6788
6763
6762
6762
6762
6800
6803
6809
6762
6802
6802
6807
6806
6807
6825
6840
6849
6807
6819
6855
6856
6828
6841
6854
6853
6868
6885
6894
6914
6935
6948
6854
6876
6889
6946
6959
6968
6891
6926
6974
6980
6937
6936
6992
6995
7002
7006
7014
7023
7037
7059
7012
7042
7060
7059
7060
7060
7073
7100
7119
7119
7136
7146
7165
7175
7072
7123
7137
7171
7173
7187
7204
7247
7281
7296
7303
7220
7218
7217
7218
7218
7217
7217
7294
7294
7295
7294
7294
7294
7294
7293
7294
7294
7293
7293
7294
7302
7321
7336
7355
7380
7400
7423
7445
7438
7437
7441
7442
7441
7408
7391
7407
7416
7421
7431
7428
7440
7440
7441
7449
7460
7467
7473
7442
7446
7473
7480
7453
7444
7464
7464
7488
7501
7527
7537
7477
7479
7506
7523
7542
7556
7565
7577
7592
7590
7596
7601
7561
7572
7572
7603
7615
7623
7572
7572
7562
7627
7633
7637
7600
7600
7602
7642
7654
7667
7673
7680
7688
7696
7708
7712
7635
7635
7674
7673
7635
7701
7645
7712
7729
7753
7767
7704
7760
7760
7765
7764
7765
7765
7764
7764
7765
7764
7765
7764
7764
7772
7803
7812
7765
7765
7764
7764
7807
7814
7817
7834
7849
7785
7827
7848
7849
7849
7848
7848
7850
7849
7850
7849
7849
7849
7851
7850
7859
7870
7885
7896
7914
7850
7866
7872
7914
7925
7940
7953
7966
7979
7988
7987
7957
7985
7986
7985
7985
8012
8020
8035
8057
8070
7986
8064
8065
8063
8063
8062
8062
8064
8067
8066
8067
8067
8066
8066
8067
8066
8067
8066
8066
8066
8067
8066
8067
8067
8066
8066
8067
8066
8067
8066
8066
8066
8063
8062
8063
8063
8062
8070
8076
8084
8100
8106
8112
8122
8134
8135
8149
8092
8135
8140
8143
8142
8143
8142
8142
8140
8142
8139
8135
8128
8127
8127
8128
8135
8143
8142
8142
8142
8135
8128
8129
8143
8142
8142
8143
8142
8143
8128
8062
8152
8154
8065
8064
8064
8063
8078
8137
8143
8144
8143
8143
8143
8145
8144
8145
8145
8144
8144
8145
8144
8145
8144
8151
8156
8170
8182
8195
8206
8144
8168
8174
8204
8213
8222
8234
8249
8259
8171
8200
8258
8257
8270
8283
8289
8302
8310
8323
8256
8315
8316
8317
8307
8324
8337
8367
8382
8400
8414
8430
8444
8445
8321
8369
8437
8436
8436
8438
8437
8438
8437
8437
8437
8442
8441
8442
8442
8441
8441
8453
8466
8474
8441
8441
8441
8442
8476
8482
8504
8475
8483
8486
8501
8509
8508
8508
8508
8508
8507
8508
8508
8507
8507
8508
8507
8508
8507
8507
8507
8508
8507
8506
8496
8451
8470
8493
8506
8506
8505
8505
8498
8500
8499
8490
8490
8489
8489
8490
8489
8490
8503
8489
8406
8508
8506
8502
8501
8501
8500
8501
8504
8512
8463
8513
8452
8419
8505
8500
8509
8506
8504
8508
8512
8456
8431
8501
8442
8445
8444
8445
8445
8444
8444
8510
8508
8509
8508
8508
8508
8508
8507
8508
8508
8507
8507
8508
8507
8508
8507
8507
8507
8508
8507
8508
8508
8507
8507
8508
8507
8508
8507
8519
8531
8537
8537
8539
8507
8524
8538
8538
8537
8535
8528
8522
8520
8520
8519
8520
8520
8521
8521
8522
8521
8522
8521
8519
8519
8519
8518
8519
8519
8518
8518
8518
8517
8518
8517
8522
8526
8535
8534
8535
8535
8534
8534
8535
8534
8535
8534
8534
8534
8535
8534
8535
8535
8534
8534
8535
8534
8535
8534
8534
8534
8534
8547
8559
8566
8578
8592
8610
8623
8534
8565
8565
8565
8621
8637
8651
8652
8620
8646
8657
8621
8619
8618
8668
8679
8684
8702
8719
8735
8750
8713
8739
8752
8755
8764
8775
8793
8804
8823
8828
8840
8789
8837
8844
8843
8844
8862
8875
8888
8902
8917
8927
8845
8856
8927
8934
8949
8957
8918
8924
8964
8964
8912
8916
8979
8984
8988
8999
9009
9024
9041
9049
9040
9043
9042
9043
9057
9063
9086
9098
9110
9124
9138
9151
9175
9177
9169
9076
9134
9133
9133
9123
9164
9168
9166
9177
9177
9178
9177
9174
9174
9172
9172
9173
9172
9071
9171
9168
9168
9165
9144
9157
9161
9174
9171
9174
9173
9172
9106
9179
9183
9180
9179
9183
9186
9187
9150
9168
9167
9168
9167
9113
9113
9091
9112
9131
9141
9140
9140
9141
9174
9128
9178
9171
9176
9058
9158
9085
9082
9172
9071
9173
9175
9175
9165
9072
9072
9177
9167
9074
9059
9107
9170
9147
9169
9137
9075
9106
9168
9175
9169
9174
9098
9097
9097
9165
9054
9174
9107
9114
9114
9152
9165
9144
9176
9131
9131
9137
9126
9127
9126
9126
9126
9129
9128
9129
9129
9128
9128
9129
9128
9129
9128
9128
9128
9123
9122
9123
9123
9122
9122
9123
9122
9123
9122
9122
9122
9122
9121
9170
9167
9166
9164
9168
9167
9164
9163
9158
9168
9168
9167
9168
9168
9167
9167
9172
9171
9172
9171
9171
9171
9179
9180
9181
9204
9231
9255
9264
9267
9234
9263
9264
9264
9264
9263
9264
9264
9263
9263
9264
9263
9264
9263
9263
9263
9262
9261
9269
9265
9264
9242
9212
9201
9269
9269
9270
9220
9266
9266
9181
9187
9261
9259
9260
9259
9260
9259
9190
9186
9175
9270
9172
9164
9163
9163
9159
9269
9270
9269
9269
9269
9262
9261
9262
9262
9261
9261
9262
9261
9262
9262
9267
9276
9291
9300
9319
9267
9266
9284
9307
9332
9338
9354
9363
9378
9390
9395
9324
9388
9392
9406
9427
9434
9450
9465
9477
9391
9474
9473
9474
9485
9500
9508
9526
9535
9539
9549
9514
9548
9545
9544
9545
9545
9544
9544
9545
9544
9551
9560
9575
9581
9592
9597
9619
9540
9539
9543
9558
9615
9626
9640
9651
9557
9582
9662
9663
9602
9603
9670
9678
9679
9695
9709
9726
9738
9694
9730
9743
9743
9742
9773
9790
9792
9812
9826
9837
9862
9861
9801
9802
9802
9801
9801
9802
9853
9854
9853
9853
9853
9854
9853
9854
9854
9853
9853
9868
9895
9926
9955
9958
9906
9956
9956
9957
9957
9956
9956
9957
9966
9968
9974
9993
10004
10015
9956
9970
9993
10005
10006
10025
10004
10005
10004
10004
10004
10001
10000
10001
10001
10000
10021
10021
10020
10021
10020
10020
10020
10023
10022
10023
10023
10022
10022
10023
10022
10023
10022
10022
10001
10023
10022
10022
10022
10018
10016
10018
10015
10018
10021
10019
10022
10026
9937
9974
10003
10000
9994
9995
9994
9995
9994
9994
9994
9997
9996
9997
10026
10025
10025
10026
10025
10026
10025
10025
10025
10020
10019
10020
10020
10019
10019
10020
10019
10027
10030
10051
10075
10077
10019
10020
10071
10077
10088
10079
10078
10107
10107
10107
10107
10120
10124
10144
10154
10175
10188
10106
10111
10114
10189
10196
10206
10209
10129
10204
10217
10181
10181
10229
10239
10248
10247
10266
10276
10296
10304
10274
10302
10301
10301
10321
10340
10355
10370
10378
10387
10343
10338
10387
10387
10386
10386
10387
10386
10387
10386
10386
10398
10414
10431
10448
10418
10432
10453
10460
10474
10488
10500
10513
10512
10489
10512
10513
10520
10536
10545
10564
10575
10596
10598
10513
10593
10594
10593
10594
10594
10606
10634
10660
10662
10672
10688
10700
10719
10720
10618
10656
10663
10663
10663
10708
10705
10706
10705
10705
10705
10711
10710
10711
10711
10710
10710
10711
10710
10711
10710
10710
10710
10711
10710
10711
10711
10710
10710
10721
10720
10721
10720
10720
10720
10720
10719
10720
10720
10719
10719
10720
10719
10720
10719
10738
10752
10761
10777
10794
10812
10827
10852
10853
10791
10824
10832
10832
10851
10858
10867
10876
10827
10849
10857
10882
10885
10857
10850
10878
10883
10885
10867
10868
10868
10881
10881
10900
10921
10936
10883
10884
10911
10913
10926
10955
10962
10975
10988
10999
11004
11004
11012
11018
10973
10997
10996
10997
11019
11024
11041
11049
10997
10998
10997
11053
11058
11063
11005
11006
11050
11072
11087
11098
11099
11113
11123
11133
11145
11149
11049
11104
11104
11109
11134
11149
11154
11178
11192
11201
11183
11187
11200
11201
11201
11200
11200
11168
11160
11153
11195
11195
11201
11203
11202
11203
11198
11197
11197
11197
11154
11155
11154
11154
11154
11154
11153
11114
11071
11205
11107
11113
11110
11208
11209
11210
11208
11206
11204
11205
11205
11205
11203
11206
11206
11207
11207
11207
11203
11186
11114
11212
11204
11205
11202
11093
11097
11206
11208
11201
11204
11205
11090
11206
11207
11198
11197
11198
11195
11200
11199
11199
11199
11201
11200
11201
11201
11200
11200
11201
11200
11201
11200
11200
11200
11200
11199
11200
11200
11199
11199
11216
11234
11249
11249
11199
11199
11198
11197
11251
11259
11272
11218
11238
11272
11272
11272
11272
11272
11275
11274
11275
11275
11274
11274
11275
11274
11275
11284
11296
11319
11345
11362
11281
11281
11315
11356
11374
11381
11399
11413
11433
11448
11460
11463
11429
11454
11463
11467
11484
11498
11509
11526
11538
11453
11533
11532
11533
11533
11532
11542
11561
11599
11614
11599
11609
11594
11608
11612
11612
11638
11656
11673
11690
11700
11701
11707
11641
11661
11696
11695
11696
11713
11717
11739
11745
11695
11687
11744
11754
11769
11785
11756
11798
11799
11808
11828
11830
11843
11857
11868
11873
11871
11766
11777
11831
11841
11875
11880
11903
11925
11938
11847
11885
11932
11929
11928
11929
11929
11928
11928
11927
11926
11927
11926
11926
11934
11936
11951
11963
11925
11924
11924
11968
11973
11990
12001
11979
11992
11997
11996
11997
11997
12020
12045
12053
11996
12026
12054
12054
12035
12045
12054
12055
12055
12054
12054
12055
12054
12055
12054
12054
12052
12052
12053
12059
12046
12054
12054
12060
12059
12060
12069
12082
12088
12106
12126
12141
12060
12063
12075
12105
12138
12150
12161
12172
12091
12117
12174
12177
12127
12137
12137
12185
12188
12201
12202
12204
12219
12234
12250
12254
12250
12253
12253
12254
12251
12250
12247
12252
12252
12262
12280
12308
12325
12309
12315
12320
12324
12325
12338
12355
12370
12384
12390
12391
12400
12341
12355
12388
12393
12396
12410
12423
12436
12398
12395
12438
12448
12458
12471
12414
12443
12445
12472
12482
12502
12515
12515
12530
12542
12555
12577
12586
12588
12546
12576
12581
12581
12601
12629
12674
12684
12646
12646
12644
12643
12644
12643
12643
12643
12645
12644
12645
12645
12644
12644
12645
12644
12645
12644
12644
12644
12645
12644
12645
12645
12644
12644
12645
12644
12645
12644
12644
12644
12645
12644
12645
12645
12644
12644
12645
12644
12645
12644
12644
12644
12645
12644
12645
12645
12644
12644
12645
12644
12645
12644
12644
12644
12645
12644
12645
12645
12644
12644
12680
12679
12680
12679
12679
12679
12681
12680
12681
12681
12680
12680
12681
12680
12681
12680
12680
12680
12681
12680
12681
12681
12680
12680
12681
12680
12681
12680
12680
12680
12681
12680
12681
12681
12680
12680
12681
12680
12681
12680
12680
12680
12681
12680
12681
12681
12680
12680
12681
12680
12681
12680
12680
12680
12681
12680
12681
12681
12680
12680
12681
12680
12681
12680
12680
12680
12682
12681
12682
12682
12681
12681
12682
12681
12682
12681
12681
12681
12682
12681
12682
12682
12681
12681
12682
12681
12682
12681
12681
12681
12682
12681
12682
12682
12681
12681
12682
12681
12682
12681
12681
12681
12682
12681
12682
12682
12681
12681
12682
12681
12659
12658
12680
12680
12681
12680
12681
12681
12680
12680
12672
12671
12681
12670
12680
12670
12673
12672
12671
12671
12671
12641
12636
12636
12642
12644
12670
12671
12673
12672
12673
12673
12687
12689
12690
12691
12705
12725
12737
12753
12774
12790
12812
12827
12843
12868
12901
12923
12938
12958
12976
12997
12997
13000
13004
13004
13003
13003
13004
13003
12994
12995
12995
12995
13000
12999
13000
13000
12999
12999
13000
12999
13000
12999
12961
12939
12904
13008
13001
12998
12999
13000
12983
12978
12996
13001
13001
13001
12997
12989
12989
13002
13002
13026
13070
13112
13147
13177
13208
13247
13283
13306
13329
13349
13360
13392
13425
13470
13498
13519
13543
13563
13611
13644
13670
13703
13727
13751
13763
13773
13784
13801
13831
13859
13894
13924
13957
13996
14040
14065
14087
14087
14039
14009
14010
14010
14003
14002
14003
14003
14002
14002
14003
14002
14003
14002
14002
14002
14003
14002
14003
14003
14002
14002
14003
14002
14003
14002
14002
14002
14003
14002
14054
14054
14053
14053
14055
14054
14055
14054
14054
14054
14053
14052
14053
14053
14052
14052
14053
14052
14053
14052
14052
14052
14053
14052
14053
14053
14052
14052
14053
14052
14049
14050
14050
14050
14057
14052
14053
14053
14052
14052
14000
13999
14051
14049
14049
14018
14049
14048
14049
14049
14048
14048
14049
14048
14054
14052
14065
14074
14089
14097
14104
14112
14124
14132
14142
14154
14179
14206
14224
14256
14281
14291
14308
14326
14339
14350
14356
14364
14371
14375
14378
14378
14381
14380
14381
14309
14290
14304
14297
14296
14305
14362
14362
14367
14293
14362
14305
14313
14314
14312
14317
14319
14320
14319
14325
14325
14375
14382
14402
14430
14466
14501
14534
14558
14578
14597
14613
14633
14646
14666
14684
14699
14712
14730
14753
14770
14790
14810
14838
14863
14877
14894
14919
14940
14968
14991
15009
15032
15055
15085
15108
15142
15170
15196
15205
15207
15206
15206
15207
15203
15203
15201
15201
15201
15182
15181
15183
15183
15182
15182
15183
15182
15183
15182
15182
15182
15182
15181
15183
15183
15182
15182
15183
15182
15183
15182
15182
15182
15182
15181
15183
15183
15182
15182
15183
15182
15183
15182
15182
15182
15182
15181
15183
15183
15182
15182
15183
15182
15183
15182
15182
15182
15182
15181
15183
15183
15182
15182
15183
15182
15183
15182
15182
15230
15235
15240
15264
15266
15264
15264
15265
15264
15264
15260
15240
15234
15182
15181
15183
15183
15182
15182
15183
15182
15183
15182
15182
15182
15182
15181
15183
15183
15182
15182
15183
15182
15183
15182
15182
15182
15182
15181
15183
15183
15182
15202
15220
15228
15249
15257
15182
15208
15242
15252
15255
15266
15272
15290
15305
15326
15339
15231
15256
15309
15328
15327
15324
15329
15340
15354
15364
15373
15388
15399
15406
15309
15337
15400
15402
15401
15400
15400
15401
15400
15399
15396
15398
15398
15400
15399
15401
15401
15400
15420
15441
15457
15472
15423
15415
15460
15467
15466
15468
15470
15465
15467
15472
15471
15491
15511
15524
15552
15557
15556
15574
15510
15531
15563
15572
15571
15577
15585
15596
15608
15608
15554
15527
15611
15621
15634
15577
15614
15617
15638
15645
15656
15668
15670
15684
15696
15702
15714
15726
15634
15679
15704
15705
15719
15733
15743
15778
15803
15804
15747
15804
15803
15804
15803
15803
15803
15795
15794
15796
15796
15788
15807
15829
15843
15796
15795
15795
15795
15849
15875
15803
15814
15866
15883
15884
15883
15884
15883
15883
15883
15884
15883
15885
15885
15884
15884
15900
15916
15932
15950
15884
15903
15928
15961
15969
15982
15994
16016
16028
16026
15973
16013
16026
16035
16052
16057
16078
16095
16100
16095
16098
16096
16097
16111
16130
16145
16162
16174
16180
16195
16132
16193
16196
16194
16195
16194
16194
16194
16194
16193
16195
16195
16194
16194
16211
16220
16234
16194
16212
16212
16253
16258
16269
16292
16303
16312
16312
16245
16296
16306
16312
16328
16338
16353
16371
16392
16402
16397
16395
16395
16399
16411
16443
16454
16467
16484
16500
16521
16544
16551
16559
16542
16543
16542
16542
16542
16539
16538
16540
16540
16539
16539
16540
16539
16540
16539
16539
16539
16540
16539
16559
16585
16587
16597
16598
16599
16547
16560
16595
16595
16584
16583
16585
16585
16584
16584
16585
16584
16585
16598
16612
16621
16625
16645
16666
16584
16583
16603
16664
16672
16686
16691
16612
16681
16701
16702
16663
16653
16712
16716
16725
16727
16740
16755
16774
16779
16776
16779
16781
16781
16780
16780
16781
16780
16780
16779
16778
16793
16801
16818
16828
16840
16840
16851
16809
16842
16864
16862
16862
16862
16859
16858
16860
16860
16859
16859
16860
16882
16891
16902
16918
16927
16859
16858
16860
16925
16932
16940
16944
16859
16940
16939
16939
16899
16909
16949
16961
16969
16974
16980
16983
16999
17018
17029
16987
17031
17025
17024
17026
17026
17042
17071
17097
17099
17117
17130
17142
17165
17182
17184
17189
17184
17181
17181
17182
17191
17182
17185
17189
17189
17188
17187
17189
17189
17188
17188
17189
17188
17189
17188
17188
17191
17200
17199
17201
17201
17200
17200
17201
17200
17201
17200
17200
17200
17200
17199
17201
17201
17200
17200
17201
17200
17201
17200
17200
17200
17205
17204
17206
17206
17205
17205
17206
17205
17206
17205
17205
17205
17205
17204
17206
17206
17205
17205
17206
17205
17206
17205
17205
17205
17205
17204
17206
17206
17205
17205
17206
17223
17235
17249
17205
17209
17224
17235
17237
17273
17294
17237
17296
17294
17287
17235
17286
17285
17290
17289
17291
17306
17319
17360
17396
17394
17396
17395
17395
17395
17398
17397
17399
17399
17398
17398
17399
17398
17440
17380
17426
17430
17464
17471
17433
17471
17470
17438
17455
17465
17466
17473
17498
17506
17514
17528
17456
17463
17478
17484
17522
17513
17529
17486
17497
17508
17532
17563
17584
17585
17584
17584
17564
17569
17581
17593
17607
17619
17638
17637
17655
17689
17692
17644
17625
17649
17675
17681
17714
17763
17759
17758
17760
17760
17759
17759
17760
17759
17760
17714
17760
17781
17762
17782
17791
17792
17791
17791
17792
17791
17792
17791
17791
17791
17793
17792
17794
17794
17793
17793
17794
17793
17794
17793
17793
17793
17793
17792
17794
17794
17793
17793
17794
17793
17794
17793
17793
17793
17793
17792
17794
17794
17793
17793
17794
17793
17794
17793
17793
17793
17793
17792
17794
17794
17765
17779
17792
17802
17821
17813
17819
17831
17801
17834
17848
17855
17871
17883
17884
17855
17901
17910
17887
17895
17888
17896
17911
17924
17934
17864
17929
17973
17974
17973
17973
17972
17976
18001
18015
18019
18000
18017
18062
18062
18063
18062
18062
18062
18065
18064
17981
17994
18003
18016
18022
18035
18051
18056
18061
18061
18093
18066
18079
18088
18087
18105
18130
18089
18128
18128
18098
18111
18119
18124
18138
18152
18163
18174
18224
18245
18258
18172
18257
18203
18216
18219
18236
18245
18259
18268
18258
18260
18351
18350
18350
18350
18349
18348
18350
18350
18265
18271
18351
18293
18350
18349
18349
18349
18347
18353
18400
18400
18399
18399
18398
18353
18392
18375
18388
18400
18411
18419
18391
18422
18410
18390
18443
18444
18422
18423
18460
18465
18449
18446
18479
18490
18487
18490
18500
18512
18531
18536
18545
18566
18564
18563
18564
18564
18515
18528
18550
18562
18575
18588
18593
18605
18603
18652
18660
18658
18660
18659
18660
18659
18660
18659
18659
18659
18653
18609
18621
18633
18641
18651
18660
18671
18654
18658
18671
18685
18701
18711
18666
18694
18723
18738
18734
18733
18734
18733
18734
18734
18736
18735
18736
18741
18715
18719
18735
18742
18757
18771
18782
18753
18841
18842
18843
18843
18842
18841
18842
18841
18799
18809
18827
18837
18843
18857
18874
18888
18908
18917
18918
18879
18903
18921
18889
18879
18883
18882
18883
18883
18882
18882
18862
18861
18862
18861
18861
18861
18860
18859
18860
18860
18859
18859
18860
18859
18860
18859
18859
18859
18860
18859
18860
18860
18859
18859
18860
18859
18860
18859
18859
18859
18863
18862
18864
18864
18863
18863
18864
18863
18864
18863
18863
18863
18866
18865
18867
18867
18866
18866
18867
18866
18867
18915
18915
18915
18920
18919
18921
18921
18920
18920
18921
18920
18921
18920
18920
18920
18917
18916
18918
18918
18917
18917
18918
18917
18918
18917
18917
18917
18917
18916
18918
18918
18917
18917
18918
18917
18918
18917
18917
18917
18917
18916
18918
18918
18917
18917
18918
18917
18918
18917
18917
18917
18917
18916
18918
18918
18917
18917
18918
18917
18918
18917
18917
18917
18917
18916
18918
18918
18917
18917
18918
18917
18918
18917
18917
18917
18917
18916
18918
18918
18917
18917
18918
18917
18918
18917
18917
18917
18917
18916
18918
18918
18917
18917
18918
18917
18918
18917
18917
18917
18921
18920
18921
18921
18920
18920
18921
18920
18921
18920
18920
18920
18923
18922
18923
18923
18922
18922
18923
18922
18923
18968
18968
18968
18969
18968
18969
18969
18968
18968
18969
18968
18969
18968
18968
18968
18963
18962
18963
18963
18962
18962
18963
18962
18963
18962
18962
18962
18963
18962
18963
18963
18962
18962
18963
18962
18963
18918
18921
18928
18950
18965
18978
18980
18991
19013
19019
19012
19014
19013
19023
19019
19024
19035
19045
19058
19061
19074
19101
19102
19104
19141
19143
19106
19129
19153
19169
19182
19183
19179
19187
19188
19199
19216
19247
19261
19196
19166
19278
19279
19277
19277
19278
19277
19278
19275
19276
19276
19280
19210
19221
19242
19251
19267
19274
19276
19287
19293
19322
19321
19366
19333
19341
19352
19366
19371
19379
19378
19363
19362
19375
19378
19408
19421
19397
19421
19438
19438
19422
19426
19438
19447
19464
19475
19478
19479
19483
19476
19494
19514
19532
19549
19549
19542
19570
19570
19558
19557
19558
19558
19549
19550
19520
19533
19549
19548
19555
19566
19584
19592
19600
19561
19593
19615
19638
19615
19601
19609
19620
19628
19643
19642
19639
19639
19638
19635
19639
19652
19662
19639
19664
19696
19705
19704
19668
19672
19681
19692
19705
19718
19720
19719
19720
19716
19721
19739
19754
19779
19784
19779
19814
19821
19799
19821
19823
19823
19822
19821
19822
19822
19821
19821
19822
19821
19822
19821
19821
19821
19775
19786
19787
19789
19793
19793
19794
19820
19821
19820
19794
19797
19811
19812
19816
19816
19833
19837
19859
19858
19859
19858
19858
19858
19864
19863
19867
19867
19866
19866
19867
19866
19867
19866
19866
19866
19868
19867
19868
19868
19867
19867
19867
19824
19830
19845
19852
19859
19863
19851
19852
19868
19879
19902
19867
19888
19901
19916
19933
19940
19955
19905
19965
19982
19959
19975
19991
20005
20019
20036
20045
20051
20030
20089
20090
20090
20089
20089
20090
20089
20079
20078
20078
20087
20089
20089
20042
20054
20068
20100
20120
20125
20117
20169
20160
20169
20168
20158
20149
20131
20147
20158
20178
20197
20212
20219
20224
20230
20245
20232
20282
20286
20239
20252
20264
20279
20296
20300
20297
20293
20294
20306
20319
20339
20346
20348
20349
20366
20381
20355
20367
20387
20417
20433
20485
20442
20473
20343
20476
20436
20472
20476
20480
20478
20489
20465
20468
20466
20464
20470
20491
20483
20450
20459
20459
20459
20434
20435
20434
20395
20409
20388
20386
20385
20386
20458
20459
20459
20461
20461
20460
20461
20460
20460
20461
20460
20461
20459
20459
20459
20464
20464
20463
20464
20425
20439
20457
20465
20462
20461
20462
20462
20459
20459
20460
20464
20479
20505
20510
20489
20535
20552
20549
20452
20512
20465
20510
20457
20514
20509
20514
20458
20458
20506
20496
20495
20514
20514
20513
20514
20513
20553
20552
20551
20552
20551
20551
20551
20553
20553
20552
20553
20552
20508
20515
20526
20542
20558
20574
20581
20571
20594
20614
20585
20594
20602
20623
20634
20646
20662
20666
20674
20662
20705
20666
20674
20688
20697
20709
20730
20742
20758
20758
20800
20805
20813
20810
20797
20800
20789
20774
20779
20792
20805
20824
20829
20836
20839
20890
20813
20844
20885
20885
20882
20849
20872
20896
20917
20928
20957
20937
20937
20936
20946
20958
20968
20979
20984
20976
20977
20976
20976
20988
20998
21003
21009
20963
20972
21021
21024
21033
21015
21035
21062
21084
21085
21117
21056
21059
21058
21059
21058
21058
21058
21058
21058
21059
21090
21085
21033
21033
21075
21084
21087
21084
21119
21116
21116
21076
21081
21078
21113
21114
21113
21114
21118
21122
21122
21121
21121
21122
21122
21121
21121
21122
21121
21122
21121
21073
21080
21092
21108
21112
21129
21140
21158
21159
21158
21159
21116
21120
21132
21129
21136
21165
21181
21191
21145
21198
21181
21182
21195
21206
21192
21204
21221
21228
21197
21239
21270
21237
21255
21252
21238
21243
21252
21272
21280
21282
21295
21312
21332
21340
21338
21384
21378
21378
21366
21375
21372
21373
21349
21362
21372
21392
21402
21409
21412
21423
21419
21466
21478
21483
21480
21438
21453
21484
21503
21506
21496
21493
21480
21517
21526
21541
21555
21568
21571
21576
21613
21577
21592
21606
21621
21633
21636
21661
21669
21638
21656
21685
21716
21736
21737
21737
21769
21771
21771
21772
21772
21771
21771
21772
21771
21772
21771
21771
21768
21776
21776
21777
21777
21776
21776
21777
21776
21777
21776
21732
21737
21751
21756
21775
21787
21801
21804
21777
21799
21843
21842
21807
21809
21806
21818
21823
21842
21822
21828
21846
21840
21831
21827
21831
21838
21860
21861
21871
21887
21910
21923
21955
21961
21962
21961
21961
21961
21934
21952
21979
21996
21994
22007
22022
22021
22011
22022
22032
22043
22061
22077
22089
22098
22107
22098
22145
22147
22148
22146
22111
22115
22121
22130
22146
22159
22168
22161
22157
22159
22164
22176
22189
22204
22152
22218
22220
22228
22221
22219
22211
22226
22258
22287
22298
22284
22342
22342
22296
22335
22306
22343
22344
22343
22344
22343
22343
22343
22341
22298
22311
22332
22339
22340
22347
22339
22340
22339
22343
22346
22362
22391
22408
22405
22442
22407
22391
22400
22406
22405
22405
22408
22442
22417
22374
22377
22327
22334
22336
22335
22330
22352
22357
22358
22326
22325
22325
22325
22326
22316
22333
22331
22319
22374
22375
22331
22317
22323
22357
22405
22372
22325
22356
22387
22380
22387
22379
22380
22379
22374
22376
22376
22375
22375
22374
22373
22374
22345
22378
22421
22394
22389
22399
22370
22377
22370
22379
22378
22382
22374
22374
22377
22377
22370
22368
22369
22368
22368
22370
22369
22391
22390
22378
22368
22445
22350
22319
22330
22336
22339
22348
22347
22348
22347
22347
22347
22348
22348
22347
22348
22455
22453
22454
22456
22457
22457
22456
22456
22459
22459
22458
22459
22458
22458
22458
22457
22456
22408
22417
22433
22447
22465
22483
22504
22514
22521
22534
22548
22567
22594
22600
22608
22615
22617
22621
22585
22592
22603
22612
22628
22636
22652
22656
22605
22686
22682
22682
22681
22641
22652
22658
22677
22645
22669
22666
22674
22682
22677
22677
22674
22680
22684
22684
22689
22708
22722
22738
22746
22799
22799
22796
22795
22794
22792
22786
22786
22793
22750
22760
22781
22796
22810
22800
22843
22848
22816
22821
22825
22840
22852
22869
22870
22864
22864
22864
22880
22894
22915
22922
22915
22930
22939
22940
22923
22929
22944
22972
22979
22949
22967
23020
23019
23020
23019
23019
23019
23021
23021
23021
22981
22986
23006
23015
23037
23019
23019
23052
23076
23080
23059
23072
23085
23099
23117
23133
23132
23136
23145
23175
23176
23170
23165
23165
23165
23124
23136
23145
23156
23169
23183
23197
23209
23175
23254
23256
23256
23255
23255
23256
23255
23256
23211
23224
23250
23269
23275
23258
23326
23280
23252
23285
23298
23311
23325
23338
23350
23344
23398
23392
23359
23353
23354
23357
23379
23403
23407
23410
23412
23426
23440
23447
23446
23442
23417
23426
23454
23486
23542
23467
23468
23481
23481
23482
23482
23481
23481
23482
23481
23482
23481
23481
23481
23477
23477
23478
23478
23477
23477
23478
23477
23478
23477
23477
23477
23476
23476
23477
23477
23476
23476
23477
23476
23477
23476
23476
23476
23476
23476
23477
23477
23476
23476
23477
23476
23477
23476
23476
23476
23476
23476
23477
23500
23499
23499
23499
23498
23499
23498
23498
23498
23501
23501
23502
23502
23501
23501
23502
23501
23502
23501
23501
23501
23501
23501
23502
23502
23501
23501
23502
23501
23502
23501
23501
23501
23472
23469
23472
23472
23471
23471
23472
23471
23472
23471
23471
23471
23472
23469
23472
23472
23471
23471
23472
23471
23472
23471
23471
23471
23472
23469
23476
23476
23475
23475
23476
23475
23476
23475
23475
23475
23480
23479
23480
23480
23479
23479
23480
23479
23480
23479
23479
23479
23480
23479
23480
23558
23479
23567
23480
23479
23480
23479
23479
23479
23480
23479
23480
23480
23479
23479
23480
23479
23480
23479
23479
23479
23480
23479
23480
23480
23479
23479
23480
23479
23562
23562
24005
24680
26390
27277
27335
27335
27333
27332
27362
27344
27342
27765
28009
27787
27915
27299
28013
27842
27841
27841
27842
27841
27312
27309
27870
27869
27836
27835
27836
27836
27835
27835
27836
27835
27836
27835
27835
27835
27843
27841
27843
27840
23488
