3	4
15	16
24	25
85	86
120	121
126	129
132	140
143	147
148	151
156	157
170	171
176	177
182	192
197	198
216	217
252	253
274	285
287	293
296	324
327	350
357	365
370	375
376	385
390	430
431	452
453	459
462	466
468	499
502	503
510	534
584	586
600	601
616	618
624	625
630	631
636	637
669	670
696	697
707	708
711	713
715	716
717	736
741	742
787	826
827	835
840	841
845	849
854	863
869	887
888	898
904	910
912	920
923	937
941	947
949	996
999	1007
1009	1026
1049	1063
1070	1073
1075	1076
1078	1105
1107	1115
1116	1121
1124	1130
1137	1148
1155	1156
1161	1172
1174	1187
1188	1195
1197	1213
1225	1228
1230	1237
1248	1249
1254	1273
1275	1285
1290	1305
1306	1331
1346	1351
1352	1357
1358	1374
1375	1379
1381	1432
1434	1453
1464	1465
1472	1473
1476	1479
1480	1482
1486	1489
1491	1497
1498	1499
1500	1502
1504	1508
1511	1513
1521	1522
1531	1534
1538	1539
1548	1553
1555	1563
1574	1579
1582	1640
1644	1645
1648	1649
1650	1655
1659	1667
1677	1678
1680	1681
1687	1706
1708	1709
1710	1717
1719	1723
1728	1733
1736	1741
1743	1744
1746	1747
1755	1757
1759	1766
1770	1772
1781	1783
1788	1789
1793	1794
1811	1840
1843	1844
1846	1865
1866	1882
1883	1909
1935	1936
1946	1949
1951	1952
1953	1972
1974	1975
1993	2009
2011	2014
2016	2017
2018	2030
2038	2062
2065	2079
2084	2085
2088	2098
2100	2119
2122	2127
2136	2137
2139	2143
2145	2151
2158	2165
2166	2190
2193	2200
2201	2207
2208	2209
2220	2224
2226	2232
2233	2243
2245	2248
2249	2258
2260	2268
2269	2281
2282	2289
2291	2305
2315	2321
2322	2324
2335	2342
2347	2355
2357	2377
2381	2387
2391	2400
2411	2433
2435	2445
2446	2466
2467	2474
2475	2493
2496	2497
2504	2511
2532	2533
2547	2554
2555	2558
2559	2567
2569	2579
2581	2591
2594	2595
2600	2602
2605	2607
2608	2609
2614	2617
2619	2621
2640	2641
2651	2655
2656	2661
2664	2665
2667	2674
2685	2686
2687	2693
2696	2704
2706	2710
2712	2713
2717	2718
2722	2728
2729	2731
2736	2737
2744	2765
2766	2794
2799	2806
2808	2816
2821	2823
2844	2864
2870	2871
2874	2879
2882	2883
2892	2893
2902	2905
2907	2911
2913	2926
2927	2929
2932	2933
2937	2938
2939	2940
2941	2958
2959	2970
2971	2973
2974	2979
2981	2989
2998	2999
3000	3006
3008	3028
3030	3038
3039	3066
3068	3076
3078	3082
3085	3086
3096	3097
3103	3105
3109	3117
3121	3127
3129	3136
3137	3138
3140	3164
3165	3188
3192	3195
3198	3201
3202	3207
3208	3210
3212	3220
3221	3248
3249	3254
3258	3268
3276	3282
3300	3302
3336	3337
3339	3342
3344	3345
3346	3359
3362	3376
3379	3382
3384	3391
3393	3428
3430	3439
3441	3449
3454	3455
3456	3457
3468	3469
3471	3473
3480	3481
3501	3503
3518	3519
3528	3531
3540	3559
3561	3562
3567	3580
3582	3605
3624	3625
3633	3637
3645	3647
3648	3652
3655	3656
3658	3661
3664	3670
3675	3687
3688	3689
3694	3695
3696	3697
3701	3706
3707	3727
3730	3736
3738	3741
3744	3746
3750	3752
3755	3764
3768	3778
3780	3788
3789	3798
3810	3815
3816	3817
3825	3826
3827	3830
3832	3834
3838	3839
3840	3842
3845	3846
3884	3885
3894	3918
3920	3926
3928	3973
3975	4001
4005	4006
4009	4014
4015	4021
4039	4046
4048	4062
4063	4081
4082	4095
4096	4107
4110	4114
4123	4129
4134	4158
4160	4163
4165	4166
4170	4174
4178	4182
4185	4186
4200	4201
4212	4213
4240	4241
4244	4245
4247	4266
4268	4271
4278	4280
4296	4297
4320	4321
4356	4357
4523	4534
4536	4540
4542	4544
4546	4573
4574	4575
4576	4585
4587	4595
4598	4623
4629	4640
4641	4659
4661	4696
4698	4753
4756	4759
4761	4762
4763	4769
4772	4774
4784	4787
4796	4799
4802	4803
4806	4810
4812	4815
4818	4822
4824	4827
4830	4834
4836	4839
4842	4846
4848	4851
4854	4896
4898	4913
4916	4918
4920	4923
4926	4930
4932	4935
4938	4942
4943	4949
4951	4959
4962	4997
5000	5014
5016	5031
5034	5055
5056	5086
5090	5091
5092	5115
5118	5122
5126	5127
5130	5134
5136	5151
5153	5195
5198	5199
5202	5206
5208	5211
5214	5247
5249	5268
5269	5314
5316	5320
5321	5331
5332	5333
5334	5350
5351	5352
5354	5355
5358	5362
5364	5367
5370	5374
5376	5379
5382	5386
5390	5391
5394	5398
5400	5401
5404	5405
5416	5417
5428	5429
5438	5455
5458	5470
5472	5479
5480	5485
5488	5489
5495	5517
5519	5527
5529	5531
5533	5537
5539	5547
5552	5554
5556	5567
5569	5606
5610	5632
5634	5662
5663	5698
5700	5703
5705	5727
5730	5746
5748	5751
5754	5758
5760	5765
5768	5811
5812	5815
5816	5835
5838	5839
5840	5842
5846	5847
5850	5872
5874	5885
5886	5904
5905	5909
5911	5915
5917	5927
5931	5939
5942	5943
5946	5950
5951	5955
5958	5967
5970	5974
5976	5998
5999	6008
6011	6015
6018	6022
6024	6027
6030	6034
6038	6039
6041	6058
6060	6065
6067	6070
6074	6077
6080	6087
6089	6094
6096	6099
6102	6149
6152	6154
6156	6159
6162	6166
6168	6178
6182	6183
6186	6190
6192	6200
6204	6207
6210	6220
6222	6243
6246	6250
6254	6255
6258	6262
6264	6267
6270	6277
6278	6282
6290	6291
6292	6293
6294	6299
6302	6303
6308	6315
6318	6322
6324	6327
6330	6334
6337	6346
6348	6396
6398	6425
6427	6431
6432	6435
6438	6443
6446	6467
6469	6473
6475	6488
6492	6509
6512	6515
6517	6521
6524	6526
6528	6531
6534	6538
6542	6543
6546	6550
6554	6564
6566	6567
6570	6574
6576	6587
6590	6591
6594	6598
6602	6609
6610	6613
6615	6629
6631	6634
6638	6639
6642	6645
6646	6687
6690	6723
6725	6735
6738	6742
6744	6747
6750	6757
6762	6778
6782	6783
6785	6786
6788	6790
6792	6795
6798	6802
6804	6806
6810	6826
6828	6833
6836	6838
6842	6843
6846	6861
6864	6881
6882	6893
6894	6903
6906	6910
6911	6939
6940	6952
6954	6958
6960	6963
6966	6970
6972	6975
6978	6982
6986	6987
6990	7006
7008	7023
7026	7040
7041	7071
7073	7083
7089	7090
7091	7097
7100	7102
7108	7119
7122	7123
7124	7125
7130	7150
7152	7155
7158	7162
7166	7167
7170	7173
7178	7184
7188	7191
7194	7203
7205	7227
7229	7238
7239	7287
7292	7294
7295	7301
7302	7311
7312	7318
7320	7323
7326	7330
7333	7337
7338	7361
7362	7373
7378	7379
7380	7417
7418	7427
7428	7433
7436	7438
7440	7443
7446	7450
7452	7455
7458	7462
7464	7467
7470	7474
7476	7479
7482	7486
7488	7491
7494	7498
7500	7503
7506	7510
7512	7515
7518	7522
7524	7527
7530	7534
7536	7539
7542	7546
7548	7551
7554	7558
7560	7563
7566	7570
7572	7575
7578	7582
7584	7587
7590	7594
7596	7599
7602	7607
7610	7611
7616	7623
7628	7635
7636	7656
7657	7659
7662	7666
7668	7671
7674	7690
7695	7696
7697	7735
7738	7739
7742	7743
7746	7750
7752	7755
7758	7762
7764	7767
7770	7774
7778	7779
7782	7786
7788	7791
7794	7798
7800	7803
7808	7810
7812	7815
7818	7847
7848	7858
7861	7871
7872	7913
7922	7923
7926	7930
7934	7935
7938	7942
7946	7947
7950	7954
7958	7959
7962	7966
7970	7971
7974	7978
7979	7985
7994	7995
7998	8002
8006	8007
8010	8014
8018	8019
8021	8057
8062	8063
8064	8067
8069	8100
8103	8134
8138	8139
8141	8146
8148	8158
8160	8163
8166	8206
8210	8211
8214	8219
8220	8226
8228	8239
8241	8254
8258	8259
8262	8266
8268	8279
8282	8283
8286	8319
8322	8324
8327	8332
8333	8338
8342	8343
8346	8362
8364	8379
8380	8393
8395	8399
8402	8403
8406	8410
8411	8415
8418	8422
8426	8427
8430	8434
8436	8439
8442	8446
8450	8451
8454	8458
8462	8463
8466	8494
8496	8499
8502	8537
8539	8559
8562	8573
8576	8578
8580	8583
8586	8590
8594	8595
8598	8602
8606	8607
8610	8614
8618	8619
8621	8650
8652	8659
8660	8662
8664	8675
8676	8685
8687	8710
8714	8715
8717	8722
8725	8727
8732	8763
8765	8782
8786	8807
8810	8823
8826	8847
8852	8854
8858	8859
8862	8866
8868	8871
8874	8878
8880	8883
8886	8890
8892	8895
8898	8902
8904	8907
8910	8914
8918	8919
8922	8926
8930	8931
8934	8938
8942	8943
8946	8950
8954	8955
8958	8962
8966	8967
8970	8974
8978	8979
8982	8986
8990	8991
8994	8998
9000	9003
9006	9010
9012	9015
9018	9022
9024	9027
9030	9034
9038	9039
9042	9046
9048	9051
9054	9101
9104	9107
9108	9137
9139	9152
9154	9155
9158	9159
9161	9183
9186	9215
9218	9219
9222	9226
9229	9233
9234	9243
9244	9250
9252	9255
9258	9262
9264	9267
9272	9303
9306	9310
9312	9313
9315	9382
9385	9395
9396	9397
9399	9401
9404	9406
9408	9409
9411	9419
9422	9440
9444	9445
9447	9454
9456	9457
9459	9490
9491	9510
9513	9519
9521	9529
9530	9550
9554	9558
9560	9565
9567	9575
9578	9579
9582	9634
9636	9682
9683	9685
9686	9687
9690	9694
9696	9697
9698	9699
9702	9742
9745	9793
9795	9802
9806	9826
9828	9842
9844	9867
9872	9886
9891	9893
9894	9910
9912	9913
9915	9921
9924	9925
9927	9929
9934	9962
9965	9974
9976	9978
9979	9985
9992	10009
10011	10030
10032	10033
10036	10041
10042	10058
10061	10071
10074	10117
10122	10126
10130	10131
10134	10138
10142	10143
10146	10150
10154	10155
10158	10162
10166	10169
10172	10174
10176	10177
10178	10179
10182	10186
10190	10191
10194	10198
10202	10203
10206	10210
10212	10215
10218	10222
10224	10227
10230	10234
10236	10239
10242	10246
10248	10258
10260	10263
10266	10270
10272	10275
10278	10281
10282	10287
10290	10301
10306	10311
10314	10318
