0
0
0
0
0
0
0
0
0
0
0
0
0
0
11520
0
0
0
0
0
0
0
0
0
0
0
0
0
0
15840
0
0
0
0
0
0
0
0
0
0
0
0
0
0
14080
0
0
0
0
320
0
0
0
0
0
0
0
0
0
0
0
0
0
0
0
0
0
0
0
0
0
0
0
0
0
0
0
0
0
0
0
0
0
0
0
0
0
0
0
0
0
0
0
0
0
0
0
0
0
0
0
0
0
0
0
0
0
0
0
0
0
0
0
0
0
0
0
0
0
0
0
0
0
0
0
0
0
0
0
0
0
0
0
0
0
0
0
0
0
0
0
0
0
0
0
0
0
0
0
0
0
0
0
0
0
0
0
0
0
0
0
0
0
0
0
0
0
0
0
0
0
0
0
0
0
0
0
0
0
0
351604
246905
333301
168721
197904
166894
54176
4043
105857
25084
14494
23758
3532
58314
99373
36386
6191
2615
28241
29487
39205
93707
26283
84327
56325
36868
79428
47327
83180
61637
3243
24231
17619
50328
195417
98555
166903
26422
152133
6301
86729
285926
163516
385058
87414
121146
60932
103743
25189
71598
75625
108479
90099
70932
108526
40119
30175
196847
183817
474123
166833
239009
239304
274593
832155
636800
86759
368500
341903
163585
140988
455717
476121
721624
645617
341036
432435
603709
282174
140558
222836
291919
750634
137096
466782
446334
655196
232871
427140
942962
417438
343627
395470
244844
518461
266164
586258
757507
729891
186127
322185
339343
195058
284668
512264
280745
575062
662706
455541
544780
8922
3316
433
851
557
2039
538
538
16194
143176
7778
210
0
0
4636
384687
4196
1867
397
320
0
20351
3959981
5795781
4868782
5085770
5097039
36443
1731823
4405419
3242329
154106
20054
3007
1712
76
0
0
25298
649645
253429
215084
85291
116063
411037
174077
283465
359211
350407
806390
8811
2634
42698
7231
98402
4801
366893
2284
156
82408
0
0
0
0
0
0
0
0
3437
28573
2472
421
291
0
0
0
343600
210126
82474
254368
225887
116289
148873
328032
714611
517133
245066
53649
69054
7109
577
685
146
0
0
3111
346382
3465
8663
30480
1973
0
0
0
0
0
704
346165
689674
539420
219750
107067
63818
276730
349804
413855
333558
221987
384267
227583
250361
212057
142775
116027
25899
4836
2773
35198
22657
68070
9385
851
0
0
0
0
0
0
0
0
0
0
0
0
27162
574
0
3712
695185
25870
247215
251986
232582
131618
136067
140430
149058
61411
89935
410856
419970
712620
677798
517123
506502
517026
385627
287669
217896
268342
246785
311028
290507
321496
219363
548903
696269
562485
318963
162070
320354
441493
627253
546081
699236
282288
174625
309234
475462
447163
286601
566467
420140
5591
2736
6684
2126
902
50
0
0
0
0
4454
763311
342257
139159
207256
56623
125362
98480
119641
310122
443155
588756
440662
295328
274254
24185
94282
8515
1558
0
0
0
0
0
0
0
0
0
0
0
0
41014
752
0
0
0
0
0
0
0
0
160
160
0
0
704
14321
759786
211228
293586
288830
119295
98117
220058
303191
271208
583094
587219
348791
449064
320137
405895
223342
105369
342391
682486
996192
916190
897728
919039
6285
804214
548112
203853
169755
125357
251421
95808
81997
50627
140421
156247
50404
42808
319594
367678
265031
90177
114674
143698
150139
114534
38063
30039
289846
790487
933160
696510
184907
80611
117044
101755
311187
423943
176049
729264
280629
31364
2968
686
0
0
0
0
0
0
0
0
3049
706509
434009
707402
326154
622963
744517
716309
613257
623108
208032
29478
12585
2333
148
80
0
35466
143120
13348
1477
153
2292
879022
13462
3621
2112
708396
319963
159284
102387
95111
116118
348997
336294
447124
240331
368434
601320
277842
142094
239484
11128
7580
42383
4264
3697
776957
621705
477587
553004
275503
183323
313383
67023
196872
131161
375663
257934
217191
362790
689362
719319
791023
613899
241134
107544
46252
40661
51849
460275
113898
151358
222541
485419
295947
13832
31339
154188
12536
1235
0
1843
705313
396746
417868
331602
220774
148388
98807
103865
36103
40262
156261
40329
28723
37011
25295
13305
50670
51648
41894
299758
416096
485304
591757
616253
928042
1095480
754198
532758
715686
285405
246278
192897
567086
962455
860615
303636
167113
259084
431618
405264
403134
8241
1357
12728
1523
100
0
0
0
0
1928
1222
2490
704356
186607
276572
53879
65928
290870
299087
535392
503332
258539
34609
6888
2046
49
2591
704265
192750
357789
108119
15532
23156
40474
250205
212615
260905
385092
142704
200660
9284
4020
18820
15178
87156
9095
378
0
0
3115
705872
158565
102495
302461
668861
654082
705324
575504
268405
159613
153904
396597
175836
287677
442062
362148
548143
104794
150905
447264
516637
780270
880728
122466
588308
321575
170659
208216
524857
742490
500981
432355
273881
10746
3464
1220
0
0
9431
115190
3911
0
0
0
0
0
0
0
0
0
0
0
0
5995
66170
8627
555
0
0
0
0
0
0
0
139348
1210
0
0
0
29838
930
0
0
0
0
0
0
0
0
0
0
0
0
0
0
0
0
0
0
0
0
0
0
0
0
0
0
0
0
10668
354763
2594
368
0
50015
653964
229616
60846
15534
8988
401833
820485
733918
617946
1247647
939930
1925688
1474398
800185
844366
888271
1476974
2083528
703797
843700
1708580
839276
851680
852296
1061367
833491
906556
1030287
994666
841353
558465
843168
3413754
850402
772972
828966
847050
2431655
2913126
859695
853712
1967796
1116269
1578230
839072
872738
1355060
1240238
886365
892242
46380
4141
2857
64273
26436
3526
422615
10080
0
3397
384
0
0
0
0
0
0
0
608
11696
393608
255227
12668
666534
131417
69227
136659
169666
387397
322655
291052
370415
424154
519919
864905
521307
463971
420953
120543
175324
442028
333278
587514
257865
773054
238557
493187
781937
396712
384116
303420
418316
244223
274395
502657
315341
26069
11795
463078
48637
3799
828268
257461
135814
153374
110000
343049
350539
679958
323106
469165
176552
71756
463881
795240
891780
203550
407586
183340
336109
542141
428032
590398
764822
300787
1035028
13901
5034
2654
888447
153682
51811
136284
439417
173298
460738
473467
285454
87019
5469
3307
30825
3159
1605
1020
271
3372
426447
10170
151468
28105
5016508
8657935
6178449
88362
22641
6136
822
474
32
0
0
0
34755
213932
2660
492
0
0
0
343351
228842
695786
7571
149
0
0
0
8156
458427
13178
365
41
0
0
0
0
0
0
0
0
0
0
0
62706
2028
0
0
0
84878
310
0
0
0
341875
730
414897
271270
204254
353472
620942
960221
762325
161133
32717
4083
279
201
0
2324
698006
376209
286712
210740
275367
134042
421974
675873
995471
987409
411999
95449
78211
194694
232933
314238
291099
386767
709545
859487
248964
96860
156945
268604
424841
680010
748070
525773
839083
890749
696259
329643
67497
846159
913148
498588
154037
41439
37723
28650
153227
392355
227575
264746
195907
407106
462819
309282
404766
249363
38166
2693
901
0
2548
700433
61974
135533
89324
93254
256064
331595
145664
14003
97902
18066
7339
762730
157580
158035
185049
260944
413475
543273
990230
1028298
987780
779763
226625
226031
751926
470342
439204
220432
256283
451146
235793
260811
322403
909700
1217065
314473
94645
393629
587344
500822
736680
12975
27521
3894
1145
0
0
0
0
0
0
0
28121
191890
14757
1912
36
0
0
0
0
0
0
0
0
0
1021
694632
272268
365760
158419
168337
118005
345477
252033
363664
295080
367942
452524
265319
693496
10238
17965
62863
5939
4368
699742
189399
217889
142736
52091
528404
162401
315981
497179
459677
58333
14094
63592
760916
336870
248301
257971
300751
770334
1044127
1138627
1047890
778819
716344
10941
1621
48756
186826
20576
500751
582955
565295
246889
191825
203455
725598
1049935
957865
390015
419254
582243
516385
376578
143407
671793
25087
4726
959
0
0
0
0
0
0
2044
720670
152548
386868
704190
690135
547746
274748
130299
115693
280959
379289
376876
569178
487396
547471
253285
650230
145190
4365
619
1294
697887
274205
283402
151543
152378
191281
182507
295043
565666
247790
544805
866504
245365
334491
379863
268966
856029
703451
221516
425016
134453
293063
519934
315932
335866
117446
305202
407736
559800
241827
606123
145203
357876
699271
192349
116790
480951
109850
362503
309614
112137
159266
19553
22892
1798
0
0
0
0
0
0
0
0
0
0
641
64027
2562
541
0
0
113058
632
0
0
0
0
0
0
0
500
9200
3066
353263
2249
257
258
0
48791
856209
217650
56796
12324
1483
2843
501633
824057
639460
459395
1484254
1454702
842678
1256379
888550
844555
721254
699535
848901
847557
839274
902607
3191292
537088
857179
873306
1196627
1174988
847754
847194
933789
514244
1115024
752005
844195
911967
2641455
1059957
1330509
810199
2318269
878603
2400517
1043146
842290
731407
1087962
2936769
884185
1166229
826166
863377
835628
927426
680852
889084
835312
38638
4640
2932
59342
1344
0
0
0
0
1646
423168
0
0
0
0
0
0
0
0
0
0
0
0
0
0
270
0
0
0
0
0
0
0
393853
255423
179588
7638
6373
325148
125541
60192
95811
133747
184499
56169
135777
92450
129795
185444
24321
100022
4107
115279
123508
155760
49259
125031
140173
86481
202094
91170
4217
83777
104101
31991
113882
104403
93417
123010
121869
57364
27621
133589
47672
50769
155333
167633
339546
528186
166185
378595
185298
348891
494409
1005945
209134
255371
596587
198574
112665
140433
262955
425607
718441
371010
794692
422822
548590
439531
218884
203948
322326
452602
215536
323730
628176
229656
345021
8216
29805
839187
104366
180697
126742
140759
259068
316148
411567
419608
532904
669741
141346
387061
539535
367680
809095
1010948
209477
354271
333463
366189
458988
233533
752005
234392
117881
430935
857602
334657
740657
9536
27718
4845
2593
938700
250584
247491
91160
69302
164286
304771
161942
337212
578464
263972
771288
7992
4587
44055
7938
79956
2027
0
0
0
3230
393205
57
0
2659
0
0
316
1225
2310
102362
3769
529
0
0
344888
191839
203505
200765
802723
1118612
723677
31137
12610
28824
55134
2522
276
149
0
0
0
0
0
0
0
0
0
0
3403
32239
4351
193
98
0
0
0
0
0
0
0
0
0
0
0
18247
517
0
0
0
52571
452
0
0
0
0
0
0
0
0
82
0
0
0
0
0
0
0
0
0
0
0
0
0
0
0
0
0
0
3295
698517
202452
213300
112052
97964
78023
58399
436832
938945
1154502
662230
67164
110845
106849
191814
431938
314066
334897
464293
691671
722982
302493
354380
516142
172891
232423
678576
715219
691679
397578
405326
373807
381000
727767
503884
730845
98498
234526
11341
34310
134144
14649
741410
225736
540060
791973
553320
405736
423430
285575
715111
738262
1129346
1131594
1096107
896346
4583
1502
0
0
0
0
0
0
2555
1226
1513
760837
208381
200000
443037
185916
73437
110612
117728
70790
125269
534509
806936
635953
170775
549032
723651
571385
684065
929570
699825
595560
612923
587983
516375
596760
528151
438259
356542
190331
326187
151192
116938
58648
257515
398318
464991
256337
117571
44948
178888
570936
729521
955437
558787
8957
1432
4835
906868
192571
225889
266951
89652
353684
560041
327584
660185
186454
121248
284324
608523
297093
15452
31064
188630
18822
736625
484731
346657
343049
512489
818839
1238283
1188386
1144634
319008
785953
698488
528317
342645
113648
391466
487249
550642
405265
746553
6495
779309
391846
209166
202355
935852
750675
713751
598809
256489
8869
758325
734917
541912
401005
306218
423652
619897
704349
404301
671287
37103
20189
175263
4983
371
0
0
0
0
0
0
0
0
0
0
0
12258
105322
12269
1298
174
320
0
237
1548
710558
552869
701912
11164
3489
634
12816
94326
3493
22
0
0
0
0
2172
692628
162097
247661
115832
91948
27628
38822
403764
358068
445401
280396
567489
590253
636211
786307
379443
442779
521795
365252
788956
1010743
146515
518126
28067
704442
507541
699071
394141
252381
140172
246866
345322
324755
724735
574499
645283
273537
464205
13131
1141
0
0
0
0
0
0
0
0
0
0
0
0
67256
2253
144
0
0
126830
1192
0
0
0
0
0
0
0
0
89
89
0
0
0
0
0
0
0
0
0
0
0
0
0
89
89
0
0
1362
715876
226048
166249
137295
389796
113352
250393
276947
149038
492546
88913
11858
34240
2318
61
0
155
0
0
0
43997
1154
0
0
1570
39287
1020
0
0
0
0
0
0
2678
354222
2896
1090
83
0
5669
24939
2075
187
0
0
0
0
0
465
0
0
0
346204
509147
196785
59889
221410
559777
518240
124486
430239
342803
362188
115019
63197
203044
136795
101072
88399
59513
181720
113764
117757
102967
181401
381270
369964
209604
75983
253338
62022
29585
96814
87326
59794
220233
21184
21540
49580
90648
63847
72894
346157
656175
610403
66840
229494
343002
33292
73686
189050
76636
40855
59355
8751
5736
26004
213329
311230
154278
208029
256237
345267
411696
204362
341138
850521
526137
260898
622221
964884
180835
228553
396214
203617
176682
270927
230741
362605
434090
464962
147910
224843
236736
803156
259548
485723
10064
5849
41632
4347
1771
323
0
12518
112914
3663
910
128
0
0
0
0
0
0
0
0
0
0
9355
70344
12414
411
0
0
0
0
0
0
0
86062
3632
4968
802212
204360
463329
177751
12087
815740
823238
721496
770795
360448
343140
9689
5655
1024491
450199
486031
557272
568481
12191
2150
979984
11752
929902
607733
292433
84653
124714
132049
436546
14101
3505
24178
130551
3603
163
0
0
0
0
0
0
1111
643
1740
1634
0
2263
172712
12981
1290
94
0
0
0
0
0
0
0
0
0
2497
657993
88427
249563
347109
173729
109321
56090
12215
7440
10398
114295
337697
468114
505326
166575
51366
163741
27881
101719
438747
270242
458875
261675
167964
368761
393965
618662
659233
573957
640326
554244
704985
668212
596526
614295
689960
491945
564323
594901
566105
410828
402420
856937
794784
656552
579006
699594
457799
566942
384860
655341
615933
316064
673530
639374
403895
788724
17516
2965
495
20124
106269
6318
257731
118118
196478
434950
578112
481098
472913
436908
425279
664177
722216
401454
833507
872215
601630
144188
54978
153036
224391
802021
343511
263601
653266
644589
157227
7835
169140
197985
519803
527327
536375
114991
388230
692322
636400
323626
120714
152815
624892
541101
150291
260532
156578
298787
444789
661556
95571
417679
546380
507225
575748
9735
4951
40855
3338
1031
0
10755
78867
2292
319
373
3226
919626
165117
609915
570285
604704
461445
872150
13541
1509
20990
220777
15018
799
0
0
0
0
0
0
0
0
0
0
0
0
71203
1064
0
0
0
0
0
0
0
0
0
0
0
0
0
201
201
0
0
0
0
0
1535
346908
1382
27
0
14546
188659
1060461
525111
16374
4243
659
514
759931
906154
601511
371595
648727
1221897
721651
850449
845938
1336309
1507629
3393397
1871224
1510545
1586811
1489303
844813
843164
901788
1825741
1617545
833698
842008
1148973
1371526
1062192
846957
909668
1101147
855811
3785176
854470
845381
852357
1527304
1137425
2093230
855411
1374346
846357
2265447
849197
2745088
735655
846280
767800
1164850
848039
934047
161525
48573
4302
2219
62279
862
34229
420536
384
0
0
0
0
0
0
0
0
0
0
0
0
176
0
0
0
0
0
0
0
0
0
0
0
0
0
0
0
0
0
0
0
0
0
0
0
0
0
0
0
0
0
3096
0
0
0
0
0
0
0
0
0
0
0
0
0
0
0
0
0
0
0
0
0
0
0
0
0
0
0
0
0
0
0
0
0
0
0
0
0
0
0
0
0
0
0
0
0
0
0
0
0
0
0
0
0
0
0
0
0
0
0
0
0
0
0
0
0
0
0
0
0
0
0
0
0
0
0
0
0
0
0
0
0
0
0
0
0
0
0
0
0
0
0
0
0
0
0
0
0
0
0
0
0
0
390994
391453
245972
134838
118296
70146
24440
82741
46982
94361
125027
72493
91397
181307
4912
188173
146371
117604
201962
22784
100233
135065
205682
97375
74702
67664
163365
192430
38542
67489
83433
29121
54713
81257
131277
306532
391191
302541
520206
658987
668024
262043
614423
479578
114154
177692
243343
418979
846218
802532
422867
632335
155353
172381
215926
367291
412826
693559
234622
343645
685866
278950
547255
792337
413733
145115
167913
686327
257618
361909
166976
83402
71018
44312
364707
10364
28731
145051
11040
223
0
0
0
0
0
0
0
0
0
1692
396749
1804
51741
1153
53
11824
461256
52374
6798
1549
346682
260350
128218
196562
136636
175991
659800
423993
420781
626891
649587
339185
12654
6017
42741
3740
633
2179
735338
71498
115691
144830
136845
91254
145744
188113
161077
178604
246270
238411
56060
146167
74841
212152
431389
467834
237172
401942
229615
220319
965543
490329
305918
447098
159554
126752
460291
509954
400128
589416
873173
280748
468598
901644
844146
116232
168173
489406
174879
390157
472696
554827
116983
3445
2781
41814
32537
125523
14131
1842
0
0
0
0
0
0
3103
697869
110931
166463
259848
158533
857813
1284614
618843
7875
3364
40867
4370
918391
348587
944611
693749
382269
689299
685848
704283
468550
343122
769234
137400
377598
272807
238133
489927
571892
729793
213019
998466
43618
6281
9683
924930
436206
346916
157883
167451
111011
23107
10989
20143
8025
15640
432045
825276
754610
841970
1017038
730169
394783
187464
300987
510740
595714
392074
370850
781135
173043
432870
605974
68721
485452
123289
3838
212
0
3888
697630
77839
73927
151710
229869
340453
163826
344860
325295
731284
96903
8837
40687
2716
2988
887841
79725
725656
722452
528306
843665
8501
894031
536659
344780
428123
430359
341979
841350
127698
450519
603444
183671
223517
896305
755043
245707
248260
268998
703427
565961
459737
380211
148025
340933
274624
477800
445509
542649
657035
244263
606329
566270
559891
1212847
934793
107917
793148
845232
870038
665718
805450
678287
576056
829057
5496
926927
173151
679713
368288
284629
111541
42016
52979
49954
52633
94594
120897
103007
193856
260912
63850
122816
153557
72938
170648
76914
776787
87784
359591
307831
116878
351044
426307
695678
602122
323709
611863
532275
162361
314321
444187
133575
434445
551171
132180
220375
990408
628603
536365
325068
414894
768717
775344
626087
811549
538742
908055
606209
208757
435994
443391
387144
630822
939233
695479
632975
385640
295615
613528
928310
704618
321089
608093
606000
456638
470005
538169
536333
251035
415132
490762
114546
131307
476745
492108
522199
791975
201511
886858
687166
213689
857015
447883
495139
123394
75249
45290
378202
826473
962669
516500
95963
169996
222916
741242
1037681
305368
507154
862266
764035
356170
237092
756860
743646
739982
25483
178859
287213
888771
300768
235368
615397
652342
286690
156443
169707
307302
418182
618867
830244
465856
160736
653757
683419
310960
136270
215062
798824
618078
203643
416125
163509
180721
214470
376327
182324
254535
339052
122941
469942
579117
258772
474081
325362
49704
5407
1949
768
22277
91518
9869
1288
0
0
0
0
0
0
0
0
0
0
0
0
40013
1058
2111
479338
3570
1335
0
0
3122
50083
570191
113019
23835
3188
68216
541225
582994
1077570
1041691
908701
1085777
1367176
978242
1014664
1080921
1137713
842432
840389
870356
1670157
1038946
1159713
845651
906308
1540755
1169086
840300
797242
1200579
911333
1017355
839782
854897
950652
3471536
864854
846910
1132443
911182
1521081
893706
1167246
1432967
1739814
1201392
884083
1031411
880975
1100336
1608712
1074499
1939648
1331351
857479
922148
49041
2495
3817
66178
2705
1481
401130
0
0
768
16180
0
0
0
0
0
0
0
342949
296787
228764
230408
82543
137796
134245
136959
185183
97285
99958
388827
391552
260285
662769
852341
300653
387234
553365
333869
324593
910834
817589
364348
360912
221602
364539
742058
194726
314963
735171
566818
844604
511611
472817
294606
518180
311269
471241
774663
236100
126494
217240
249049
95630
164231
548265
289203
276526
321164
250459
307089
421964
885248
326045
75009
305144
365703
39362
210460
128093
28254
72407
59520
7268
2989
5946
737717
231187
205878
92542
232725
441679
492487
323367
513310
394369
843729
633788
694399
8374
14519
820112
201407
176403
238467
253993
348479
240026
286832
271096
599531
142681
85925
804636
539813
548832
384286
5328
50
0
0
0
0
0
0
2230
347292
384
0
0
5533
23133
1957
142
0
0
0
0
0
392424
255978
691544
729366
728706
691611
445498
206457
144047
62559
557126
871959
1109912
287142
335743
34643
3093
21
0
0
2307
820549
592948
583281
732139
855916
394557
446399
828821
6658
834849
417950
497607
156329
306413
749197
718185
806813
387575
664129
617485
694693
7207
541
857
689160
94951
176825
527984
378028
316866
218285
536462
507497
415765
404705
456337
31263
9118
724846
289887
55840
612073
682638
682745
926237
650380
825082
673541
457272
353252
213923
308833
263609
806000
669510
727454
352240
518694
98148
85906
165600
161791
39283
33651
29736
61470
155362
777835
693339
863425
853093
108898
81335
91402
86774
221704
701295
237614
420479
763121
725709
524129
770719
9629
769807
232648
221069
95727
198518
547885
583926
582571
450742
399307
267495
484719
307513
174043
372736
476068
108333
13034
5657
24751
3673
13613
884462
218245
183591
856058
620714
738254
2846
741786
625715
478568
380947
306695
412564
695508
263136
493301
666023
198559
231165
705993
551087
389852
703797
693659
634737
693503
516000
61257
201035
538391
298800
374493
477755
539093
679529
351391
384026
545891
312178
247741
433436
847501
700716
209816
511086
445766
63024
173495
612238
338422
345354
187343
506395
351694
626053
613845
349352
410960
8979
13052
144205
3827
260
0
0
0
0
0
0
0
0
0
0
0
8470
74248
9745
1244
0
0
0
0
0
0
0
122373
381
0
0
1026
383908
1717
1030
0
12253
157436
395642
88300
22961
5001
2394
404264
681725
550999
2132348
1356761
1324015
1043214
886199
836490
851710
1113945
2914470
846080
842984
856936
1714950
784145
797764
839280
1023064
1055164
1119280
842884
842165
865099
1747927
1063721
846703
845787
866497
819689
619335
706522
1010715
2247293
1401350
836972
601501
620126
40621
2669
3193
65293
1049
950
160649
0
0
0
2464
0
0
0
0
0
0
0
0
0
0
0
0
0
0
0
0
0
0
0
0
0
0
0
0
0
0
0
0
0
0
0
0
0
0
276
0
0
0
0
0
0
0
0
0
0
0
0
0
0
0
0
0
0
0
0
0
0
0
0
0
0
0
0
0
0
0
0
0
0
0
0
0
0
0
0
0
0
0
0
0
0
0
0
0
0
0
0
0
0
0
0
0
0
0
0
348555
290215
502664
213850
207254
234181
257279
753612
868143
531562
754135
723125
325958
331312
347674
410772
305704
494745
677126
665886
237834
340059
158494
125332
421703
494821
400479
491320
521184
687728
457048
159323
262986
499791
329034
546846
318226
543755
219505
291219
426760
808227
509576
120572
116403
99581
105521
90582
109769
206699
325662
700508
814994
632066
606214
381764
533884
330848
360169
433345
187783
509473
390830
785576
194759
316157
167657
496703
365539
595769
554364
446084
112966
13747
3417
438
0
0
0
0
0
0
0
9110
76601
2720
171
0
0
84132
0
0
0
0
0
0
0
0
4856
45003
6877
111
0
0
0
0
0
0
0
0
0
0
0
0
23199
952
0
0
0
0
0
0
0
0
0
0
0
0
0
0
0
0
0
0
0
0
0
0
0
30564
251
0
0
0
324
324
0
0
2236
876138
31520
55645
133868
205108
96680
53730
66419
29110
24024
347754
815677
460591
119519
11569
2580
467
152
0
0
0
0
0
0
15144
77698
2190
52
33
0
0
0
0
0
320
844
0
156
0
3921
111580
5041
470
0
0
0
0
0
0
0
0
0
0
0
0
36033
973
0
0
0
0
0
0
0
0
0
0
0
0
0
0
0
0
0
0
0
0
0
0
0
0
0
0
0
0
0
0
0
0
990
45489
602
1438
969486
500300
415581
573723
397651
444727
382482
310993
223158
409589
327403
384285
512670
930655
518625
461883
660828
544023
503685
591037
388373
347744
259524
65011
24057
33511
59285
196335
172596
71742
45970
61058
27699
118716
37243
52260
112962
132854
52159
33556
22095
13201
24667
7528
79460
325447
132052
177986
40699
85676
63801
69888
88476
4325
1989
3455
47720
13798
60739
123863
216228
246428
118860
243970
333273
166632
94635
215922
85415
25520
9619
23210
31834
10751
9976
18367
33820
64537
101858
196118
475599
332512
415371
251593
227367
116280
53188
16610
19344
16192
13975
13379
34231
13140
6460
430
11897
147860
8997
21003
10084
3327
18402
26316
10019
22188
58801
371295
9467
1754
196
2345
43127
651209
186175
348212
252942
292584
347303
431368
274255
490817
486901
392269
275261
178272
99863
180904
44423
74330
315371
628138
510569
175776
49840
32006
12836
272504
529770
561513
317698
90266
97496
42703
543056
601317
388006
115581
538771
591998
220939
94564
33622
53957
29830
30494
87535
318427
292958
486112
418764
329960
297465
173025
79065
24728
25581
11630
43397
15444
8209
204761
820791
1115
698867
321450
263187
154816
254825
436519
289196
88614
31674
34101
242161
313960
459990
242994
367707
574524
321888
344336
521572
616401
653793
1019505
602591
215352
413050
918964
797741
71675
933986
1005800
581708
267461
136831
199582
360030
440034
549470
257555
879805
126761
701558
921345
438043
416466
210056
153980
384908
69694
272212
260633
489038
54214
247290
972339
12600
56119
878675
370566
327424
491355
259123
112361
385173
742902
384326
318434
764365
16895
43140
5165
423
93
15873
216870
11759
785748
407468
265349
224841
192292
142701
222556
181348
232287
110392
50485
148324
106972
175289
54197
60869
7956
215843
534779
512809
291515
108930
37300
40306
37394
15110
43378
36124
153439
60608
78265
285328
421047
475688
432772
406761
462929
409673
151437
76502
134883
842407
810965
383888
298909
248985
181145
128457
186539
257626
372782
280978
444824
127947
340159
270266
343033
298637
802471
730679
203802
257123
53386
189208
907138
612827
179985
40517
89014
111181
372120
753722
799964
737476
312265
229508
252558
314432
464442
315973
408251
621101
480302
583722
941507
559077
148437
51133
172671
26699
72788
87145
513821
111777
489699
528471
414491
96304
131870
5168
29229
2971
6056
86002
1922
286
0
0
0
0
0
0
0
0
0
0
0
1548
809041
439685
609056
776548
673996
176677
137722
882620
7185
1764
789
136
1141
534596
18025
81885
845
25
0
0
0
0
0
0
3397
346721
693555
585589
233176
205788
432238
511428
841948
1129890
291778
20369
30938
5814
916433
508428
822089
530973
683121
437943
466219
757943
696018
612152
311748
210335
176511
243997
517486
582767
459174
323239
630538
768513
557849
337868
296765
81893
455707
794805
1107369
607563
180170
37449
4186
1056
306
0
0
0
8379
109517
3235
282
247
1939
943861
305093
473237
774833
338480
112520
101108
876892
1119246
591152
158874
14952
27949
3669
513
0
6634
811325
235531
194372
208709
150151
207692
358799
473724
562663
321247
437031
100238
715691
10033
807248
435700
663762
45537
856012
798419
679529
198127
355618
1207887
902385
695418
372923
137994
223192
306995
383172
501997
321967
853558
693235
251283
425724
415402
256306
1010073
859291
451668
169784
129806
664268
848766
840554
635149
282371
267760
384355
438017
371983
534554
431397
424002
295390
338758
587710
251237
563246
10231
3581
28639
696028
249615
120117
136274
302185
315235
149393
432457
291140
235175
401159
550751
721847
515081
205987
191248
402471
662618
652691
582333
712480
691658
636360
295507
106590
51285
67837
289537
279275
535459
179676
419860
313887
238814
344579
242116
321160
330228
398839
255240
92107
267420
428271
330092
699063
578958
82440
302707
273695
321493
239365
447271
542853
431193
154548
631296
570905
219077
217622
267942
195179
261429
222820
416859
663572
51999
255773
338900
331134
458043
387174
237152
49916
196226
610709
339471
560223
485700
574663
465741
514009
23208
474236
132617
426649
285832
163241
327866
95481
134309
144964
264080
121281
78605
256452
361451
327444
466196
490581
527150
494467
469681
451147
278453
233444
315683
221236
469028
578186
537687
313978
484086
473847
331917
142500
383381
466564
202272
131757
313104
387023
416446
361517
364086
440203
355718
171112
126440
257507
365348
238372
139000
69258
72577
191054
90842
45110
42362
395147
541749
243876
89706
35559
53385
85765
21898
16936
44933
249929
277208
184960
258778
149955
429715
135855
465382
200758
462857
168377
445794
5888
431629
252227
351951
239843
291192
427667
139832
124401
135711
216026
277399
128707
193407
332482
546913
329682
149784
79554
151765
141783
98764
104247
91441
137556
219753
362163
700454
10465
692614
349296
204986
144846
124488
329170
364226
303629
433552
487066
583235
359206
10086
1711
255
0
0
0
0
0
0
0
0
0
5513
82953
2953
273
0
1210
756778
339484
250488
82573
105246
147415
72797
117619
332523
150441
243485
228337
277855
372729
274419
178456
307968
247332
33066
611803
368329
138033
206007
248416
144657
112810
87116
127378
312887
389945
459536
296537
347601
68946
11222
1704
162
168
0
20481
86409
8109
652
0
0
0
0
0
0
0
64941
2410
142
0
0
39777
516
44
0
0
0
0
0
0
0
0
0
0
0
0
0
0
0
0
0
0
0
0
0
0
0
0
0
0
0
0
0
0
0
0
0
0
0
0
1917
1818
984
956
650
0
47280
2283
142
0
0
0
0
0
0
0
0
0
0
0
1625
1818
984
956
384
0
