180	202
203	212
213	296
310	328
329	354
366	392
401	426
438	520
524	532
540	551
552	556
557	605
617	742
747	784
789	822
824	832
839	845
849	859
884	890
896	900
942	951
960	1060
1063	1086
1099	1228
1248	1314
1317	1386
1395	1409
1410	1414
1423	1427
1475	1482
1507	1530
1533	1550
1551	1648
1649	1674
1694	1708
1729	1793
1796	1912
1919	1924
1927	1940
1942	1948
1949	1985
1995	2001
2008	2010
2019	2022
2029	2046
2049	2057
2068	2074
2079	2180
2188	2194
2199	2240
2248	2327
2333	2406
2414	2419
2427	2430
2450	2454
2499	2510
2652	2658
2659	2665
2666	2740
2753	2824
2829	2991
2992	3031
3033	3125
3135	3144
3151	3155
3201	3210
3217	3321
3337	3357
3365	3534
3538	3546
3554	3560
3566	3567
3605	3615
3710	3788
3809	3814
3859	3880
3885	3892
3899	3905
3914	3919
3949	3953
3954	3993
3994	3996
4004	4312
4319	4340
4344	4574
4575	4667
4668	4686
4694	4738
4744	4745
4749	4759
