0
0
0
0
0
0
0
0
0
0
0
0
0
0
0
0
0
0
0
0
0
0
0
0
0
0
0
0
0
0
0
0
0
0
0
0
0
0
0
0
0
0
0
0
0
0
0
0
0
0
0
0
0
0
0
0
0
0
0
0
0
0
0
0
0
0
0
0
0
0
0
0
0
0
0
0
0
0
0
0
0
0
0
0
0
0
0
0
0
0
0
0
0
0
0
0
0
0
0
0
0
0
0
0
0
0
0
0
0
0
0
0
0
0
0
0
0
0
0
0
0
0
0
0
0
0
0
0
0
0
0
0
0
0
0
0
0
0
0
0
0
0
0
0
0
0
0
0
0
0
0
0
0
0
0
0
0
0
0
0
0
0
0
0
0
0
0
0
0
0
0
0
0
0
0
0
0
0
0
0
0
11
21
22
23
25
23
14
0
19
0
0
6
0
18
20
5
0
0
5
1
14
22
0
21
12
0
20
4
18
15
0
5
5
15
21
23
23
5
22
0
25
21
22
22
18
20
14
24
3
23
23
22
19
19
22
11
7
52
352
280
144
64
108
395
737
710
0
117
113
60
77
587
604
905
413
412
302
33
23
23
22
358
620
228
190
415
735
198
160
710
25
17
54
406
320
223
308
819
828
181
24
313
93
267
738
189
431
752
479
350
0
0
0
0
0
0
0
0
0
0
0
0
0
0
0
77
0
0
0
0
0
0
7945
11519
9697
10160
10131
0
3519
8824
6456
0
0
0
0
0
0
0
0
10
22
24
23
22
309
242
90
290
224
668
0
0
6
0
0
0
40
0
0
0
0
0
0
0
0
0
0
0
0
0
0
0
0
0
0
0
0
0
0
0
0
0
291
45
304
198
99
29
0
0
0
0
0
0
0
0
0
0
0
0
0
0
0
0
0
0
0
5
7
7
6
8
10
294
104
351
123
196
173
169
90
140
213
181
0
0
0
0
0
0
0
0
0
0
0
0
0
0
0
0
0
0
0
0
0
0
0
0
5
2
70
141
189
19
13
71
75
10
13
531
150
582
593
429
360
415
389
487
249
128
254
185
319
172
191
12
11
10
68
56
381
394
592
84
11
11
10
303
258
288
173
281
286
0
0
0
0
0
0
0
0
0
0
0
15
13
10
10
11
2
14
11
314
146
520
407
313
92
0
0
0
0
0
0
0
0
0
0
0
0
0
0
0
0
0
0
0
0
0
0
0
0
0
0
0
0
0
0
0
0
217
51
14
114
16
13
10
117
93
232
305
23
205
16
184
14
33
295
568
1231
1202
803
660
0
382
349
17
11
12
18
4
191
11
115
16
9
3
100
153
134
12
20
13
18
2
11
5
333
844
1179
831
280
15
7
11
356
149
290
11
0
2
0
0
0
0
0
0
0
0
0
0
0
16
25
575
241
276
535
726
507
423
28
0
0
0
0
0
0
0
0
0
0
0
0
695
0
0
0
47
11
11
11
12
9
349
89
412
241
165
305
479
208
17
0
0
1
0
0
215
286
325
275
147
11
112
2
2
20
92
87
79
121
539
18
7
6
8
9
11
12
49
405
103
118
217
274
104
0
0
3
0
0
0
0
5
375
62
69
103
5
20
27
5
8
9
4
2
8
2
2
13
13
10
313
231
534
480
719
1026
1173
670
333
143
12
72
41
350
976
1030
376
40
18
332
163
246
0
0
0
0
0
0
0
0
0
0
0
0
4
10
10
6
35
353
156
461
263
241
6
0
0
0
0
12
8
11
12
1
1
20
359
81
94
417
90
108
0
0
0
0
0
0
0
0
0
0
17
9
0
1
5
7
10
9
14
14
14
388
145
181
101
337
377
171
2
4
330
560
944
6
4
15
11
289
232
725
445
353
11
0
0
0
0
0
0
0
0
0
0
0
0
0
0
0
0
0
0
0
0
0
0
0
0
0
0
0
0
0
0
0
0
0
0
0
0
0
0
0
0
0
0
0
0
0
0
0
0
0
0
0
0
0
0
0
0
0
0
0
0
0
0
0
0
0
0
0
7
0
0
0
0
37
0
0
0
0
152
395
590
553
477
817
3560
2058
469
470
482
1895
3667
474
481
2527
449
478
744
475
470
853
1034
1057
481
468
462
6132
447
436
453
468
4102
5017
455
466
3509
1143
2107
482
527
2059
2221
596
800
2
0
0
46
0
0
232
0
0
0
0
0
0
0
0
0
0
0
0
0
145
143
0
24
22
19
24
25
376
250
350
212
27
315
407
998
81
373
35
88
390
305
749
130
570
454
355
499
24
72
483
179
266
214
282
333
6
0
241
0
0
576
19
22
21
50
399
254
854
377
288
40
14
289
926
1024
196
10
53
257
861
289
646
817
225
1164
0
0
0
708
23
18
21
526
15
135
305
306
111
0
0
0
0
0
0
0
0
298
0
0
0
10196
17040
12416
0
0
0
0
0
0
0
0
0
0
0
0
0
0
0
0
10
20
21
0
0
0
0
0
0
11
0
0
0
0
0
0
0
0
0
0
0
0
0
0
0
0
0
0
0
0
0
0
0
0
7
0
11
10
10
350
235
823
893
318
6
0
0
0
0
0
6
9
7
9
170
17
515
298
938
911
808
62
0
7
245
118
259
108
15
277
79
20
89
289
508
276
171
167
623
476
10
10
12
490
463
8
8
10
3
2
284
167
301
11
12
322
216
526
149
290
5
0
0
0
0
7
12
7
0
0
192
37
263
0
0
0
0
285
34
10
8
38
353
306
1247
1233
950
847
81
0
186
29
327
84
196
273
62
61
356
836
1575
621
8
340
293
548
179
0
10
0
0
0
0
0
0
0
0
0
0
0
0
0
0
0
0
0
0
0
0
0
0
0
0
14
9
8
10
10
17
333
95
257
157
242
324
160
11
0
0
0
0
0
16
13
14
15
10
385
339
165
255
218
77
0
0
202
204
11
130
314
582
1301
1534
1027
568
44
0
0
0
0
0
45
407
362
50
11
11
474
1108
1497
270
278
626
488
425
13
74
15
0
0
0
0
0
0
0
0
0
82
8
12
14
13
11
7
8
10
13
297
206
523
393
386
256
14
0
0
0
0
11
10
11
10
12
13
12
338
331
305
63
479
289
237
8
338
575
1001
4
9
23
333
325
228
7
6
13
468
390
430
438
12
3
6
12
12
465
88
415
209
114
0
0
0
0
0
0
0
0
0
0
0
0
0
0
0
0
0
0
0
0
0
0
0
0
0
0
0
0
0
0
0
0
10
0
0
0
0
0
410
2
0
0
0
0
227
372
480
593
1924
2051
781
1620
495
462
421
864
459
474
462
487
5283
476
469
474
1473
2118
453
465
781
640
774
479
468
625
5397
720
1925
462
3730
523
4389
825
441
456
956
5175
590
1915
514
509
986
692
673
617
776
1
0
0
24
0
0
0
0
0
0
240
0
0
0
0
0
0
0
0
0
0
0
0
0
0
0
0
0
0
0
0
0
0
148
148
24
0
0
23
21
15
22
22
20
15
21
21
23
27
6
23
0
24
25
22
10
25
23
25
25
21
0
26
26
10
22
21
17
18
18
17
6
24
16
13
20
18
348
480
196
177
78
89
469
965
268
67
416
26
21
61
382
299
790
467
788
362
174
24
23
23
347
413
215
277
556
233
243
0
0
643
20
20
25
26
32
371
317
406
584
570
151
230
314
35
704
1069
213
23
272
205
518
279
674
331
17
504
760
447
747
0
0
0
0
1007
25
21
23
26
334
191
104
10
575
199
582
0
0
6
0
0
0
0
0
0
0
180
0
0
0
0
0
0
0
0
0
0
0
0
0
4
9
9
65
603
1101
935
3
0
16
0
0
0
0
0
0
0
0
0
0
0
0
0
0
0
0
0
0
0
0
0
0
0
0
0
0
0
0
0
0
0
0
0
0
0
0
0
0
0
0
0
0
0
0
0
0
0
0
0
0
0
0
0
0
0
0
0
0
0
0
0
0
0
0
0
14
11
10
12
18
21
52
515
856
1296
446
0
14
7
46
429
240
315
10
11
11
19
452
356
185
47
43
20
12
9
111
465
301
614
404
449
35
1
0
0
0
0
76
7
355
366
8
21
11
101
753
539
1513
1479
1169
233
0
0
0
0
0
0
0
0
0
0
0
250
11
11
13
21
11
13
6
0
2
5
469
142
16
89
787
203
576
674
10
203
180
206
212
365
52
205
40
80
30
11
18
4
24
50
77
103
24
0
67
47
119
1039
759
0
0
0
711
10
10
9
11
12
295
200
473
465
9
264
328
298
0
0
15
0
109
505
159
233
445
498
1809
1516
1420
431
340
13
15
13
272
116
342
292
192
101
0
300
333
46
25
990
187
854
384
237
0
219
87
6
10
9
329
411
702
409
35
7
0
0
0
0
0
0
0
0
0
0
0
0
0
0
0
0
0
0
0
0
0
0
0
0
19
17
8
0
0
0
0
0
0
0
0
0
0
0
0
8
15
12
10
12
4
7
55
341
349
208
11
558
448
835
388
1
6
354
389
1257
103
6
9
12
12
14
9
10
11
12
328
266
466
522
508
305
9
0
0
0
0
0
0
0
0
0
0
0
0
0
0
0
0
0
0
0
0
0
0
0
0
0
0
0
0
0
0
0
0
0
0
0
0
0
0
0
0
0
0
0
0
0
0
0
0
0
12
8
11
56
425
10
102
410
30
129
0
0
5
0
0
0
0
0
0
0
0
0
0
0
0
0
0
0
0
0
0
0
0
0
8
0
0
0
0
0
0
0
0
0
0
0
0
0
0
0
0
0
10
10
11
5
9
9
11
14
23
17
17
23
22
23
28
22
18
6
5
16
13
7
15
23
13
9
18
10
4
1
4
2
2
11
2
3
15
22
16
53
313
492
643
14
17
242
3
16
27
26
12
16
0
0
5
337
185
140
123
164
196
369
197
203
740
23
73
496
832
172
17
302
26
24
22
366
205
239
439
22
140
82
731
281
548
0
0
5
0
0
0
0
0
0
0
0
0
0
0
0
0
0
0
0
0
0
0
0
0
0
0
0
0
0
0
0
0
0
0
0
0
303
63
305
19
0
407
774
545
699
21
216
0
0
1265
360
469
103
411
0
0
1394
0
964
401
222
7
2
8
237
0
0
0
0
0
0
0
0
0
0
0
0
0
0
0
0
0
0
0
0
0
0
0
0
0
0
0
0
0
0
0
0
287
0
156
358
11
13
0
0
0
0
22
325
302
548
79
0
0
0
31
558
205
391
156
20
204
303
544
500
298
294
171
533
538
330
275
465
330
277
356
312
317
142
935
664
591
199
459
366
415
395
721
269
140
296
289
107
216
0
0
0
0
0
0
245
30
170
403
467
212
211
158
184
529
909
314
378
114
8
21
15
50
393
673
380
105
405
234
22
0
27
345
201
364
22
22
40
21
19
22
50
352
571
693
59
38
57
402
518
548
20
431
672
465
634
0
0
2
0
0
0
0
0
0
0
0
0
915
60
591
304
298
83
779
0
0
0
0
0
0
0
0
0
0
0
0
0
0
0
0
0
0
0
0
0
0
0
0
0
0
0
0
0
0
0
0
0
0
0
0
0
0
0
0
0
12
0
0
0
0
4
498
0
0
0
0
0
370
827
676
407
802
1865
1393
439
440
1337
636
5858
2815
2077
2466
1738
458
463
466
2630
2118
455
450
1156
2053
486
477
692
1209
487
6863
463
457
479
2091
1069
3133
494
1514
435
3241
468
4824
452
455
475
1198
451
673
424
8
0
0
39
0
0
222
0
0
0
0
0
0
0
0
0
0
0
0
0
0
0
0
0
0
0
0
0
0
0
0
0
0
0
0
0
0
0
0
0
0
0
0
0
0
0
0
0
0
0
0
0
0
0
0
0
0
0
0
0
0
0
0
0
0
0
0
0
0
0
0
0
0
0
0
0
0
0
0
0
0
0
0
0
0
0
0
0
0
0
0
0
0
0
0
0
0
0
0
0
0
0
0
0
0
0
0
0
0
0
0
0
0
0
0
0
0
0
0
0
0
0
0
0
0
0
0
0
0
0
0
0
0
0
0
0
0
0
0
0
0
0
0
0
0
0
0
0
0
0
0
0
0
140
151
22
24
25
15
5
25
13
23
25
25
27
23
0
22
25
25
22
2
27
30
24
20
22
18
22
22
6
21
25
6
10
26
24
342
182
460
455
623
627
336
487
392
42
48
22
329
374
1138
322
495
30
23
319
122
409
777
109
354
359
511
167
368
29
24
31
453
459
306
24
31
12
12
159
0
0
0
0
0
0
0
0
0
0
0
0
0
0
0
197
0
0
0
0
0
659
0
0
0
10
20
22
24
25
347
324
528
49
328
922
245
0
0
5
0
0
0
192
23
25
21
13
20
23
21
20
22
22
24
16
23
19
20
360
424
242
146
60
330
663
727
47
380
34
78
470
259
305
722
801
394
341
857
575
23
57
412
105
184
504
505
168
0
0
2
0
0
0
0
0
0
0
0
0
0
0
26
23
22
22
46
601
1164
851
0
0
8
0
918
412
929
23
24
20
18
20
20
335
825
102
160
169
82
487
499
660
143
1253
0
0
0
595
241
342
76
38
20
0
0
0
0
0
308
508
216
729
757
104
20
23
347
345
519
325
159
1268
112
310
572
23
22
0
0
0
0
0
21
19
21
24
375
166
139
330
205
977
0
0
1
0
0
777
27
149
115
160
563
0
788
166
220
24
452
266
1026
24
422
513
140
94
726
45
19
19
61
645
433
276
333
22
353
170
398
270
561
954
42
362
374
586
1245
985
16
799
463
674
482
656
187
408
499
0
920
159
847
296
51
33
11
18
13
9
32
40
35
79
322
17
36
114
17
23
60
981
62
316
73
41
567
377
720
371
418
212
20
19
53
464
28
170
535
0
138
1247
794
576
221
269
849
1247
612
585
581
1350
465
34
161
320
228
466
1436
872
471
289
231
873
1039
1057
371
873
577
420
486
671
503
203
570
467
22
12
526
593
658
1274
141
1358
973
32
1216
498
801
28
16
5
345
1250
1449
572
23
105
64
1155
1729
119
405
1071
1097
277
58
742
128
113
7
24
337
670
453
81
415
355
22
20
62
456
163
413
18
20
32
22
22
24
25
327
729
761
9
235
56
111
363
126
121
21
392
71
717
679
310
376
24
6
0
0
0
0
0
0
0
0
0
0
0
0
0
0
0
0
0
0
0
0
0
0
560
0
0
0
0
0
0
57
0
0
0
0
0
639
1219
1182
761
1310
2227
775
869
1122
1228
478
458
551
2162
474
1088
461
1065
2440
1459
448
454
1198
703
978
479
491
861
5882
474
472
1043
740
1934
675
1337
1825
2326
1149
611
949
610
1057
1963
1124
2943
1456
664
882
7
0
0
24
0
0
231
0
0
0
0
0
0
0
0
0
0
0
12
24
21
21
23
22
26
27
23
19
22
334
234
525
709
765
369
414
415
228
433
607
1167
74
198
349
202
539
358
295
686
718
699
21
33
320
256
428
84
349
31
21
24
20
20
331
229
473
152
138
32
19
309
519
613
2
39
220
6
163
24
9
24
20
0
0
0
377
17
19
21
144
513
470
483
482
425
884
417
21
0
0
24
24
25
22
20
322
230
131
22
516
192
112
465
23
25
18
0
0
0
0
0
0
0
0
0
9
0
0
0
0
0
0
0
0
0
0
0
0
149
149
13
170
159
9
10
10
10
69
372
641
1136
604
6
19
0
0
0
0
0
478
478
270
637
981
126
80
591
0
532
436
679
115
144
788
10
12
42
20
9
8
0
0
0
10
13
305
148
624
4
8
346
225
572
292
220
12
0
89
25
10
98
289
619
1308
271
499
517
286
310
73
140
7
977
540
669
9
730
27
11
45
4
1
2
0
11
66
828
11
681
1089
4
0
9
1
98
727
207
430
709
110
10
351
0
324
13
12
11
59
524
373
584
66
398
50
13
8
9
377
368
182
0
0
13
0
0
397
4
0
680
254
180
0
163
9
8
12
328
238
428
420
8
356
288
178
6
0
20
13
12
16
13
12
17
58
442
150
258
200
408
461
299
12
11
8
11
381
632
1088
40
12
21
11
10
416
491
236
7
336
153
549
316
476
16
0
0
0
0
0
0
0
0
0
0
0
0
0
0
0
0
0
0
0
0
0
0
0
0
0
0
0
0
0
0
0
0
9
0
0
0
0
3
30
0
0
0
0
143
367
553
3439
791
2180
1016
476
453
459
1160
5284
491
491
523
2511
471
484
475
707
1463
1384
471
469
514
2280
929
474
460
547
1065
455
488
988
3826
1894
451
540
515
3
0
0
36
0
0
60
0
0
0
0
0
0
0
0
0
0
0
0
0
0
0
0
0
0
0
0
0
0
0
0
0
0
0
0
0
0
0
0
0
0
0
0
0
0
0
0
0
0
0
0
0
0
0
0
0
0
0
0
0
0
0
0
0
0
0
0
0
0
0
0
0
0
0
0
0
0
0
0
0
0
0
0
0
0
0
0
0
0
0
0
0
0
0
0
0
0
0
0
0
0
0
0
0
0
0
12
23
25
26
24
23
24
430
640
808
663
450
33
23
296
281
367
310
729
649
187
67
39
26
468
514
595
239
620
116
19
19
24
349
311
504
159
323
375
70
28
717
21
21
22
22
21
23
23
314
91
527
587
508
789
247
220
19
18
312
206
392
491
733
196
82
20
682
434
387
499
579
11
0
0
0
0
0
0
0
0
0
0
0
0
0
0
0
0
0
0
0
0
0
0
0
0
0
0
0
0
0
0
0
0
0
0
0
0
0
0
0
0
0
0
0
0
0
0
0
0
0
0
0
0
0
0
0
0
0
0
0
0
0
0
0
0
0
0
0
0
0
0
0
0
0
0
0
0
770
6
14
35
29
0
2
4
2
0
136
963
403
39
0
0
0
0
0
0
0
0
0
0
0
0
0
0
0
0
0
0
0
0
0
0
0
0
0
0
0
0
0
0
0
0
0
0
0
0
0
0
0
0
0
0
0
0
0
0
0
0
0
0
0
0
0
0
0
0
0
0
0
0
0
0
0
0
0
0
0
0
0
0
0
0
0
0
0
0
0
0
0
1223
408
223
358
60
208
192
60
24
130
119
61
111
914
421
434
754
293
290
676
291
414
73
16
6
11
18
192
101
17
10
16
5
48
5
9
39
5
15
6
7
7
6
0
22
256
26
52
8
22
20
16
7
0
0
0
12
2
20
22
106
306
31
96
411
70
19
44
0
0
0
0
0
0
0
0
0
0
0
76
733
212
144
136
187
19
6
0
0
0
0
0
0
0
0
0
0
0
0
0
0
0
1
0
0
2
14
119
0
0
0
0
0
498
38
309
80
208
181
379
11
309
266
200
304
65
21
30
11
17
172
738
525
130
0
0
0
292
515
588
282
0
0
2
362
407
289
14
594
662
101
1
0
0
0
0
0
96
402
339
66
121
204
21
25
2
4
0
3
1
0
25
307
0
22
22
23
23
20
19
20
24
6
0
339
165
393
101
419
423
426
406
228
575
628
1160
836
41
163
693
870
18
958
1328
624
159
59
62
542
468
491
302
1035
89
789
1172
248
122
98
58
383
59
113
114
479
8
156
1111
0
10
613
22
83
540
171
175
114
578
520
223
253
0
2
0
0
0
0
0
0
308
458
138
71
67
13
51
73
120
18
14
28
30
22
5
1
0
121
622
646
308
21
5
4
3
0
5
0
11
15
17
116
310
274
20
20
17
127
18
19
40
609
408
47
20
22
22
23
24
339
148
385
262
275
179
85
43
303
273
827
342
57
7
36
865
403
64
7
26
22
235
483
393
201
273
135
386
228
577
186
384
443
676
684
988
92
25
6
0
6
25
26
447
137
145
486
274
151
0
0
2
0
0
0
0
0
0
0
0
0
0
0
0
0
0
0
0
0
350
193
378
342
20
29
57
848
0
0
0
0
0
718
0
0
0
0
0
0
0
0
0
0
0
4
8
10
11
9
10
325
585
1270
686
0
15
0
919
465
489
11
9
179
152
9
6
6
8
10
13
337
222
612
353
177
19
287
223
167
48
12
510
412
1229
878
55
7
0
0
0
0
0
0
0
0
0
0
0
0
590
205
351
565
230
7
13
1019
1282
1116
0
0
5
0
0
0
0
438
8
9
9
10
51
277
339
472
39
371
68
63
0
455
400
361
7
628
343
834
114
306
1501
846
9
9
11
337
121
213
240
185
89
5
34
201
351
13
1308
676
335
61
36
323
588
529
12
13
10
376
369
250
11
398
111
441
5
283
267
155
0
0
6
4
8
9
9
302
155
171
294
250
151
12
11
13
8
7
10
9
7
4
12
21
13
11
8
11
11
12
326
124
323
375
167
51
10
268
120
266
104
245
294
32
5
9
271
224
870
168
6
25
12
358
163
548
314
137
8
8
9
273
129
168
227
158
132
5
1
8
0
4
3
3
6
1
9
9
1
2
1
7
12
6
0
6
3
4
10
8
4
8
4
3
10
10
7
6
4
4
4
0
0
5
7
7
5
0
5
11
14
9
0
4
8
13
14
12
6
7
15
15
13
8
9
12
9
7
6
10
13
13
5
0
8
14
9
7
3
5
7
12
13
14
14
3
5
0
0
0
0
2
5
7
10
5
0
0
1
0
4
9
4
0
1
0
1
0
0
0
0
0
0
8
11
7
3
0
4
10
10
10
14
16
13
12
10
4
4
6
11
0
13
10
9
10
15
351
203
427
102
346
384
151
0
0
0
0
0
0
0
0
0
0
0
0
0
0
0
0
0
0
13
9
8
10
13
13
11
11
356
96
139
86
155
201
353
212
9
10
42
471
408
269
5
10
16
11
15
28
317
210
387
229
225
1
0
0
0
0
0
0
0
0
0
0
0
0
0
0
0
0
0
0
0
0
0
0
0
0
0
0
0
0
0
0
0
0
0
0
0
0
0
0
0
0
0
0
0
0
0
0
0
0
0
0
0
0
0
0
0
0
0
0
0
0
0
0
0
0
0
0
0
0
0
0
0
0
0
0
0
0
0
0
0
0
0
0
0
0
0
0
