0
0
0
0
0
0
0
0
0
0
0
0
0
0
0
0
0
0
0
0
0
0
0
0
0
0
0
0
0
0
0
0
0
0
0
0
0
0
0
0
0
0
0
0
0
0
0
0
0
0
0
0
0
0
0
0
0
0
0
0
0
0
0
0
0
0
0
0
0
0
0
0
0
0
0
0
0
0
0
0
0
0
0
0
0
0
0
0
0
0
0
0
0
0
0
0
0
0
0
0
0
0
0
0
0
0
0
0
0
0
0
0
0
0
0
0
0
0
0
0
0
0
0
0
0
0
0
0
0
0
0
0
0
0
0
0
0
0
0
0
0
0
0
0
0
0
0
0
0
0
0
0
0
0
0
0
0
0
0
0
0
0
0
0
0
0
0
0
0
0
0
0
0
0
0
0
0
0
0
0
0
5
4
6
7
6
7
7
7
9
9
9
7
7
7
7
9
9
9
9
9
7
8
8
8
9
9
5
7
7
7
7
7
7
7
5
7
7
6
4
4
6
7
7
8
8
6
4
8
7
8
8
6
6
7
7
6
7
35
277
456
432
442
445
702
1275
1485
1478
1471
1473
1482
1540
1847
2032
2454
2757
2915
2950
2951
2953
2951
2952
3195
3705
3593
3647
3991
4240
4153
4126
4181
4172
4170
4204
4486
4703
4657
4748
5316
5698
5612
5605
5639
5613
5670
6033
6122
6371
6826
7108
7111
7112
7111
7111
7111
7111
7111
7111
7111
7108
7104
7103
7103
7103
7103
7103
7118
7118
7118
7118
7118
7118
7117
7129
7114
7133
7107
7106
7106
7113
7107
7106
7106
7107
7120
7120
7120
7120
7120
7120
7128
7126
7125
7128
7128
7324
7458
7477
7629
7711
7901
7900
7900
7891
7889
7888
7888
7888
7896
7897
7899
7899
7899
7899
7899
7899
7899
7899
7899
7899
7891
7891
7891
7890
7891
7891
7891
7891
7891
7891
7891
7891
7888
8068
7913
8071
8222
8307
8324
8323
8322
8321
8321
8321
8326
8326
8326
8390
8390
8390
8391
8391
8391
8391
8391
8391
8384
8384
8365
8368
8352
8348
8349
8350
8555
8551
8784
8939
9148
9303
9489
9603
9775
9948
9871
9870
9869
9872
9870
9874
9875
9875
9875
9875
9875
9875
9875
9875
9875
9875
9875
9875
9875
9875
9875
9874
9874
9874
9874
9909
9909
9896
9882
9898
9911
9910
9893
9882
9878
9882
10108
10221
10532
11089
11494
11821
12216
12526
12822
12783
12781
12895
12872
13068
13179
13348
13364
13436
13444
13380
13373
13583
13692
14101
14140
14160
14161
14163
14377
14600
14708
14825
15114
15225
15226
15226
15224
15223
15223
15223
15223
15223
15228
15228
15228
15286
15287
15288
15273
15264
15262
15248
15241
15467
15605
15877
16195
16524
16638
16641
16644
16647
16648
16648
16648
16648
16661
16661
16661
16661
16661
16661
16661
16661
16661
16660
16660
16660
16656
16656
16656
16656
16656
16656
16656
16656
16656
16656
16656
16656
16658
16684
16677
16682
16698
16707
16711
16707
16697
16679
16673
16706
16711
16679
16688
16707
16709
16715
16900
17135
17527
18265
18979
19475
19494
19473
19482
19454
19446
19441
19432
19425
19537
19464
19480
19484
19492
19485
19540
19521
19545
19536
19525
19503
19483
19483
19484
19498
19735
19937
20283
20586
20865
20873
20869
20862
21068
21099
21233
21260
21250
21239
21239
21239
21239
21239
21239
21239
21239
21239
21239
21239
21237
21272
21227
21227
21240
21222
21204
21237
21213
21197
21209
21209
21218
21218
21218
21218
21218
21219
21215
21211
21211
21211
21211
21223
21234
21234
21235
21293
21292
21292
21295
21293
21293
21526
21530
21764
22009
22204
22492
22918
22818
22828
22831
22829
22828
22828
22827
22851
22811
22845
22809
22825
22814
22811
22807
22803
22814
22821
22809
22810
22816
22849
22904
22841
22886
22911
22911
22912
22913
22953
23225
23224
23222
23381
23636
23624
23622
23621
23615
23613
23613
23613
23613
23708
23698
23684
23703
23717
23725
23724
23727
23726
23730
23733
23731
23736
23728
23727
23727
23726
23724
23723
23921
24048
24362
24765
25050
25410
25903
26481
26474
26460
26453
26425
26417
26701
27219
27723
28019
28042
28026
28246
28361
28465
28466
28466
28464
28462
28463
28463
28463
28463
28485
28484
28484
28484
28568
28565
28567
28567
28599
28841
28898
29182
29496
29710
29703
29704
29704
29704
29703
29796
29796
29791
29793
29795
29805
29827
30086
30067
30064
30335
30353
30352
30356
30356
30355
30357
30355
30355
30355
30355
30355
30355
30306
30299
30295
30334
30376
30280
30296
30383
30387
30385
30387
30655
30712
30805
30909
31266
31601
31759
31796
31831
32078
32527
33197
33207
33218
33247
33237
33398
33610
34079
34459
34842
34868
34871
34871
34871
34871
34871
34871
34867
34866
34866
34867
34867
34867
34867
34867
34867
34867
34867
34867
34867
34867
34868
34869
34869
34870
34870
34870
34870
34870
34870
34870
34870
34872
34872
34877
34877
34877
34877
34876
34876
34876
34876
34876
34876
34876
34876
34870
34870
34870
34870
34870
34870
34870
34870
34870
34870
34870
34870
34870
34870
34870
34870
34870
34870
34870
34870
34870
34869
34922
34922
34924
34924
34923
34213
34109
34102
34103
34103
34223
34235
33927
34225
33923
34035
31001
29574
29578
29570
29521
28081
25075
25065
25077
23107
23088
22981
22724
22733
22733
22529
21973
21414
21421
21428
21434
15930
15932
15927
15931
15867
12350
7969
7988
7934
5252
4830
3214
3222
3083
2038
201
292
308
193
193
193
192
191
191
0
0
0
0
0
0
0
0
0
0
0
0
0
0
125
8
9
8
8
4
8
8
245
432
476
494
499
702
1004
1678
1681
1714
1714
1700
1949
2153
2473
2556
2825
3190
3120
3177
3173
3206
3583
3667
3672
3863
4055
4021
4022
4022
3947
3948
3948
4035
4038
4037
4040
4075
4377
4499
4999
5285
5437
5434
5441
5527
6132
6608
6480
6476
6491
6591
7010
7231
7477
7984
8102
8060
8062
8062
8064
8140
8140
8136
8135
8525
8408
8418
8610
8760
8746
8745
8746
8741
8744
8742
8742
8742
8741
8769
8769
8772
8774
8757
8746
8784
8787
8787
8787
8787
8787
8787
8787
8787
8787
8787
8786
8786
8785
8800
8800
8800
8804
8806
8805
8806
8807
8807
8807
8807
8807
8801
8801
8801
8801
8801
8801
8801
8801
8801
8801
8801
8801
8799
8799
8799
8796
8794
8794
8794
8794
8795
8795
8796
8796
8791
8791
8791
8791
8791
8791
9035
9268
9784
10622
10933
10930
10940
10940
10940
10940
10940
10987
10986
10986
10986
10966
10962
11222
11490
12052
12912
13678
13711
13717
13720
13882
13913
14092
14177
14295
14261
14248
14247
14284
14475
14727
14700
14732
14714
14660
14736
14737
14728
14724
14653
14722
14711
14727
14713
14705
14703
14878
14950
15059
15062
15058
15312
15485
15798
15972
16254
16242
16242
16244
16244
16244
16275
16272
16265
16256
16253
16374
16371
16442
16445
16442
16438
16441
16484
16479
16478
16477
16488
16652
16762
17113
17834
18516
19157
19180
19188
19261
19253
19219
19202
19234
19263
19244
19201
19429
19597
20341
20915
20907
21069
21159
21605
21783
21784
21769
21770
21771
21771
21771
21775
21775
21775
21775
21775
21776
21776
21777
21775
21775
21775
21775
21785
21785
21785
21785
21785
21785
21785
21785
21782
21780
21779
21779
21779
21783
22003
21949
22114
22279
22499
22803
22994
23059
23059
23057
23067
23065
23067
22981
23032
23049
23060
23060
23284
23493
23463
23650
23837
23772
23773
23772
23848
23817
23827
23847
24054
24401
24832
25532
26084
26546
26605
26605
26605
26604
26611
26611
26602
26516
26572
26588
26561
26550
26864
27432
28239
28327
28362
28541
28752
28970
28970
28985
28989
28986
28987
28987
28987
28987
28987
28987
28987
28987
29023
29024
29034
29018
29006
29026
29027
29029
29028
29028
29219
29340
29628
30003
30358
30600
30612
30612
30613
30612
30612
30706
30707
30708
30706
30707
30730
30727
30924
31197
31211
31298
31669
31874
31776
31788
31992
32536
33192
33183
33217
33203
33432
33721
33742
33773
33794
33772
34134
34470
34680
35123
35119
35084
35171
35180
35182
35535
35511
35742
35849
35842
35842
35842
35844
35844
35844
35844
35844
35844
35844
35844
35844
35844
35848
35848
35850
35849
35848
35848
35848
35848
35849
35848
35848
35848
35891
35889
35889
35889
35889
35889
35889
35889
35926
35923
35924
35924
35923
35915
35335
35204
35198
35196
35196
35198
35200
35256
35307
35424
33694
32179
31903
30831
30823
30846
30720
30156
30156
30145
30161
29896
25116
25108
25101
25088
24090
22543
22550
22541
22360
22230
21917
21944
21925
21748
16835
16807
15285
15267
12157
11880
8104
7756
7761
7755
7283
2623
2562
1186
1158
1166
659
490
189
301
267
190
188
188
188
188
188
188
188
188
188
0
0
0
0
0
0
0
0
0
0
0
0
0
0
0
0
0
0
0
0
0
0
0
130
9
7
9
9
6
8
9
4
8
6
4
6
6
7
7
9
7
7
5
6
6
4
7
5
6
8
5
7
7
7
8
7
7
6
7
7
7
6
4
8
8
7
7
243
621
535
555
564
604
974
1659
1624
1624
1664
1659
1659
1695
1901
2052
2459
2806
3309
3382
3393
3390
3394
3393
3615
3934
3868
4075
4397
4443
4410
4412
4419
4475
4475
4472
4473
4475
4479
4751
4955
5231
5550
5937
6070
6086
6124
6144
6593
7336
7225
7221
7248
7223
7485
7675
7925
8233
8224
8449
8835
8841
8776
8777
8772
8773
8773
8850
8858
8858
8858
8858
9061
9160
9155
9161
9606
9615
9596
9596
9598
9593
9593
9592
9594
9594
9594
9594
9594
9603
9604
9604
9595
9595
9595
9595
9595
9595
9599
9600
9600
9600
9600
9600
9594
9594
9641
10169
11163
11709
11714
11714
11711
11711
11712
11712
11722
11722
11722
11722
11722
11722
11722
11722
11722
11722
11722
11722
11723
11723
11723
11723
11723
11723
11723
11723
11723
11723
11723
11723
11723
11723
11723
11723
11723
11723
11723
11723
11723
11723
11723
11723
11726
11726
11726
11726
11726
11726
11726
11726
11726
11726
11726
11726
11726
11726
11726
11726
11726
11726
11726
11726
11726
11726
11726
11726
11726
11726
11756
11756
11756
11750
11748
11746
11788
12162
12961
13880
14343
14341
14341
14342
14382
14743
14889
15022
15030
15111
15085
15046
15347
15637
15615
15615
15677
15673
15673
15673
15740
16110
16367
16820
17214
17617
17678
17646
17648
17648
17647
17648
17762
17761
17742
17777
17786
17785
17782
17834
18495
18953
19443
20395
21483
21474
21479
21477
21484
21484
21484
21484
21484
21484
21484
21484
21484
21557
21555
21555
21566
21540
21538
21527
21520
21517
21528
21587
21560
21566
21562
21560
21514
21524
21525
21572
21561
21495
21520
21507
21530
21491
21510
21549
21535
21537
21523
21518
21490
21494
21511
21523
21493
21491
21486
21483
21500
21576
21560
21499
21496
21498
21497
21496
21581
21581
21581
21581
21568
21568
21768
21918
22179
22602
22612
22717
23025
23091
23096
23095
23098
23098
23176
23134
23156
23179
23390
23850
24464
25278
26263
26630
26696
26684
26743
26745
26885
26883
27108
27319
27491
27491
27491
27394
27421
27412
27429
27503
27512
27440
27485
27507
27506
27491
27432
27474
27485
27485
27696
28038
28386
28796
28905
28889
28888
28894
28894
28894
28905
28905
28905
28905
28905
28905
28905
28905
28905
28905
28905
28905
28915
28914
28914
28914
28914
28914
28914
28914
28882
28906
28853
28853
28877
28877
28878
28876
28877
28877
28877
28877
28877
28877
28877
28952
28969
28969
28970
28969
28969
28971
29007
29226
29545
29444
29513
29858
30330
30789
31100
31132
31186
31403
31781
32691
32798
32770
32760
32795
32766
32742
32798
32823
32823
32816
33039
33250
33590
34055
34489
34781
34785
34785
34785
34785
34785
34785
34785
34785
34785
34785
34785
34785
34810
34809
34809
34805
34805
34805
34805
34805
34805
34804
34804
34804
34821
34820
34820
34820
34820
34820
34820
34820
34820
34820
34820
34820
34821
34820
34820
34820
34820
34820
34820
34820
34820
34820
34820
34820
34821
34820
34951
34950
34952
34989
35311
35245
35237
35533
35478
35512
35521
35520
35514
35513
35513
35513
35513
35513
35513
35513
35513
35511
35513
35512
35512
35512
35511
35511
35511
35511
35511
35511
35511
35509
35544
35543
35543
35543
35543
35543
35544
35546
35546
35546
35546
35546
35551
35550
35550
35550
35550
35550
35555
35459
35445
35442
35437
35468
35471
35487
35478
35474
35454
35477
35476
35454
35444
35451
35469
35467
35450
35428
35416
35410
35410
35420
35458
35418
35416
35462
35456
35454
35474
35473
35472
35496
35499
35499
35500
35506
35510
35556
35788
35942
36096
36114
36146
36186
36189
36194
36208
36205
36212
36212
36213
36213
36222
36461
36553
36582
36699
36860
37001
37304
37452
37358
37328
37353
37433
37782
38110
38015
38039
38069
38060
38061
38049
38318
38400
38510
38726
38733
38731
38777
39230
39409
39322
39323
39322
39309
39309
39308
39307
39306
39307
39305
39308
39308
39308
39308
39308
39308
39308
39308
39298
39297
39297
39297
39297
39297
39296
39296
39296
39296
39296
39296
39297
39296
39296
39296
39296
39295
39294
39200
39194
39176
39177
39177
39281
39235
39260
39207
39167
39197
39197
39199
39212
39218
39218
39188
39205
39202
39206
39222
39224
39219
39160
39183
39170
39159
39170
39197
39210
39206
39208
39204
39205
39205
39205
39205
39205
39205
39205
39205
39195
39194
39194
39194
39194
39194
39186
39188
39189
39189
39189
39189
39191
39190
39190
39190
39190
39190
39190
39190
39213
39215
39218
39206
39251
39250
39245
39244
39245
39246
39259
39294
39301
39266
39264
39260
39256
39254
39264
39296
39302
39282
39258
39244
39251
39252
39187
39241
39290
39297
39267
39192
39232
39276
39289
39198
39177
39231
39265
39200
39194
39230
39276
39219
39230
39234
39232
39212
39220
39242
39209
39250
39282
39288
39234
39216
39238
39236
39237
39238
39238
39248
39245
39220
39239
39245
39191
39204
39251
39261
39264
39202
39219
39225
39229
39237
39232
39301
39306
39309
39331
39591
40107
40099
40096
40114
40121
40118
40133
40141
40369
40484
40466
40469
40466
40457
40458
40456
40454
40473
40744
41117
41193
41195
41210
41221
41479
41547
41912
41931
41938
42260
42422
42372
42372
42372
42361
42362
42362
42362
42362
42363
42363
42364
42369
42367
42265
42274
42278
42313
42298
42278
42365
42363
42362
42363
42362
42361
42361
42361
42361
42361
42361
42361
42361
42361
42361
42361
42362
42361
42361
42357
42358
42358
42358
42358
42358
42358
42358
42358
42372
42370
42370
42370
42370
42370
42370
42370
42370
42370
42370
42370
42372
42370
42361
42361
42361
42361
42358
42255
41565
41502
41496
41495
41338
41338
41485
41426
41375
41461
41461
40216
39374
39379
39375
38550
38413
33541
31104
29546
27548
26330
26351
26329
26299
24259
22847
22854
22820
22041
20535
20539
20520
20474
19799
19814
13604
13602
13605
13598
12021
11459
8885
8876
7848
7857
5091
5096
870
876
870
871
197
197
392
326
201
201
201
201
201
200
0
0
0
0
0
0
0
0
0
0
0
0
0
0
0
0
0
0
0
0
0
0
0
0
0
0
0
0
0
0
0
0
0
0
0
0
0
0
0
0
0
0
0
0
0
0
0
0
0
0
0
0
0
0
0
0
0
0
0
0
0
0
0
0
0
0
0
0
0
0
0
0
0
0
0
0
0
0
0
0
0
0
0
0
0
0
0
0
0
0
0
0
0
0
0
0
0
0
0
0
0
0
0
0
0
0
0
0
0
0
0
0
0
0
0
0
0
0
0
0
0
0
0
0
0
0
0
0
0
0
0
0
0
0
0
0
0
0
0
0
0
0
0
0
0
0
0
131
7
5
6
5
7
7
7
7
6
7
9
8
7
7
7
8
7
7
7
8
8
6
7
7
7
6
6
7
7
5
8
8
7
5
245
309
620
782
1193
1612
1812
1798
1855
1860
1871
1869
2103
2356
3171
3323
3366
3366
3365
3575
3572
3759
4242
4331
4489
4696
4862
4878
4926
4918
4918
4929
5291
5643
5505
5500
5507
5503
5506
5515
5514
5511
5512
5516
5516
5516
5516
5516
5512
5512
5512
5512
5512
5512
5512
5521
5521
5524
5524
5524
5521
4787
4788
4788
4787
4792
4791
4793
4791
4792
5002
5241
5341
5353
5571
6065
6049
6049
6048
6040
6038
6039
6040
6060
6061
6061
6059
6064
6066
6063
6064
6065
6062
6062
6065
6064
6052
6052
6050
6294
6607
6527
6546
6549
6724
7287
7666
7662
7698
7688
7706
8059
8243
8319
8700
9174
9522
9507
9488
9551
9557
9589
9879
9873
9932
10333
10369
10274
10274
10274
10265
10263
10277
10277
10277
10277
10277
10277
10277
10277
10277
10277
10279
10280
10273
10276
10296
10825
11817
12309
12309
12308
12302
12302
12277
12255
12354
12352
12352
12351
12354
12356
12354
12386
12893
12884
12847
12869
12922
13312
13622
13939
14029
14035
14030
14031
14030
14085
14050
14023
14026
14018
14003
14005
14006
14002
14002
14001
14045
14061
14066
14009
14062
14076
14078
14076
14302
14549
14841
15074
15139
15556
15552
15578
15625
15626
15628
15628
15628
15628
15628
15628
15621
15630
15630
15630
15864
15901
15914
16177
16243
16214
16215
16217
16212
16212
16212
16261
16267
16270
16250
16253
16215
16213
16233
16239
16262
16273
16611
16780
17243
17269
17387
17735
17696
17702
17774
17765
17765
17764
17804
18331
18561
18447
18481
18485
18712
18790
19080
19262
19661
20020
20018
20062
20089
20382
21203
21800
21805
21798
21816
21746
21736
21808
21784
21752
21811
21811
21708
21715
21739
21778
21774
21781
21783
21782
21781
21783
21772
21767
21771
21780
21800
21812
21804
21797
21791
21783
21841
22476
22429
22299
22327
22354
22605
22788
23165
23484
23611
23634
23634
23632
23673
24030
23921
23933
24345
24212
24211
24220
24178
24193
24215
24196
24189
24183
24180
24202
24195
24169
24218
24212
24190
24224
24226
24206
24176
24195
24207
24190
24172
24169
24180
24182
24180
24201
24173
24162
24194
24188
24176
24175
24180
24209
24203
24200
24169
24160
24186
24207
24187
24196
24171
24169
24184
24177
24166
24156
24146
24145
24186
24192
24184
24185
24177
24159
24147
24179
24204
24174
24219
24201
24175
24180
24191
24256
24248
24264
24264
24263
24491
25040
25149
25133
25140
25163
25158
25157
25196
25530
25607
25577
25580
25580
25575
25574
25576
25575
25585
25794
26288
26524
26529
26543
26543
26523
26778
26777
26766
26761
26775
26830
27185
27371
27434
27716
27718
27709
27709
27709
27709
27713
27715
27715
27716
27716
27716
27716
27716
27716
27716
27716
27716
27716
27718
27718
27718
27718
27719
27719
27758
27757
27757
27756
27756
27756
27746
27221
27205
27203
27205
27193
27110
27042
27223
27204
27267
27499
25525
25361
24971
24549
23889
23886
23896
23847
22188
22189
21594
21579
21263
19736
18783
18789
18788
18096
18073
17570
17571
17561
17512
12337
12350
12342
11773
11686
10288
10256
9573
8441
6665
5997
5986
5527
5513
4956
3480
3192
1137
186
337
327
208
208
208
208
213
213
0
0
0
0
0
0
0
0
0
0
0
0
7
5
5
4
8
7
7
8
7
6
8
245
434
705
976
1508
1817
1782
1821
1844
2060
2372
2989
2991
3007
3197
3299
3563
3900
3977
4244
4490
4557
4556
4553
4764
4934
5129
5128
5164
5157
5157
5158
5157
5159
5368
5508
5697
5714
5725
5706
5704
5914
6329
6603
6601
6600
6621
6622
6599
6588
6593
6594
6593
6592
6594
6594
6629
6625
6630
6631
6612
6814
6983
7252
7369
7766
8241
8455
8463
8465
8466
8464
8464
8462
8463
8463
8679
8813
8846
8850
9174
9275
9264
9328
9331
9309
9308
9307
9308
9308
9308
9308
9308
9308
9308
9307
9300
9300
9300
9300
9300
9298
9298
9298
9298
9298
9298
9298
9298
9420
9300
9298
9280
9298
9298
9298
9298
9298
9346
9638
10144
10948
11516
11541
11521
11521
11521
11521
11521
11521
11490
11539
11510
11453
11487
11465
11483
11540
11537
11474
11477
11430
11440
11471
11541
11545
11547
11537
11546
11546
11547
11547
11547
11547
11546
11536
11740
11805
12109
12116
12140
12430
12595
12911
13186
13348
13342
13351
13454
13453
13454
13460
13438
13388
13395
13428
13445
13398
13397
13413
13415
13425
13428
13388
13429
13402
13402
13367
13379
13381
13387
13399
13400
13401
13399
13399
13405
13474
13477
13403
13404
13386
13386
13388
13394
13382
13426
13428
13422
13463
13482
13482
13460
13459
13484
13484
13485
13485
13528
13935
14199
14538
14663
15005
15062
15135
15134
15137
15398
15737
15660
15657
15657
15646
15644
15646
15653
15645
15651
15650
15675
15653
15655
15625
15644
15680
15682
15908
16089
16303
16691
16689
16963
17172
17104
17103
17076
17075
17102
17119
17027
17134
17134
17145
17183
17515
17585
17699
17882
18311
18743
19011
18950
19032
19069
19084
19342
19901
20675
20713
20756
20761
20755
20737
21076
21463
21321
21321
21562
21628
22006
22336
22808
22743
22741
22746
22750
22748
22748
22772
22773
22773
22773
22773
22773
22773
22773
22773
22773
22773
22772
22761
22759
22759
22759
22759
22759
22759
22759
22759
22759
22764
22765
22751
22751
22751
22855
22852
22852
22852
22852
22753
22378
22379
22378
22339
22339
22339
22438
22539
19597
19236
17554
16937
16947
16946
16792
15977
11371
11353
11364
11144
9231
9222
9220
9231
9193
8394
7522
7519
7512
7513
5741
5196
5221
5196
5183
4632
4629
4619
4296
1561
170
196
265
177
54
54
54
54
54
54
0
0
0
0
0
0
0
0
0
0
0
0
0
0
0
0
0
0
0
0
0
0
0
0
0
0
0
0
0
0
0
0
0
0
0
0
0
0
0
0
0
0
0
0
0
0
0
0
0
0
0
0
0
0
0
0
0
0
0
0
0
0
0
0
0
0
0
0
0
0
0
0
0
0
0
0
0
0
0
0
0
0
0
0
0
0
0
0
0
0
0
0
0
0
0
0
0
0
0
0
7
7
6
5
5
8
6
364
833
1238
1253
1279
1269
1273
1459
1646
1714
1821
2335
2655
2562
2565
2577
2561
2781
2914
3198
3425
3751
3757
3759
3760
3760
4018
4221
4292
4387
4568
4742
4721
4717
4787
4789
4790
4788
4781
4780
4781
4781
4994
4924
5217
5773
6172
6553
6702
6721
6722
6723
6913
7037
7038
7365
7846
7731
7725
7736
8158
8258
8446
8856
9149
9150
9153
9153
9153
9153
9153
9153
9153
9153
9145
9145
9145
9148
9148
9148
9148
9148
9148
9148
9148
9148
9152
9152
9152
9152
9152
9152
9154
9153
9153
9153
9153
9153
9150
9150
9150
9150
9150
9150
9150
9150
9150
9150
9150
9150
9153
9153
9153
9153
9153
9153
9153
9153
9153
9153
9153
9153
9153
9153
9153
9153
9153
9153
9153
9153
9153
9153
9153
9152
9153
9153
9153
9153
9153
9153
9153
9153
9154
9148
9143
9141
9141
9142
9142
9149
9151
9149
9148
9136
9109
9117
9117
9117
9114
9114
9114
9114
9114
9114
9114
9114
9113
9114
9114
9114
9124
9124
9124
9124
9124
9124
9124
9124
9124
9124
9124
9124
9111
9111
9111
9111
9111
9111
9111
9111
9111
9111
9111
9111
9109
9109
9109
9108
9107
9107
9107
9107
9107
9107
9107
9107
9109
9109
9109
9109
9109
9109
9109
9109
9109
9109
9109
9109
9109
9109
9109
9109
9109
9109
9109
9109
9109
9109
9109
9109
9109
9109
9107
9107
9107
9121
9095
9132
9148
9135
9113
9135
9147
9144
9122
9132
9153
9122
9099
9153
9114
9130
9144
9134
9109
9127
9151
9167
9168
9169
9169
9173
9171
9164
9160
9154
9157
9160
9168
9170
9176
9183
9183
9182
9183
9183
9181
9181
9192
9188
9166
9165
9164
9163
9159
9158
9158
9157
9159
9159
9147
9143
9145
9144
9147
9163
9171
9170
9147
9127
9132
9135
9132
9122
9123
9123
9122
9123
9123
9123
9123
9123
9123
9126
9129
9138
9147
9138
9122
9120
9131
9126
9126
9125
9126
9125
9131
9131
9131
9131
9131
9131
9130
9130
9135
9134
9134
9133
9132
9132
9135
9134
9154
9155
9155
9155
9155
9155
9149
9140
9131
9129
9115
9121
9125
9123
9105
9145
9152
9138
9137
9136
9136
9134
9137
9146
9124
9116
9114
9120
9119
9118
9098
9082
9113
9121
9120
9123
9126
9124
9157
9147
9150
9164
9116
9123
9132
9132
9132
9128
9129
9130
9149
9159
9172
9185
9164
9136
9144
9145
9146
9144
9145
9139
9140
9141
9136
9193
9192
9191
9182
9183
9183
9181
9183
9183
9181
9184
9184
9406
9464
9734
9837
10099
10408
10655
10540
10557
10640
10928
11615
11858
11883
11855
11895
11851
11850
11887
11816
11876
11889
11892
11933
12221
12337
12658
12833
13425
13493
13467
13491
13500
13515
13528
13567
13844
13776
13776
13868
14252
14131
14137
14117
14120
14112
14178
14179
14238
14661
14752
14680
14771
15278
15389
15304
15338
15338
15331
15331
15331
15331
15330
15336
15336
15294
15257
15257
15265
15269
15269
15264
15263
15256
15264
15268
15262
15263
15264
15266
15259
15259
15268
15289
15253
15236
15228
15248
15247
15251
15252
15253
15249
15250
15251
15263
15270
15311
15332
15331
15328
15329
15309
15313
15311
15307
15292
15326
15332
15334
15334
15320
15321
15322
15532
15595
15750
15872
16135
16149
16162
16172
16369
16521
16928
17247
17284
17284
17284
17303
17257
17265
17264
17270
17262
17272
17325
17288
17299
17323
17305
17483
17436
17686
17879
18081
18362
18673
18672
18751
18765
18764
18765
18774
18775
18774
18773
19118
19145
19146
19461
19519
19488
19491
19489
19479
19482
19479
19481
19481
19481
19496
19496
19496
19496
19496
19496
19496
19496
19496
19496
19496
19496
19528
19493
19466
19517
19524
19520
19510
19464
19465
19465
19465
19465
19469
19520
19520
19520
19520
19520
19520
19520
19520
19520
19520
19520
19521
19521
19521
19521
19521
19521
19520
19737
20245
21161
21817
21817
21808
21808
21782
21807
21841
21843
21843
21820
21851
21845
21847
21846
21856
21836
21810
22044
22242
22596
22931
23155
23189
23158
23137
23160
23177
23171
23370
23750
24620
25448
25497
25487
25484
25487
25487
25487
25504
25503
25506
25506
25507
25507
25507
25508
25476
25495
25494
25514
25501
25499
25488
25804
26260
26934
26933
26935
26931
26929
26930
26930
26943
27023
27023
27023
27022
27022
27058
27249
27518
27790
27859
28200
28262
28362
28360
28331
28351
28323
28323
28339
28334
28278
28280
28297
28289
28331
28354
28364
28365
28576
28587
28690
28889
29026
29069
29073
29045
29017
28984
28988
28982
29030
28993
28983
28998
29014
28980
28987
29022
29040
29045
29291
29573
29536
29589
29860
29942
30266
30272
30473
30705
30651
30653
30649
30635
30695
30694
30694
30694
30874
30914
30985
31162
31277
31346
31393
31433
31382
31335
31336
31346
31410
31404
31334
31341
31389
31382
31424
31427
31426
31428
31427
31626
31663
31857
32201
32383
32448
32462
32645
32662
32824
32971
33201
33386
33442
33486
33562
33711
33916
34465
34631
34645
34661
34652
34906
35066
35360
35643
35786
35882
35900
35902
36056
36064
36164
36293
36390
36399
36315
36319
36294
36316
36338
36357
36348
36337
36330
36308
36312
36346
36322
36269
36339
36274
36297
36299
36270
36283
36286
36301
36292
36300
36302
36299
36286
36280
36288
36294
36286
36367
36369
36297
36280
36345
36398
36388
36346
36311
36348
36370
36380
36332
36301
36293
36326
36358
36391
36368
36366
36317
36313
36324
36322
36349
36372
36347
36337
36331
36326
36326
36356
36350
36319
36288
36275
36262
36263
36268
36287
36296
36290
36286
36291
36311
36304
36321
36324
36324
36320
36317
36317
36317
36326
36329
36343
36333
36314
36343
36334
36300
36307
36297
36323
36286
36291
36321
36280
36303
36292
36313
36294
36304
36291
36280
36280
36260
36258
36287
36264
36340
36350
36332
36317
36323
36325
36319
36325
36315
36302
36298
36294
36360
36362
36416
36417
36418
36418
36421
36655
36733
36982
37129
37464
37826
37951
37953
37952
37952
37952
37952
37952
37952
37952
37952
37952
37953
37953
37953
37953
37955
37956
37956
37956
38024
38024
38024
38024
38028
38028
38029
38029
38263
38276
38311
38379
38548
38755
39043
38989
39009
39030
39056
39438
39744
39709
39725
39752
39737
39731
39732
39722
40005
40181
40361
40551
40789
40796
40795
40797
40798
40798
40798
40796
40799
40799
40800
40800
40800
40800
40800
40800
40800
40800
40800
40799
40795
40795
40795
40794
40795
40795
40795
40795
40795
40795
40795
40795
40784
40784
40784
40784
40784
40784
40784
40784
40784
40784
40784
40784
40784
40784
40784
40784
40784
40784
40784
40784
40784
40784
40784
40784
40784
40784
40784
40784
40784
40784
40784
40784
40784
40784
40784
40784
40797
40797
40797
40797
40797
40797
40797
40797
40797
40797
40797
40797
40798
40798
40798
40798
40798
40798
40798
40798
