0
0
0
0
0
0
0
0
0
0
0
0
0
0
0
0
0
0
0
0
0
0
0
0
0
0
0
0
0
0
0
0
0
0
0
0
0
0
0
0
0
0
0
0
0
0
0
0
0
0
0
0
0
0
0
0
0
0
0
0
0
0
0
0
0
0
0
0
0
0
0
0
0
0
0
0
0
0
0
0
0
0
0
0
0
0
0
0
0
0
0
0
0
0
0
0
0
0
0
0
0
0
0
0
0
0
0
0
0
0
0
0
0
0
0
0
0
0
0
0
0
0
0
0
0
0
0
0
0
0
0
0
0
0
0
0
0
0
0
0
0
0
0
0
0
0
0
0
0
0
0
0
0
0
0
0
0
0
0
0
0
0
0
0
0
0
0
0
0
0
0
0
0
0
0
0
0
0
0
0
0
17
17
16
17
18
19
16
16
18
18
18
16
16
19
19
21
21
21
20
18
18
21
21
20
18
18
16
17
19
18
18
20
18
19
17
17
16
17
16
16
18
19
17
19
18
18
16
19
18
19
19
17
21
19
19
16
18
51
483
717
554
585
589
950
1539
1713
1709
1719
1629
1636
1694
2171
2432
2746
3106
3277
3196
3199
3197
3196
3197
3644
4177
3991
4068
4442
4685
4566
4521
4577
4511
4508
4552
5042
5292
5126
5217
5861
6285
6154
6160
6168
6083
6169
6669
6839
6990
7480
7765
7701
7700
7699
7699
7699
7699
7699
7699
7699
7697
7697
7697
7697
7697
7697
7697
7693
7692
7692
7692
7692
7692
7693
7690
7701
7685
7685
7690
7686
7686
7675
7664
7665
7665
7665
7665
7665
7665
7665
7666
7678
7677
7674
7677
7675
8050
8251
8101
8437
8587
8595
8596
8596
8518
8515
8525
8524
8508
8508
8508
8508
8508
8508
8508
8508
8508
8508
8508
8508
8508
8506
8504
8504
8504
8504
8504
8504
8507
8509
8509
8505
8509
8509
8888
8832
8880
9124
9256
9165
9167
9168
9168
9168
9168
9168
9168
9168
9183
9183
9183
9184
9184
9184
9184
9184
9184
9184
9184
9189
9174
9181
9189
9185
9187
9569
9627
9707
9814
10022
10118
10291
10402
10540
10800
10873
10775
10768
10766
10653
10653
10651
10650
10650
10650
10650
10650
10650
10650
10650
10650
10650
10650
10650
10650
10650
10650
10650
10650
10651
10680
10683
10676
10664
10672
10681
10683
10672
10669
10670
10671
11089
11215
11452
12061
12496
12762
13182
13537
13966
14051
13961
14092
14151
14188
14319
14524
14465
14490
14488
14452
14453
14824
14996
15336
15399
15404
15322
15322
15729
15977
15958
16163
16428
16524
16525
16524
16507
16505
16505
16505
16505
16505
16505
16505
16505
16518
16519
16518
16518
16519
16506
16502
16501
16902
17045
17257
17662
18008
18054
18055
18055
18054
18054
18054
18054
18054
18054
18054
18054
18054
18054
18054
18054
18054
18054
18064
18064
18064
18064
18064
18064
18064
18064
18064
18064
18064
18064
18064
18064
18064
18062
18087
18082
18069
18081
18082
18082
18083
18082
18073
18070
18085
18088
18083
18090
18084
18082
18087
18465
18721
19101
19868
20636
21104
21105
21099
21104
21091
21082
21076
21088
21074
21332
21307
21150
21163
21158
21125
21146
21142
21148
21143
21131
21118
21116
21116
21113
21135
21529
21735
22059
22374
22692
22614
22623
22619
22997
23085
23100
23111
23118
23048
23048
23047
23047
23047
23047
23047
23047
23047
23047
23047
23047
23053
23015
23031
23041
23029
22998
23015
23025
23001
23017
23016
23017
23017
23017
23017
23017
23016
23020
23021
23021
23021
23021
23041
23042
23042
23043
23069
23067
23068
23068
23068
23067
23506
23568
23670
23975
24192
24440
24985
25016
24885
24881
24868
24781
24780
24778
24799
24774
24789
24768
24786
24774
24772
24776
24764
24767
24784
24760
24772
24771
24786
24812
24779
24803
24820
24818
24819
24819
24882
25382
25441
25247
25509
25788
25727
25730
25726
25673
25676
25676
25676
25676
25718
25695
25686
25693
25700
25699
25696
25702
25703
25703
25698
25698
25704
25701
25702
25700
25701
25702
25702
26104
26255
26517
26958
27313
27586
28121
28791
28879
28857
28848
28837
28687
29114
29714
30185
30517
30543
30460
30787
30932
30939
30940
30940
30916
30918
30918
30918
30918
30918
30918
30918
30918
30918
30961
30962
30950
30949
30989
31436
31560
31786
32100
32360
32275
32276
32277
32277
32277
32308
32307
32309
32313
32311
32311
32339
32786
32834
32671
33128
33179
33008
33008
33000
32966
32965
32964
32963
32962
32962
32962
32963
32948
32927
32920
32960
32987
32941
32922
32983
32982
32977
32978
33457
33564
33515
33638
34047
34395
34580
34585
34619
35033
35526
36181
36193
36194
36131
36130
36492
36712
37156
37614
38005
37936
37935
37934
37934
37934
37934
37933
37929
37928
37928
37928
37928
37928
37928
37928
37928
37928
37928
37928
37928
37928
37926
37933
37935
37934
37934
37934
37934
37934
37934
37934
37934
37933
37933
37933
37933
37933
37930
37930
37930
37930
37930
37930
37930
37930
37930
37930
37930
37930
37930
37930
37930
37930
37930
37930
37930
37930
37930
37930
37930
37930
37930
37930
37930
37930
37930
37930
37928
37924
37923
37923
37923
37912
37257
37103
37089
37086
37084
37251
37329
37046
37311
37220
37436
34177
32551
32554
32557
32399
30860
27469
27492
27468
25312
25298
25205
24920
24901
24893
24682
24050
23437
23439
23440
23430
17424
17402
17406
17397
17379
13534
8818
8807
8810
5881
5425
3620
3623
3467
2319
258
432
581
486
485
481
255
255
255
0
0
0
0
0
0
0
0
0
0
0
0
0
0
163
19
18
18
21
16
18
18
482
667
618
626
627
928
1203
1903
1913
1930
1852
1843
2277
2559
2767
2861
3144
3546
3453
3490
3486
3487
4056
4203
4075
4289
4478
4394
4400
4398
4321
4317
4317
4360
4362
4359
4358
4400
4887
5104
5501
5835
5997
5922
5920
6002
6766
7265
7109
7125
7133
7170
7722
8004
8184
8726
8865
8744
8743
8743
8742
8803
8801
8799
8801
9402
9345
9218
9505
9700
9521
9524
9522
9492
9491
9491
9490
9491
9489
9495
9492
9490
9488
9529
9526
9507
9493
9495
9495
9495
9495
9495
9495
9495
9495
9495
9497
9497
9497
9497
9497
9497
9513
9515
9516
9515
9515
9515
9515
9515
9515
9495
9492
9492
9492
9492
9492
9492
9492
9492
9492
9492
9492
9492
9492
9492
9492
9492
9492
9492
9492
9491
9491
9491
9491
9491
9505
9505
9503
9505
9504
9937
10136
10680
11604
11946
11877
11875
11874
11874
11874
11875
11916
11915
11916
11917
11906
11906
12329
12609
13173
14109
14954
14929
14928
14946
15278
15364
15436
15528
15601
15508
15498
15501
15538
15878
16162
16012
16068
16061
15947
15997
15997
15997
15997
15961
15986
15986
15988
15983
15983
15985
16361
16504
16451
16451
16479
16815
17038
17298
17495
17783
17698
17699
17699
17699
17698
17723
17720
17702
17697
17692
17971
17999
17959
17959
17944
17894
17892
17917
17910
17906
17903
17905
18276
18411
18723
19482
20239
20901
20895
20897
20944
20941
20930
20924
20932
20944
20929
20913
21335
21505
22216
22865
22870
23121
23312
23631
23799
23800
23710
23709
23710
23710
23710
23710
23710
23710
23710
23710
23711
23692
23693
23692
23692
23692
23692
23692
23692
23692
23692
23692
23692
23692
23692
23694
23684
23683
23682
23682
23692
24100
24153
24140
24358
24594
24865
25079
25100
25100
25100
25098
25098
25097
25032
25051
25085
25095
25095
25523
25820
25652
25917
26042
25940
25941
25951
25982
25971
25974
25983
26384
26735
27153
27910
28497
28946
28975
28973
28973
28974
28965
28966
28949
28920
28944
28958
28948
28949
29367
30010
30907
30993
31008
31237
31398
31609
31624
31619
31561
31561
31560
31560
31560
31560
31560
31560
31560
31560
31586
31582
31573
31568
31559
31574
31570
31572
31571
31572
31949
32168
32395
32818
33163
33394
33403
33408
33409
33409
33409
33441
33441
33442
33440
33440
33441
33439
33869
34185
34087
34181
34598
34890
34709
34713
35040
35564
36259
36271
36273
36193
36639
36950
36898
36930
36931
36835
37422
37773
37949
38421
38433
38336
38398
38402
38401
38963
38998
39239
39416
39233
39236
39235
39182
39182
39182
39182
39182
39182
39182
39182
39182
39182
39182
39182
39182
39172
39172
39172
39172
39172
39168
39168
39168
39168
39168
39168
39168
39168
39168
39168
39168
39168
39166
39166
39165
39165
39165
39153
38538
38389
38376
38375
38375
38375
38474
38558
38584
38855
37181
35470
35121
33883
33735
33720
33602
32939
32972
32967
32959
32718
27558
27522
27542
27539
26451
24698
24683
24704
24457
24341
23992
23988
23984
23797
18444
18409
16739
16749
13330
13048
8937
8540
8542
8536
8008
2908
2903
1359
1364
1375
777
584
263
433
583
485
478
477
272
272
272
272
272
272
272
0
0
0
0
0
0
0
0
0
0
0
0
0
0
0
0
0
0
0
0
0
0
0
162
16
18
19
19
21
18
21
16
20
20
18
18
20
18
16
20
18
19
18
18
21
16
18
18
18
21
18
18
18
16
19
16
19
19
21
20
16
17
18
18
18
17
21
440
867
680
712
709
688
1216
1939
1866
1871
1893
1811
1811
1859
2247
2450
2778
3137
3676
3674
3684
3681
3679
3673
4106
4455
4249
4562
4838
4840
4814
4813
4809
4828
4829
4826
4826
4827
4832
5299
5584
5729
6092
6518
6578
6599
6612
6630
7226
8032
7889
7884
7892
7799
8250
8510
8620
8950
8954
9300
9681
9610
9546
9543
9494
9495
9495
9558
9555
9554
9550
9551
9949
10090
9926
9943
10511
10568
10432
10432
10429
10356
10357
10356
10357
10357
10357
10357
10357
10351
10351
10351
10351
10351
10351
10351
10351
10352
10346
10346
10346
10346
10346
10360
10357
10359
10423
11064
12192
12807
12806
12806
12718
12722
12722
12722
12722
12722
12722
12722
12722
12722
12722
12722
12722
12722
12722
12722
12722
12722
12722
12722
12722
12722
12722
12722
12722
12722
12722
12722
12722
12722
12722
12721
12721
12721
12721
12721
12725
12725
12725
12725
12725
12725
12725
12725
12725
12725
12725
12725
12725
12725
12725
12725
12725
12725
12725
12725
12725
12725
12725
12725
12725
12725
12725
12725
12725
12725
12731
12731
12731
12729
12730
12728
12786
13351
14233
15159
15641
15637
15557
15567
15610
16137
16362
16396
16396
16431
16358
16348
16773
17085
17045
17053
17080
17006
17004
17006
17083
17634
17957
18373
18814
19242
19237
19232
19233
19229
19228
19226
19295
19292
19280
19304
19306
19292
19289
19366
20159
20716
21276
22276
23432
23371
23371
23373
23373
23373
23373
23373
23373
23373
23373
23374
23373
23409
23407
23409
23389
23379
23377
23372
23355
23352
23358
23397
23375
23382
23379
23377
23362
23360
23351
23407
23397
23366
23385
23353
23368
23371
23377
23359
23365
23369
23357
23353
23350
23350
23361
23373
23365
23362
23357
23359
23359
23402
23394
23350
23357
23362
23362
23361
23408
23405
23402
23403
23402
23406
23793
23974
24167
24634
24661
24879
25197
25250
25252
25247
25195
25194
25217
25175
25200
25224
25647
26104
26754
27605
28713
29071
29100
29090
29127
29118
29470
29534
29594
29925
30059
29977
29978
29922
29896
29887
29908
29946
29957
29913
29922
29934
29934
29931
29875
29925
29931
29933
30355
30704
31100
31546
31564
31478
31480
31488
31491
31491
31491
31491
31491
31491
31491
31491
31491
31491
31491
31491
31491
31486
31491
31490
31490
31490
31490
31490
31490
31490
31519
31533
31476
31477
31475
31474
31475
31496
31496
31496
31496
31496
31496
31496
31497
31550
31549
31550
31549
31548
31548
31551
31583
32019
32379
32167
32211
32733
33194
33648
34031
34051
34020
34469
34768
35768
35882
35878
35796
35785
35801
35792
35824
35840
35836
35837
36238
36513
36763
37322
37769
38058
38084
38082
38082
38082
38082
38082
38082
38082
38082
38082
38082
38082
38082
38082
38082
38079
38079
38079
38079
38079
38078
38078
38078
38078
38078
38078
38078
38078
38078
38078
38078
38078
38078
38078
38078
38078
38078
38078
38078
38078
38078
38078
38078
38078
38078
38078
38078
38078
38078
38078
38116
38119
38116
38163
38693
38668
38523
38954
38968
38894
38903
38904
38774
38774
38774
38774
38774
38774
38774
38774
38776
38776
38776
38776
38776
38773
38773
38773
38773
38773
38773
38773
38773
38771
38766
38765
38765
38765
38765
38765
38766
38765
38765
38765
38765
38765
38765
38765
38765
38765
38765
38765
38786
38719
38728
38733
38715
38739
38715
38744
38741
38728
38730
38736
38736
38735
38728
38729
38735
38721
38735
38735
38719
38711
38715
38712
38727
38728
38717
38725
38728
38728
38725
38728
38726
38752
38757
38755
38756
38759
38759
38820
39157
39374
39455
39472
39491
39456
39456
39453
39467
39467
39471
39472
39470
39471
39470
39900
40030
39886
40016
40185
40349
40630
40877
40905
40863
40868
40944
41255
41561
41459
41492
41497
41414
41414
41405
41869
42029
41960
42223
42237
42169
42219
42738
42967
42832
42831
42831
42775
42775
42775
42775
42775
42775
42772
42772
42772
42772
42772
42772
42772
42772
42772
42772
42772
42772
42772
42772
42771
42773
42773
42773
42773
42773
42773
42773
42773
42773
42773
42774
42774
42774
42705
42723
42718
42711
42710
42745
42714
42752
42710
42707
42710
42704
42706
42703
42710
42722
42711
42721
42722
42722
42703
42699
42715
42705
42716
42699
42686
42701
42713
42717
42716
42718
42722
42722
42722
42722
42722
42722
42722
42722
42722
42722
42722
42722
42722
42722
42722
42726
42727
42728
42728
42728
42728
42728
42728
42728
42728
42728
42728
42728
42730
42720
42723
42728
42702
42733
42725
42720
42719
42718
42718
42744
42758
42763
42747
42740
42729
42732
42725
42742
42761
42759
42744
42734
42709
42735
42743
42693
42724
42745
42767
42746
42708
42717
42769
42765
42698
42709
42712
42752
42704
42694
42708
42745
42697
42716
42724
42715
42722
42697
42727
42687
42744
42761
42742
42700
42698
42738
42737
42738
42738
42740
42741
42741
42731
42738
42740
42686
42717
42720
42748
42757
42713
42722
42703
42714
42726
42743
42785
42782
42786
42813
43298
43834
43732
43736
43758
43697
43697
43697
43702
44139
44305
44149
44146
44146
44056
44061
44059
44048
44076
44498
44945
44946
44967
44977
44915
45359
45522
45724
45755
45764
46139
46322
46219
46218
46215
46135
46135
46136
46136
46138
46134
46134
46134
46134
46134
46059
46065
46075
46097
46088
46072
46126
46126
46126
46129
46137
46137
46137
46137
46137
46137
46137
46137
46137
46137
46137
46137
46137
46137
46137
46134
46134
46134
46134
46134
46134
46134
46134
46134
46134
46134
46134
46134
46134
46134
46134
46134
46134
46134
46134
46134
46134
46134
46116
46116
46116
46116
46105
45953
45217
45104
45103
45105
45105
45105
45321
45311
45203
45332
45432
44101
43184
43168
43178
42132
42078
36722
34124
32408
30199
28893
28875
28892
28870
26554
24981
24967
24974
24097
22430
22418
22433
22399
21598
21622
14884
14882
14878
14857
13168
12533
9733
9727
8596
8606
5644
5653
1039
1013
1034
1033
259
270
521
571
476
473
473
249
249
247
0
0
0
0
0
0
0
0
0
0
0
0
0
0
0
0
0
0
0
0
0
0
0
0
0
0
0
0
0
0
0
0
0
0
0
0
0
0
0
0
0
0
0
0
0
0
0
0
0
0
0
0
0
0
0
0
0
0
0
0
0
0
0
0
0
0
0
0
0
0
0
0
0
0
0
0
0
0
0
0
0
0
0
0
0
0
0
0
0
0
0
0
0
0
0
0
0
0
0
0
0
0
0
0
0
0
0
0
0
0
0
0
0
0
0
0
0
0
0
0
0
0
0
0
0
0
0
0
0
0
0
0
0
0
0
0
0
0
0
0
0
0
0
0
0
0
0
158
18
18
18
16
18
19
18
20
16
19
19
18
19
19
19
19
17
18
17
16
16
20
19
18
20
18
18
18
17
16
19
17
17
18
433
571
747
927
1365
1762
1988
1966
2005
2012
2017
2018
2433
2653
3483
3662
3683
3600
3600
4011
4096
4095
4634
4741
5000
5193
5315
5337
5353
5258
5254
5267
5761
6178
5968
5968
5970
5921
5921
5924
5924
5920
5927
5926
5925
5925
5925
5925
5925
5925
5925
5925
5925
5925
5925
5917
5916
5908
5908
5908
5903
5121
5121
5119
5120
5138
5137
5139
5136
5136
5537
5779
5846
5858
6135
6626
6570
6570
6570
6505
6506
6506
6506
6512
6512
6512
6510
6503
6504
6500
6499
6500
6500
6498
6500
6499
6503
6503
6499
6963
7305
7132
7139
7142
7423
7976
8350
8362
8373
8286
8319
8831
9093
9070
9500
9989
10280
10261
10258
10288
10292
10327
10820
10852
10772
11289
11302
11152
11154
11153
11076
11071
11070
11069
11067
11067
11067
11067
11067
11067
11067
11065
11068
11066
11066
11067
11096
11730
12811
13326
13326
13323
13252
13251
13246
13229
13298
13291
13293
13293
13295
13292
13291
13338
13995
14051
13897
13915
13986
14483
14869
15132
15242
15200
15139
15140
15138
15178
15164
15146
15136
15124
15115
15115
15115
15116
15117
15117
15163
15174
15178
15146
15177
15182
15183
15182
15613
15891
16101
16336
16428
16809
16807
16838
16859
16859
16860
16852
16851
16851
16851
16851
16844
16851
16847
16848
17280
17404
17233
17573
17670
17535
17547
17548
17504
17504
17504
17536
17536
17549
17546
17533
17514
17514
17529
17537
17547
17555
18089
18333
18700
18733
18987
19331
19200
19218
19247
19176
19172
19170
19218
19900
20193
20005
20021
20021
20376
20488
20659
20877
21323
21640
21642
21663
21687
22174
23034
23594
23592
23601
23547
23506
23491
23551
23539
23522
23553
23555
23492
23487
23494
23531
23522
23519
23523
23519
23523
23527
23524
23522
23528
23528
23534
23538
23533
23528
23526
23526
23593
24362
24365
24173
24196
24238
24586
24825
25103
25439
25574
25505
25505
25501
25530
26080
26054
25863
26453
26398
26207
26196
26180
26122
26156
26151
26147
26121
26132
26159
26148
26112
26147
26157
26142
26162
26174
26144
26109
26138
26156
26143
26137
26135
26157
26136
26133
26160
26138
26121
26126
26127
26110
26133
26145
26156
26139
26150
26137
26114
26098
26157
26121
26122
26124
26137
26113
26144
26137
26135
26129
26129
26150
26087
26131
26143
26141
26126
26106
26115
26154
26124
26165
26110
26123
26138
26148
26190
26186
26190
26191
26188
26624
27208
27253
27247
27262
27182
27186
27184
27224
27764
27900
27738
27730
27727
27639
27642
27642
27640
27642
28049
28557
28744
28764
28775
28693
28674
29122
29171
28992
28980
29017
29037
29545
29789
29771
30066
30074
29994
29995
29994
29994
29994
29994
29996
29996
29996
29996
29996
29996
29996
29996
29996
29996
29996
29996
29996
29996
29996
29996
29997
30007
30007
30007
30007
30007
30008
30004
29453
29423
29420
29420
29409
29368
29423
29603
29571
29629
29986
27925
27744
27323
26838
25899
25912
25904
25839
24107
24101
23448
23463
23121
21487
20454
20455
20448
19685
19669
19118
19130
19094
19034
13403
13413
13402
12803
12700
11174
11156
10413
9198
7265
6572
6544
6041
6011
5362
3806
3554
1315
260
513
586
485
485
485
257
257
257
0
0
0
0
0
0
0
0
0
0
0
0
17
17
17
16
20
19
18
18
17
17
19
432
661
867
1153
1721
1977
1959
1984
1998
2408
2695
3258
3281
3284
3602
3748
3878
4245
4386
4624
4870
4928
4925
4878
5278
5452
5565
5543
5602
5518
5517
5519
5520
5521
5927
6092
6202
6215
6221
6130
6129
6517
6904
7187
7181
7192
7120
7120
7100
7100
7103
7100
7100
7101
7101
7100
7124
7119
7119
7119
7104
7507
7695
7885
7989
8417
8855
9085
9082
9081
9079
9086
9084
9083
9083
9085
9472
9664
9557
9562
10029
10189
10005
10077
10078
10012
10006
10006
10006
10006
10006
10006
10006
10006
10006
10006
9985
9985
9985
9985
9985
9987
9987
9986
9986
9986
9986
9986
9986
10152
10000
10000
9988
9999
9999
10000
9998
9997
10068
10501
11087
11929
12557
12577
12497
12494
12494
12494
12494
12493
12482
12497
12486
12450
12460
12461
12468
12503
12502
12458
12466
12438
12441
12442
12506
12501
12506
12502
12507
12504
12506
12506
12506
12506
12506
12500
12913
12998
13246
13246
13267
13640
13855
14144
14443
14666
14582
14581
14629
14625
14620
14624
14616
14572
14597
14619
14623
14593
14582
14593
14587
14595
14609
14586
14621
14593
14597
14581
14581
14582
14602
14607
14603
14600
14598
14606
14594
14634
14634
14587
14571
14563
14566
14577
14579
14567
14610
14617
14617
14635
14649
14652
14629
14628
14649
14648
14649
14650
14715
15298
15649
15904
16038
16434
16441
16472
16467
16470
16932
17293
17144
17143
17143
17057
17057
17057
17070
17048
17056
17058
17089
17076
17076
17059
17062
17084
17083
17519
17741
17886
18315
18306
18625
18886
18766
18756
18739
18672
18679
18688
18651
18699
18703
18701
18755
19277
19405
19437
19653
20111
20497
20822
20785
20813
20835
20839
21299
21871
22671
22727
22740
22657
22658
22646
23135
23599
23396
23403
23742
23880
24178
24528
25028
24928
24932
24933
24932
24932
24932
24932
24932
24932
24932
24932
24932
24932
24932
24932
24932
24932
24929
24932
24931
24932
24932
24932
24932
24932
24932
24932
24932
24930
24930
24930
24930
24931
24955
24955
24955
24955
24954
24823
24397
24379
24374
24373
24373
24473
24577
24778
21569
21197
19281
18631
18452
18451
18379
17510
12395
12394
12391
12175
10015
10023
10023
10019
10026
9120
8145
8143
8142
8135
6220
5647
5634
5657
5643
5000
4995
5006
4678
1774
264
258
364
386
295
292
290
67
67
67
0
0
0
0
0
0
0
0
0
0
0
0
0
0
0
0
0
0
0
0
0
0
0
0
0
0
0
0
0
0
0
0
0
0
0
0
0
0
0
0
0
0
0
0
0
0
0
0
0
0
0
0
0
0
0
0
0
0
0
0
0
0
0
0
0
0
0
0
0
0
0
0
0
0
0
0
0
0
0
0
0
0
0
0
0
0
0
0
0
0
0
0
0
0
0
0
0
0
0
0
20
19
16
16
16
18
16
488
1054
1442
1466
1479
1389
1390
1767
2003
2000
2071
2701
3002
2866
2861
2868
2779
3197
3342
3544
3775
4093
4027
4025
4024
4026
4457
4681
4676
4835
5002
5173
5163
5144
5143
5142
5141
5139
5140
5138
5139
5143
5546
5576
5707
6294
6746
7054
7209
7216
7217
7215
7618
7794
7653
8078
8550
8400
8389
8398
8913
9081
9167
9606
9907
9839
9836
9836
9836
9836
9836
9836
9836
9836
9836
9836
9836
9833
9834
9834
9834
9834
9837
9837
9837
9837
9837
9837
9837
9837
9837
9837
9839
9839
9839
9839
9839
9839
9839
9839
9839
9839
9839
9839
9839
9839
9839
9836
9836
9836
9836
9836
9836
9836
9836
9836
9836
9836
9836
9836
9836
9836
9836
9836
9836
9836
9836
9836
9836
9836
9836
9836
9836
9836
9836
9836
9836
9836
9836
9836
9836
9836
9837
9834
9841
9837
9817
9817
9823
9831
9836
9832
9844
9819
9813
9819
9822
9821
9821
9821
9821
9821
9821
9821
9821
9821
9817
9818
9818
9818
9818
9818
9818
9818
9818
9818
9818
9818
9818
9818
9818
9817
9827
9827
9827
9827
9827
9827
9827
9827
9827
9827
9827
9827
9827
9827
9827
9831
9831
9831
9831
9831
9831
9831
9831
9831
9831
9831
9831
9831
9831
9831
9831
9831
9831
9831
9831
9831
9831
9831
9831
9831
9831
9831
9831
9831
9831
9831
9831
9831
9831
9831
9829
9829
9829
9827
9840
9845
9846
9849
9828
9854
9854
9853
9829
9851
9853
9849
9800
9834
9808
9835
9851
9844
9810
9826
9843
9846
9847
9845
9848
9851
9850
9842
9838
9838
9843
9846
9849
9852
9855
9857
9854
9847
9852
9852
9853
9852
9853
9855
9843
9836
9833
9835
9831
9831
9834
9836
9836
9836
9836
9833
9834
9836
9838
9840
9846
9848
9839
9821
9830
9832
9832
9827
9827
9827
9827
9826
9826
9825
9825
9825
9825
9825
9838
9844
9832
9841
9847
9845
9843
9832
9831
9832
9832
9832
9831
9830
9831
9831
9831
9832
9834
9833
9836
9837
9836
9833
9837
9837
9844
9852
9856
9855
9855
9855
9855
9856
9832
9842
9848
9847
9839
9836
9847
9829
9842
9833
9843
9839
9838
9839
9843
9839
9844
9842
9831
9829
9815
9816
9816
9817
9807
9790
9838
9823
9819
9822
9828
9841
9841
9836
9842
9847
9831
9822
9811
9813
9813
9814
9814
9815
9842
9834
9844
9852
9862
9848
9848
9847
9844
9843
9842
9837
9841
9842
9847
9863
9863
9864
9862
9863
9862
9862
9866
9863
9861
9862
9863
10279
10400
10515
10649
10934
11201
11537
11561
11522
11579
11899
12580
12810
12832
12825
12758
12743
12751
12766
12714
12742
12758
12766
12802
13262
13481
13666
13854
14487
14488
14470
14471
14500
14510
14516
14560
15021
15014
14833
14926
15456
15409
15231
15263
15259
15181
15221
15217
15291
15920
16068
15845
15963
16495
16602
16505
16523
16523
16479
16480
16480
16480
16482
16460
16459
16434
16422
16405
16419
16407
16409
16404
16411
16403
16417
16413
16424
16423
16417
16408
16405
16403
16422
16437
16415
16409
16407
16405
16409
16410
16405
16405
16411
16420
16423
16424
16416
16445
16456
16459
16459
16461
16457
16458
16453
16448
16444
16450
16459
16459
16460
16459
16461
16453
16874
16988
16980
17123
17401
17352
17354
17360
17743
17901
18268
18611
18661
18587
18587
18587
18569
18570
18570
18573
18571
18569
18611
18567
18581
18595
18584
18969
18999
19076
19313
19508
19730
20087
20053
20105
20127
20122
20127
20122
20120
20120
20119
20653
20738
20611
21080
21194
20992
20993
20994
20939
20938
20938
20938
20938
20938
20938
20938
20938
20938
20938
20938
20938
20938
20938
20938
20938
20938
20947
20925
20905
20948
20947
20944
20940
20893
20894
20892
20892
20892
20892
20930
20931
20934
20934
20934
20934
20934
20934
20934
20934
20934
20934
20947
20949
20946
20946
20948
20942
21352
21882
22842
23536
23534
23456
23455
23439
23467
23484
23482
23485
23476
23483
23477
23474
23475
23475
23465
23448
23883
24091
24416
24793
25002
24944
24938
24938
24941
24940
24937
25319
25708
26606
27531
27587
27503
27501
27502
27502
27502
27502
27502
27502
27495
27495
27495
27495
27495
27485
27501
27492
27498
27489
27500
27502
27890
28388
29132
29144
29142
29087
29086
29086
29086
29086
29123
29122
29123
29121
29122
29168
29540
29895
30079
30165
30583
30571
30600
30601
30581
30609
30593
30597
30594
30599
30581
30586
30588
30575
30595
30608
30609
30610
31035
31113
31051
31328
31480
31414
31417
31418
31372
31359
31351
31344
31373
31363
31360
31368
31366
31327
31363
31369
31376
31379
31836
32190
32031
32082
32480
32606
32856
32858
33111
33383
33258
33261
33262
33182
33234
33234
33234
33231
33605
33711
33596
33933
34143
34047
34098
34113
34018
33985
33999
34002
34028
34023
33972
33990
34030
34037
34043
34042
34043
34042
34042
34457
34538
34622
35017
35243
35228
35235
35608
35686
35723
35888
36162
36346
36374
36410
36432
36784
36958
37521
37697
37722
37627
37623
38088
38250
38483
38805
38951
38915
38918
38918
39279
39363
39283
39562
39699
39617
39576
39586
39462
39464
39481
39470
39477
39466
39455
39470
39473
39497
39468
39448
39476
39475
39463
39457
39463
39464
39474
39490
39472
39473
39475
39462
39460
39453
39462
39464
39460
39472
39477
39452
39450
39473
39514
39500
39477
39453
39461
39493
39494
39497
39446
39454
39464
39486
39494
39482
39475
39458
39482
39480
39480
39499
39502
39494
39498
39482
39467
39479
39487
39473
39477
39451
39434
39454
39451
39449
39450
39456
39463
39459
39461
39486
39478
39484
39485
39476
39473
39472
39471
39473
39476
39483
39493
39476
39457
39493
39483
39456
39440
39478
39497
39451
39451
39477
39458
39437
39453
39470
39452
39447
39454
39458
39472
39451
39454
39458
39447
39492
39488
39480
39479
39482
39479
39481
39485
39460
39457
39466
39442
39498
39497
39521
39519
39518
39521
39527
39949
40147
40246
40431
40822
41107
41248
41248
41248
41248
41248
41248
41248
41248
41248
41248
41248
41248
41248
41247
41253
41253
41253
41253
41254
41281
41279
41279
41278
41279
41279
41279
41280
41738
41781
41654
41755
41940
42136
42544
42614
42549
42578
42632
42994
43334
43272
43301
43317
43216
43207
43204
43221
43653
43858
44007
44221
44485
44417
44414
44414
44414
44414
44414
44413
44410
44406
44406
44406
44406
44406
44406
44406
44406
44406
44408
44408
44408
44408
44408
44407
44407
44407
44407
44407
44407
44407
44407
44407
44407
44407
44407
44407
44407
44407
44407
44407
44407
44407
44407
44407
44407
44407
44407
44407
44407
44407
44407
44407
44407
44407
44407
44407
44407
44407
44407
44407
44407
44407
44407
44407
44407
44407
44408
44408
44399
44399
44399
44399
44399
44399
44399
44399
44399
44399
44399
44399
44399
44399
44399
44399
44399
44399
44399
44399
