47 18
17 53
22 16
26 33
15 29
15 15
14 42
28 19
14 18
14 8
29 33
211 16
2 26
15 238
23 13
29 11
25 20
47 261
27 15
9 13
30 55
31 32
156 17
33 37
131 11
123 9
31 14
13 12
8 2
111 55
110 9
69 14
13 16
18 18
32 16
30 34
25 13
26 14
16 8
15 20
17 50
16 20
23 8
10 16
25 16
13 17
15 5
25 32
9 10
65 23
44 14
21 16
37 15
30 51
18 13
3 4
21 27
12 29
13 45
9 6
11 9
31 17
15 29
17 9
13 30
17 6
9 14
16 16
65 51
9 12
63 34
68 12
88 17
31 14
29 32
24 11
24 12
1 1
69 11
5 3
89 16
4 3
32 9
25 9
21 9
26 11
25 12
26 8
1 3
9 11
39 13
28 46
131 7
133 9
15 511
6 305
29 242
36 76
23 53
3 4
26 19
21 51
14 16
13 18
13 16
12 15
20 23
28 42
12 8
13 12
21 50
26 22
30 14
14 16
25 14
7 9
7 11
19 49
26 66
11 39
23 125
18 45
22 10
29 90
39 6
3 3
14 4
29 129
47 39
25 15
24 17
74 10
19 21
27 21
17 28
31 25
22 15
6 96
26 36
26 9
20 13
2 7
33 49
25 16
27 18
87 12
6 3
86 16
9 11
17 29
27 28
16 24
6 131
29 46
29 11
18 19
2 11
31 46
36 12
62 15
33 5
28 27
67 176
68 157
38 44
17 21
