88 33
70 22
79 66
16 3
17 10
24 25
85 35
15 16
21 17
2 13
19 5
9 8
30 62
23 31
27 29
12 17
17 5
27 15
17 14
25 15
20 10
13 17
38 69
37 87
14 13
21 32
2 2
5 3
85 32
8 13
23 27
14 14
98 13
25 26
13 12
31 14
22 27
22 143
19 8
15 16
27 40
3 4
11 3
25 15
43 82
10 15
19 24
12 12
12 10
19 5
28 62
14 15
24 30
139 6
10 2
2 34
1 3
1 6
1 3
2 21
1 9
11 398
119 9
2 19
8 137
22 327
28 4
51 37
18 19
24 21
4 12
21 13
52 12
24 20
17 15
26 14
17 19
27 27
10 13
26 26
15 16
10 14
16 3
31 62
13 18
28 28
9 15
19 21
14 12
6 38
18 17
15 15
24 28
66 12
28 19
23 23
2 9
15 13
22 14
20 23
2 2
10 14
25 24
58 17
23 20
3 9
12 12
24 42
9 15
27 21
65 23
65 1
22 25
2 8
13 13
10 15
14 4
8 68
3 12
16 13
10 13
14 3
14 19
27 25
55 21
9 16
27 20
48 18
20 24
3 9
16 4
8 52
4 12
18 3
16 19
21 21
50 16
9 16
25 17
40 13
2 10
20 21
4 8
15 3
13 21
20 18
41 15
7 14
3 13
24 21
36 31
16 3
17 18
3 2
3 4
21 5
16 7
11 2
13 6
29 35
58 2
1 4
58 183
6 169
75 111
