448002
450251
410664
347543
346801
413754
508094
536008
534026
539808
554570
573904
518985
349919
507740
465882
488808
507502
543327
586354
528533
577797
433252
583662
658353
664349
652371
523786
481055
581584
491850
444648
535658
598021
583085
544884
608629
584579
545360
529037
568376
637587
684408
716977
755217
763461
750833
714805
585921
651126
668941
519669
592241
571359
337925
508431
454808
563193
632465
689935
512053
461598
318780
459824
558975
582392
583576
669747
677442
672774
692241
629445
531870
573428
642045
565343
544846
639729
655011
631758
589036
579527
557319
562322
531905
598012
690133
643513
588717
637799
496244
676866
716668
679414
540103
545535
701270
746788
740147
590051
443015
539481
552060
611628
699619
580632
553064
603708
472575
594634
720843
738022
665682
626965
515964
660685
736894
768057
739169
741647
429235
457723
604102
555215
618115
662833
523876
624023
607750
662937
656714
673324
720263
707326
657958
608538
698622
675893
752168
656792
575022
443498
652913
748649
784050
768417
701339
667108
747567
802024
786833
774205
641941
575803
623170
595999
706171
737455
755728
714509
394205
552917
762233
808118
830387
763423
775989
760689
765508
839422
854728
885509
905509
930285
927272
868535
761509
611510
456886
380295
258183
218717
171510
122421
68761
8560
3612
8210
15195
90276
228027
305875
316150
320781
329047
327790
329733
332717
329483
337022
331226
338725
336075
327457
341271
332773
338440
341649
336451
348378
332476
345196
343009
331915
348654
338415
344100
347569
191349
149268
137003
150245
160949
161273
249113
183851
200454
156315
173064
122037
233025
213859
158484
213604
243210
214827
222707
231608
170261
328270
115062
121208
124249
167866
169670
124315
182840
178050
112501
155160
92789
90725
89789
120695
210472
101160
108216
126668
206887
191947
181904
177248
198440
215079
187201
201959
219996
244379
245931
271516
218623
204205
181865
208475
248330
246739
219567
225993
255577
241612
229999
195996
211800
236128
264084
234853
229176
243190
223285
206981
265039
277092
265591
204406
247861
232314
176730
257783
253768
334778
184702
212374
148471
245244
234545
173852
201125
160516
251605
274469
264001
289782
246049
247302
256628
187136
156275
210461
223232
220147
156684
163072
192460
255870
261679
204143
258037
287832
298492
314150
299123
291477
287774
286247
300103
286020
275078
270991
269063
268328
269273
264580
270546
274819
283452
267764
271312
276898
269777
274200
274757
272621
273639
270347
259885
247953
253827
256920
266568
323599
257995
204373
241876
246989
240304
258572
257743
240521
210213
259287
267568
272066
247734
184652
275421
253386
225980
247145
228017
248369
254349
245766
221503
218023
267479
287984
279501
208529
175831
212910
151548
206327
187566
162732
201694
256953
248338
226336
246141
204651
262920
283014
268823
267787
293666
270620
256497
268426
272446
266611
278475
329005
325215
284863
221557
144577
66327
9799
2558
71409
601
51
1238
898
638
666
478
1002
3930
3454
2243
6098
12201
21714
37795
36837
33472
29682
24242
25204
31195
40152
56212
81166
105190
122056
122863
96780
46807
67800
1702
957
1717
1095
1127
2088
2348
3530
1553
3729
2590
6645
10141
7902
38452
8732
8111
5646
3645
4666
4319
2912
6835
6357
4559
3784
3421
3629
5754
43301
17098
4467
1761
988
9275
9142
11709
37807
130999
233438
315551
353368
361990
357850
384766
330015
325487
325367
348107
349982
324562
256753
158917
68361
24521
26430
50947
68080
91553
154495
118857
128902
139881
149788
166270
170324
177542
173943
163887
161939
167561
149822
141664
143483
197857
177089
151095
185644
178340
171494
179335
172622
169952
186090
196347
201919
198504
193386
185482
243164
223727
224636
236888
240037
231188
227113
229102
231758
231533
233223
232333
229040
216241
208516
225930
186977
181857
176521
167815
161291
171833
187900
205070
228301
242876
246214
240951
221849
198041
231447
153748
139407
132039
125749
116528
115251
107261
93907
82369
71151
51688
66073
74921
79369
108785
90595
82729
81679
83835
82594
83311
87535
94514
116223
131247
146752
154576
169496
172233
198954
161016
166772
181492
179357
177584
184378
194933
191638
173842
153029
204494
211203
194835
175580
210204
176755
142076
180551
200145
202711
183643
162269
140129
191499
206633
202467
226826
237817
234244
286461
224822
216212
212699
206406
196122
171869
177579
191235
206589
213399
208050
187905
199713
211121
238669
218487
200745
186910
183721
169603
153028
138491
116008
103331
125362
130622
135765
134057
124588
167512
106171
105233
81927
88688
97853
110810
89737
109249
117759
57783
71071
95575
87211
94603
149112
124315
125311
125081
126798
132860
140570
142209
141809
144425
151192
162731
170383
169480
155776
220243
153448
151827
156075
148240
138827
129534
174939
154934
130542
116663
98125
123375
103560
106353
194758
161098
161455
162794
144700
105612
137486
159811
142723
130946
149589
161538
155791
121970
107317
161847
112171
123892
146214
164324
171630
171261
163809
150697
135861
122218
102866
115811
132317
143378
204172
189003
195236
189750
179776
178563
193299
187977
183038
183315
164694
178329
186690
172194
151619
232937
155232
161915
172564
184727
170501
120634
159203
179514
196245
201344
194195
181299
185504
190127
223686
192099
176590
117393
188898
205636
214930
219582
221618
219551
219681
226323
230598
231744
224144
239170
205349
196419
188241
166845
187328
183267
177418
168381
157099
161071
160367
163048
144386
157194
197025
161699
152628
142411
149440
171787
181651
188410
193712
195716
194772
203078
208936
221785
231696
284997
223035
221753
220750
222818
224924
223231
225497
219574
212578
207315
197067
188272
197163
201340
236059
194058
191517
196195
208163
210362
210070
201826
186021
182723
192521
178768
163116
169596
178488
209250
180904
203425
194856
176158
169153
173727
193336
193704
196210
195674
171934
141606
179413
199114
213664
165979
138851
151637
184135
201799
202541
155498
198877
216855
221429
220535
200275
191618
182951
239243
95608
161332
184056
169460
142912
173712
188486
197852
184577
163456
196173
194995
179371
166417
195054
193055
204640
203394
186306
135090
187209
194016
169449
136452
197404
207727
202035
189976
179517
248277
153164
125358
130688
162913
165811
147458
166228
171190
162528
155662
115954
150408
195956
202554
216613
133720
186944
198780
195822
189429
155159
161172
172814
137259
136063
184549
199174
192225
199358
230081
185674
168525
144855
125510
105697
87998
72632
61756
49785
65928
75977
81708
87081
92020
115422
79208
52689
65623
76760
69056
69428
71362
65399
71648
75575
83848
94147
105497
106396
161145
103073
103116
104844
100198
103425
118228
120671
111652
92954
73391
58344
87365
137517
177807
235772
190298
145074
109262
65154
27601
12286
7887
9985
7406
8157
6643
5196
8878
42898
113022
108010
123905
127651
133336
136640
131804
128622
116413
106520
114998
117383
122037
127650
130855
161096
144220
153483
162027
169708
178994
184979
184063
184743
181291
161003
144834
137277
170755
182458
234129
170109
134230
126722
165541
166046
177222
183346
182973
182571
184832
180128
167365
94738
165046
216594
186506
178244
143718
134028
169777
175179
178625
178436
172718
161105
160792
167957
178070
171114
204254
196501
200374
201654
202085
203156
204610
204633
199438
202219
205696
203215
201593
200867
196471
210845
181935
173445
169793
178019
191419
214090
244002
268082
286729
304922
317093
322436
322795
313632
342413
268410
265462
262083
252393
237594
223871
211185
198614
194423
190097
175197
208917
256447
302823
368411
324231
272765
222088
197645
195059
204735
204525
206760
210996
207017
208553
212165
211897
208730
232285
181373
203035
213426
231267
252431
274248
277681
267467
249410
228021
181067
228070
230652
217086
234973
212928
212217
202213
172871
156266
149514
130972
189955
198863
197585
186622
161127
155900
162356
228397
140403
184863
199911
206002
209085
206050
200634
192273
181745
166658
144153
106832
62982
28776
59140
18764
13321
13368
17094
23475
23249
26586
29616
30165
25288
28816
27610
26244
25165
51084
24678
22324
31217
56554
90784
119079
140647
151540
167244
183273
184754
178732
173440
169168
171206
138075
120622
117017
97515
74267
60595
52536
51073
46387
45793
39980
31369
52063
87429
182047
172302
200803
205514
208151
230528
242678
241643
238151
225211
202376
179752
144057
85951
48283
74117
51700
46493
58897
75442
99123
127477
133787
124386
112396
96116
87361
72429
81784
87758
116904
77110
78366
87572
93696
96530
97315
88472
86558
89989
102282
111250
115126
123232
129610
164689
156977
166140
165564
165509
162825
155568
149948
149902
157419
162855
158848
164398
163032
166429
219304
167516
192660
239343
283069
299272
297186
265728
217399
154251
84270
17786
4997
4938
8098
29138
4761
2661
3850
3755
2873
2177
3328
3508
2643
1249
824
5722
8052
4027
32702
8421
14073
39906
77530
104206
101026
102416
114537
121494
135233
144572
153770
169931
187228
225052
234409
264430
294065
331896
372582
402005
405806
401431
379087
341496
309880
265920
230450
198501
230911
145211
138008
148195
199605
270766
354063
426811
496390
526762
500446
417325
298733
174583
88493
80526
31944
20321
17485
18741
18852
24470
24625
17743
13727
8802
7814
8006
4570
3049
69271
9466
12155
22397
25750
27223
26553
25030
23528
24468
25098
32997
25854
23150
30887
51075
35869
34263
34897
33876
29787
28112
26573
27810
28705
26837
26668
28334
30132
31708
74833
33562
32230
32600
32267
32437
33878
40248
42763
55385
63913
68551
73510
77462
79973
105090
87464
93187
106859
133815
167431
184522
188765
193228
194828
199456
210894
226385
240092
252648
324158
270319
281123
295220
311744
326862
342290
347779
346734
349972
341869
334590
329674
314265
306839
328992
295642
278115
263178
244065
229834
211760
196244
213653
226647
239041
232806
231535
239930
242349
269806
262960
253140
266716
273303
280337
284361
291019
283397
264634
244596
251198
271727
261064
233109
246357
184412
186184
212181
239809
244709
238232
224983
213015
207625
191269
185318
187608
189251
209438
281164
178390
188805
189133
186463
211114
236367
257961
290936
328771
363179
391314
403121
405768
408971
448400
430358
433229
424395
422835
414896
408026
411411
434351
459651
450588
383048
276790
180283
134593
132540
132300
162411
206795
257512
293820
280682
241577
199377
151831
110522
76348
58091
44483
46504
58714
61171
69127
111592
167955
257327
326692
371429
407541
429866
401629
322496
396440
416050
405727
435886
336964
306264
280102
256623
236359
216298
187925
183465
196202
186741
180919
187609
186908
186962
206825
199681
199362
196629
191730
184972
164213
162770
183456
192903
195756
193475
204816
197004
191760
205349
175739
170120
156222
159583
160781
165984
171075
176687
178792
183402
180702
178201
190671
216187
247935
268827
287482
306088
321699
325779
336650
341743
346422
361054
359943
348192
341389
332761
324181
366453
289054
283619
275374
261927
249203
232454
213428
193777
178564
163816
154050
147972
138121
138761
160799
127904
91406
111788
135126
150121
144393
141860
132066
144207
153288
156951
164116
163723
153658
162893
128655
123166
129405
143964
164759
178475
191573
200969
209354
213915
204986
185578
163692
140384
132062
104226
81174
56376
36034
18982
11050
5080
2528
4106
1676
4545
3853
4016
5919
74084
14709
16943
17630
32217
45123
47762
51776
64418
68847
63518
59091
56452
57088
61418
75794
74919
75889
82167
90327
97614
95392
98052
101157
96605
99228
98621
89356
76770
52252
90848
67009
73901
93548
107353
105025
82198
75789
102132
107650
85879
69519
55029
45972
39744
113887
96007
97905
110492
112971
109054
124380
149244
170377
195766
213661
220265
216692
217448
213487
258654
176209
220248
229531
223178
203297
186446
166848
147134
135229
105669
105974
107580
110516
120239
154248
188288
255750
356989
466333
577778
632284
687098
748045
784602
785234
788426
800153
790171
766724
756731
710777
712854
714534
704926
673570
595926
572474
548169
558767
549450
555611
544438
470185
363351
505771
353340
382735
454875
534843
511300
335720
324574
452292
569469
613033
621222
621537
614773
592483
612735
554240
573123
602542
625092
620206
606375
570839
452914
497317
535425
518527
503557
437832
463965
568136
518511
559960
596476
633688
660217
678078
681505
668314
637436
519667
462432
552277
593689
606126
688656
629412
620252
601136
576541
528093
480366
424782
389771
525209
575273
607813
618895
615560
617716
629875
596510
635062
664830
676499
690056
701237
770607
830396
874787
849173
797857
824904
798805
782518
775270
708753
725103
714274
710039
687749
644970
583762
669173
628121
624395
614481
568541
501246
374049
518308
393376
375974
515726
565040
512355
456351
437750
496147
577906
619853
625319
629668
593994
353383
650049
490839
612344
607761
369562
449368
491223
457932
449064
330402
303227
322065
341867
369052
403792
559457
524573
526019
571904
561492
568923
598273
565976
520768
525763
399633
284368
235313
259132
377912
576772
570896
607027
604642
588704
542500
502692
518186
589818
652433
652693
630260
635095
647996
648447
655380
555737
523747
447122
404757
391863
339136
475866
578935
581389
573462
590025
613428
616308
616844
691678
337013
489724
572630
474210
441191
550115
585725
580790
564990
583903
622637
639428
662186
668879
681272
657147
648416
628109
536498
293062
492092
542835
624663
673462
608030
364979
574671
613292
654353
727958
749443
768181
761683
700706
602259
482523
355556
243525
154232
82448
46926
35036
38927
41025
76309
36374
25641
16773
9851
4084
4293
3674
4040
3401
2300
3918
2322
1379
5374
129918
3748
1565
276
2000
1638
271
1570
924
439
1401
488
121
1574
1386
10048
6808
4556
854
250
2830
2277
1239
731
1001
2146
1114
2633
1662
2006
9645
2873
3389
4236
12538
4662
1199
3694
3496
2730
1213
2346
2764
4513
4572
23185
5083
4783
1691
1120
1942
1956
1072
1434
1455
898
1675
1596
1282
2382
106295
865
462
1419
381
788
4852
3597
1010
652
2035
2119
612
314
2902
17205
8214
2160
6813
4059
1178
474
2097
3299
2435
132
1058
1185
1555
2875
10918
5884
1725
1242
2008
2719
588
290
90
4977
7796
2767
691
2098
4979
11627
6507
1547
2540
928
718
1636
1433
2980
15348
51299
93201
129830
163859
201021
346510
289549
323813
361712
395562
434782
476793
503377
544984
598744
636614
648077
656431
650549
633759
640653
592011
551839
506422
458531
428560
406265
386007
380273
343201
330376
333634
284696
171285
38320
38334
5988
6732
2533
3246
1616
2116
3538
2151
966
2179
2620
6333
12097
20766
65332
56485
78602
99672
111660
102672
83750
92980
83601
79458
87126
89231
83993
53726
74468
198549
91785
135626
300764
526423
605663
648358
650770
652599
659928
665274
670546
670602
673205
663792
690916
678770
678896
690403
676605
679240
671018
671873
663931
664482
677723
675041
639505
632575
633312
662404
450732
475915
465630
458667
436878
500572
558613
611340
614363
505876
391467
491869
505507
508684
581459
493777
515300
521055
513777
451185
501213
511057
523259
561343
613439
622990
523284
491761
511030
687001
570288
574791
605510
622293
531389
479675
523010
487748
421011
504432
613607
621552
497191
452341
567380
469278
581562
626642
598258
528904
432584
303322
525890
617672
622564
550941
274923
283827
493965
723188
605712
517139
449905
642108
695711
724544
754353
735633
701585
654439
567070
573566
590836
587560
613626
521891
570792
570859
533786
489342
503675
501695
520049
537993
502218
470053
453834
548601
577586
663491
592859
577414
532735
465876
399881
377179
419931
480311
545030
569266
545258
422187
481080
554220
628398
545072
403435
538850
546518
572239
640258
679939
676890
651637
634703
582175
495100
388792
252904
229534
21214
10145
5386
9436
8715
12480
11378
5355
6710
4429
2125
3795
5821
7449
77515
13564
14315
4389
9887
11136
5818
10628
9071
11159
11432
7489
9946
9637
13403
58949
7366
14421
27839
34321
12188
18402
17984
18046
13073
11565
7615
6872
6390
14990
91106
11403
8324
3441
5820
11686
6171
17048
18833
8499
15879
11075
13455
14686
16731
111383
6272
5265
3523
1785
6441
21125
27571
8532
4427
8314
6537
12391
7144
16332
92587
9390
3316
4735
6349
5214
3751
3816
5498
13780
10096
3288
13554
12730
4740
71344
7539
4336
2284
12890
14209
5289
3141
5670
20070
32446
10398
5706
7358
16551
89547
11121
15198
14540
2650
2690
3284
16938
15538
2174
3790
13961
28905
24337
19091
113800
4378
2761
5040
6202
5849
1618
3524
5161
3572
2036
8655
24553
34313
28277
96376
16578
8654
3979
2450
4887
4559
2311
12741
10621
4790
4254
2127
1969
6251
72803
7678
3516
4263
2606
1810
3287
3599
2291
1388
3797
14544
12501
1169
6924
91685
15969
3921
4407
5630
17375
16805
1698
3467
14600
14955
2165
7200
5334
5082
111844
4301
4549
3889
7442
10386
5016
3914
2543
9332
10254
9799
9669
9664
14469
59195
5580
6895
17229
29464
17860
13151
17791
10426
5323
11587
16025
17345
22499
15481
90682
10782
4406
3463
5082
5794
4994
15696
11607
10211
12287
13780
3669
13544
15975
68407
6336
5933
7859
6023
5362
19464
29921
10788
3103
7935
7742
4265
2314
13141
115855
5360
949
4442
4830
2096
2254
6897
5541
3273
1601
5247
3512
2728
5004
69363
7995
3789
2285
4470
6598
3198
1411
16637
28639
29244
10055
12904
15083
21467
92082
8081
16354
18097
2912
14801
16638
18141
17520
3514
16846
19746
2455
14681
17432
70118
7135
16031
12634
7263
11660
11821
5054
4219
3950
1422
5461
17714
27802
21020
115511
8457
13725
7729
6873
5024
5603
11615
9282
3290
10844
11461
1799
1751
6507
71379
12506
9991
10736
9563
8817
10842
11726
10332
9638
17684
13253
9496
9543
12646
95955
17567
6325
5229
12044
8881
3525
17046
14016
6431
6439
3356
2856
13855
18144
73619
14350
11488
11470
11458
12356
14985
11750
12091
12479
14189
11764
10488
16171
16349
107764
7131
8886
25911
29569
11677
5149
6120
7418
4555
3244
3692
5965
2786
11920
90664
10031
3540
2654
3156
7420
5722
2278
5278
5431
8733
7597
5712
2939
1449
108940
4750
4184
3070
1084
3712
17509
26205
10825
6636
8992
7622
4769
3273
13508
90792
7504
2239
3296
4352
2765
701
2990
6443
4872
2363
4399
4526
1486
3475
71542
7977
6181
3567
4061
4097
2629
1275
4843
17999
26499
8413
4025
6570
13813
89594
8779
3825
3385
3729
1421
4167
5894
1993
1866
2430
4107
3580
2451
3986
110869
3945
371
3276
3208
3378
1949
4808
4741
2321
1171
2755
16916
27169
18352
92700
13663
4867
2326
1443
2305
3382
4423
4002
7393
5156
3770
2355
2300
6726
71715
6766
4003
4795
4067
3268
3561
3618
2575
2280
3422
4605
2471
735
6510
92386
15220
5316
2478
8123
6130
4875
2124
3494
5492
4048
1470
3600
3787
4874
109964
4765
4723
2552
1011
1484
2411
2886
748
2288
2043
2510
654
1444
3395
55484
6540
7154
26385
32034
11422
4744
8882
8731
7835
5727
7247
5428
3273
12968
89900
11810
3903
1951
2723
3601
2470
2454
3916
3540
2003
95
1638
2577
4828
67601
7441
3173
3097
1204
2845
18940
27692
8993
5778
5777
5062
2918
2144
13548
115637
5327
2515
3746
3624
2788
2661
3496
4047
3236
474
1700
4269
2063
3131
66659
8581
4502
2735
5642
5891
3008
1377
4372
19839
32316
7262
4313
6865
14957
90014
8947
4558
2702
2648
1237
3824
5694
4678
2703
5009
8237
2866
1970
7707
75195
14196
24800
23435
12092
8703
5529
9303
13949
13500
11751
25748
41310
42823
30334
121118
9576
4907
4439
2140
4256
8052
3408
2029
3640
6069
5301
1889
3349
8994
75285
6025
4731
4183
2486
989
2401
8556
6952
6093
5347
7878
3992
4216
7354
98814
19060
9409
8713
14205
12445
5031
2769
4783
6315
5234
2756
2965
4711
7000
77720
9796
7687
5715
2008
5840
8039
3733
2794
3757
5308
3613
2982
2428
7208
108742
3364
3213
18572
27044
11832
4257
8288
6649
3959
1909
2527
5314
4361
10913
93235
10246
6387
2783
4141
5879
3197
1042
2742
3938
5278
4184
6384
8960
9418
73436
8617
5678
5251
2448
7146
23286
31433
11839
4835
7921
6397
7004
4957
16033
91296
9078
3594
4944
4168
2189
2249
2879
3859
2982
1407
3253
7978
9048
6540
111454
6818
9174
7962
6730
11098
6861
1458
4103
18930
29154
11146
4603
12856
22697
93988
10978
9374
9153
8634
4271
6292
7730
4555
2293
4427
6976
3886
1761
7470
77793
10281
8119
10128
6145
4332
1990
4044
5087
2190
1720
6724
20689
30609
21197
91444
14815
6949
4233
2874
3220
4703
4510
1156
1944
4091
3697
2998
9421
13803
122992
11130
14046
11580
13770
12440
11520
8366
4259
5216
8575
12706
15700
17693
27448
116824
30424
27174
29440
34111
31697
30302
24695
23989
28838
25468
30658
26046
11703
2988
112391
4719
4305
6654
4827
7998
9585
6199
4862
3049
2982
6613
4843
5340
5662
105622
292611
511310
671411
678189
582258
567438
550545
384270
165263
31374
22316
21714
18533
34320
101212
11132
3877
3155
5465
7451
4454
3418
4306
7841
4530
2480
3745
4970
5430
72288
9783
4889
2906
1130
4832
22003
30882
8754
3588
5643
5503
4006
3525
16482
120058
6278
1891
5346
11350
25729
22785
12705
13548
8006
5594
8141
11456
6483
17540
82766
7769
6055
2471
4530
4854
3202
3120
7854
24008
33998
17684
8395
8088
20628
94494
9089
4757
4390
1672
1498
2389
4232
3779
2377
3448
6461
4256
3564
5090
74450
7676
3943
3735
3204
1225
361
3131
5298
4381
2298
9464
25799
33236
24931
116804
10086
6156
4126
3362
6012
10909
3887
3222
3942
4225
2079
915
2629
5682
72359
6431
5924
8374
65238
177598
267913
293853
252390
234641
186042
88657
6897
2081
7559
96241
16848
5151
2451
8544
6064
3513
2033
4272
8263
6343
3248
6466
5915
6119
73609
9422
8415
9286
3562
5593
9008
4305
3093
5547
4543
4030
2915
3698
7494
108600
3736
9160
28311
39611
23385
26997
34372
24474
6191
3055
5472
6500
3286
13257
92432
10164
4633
3092
3078
5959
3503
1946
4215
4405
2797
1056
2866
3698
6566
70904
8503
6147
5041
2591
6102
25887
31428
12377
7133
9376
6520
4034
3102
14099
88476
10370
2862
5554
4960
3591
1501
2943
2641
1961
2730
4802
3198
4188
3599
109714
3654
4068
1534
3943
5643
2443
1366
3845
20137
26169
6232
2445
6943
15188
91093
10767
4075
4467
2084
1103
1976
3147
2062
630
4427
3487
2568
1899
5798
75574
16000
13951
24960
34193
42346
71321
106768
146199
174377
201517
238140
289411
296245
302700
394714
311230
295897
275522
255297
219462
211512
207561
205248
214441
207575
201068
199892
216939
223168
335116
229409
207810
174733
143241
115995
102993
93440
93758
101934
105534
108001
94750
102773
110522
194929
103842
87231
77420
73276
57222
45591
33764
44445
54801
58154
56251
58095
58259
56357
128028
57373
55364
59033
60545
67854
73401
74412
77103
65375
74809
72838
65355
59507
51862
104794
59966
60578
75961
82184
59376
49433
54846
56518
57126
54673
49407
40676
37132
47554
150186
33267
32515
23015
18713
26305
27951
24387
29233
32384
33896
36351
35310
40952
44033
106190
38653
43943
49253
53928
60576
83871
96679
83451
89778
99040
96789
91295
93832
102659
173979
90947
85909
97656
100686
107985
110826
116227
119070
117470
116712
117089
117548
119777
124344
193729
128372
134776
124546
114591
128796
159290
210685
275182
364257
415075
443481
455457
450419
447271
565372
465432
455501
441103
423453
386652
391284
383020
369099
357583
346478
380592
396583
399129
406878
473818
393615
379342
371656
363094
363376
351925
328906
310439
323278
346305
353974
386763
368559
363495
472557
290618
283380
284773
279222
250283
124199
266807
280216
210163
278079
326287
285232
236970
309123
300477
241252
314393
332906
333199
325506
310606
301450
298165
329913
343658
355557
370692
400263
443482
523353
524260
559884
592291
615011
623264
625467
630161
613189
596835
549184
473206
393849
407471
437137
521086
487207
503504
556834
571847
592424
601988
604652
591065
549339
497423
617447
672230
677786
627268
662553
415810
314876
229173
162854
105889
71405
51070
42548
34076
27584
22571
22109
16267
18252
59979
21283
15822
12280
13168
15867
15498
16712
19501
22169
26089
24878
26257
25353
26861
51271
39177
26728
20961
24913
27355
36343
31334
31775
29443
28372
30676
24715
24265
27054
52408
28658
25399
21229
19959
23667
19108
22116
24477
22003
18012
21223
25481
21627
25900
141892
18060
11563
11486
14892
16185
17809
19721
22232
24799
21744
19056
18334
11067
24826
61810
33108
25012
21493
25226
24448
25906
22655
13949
26169
28693
24284
23970
21752
22648
40286
25001
23573
21826
19696
15753
14050
10865
11673
13606
12308
19679
23564
30239
37768
58090
31383
33601
29704
25883
23794
24726
21299
24079
20888
19241
13797
20513
21275
19772
140907
10537
8228
3717
2568
1134
55593
219218
245268
235628
256215
267683
242894
260952
259185
300583
262094
262568
268653
268867
280376
252068
304346
388957
492404
585183
685443
739933
745395
752889
785139
706417
657008
459081
312994
195243
114067
78172
70369
54784
65117
94033
68446
64690
78611
182204
56297
66360
81304
90953
67911
53614
47161
45192
52797
53798
54488
51365
47903
49421
250188
9965
10098
18696
20619
22299
14344
14883
13322
10048
12529
12233
23871
26214
25644
74666
22125
21560
16572
17194
21781
59533
59843
26234
29230
30739
20599
12892
10187
26201
94352
34445
33244
28536
24805
23208
21003
21598
18493
18961
27139
22803
23835
22692
20792
66832
23292
17618
12716
38793
125458
213422
290076
340620
389473
390831
374648
363648
357674
357928
502790
323685
315963
321939
329650
286304
261096
212149
265875
262061
224703
274018
271838
231597
232712
300552
211469
221758
242236
278702
287493
321609
346142
357563
344663
330505
300904
298175
333454
360745
430852
346594
302071
213102
187494
151663
245658
311995
290889
294118
303606
215261
248783
268877
270111
337784
205892
205582
198949
245778
279871
256623
184050
204463
258189
266398
209069
148292
245720
289726
484817
191844
244537
258890
258306
260567
270211
241851
302285
330698
299744
266102
287440
245636
202036
304358
232091
284677
336559
351783
339007
346458
354360
353053
355714
370862
372436
356170
348107
356208
401362
344541
359647
375410
357194
341462
343705
326230
349399
349667
340142
305156
323167
301876
301206
375764
276382
265814
277694
199320
179409
211378
204896
224707
300131
317044
297495
261828
274760
296281
504331
277142
238508
247287
288879
304949
334883
335469
331479
295757
269820
234508
178037
119522
73918
103067
19425
4311
17761
8816
2440
1800
2243
2356
751
428
1150
5242
3143
1711
253346
5474
3992
665
4780
3622
4471
9686
10763
17532
22963
3524
5125
12868
10029
55511
27401
16004
14276
5781
5372
7858
9042
9749
4635
12947
17806
8492
7316
10894
143841
31022
21688
19192
35505
29284
16939
19934
56805
42479
35649
37766
46451
51474
42038
89181
31388
18977
11867
9171
11878
13945
11055
22832
25429
16575
7691
4683
4242
10694
238968
12086
6370
20005
27191
25620
47840
83201
113472
140963
158096
190175
226276
264164
295281
395991
330159
304763
278904
254347
215895
188992
165640
151848
154471
150668
142639
149677
147803
121104
200186
142603
150442
119595
100534
93235
64578
31892
20605
19346
40286
44178
20306
20754
34775
77041
29924
17840
27557
49798
32457
20339
22474
26169
14992
17846
11448
15930
16405
27730
247743
16021
5590
1027
4353
5243
3154
17428
16175
10852
9955
5923
17716
19922
23294
66014
57547
91199
95699
110513
132866
152668
116361
70222
55863
39376
36223
28858
11640
22158
85529
28591
9802
12367
12542
10859
27852
23101
21305
19189
10624
12681
12114
5659
9628
52942
21195
19301
7887
13062
10536
11012
6079
7242
24295
27606
16142
14123
16676
21645
238433
11064
7898
17533
19147
8437
7794
13265
8328
6880
13379
11138
13141
14374
15202
44481
15092
4589
8620
8222
7771
6927
18314
20427
10121
9475
11870
21504
30990
20048
78180
25369
25403
21903
9721
10763
11824
10949
7690
8889
11380
14150
5006
5978
9629
45402
9303
8626
10483
5469
14836
11007
11368
9713
6390
55756
186042
395469
507070
541282
738117
566186
570087
589368
580837
595747
572881
602934
574391
603726
580840
602059
582757
602040
581692
662142
608595
582382
619431
618519
623095
622532
618226
606562
563135
522451
485254
504900
547160
603371
658420
601859
541396
464098
449520
505395
472863
411343
434123
539484
587189
608824
636635
652299
672132
727035
699533
710751
705734
708564
714459
706826
669844
614715
311672
492378
566749
589825
611152
612032
809339
571788
528848
504893
533683
573461
600361
600249
600437
602301
606926
604510
603470
595590
591382
656285
555615
511294
413527
453477
496209
484449
496673
500093
539825
534397
522807
546185
545548
528023
548272
499860
487474
490656
481331
471798
469858
439209
265460
359793
375670
394050
433524
451623
476852
531640
311137
301966
446870
467905
426717
421835
463866
482212
429522
412172
406257
329299
417629
416738
685799
456638
472571
445420
350456
262943
276908
421129
472314
456264
245035
394137
481096
471162
421767
483118
319366
332869
385643
397814
339512
278938
371930
408477
392785
407170
448669
398882
410153
479617
545644
474348
465264
443615
427205
388286
380239
360977
371556
464913
399514
404780
388694
389130
388512
584907
538110
535965
500782
427855
458958
483658
427011
355113
479913
509902
496801
410311
351892
390294
697573
467949
464648
473216
479332
438480
298714
435909
466363
320757
486363
522942
516165
486764
468657
490508
346986
366496
497680
516988
523947
472552
373581
527457
561997
582767
592596
576887
523048
324401
713711
484107
481081
427013
407648
372799
328570
323631
236308
249087
324091
386280
342950
383862
422560
406501
383925
437235
493697
584267
649405
751357
786638
866441
892885
889038
909781
886889
833343
827368
878810
799467
787025
750754
736165
678559
679947
708080
742956
742030
735991
708461
688780
690973
572767
517733
345295
267787
269230
257934
226715
238945
233613
228850
232436
233606
210833
230154
262568
283670
663130
368084
406262
410740
395065
370753
335487
313734
249812
255872
266244
237497
216150
252052
247880
270855
177329
209601
237625
215841
215999
257001
262562
250896
212127
211612
245310
255837
238044
169567
238443
226371
235315
190242
147236
177423
225773
257639
260669
241899
203731
241672
245481
247269
280525
344811
367292
399413
417634
410511
380377
341384
225809
378932
455165
441388
307182
95319
15109
14369
357865
4198
18172
25086
13432
6415
5473
3090
4046
4486
2701
2189
12343
5520
3657
24227
6204
4760
4081
1623
3640
14833
5530
2032
6409
54570
158855
243768
293553
318573
343725
329488
322769
329682
333436
326681
335757
344608
353744
376493
401784
392844
382585
342639
352506
426840
439547
456048
470052
498667
488460
483279
477842
460140
426099
392110
355981
279966
325207
328578
637543
332441
348566
361213
363737
357814
309907
381942
431155
430143
416345
382617
328199
280783
238761
238315
193098
227876
232068
231809
227885
215144
199692
208686
203367
162558
153151
179259
157580
173297
231980
231111
242374
248491
266716
281179
306782
322735
340612
368835
387362
388609
376473
347939
296743
348186
280041
242761
213099
189215
178918
171097
163897
174551
214533
299167
386918
454212
512429
574758
883662
705323
753368
715581
655238
522130
464830
381348
233247
58660
13218
24920
39654
47050
30594
105643
21179
18568
10884
5909
14169
7208
11580
22618
11884
20103
7103
3405
3252
6910
37438
13947
7049
5668
5743
18658
13882
10371
4252
2715
2131
2835
4940
1743
12578
51992
10371
5447
6290
3313
1872
905
521
1620
14026
7039
2069
1481
2141
2954
353671
2239
1475
16217
4898
3126
1355
1113
48
720
498
519
2600
2176
763
3088
256
126
