194746
194702
195003
195272
195363
194978
194627
194384
194927
195740
196454
197687
199591
200421
200115
200019
199463
199333
200443
201632
202715
202494
201797
201679
202435
204668
206602
208552
208908
207745
206686
206535
206857
207476
208715
209921
210030
210294
210802
210170
208845
207155
207138
207500
207419
207725
209874
214005
218290
219035
219307
219454
218626
218207
218811
218331
217726
217405
216636
215422
216125
216531
216630
215969
215729
215609
215577
215966
216920
217618
217829
218350
219092
218132
217255
217685
218594
219061
218832
218589
218372
219317
221013
221195
220837
221276
221120
220866
221560
222561
223479
223145
224055
225086
226299
226913
226497
228377
229656
231549
233063
232330
232116
233572
233795
233548
233740
234046
234623
234643
234877
235885
236566
237406
238362
238631
238487
239268
239705
240874
242829
242419
242275
243120
242932
242083
242317
243451
243714
243611
242898
242255
241942
240694
240832
241228
241761
242735
243185
243950
245135
247038
247572
247171
248152
248130
249696
251914
252287
253903
256375
256656
257023
256053
254690
253801
254979
256814
257660
258235
258371
258267
257916
259083
260691
264291
264628
262194
263013
262762
261227
257354
254310
248354
240317
218839
200028
169610
131620
98930
79725
65866
52117
36641
18203
6759
6759
6759
6758
6758
6758
6758
6757
7779
8014
8293
8537
12034
19862
30447
37347
42411
47464
53305
61202
71899
78457
84228
89959
93393
97552
100545
104584
107718
109319
111364
112660
113791
114652
114887
114989
115000
115010
114987
114907
114893
114839
114874
115195
115603
115800
115699
115669
115930
115765
115153
114962
115527
116248
116485
116485
116363
116476
116559
116418
116418
116525
116527
116435
116555
116885
116883
116819
116871
116965
117015
117011
117059
117252
117588
117933
118101
118308
118528
118769
118836
118982
119103
119198
119319
119484
119614
119630
119620
119491
119414
119343
119205
119035
118860
118739
118649
118708
118742
118824
118801
118741
118660
118659
118636
118527
118299
118334
118770
119189
119525
119686
119330
118606
118185
118100
118251
118810
119069
118917
118745
118756
119110
119466
118839
115518
110848
108067
107723
108789
109574
109704
109716
110211
111310
112208
112431
112350
112104
112291
112715
112416
111056
108929
106746
104348
101408
96998
90046
80600
73230
70161
67533
65150
63934
63544
63335
62622
60889
59599
58521
59129
62094
67142
71237
72949
75117
79282
84474
88053
91717
93362
94322
94903
96306
98134
99362
99359
97737
96716
97103
98708
100441
101145
101205
101322
101251
102215
103358
103466
103039
102956
103232
103588
102665
100897
99270
98356
98130
98637
101174
105006
108440
109032
108485
108117
108145
108505
108609
108610
108913
109782
110874
111195
110626
109758
109680
110736
111686
112375
113576
114606
115112
115265
116157
117694
117748
108917
90235
64867
41937
24177
15791
15407
15404
15399
15399
15399
15399
15398
15398
15398
15398
15398
15401
15402
15402
15446
17026
19629
22622
24789
25245
24938
24747
24658
24892
26092
29302
34832
39383
39402
34674
20450
15392
15381
15382
15382
15381
15382
15381
15379
15378
15378
15378
15377
15379
15379
15380
15378
15365
15364
15370
15369
15370
15372
15370
15368
15370
15366
15368
15365
15367
15365
15366
15366
15370
15371
15372
15371
15368
15368
15364
16778
38935
61483
77163
100148
113816
116503
114612
111040
112656
112861
106841
90242
67305
40954
21343
17192
17316
18088
21170
27965
36242
41882
45126
48393
50838
55053
61289
66131
68871
69484
69870
70805
72042
73107
73273
73428
74085
74647
74161
73285
72647
71568
70643
70485
71652
74359
77857
79904
81299
82328
82838
83105
84131
85240
86350
87423
88311
87918
87174
85979
84615
82954
80953
77694
74190
70870
66955
63470
59919
56154
53893
55220
59270
64594
69897
74806
78139
78766
74814
68985
62623
57056
53605
51442
49636
48005
46431
43993
41048
38164
35876
34500
34142
34675
36112
37682
38619
39301
39849
40259
40662
41028
41542
42445
43642
45432
48288
52614
57575
62099
65637
67863
69098
70514
71867
72859
73855
75393
77237
78890
79345
79410
79418
79340
78981
78722
78569
78526
78641
79082
79723
80885
81852
82305
82502
82850
84018
85334
86349
87780
88543
88842
88086
86297
84415
82680
81798
81707
81749
81423
80369
79291
78568
78191
77967
77023
74874
72916
70672
67141
62644
58111
54591
52577
51958
52467
53476
54548
56058
57572
58398
58726
58982
59230
58989
58800
59006
59316
59343
59661
60130
60118
60040
60184
60118
60017
60099
60279
60559
60943
61265
61699
62182
62988
63771
64556
65566
66864
68571
69927
70519
70769
70823
71162
71652
72187
72642
72512
72036
71839
72178
72394
72444
72606
72729
72707
72589
72289
71940
71508
71315
71297
71183
70543
70182
70054
69669
69029
68566
68316
68175
68072
67916
67740
67084
65736
63085
58989
54255
50281
48042
46677
46561
47497
49463
52696
58439
65846
71260
73073
74467
75382
77112
78848
79817
80332
80313
79611
78961
78868
79139
79604
80258
80965
81424
81742
81980
82225
82697
83147
83585
83901
83845
83142
82104
80832
79470
78256
77685
77935
79046
80881
82621
83534
83428
83419
83188
81214
78433
75588
74331
73221
73410
74508
75735
75715
74956
73761
73034
73170
73875
74583
75187
75586
75867
76127
76135
76101
76235
76501
76819
77353
78005
78697
79367
79919
80679
82251
84546
86567
87876
87646
85831
84733
85404
84667
83255
81002
78998
77057
74585
70904
69571
71690
75230
76888
76711
75846
75857
76595
78079
80181
81858
83021
83329
82744
81939
81506
81628
82084
82627
83172
83562
84401
85362
85847
86035
85968
85734
85685
85502
85408
85376
85460
85766
86356
86573
86831
87020
86960
86688
86152
85651
85462
85999
86723
86671
85899
84840
84044
83693
83597
83667
83752
83780
83946
84260
84562
85049
85740
86205
86368
86863
87495
87682
87411
86946
86237
85323
84494
84011
83959
84279
84641
84893
84828
84306
83500
82886
82474
81968
81527
81445
81634
81859
82043
82205
82456
82901
83397
83827
84201
84248
83862
83007
81967
81178
80700
80780
81300
82077
82606
82774
82381
81907
81816
81824
81147
79850
78162
75295
70583
63577
55970
48740
42760
38401
35413
33791
33114
33342
34759
36967
38959
40687
42259
43767
44199
44216
44278
44066
43747
43847
44039
43951
43990
44298
44831
44899
44894
45142
45960
47084
48377
49184
49457
49358
47886
44077
39042
34018
30634
29443
32861
42871
52831
57821
52713
38768
22422
15791
15247
15455
15249
15243
15252
15243
15245
15241
15240
21925
31066
40233
47765
52961
54383
52811
50947
49063
48379
49145
50209
51405
53031
55200
57133
58600
60467
62946
65441
68646
71858
73687
74733
75169
75343
75846
76269
76361
76080
75397
74315
73438
73197
73453
74049
74588
74889
74939
75380
76521
77640
78430
78862
78851
78463
77936
77416
77102
76943
76857
77010
77223
77445
77692
78056
78524
79082
79651
80224
79966
79119
77958
76736
75796
74799
73778
73206
72232
70525
69597
70440
70843
69779
69347
69346
68733
68849
70027
71728
73853
76916
80691
86162
92243
97267
100353
102554
104439
105542
105513
103947
101050
96764
91381
85403
79162
73826
69283
65536
63563
65345
69344
73943
79116
85328
89437
82818
71092
67399
69075
70595
72345
73223
75012
75901
77066
78768
80192
81516
82619
83543
83930
84332
84517
83999
82995
81474
79613
79029
78761
79460
79518
80028
80662
80643
79906
79036
78484
78299
78522
78816
78860
78657
78124
77325
76770
76570
76347
76338
76587
76738
76741
76430
75494
73372
70759
68522
66449
63869
59490
52287
41738
28369
20881
18831
17552
16804
16602
16942
17877
19158
20625
22117
23196
23640
23488
22886
22055
21269
20654
20303
20196
20309
21667
26437
33925
42477
50206
56691
61884
65912
68571
67742
63959
59072
53744
47999
42812
37893
33397
29223
25708
23413
21065
19069
18636
19931
20810
21596
27575
38604
51985
67072
75591
80437
85952
88025
85951
80169
70280
56228
41510
31058
26323
23175
21260
20875
21615
23995
30407
35620
39819
41122
39372
37856
36596
36892
38128
39251
40238
40766
41161
41841
43025
44484
45859
47131
47595
47938
48278
48986
49909
50838
51844
53279
55127
56982
57801
57732
57826
56980
56211
55794
55749
56378
57145
57749
58474
57382
56231
57708
62815
71526
82204
90283
90595
84294
70193
52061
30474
15344
15185
15183
15183
15180
15178
15177
15180
15182
15181
15182
15185
15185
15185
15186
15186
15185
15184
15181
15182
15167
15161
15527
20664
28464
30761
33503
37130
41198
45878
48832
52081
56736
63710
71418
79049
86710
95180
103716
111625
118350
124425
126051
122842
114020
101170
87873
75552
65947
57367
50175
46885
48225
55611
70282
88762
107459
116527
122232
120649
115722
91512
54567
31419
23687
20631
19378
19033
18452
18073
18342
18055
17402
16825
16337
16043
15898
15811
15827
15867
16005
16432
16948
17664
18758
19949
20619
20648
20743
21060
20976
20222
20862
20995
21319
21780
21880
21664
22286
22322
22044
21830
21424
20984
20492
20200
20306
20416
20340
20250
20626
21195
21577
21466
21535
21875
22524
23459
24998
27904
30622
32965
34132
34305
33942
33425
33969
37390
42821
48153
52583
57823
62469
65613
69191
74249
80212
85788
90594
94687
97850
99619
101730
104345
106849
109998
112941
116007
118421
119477
119753
118624
115962
112082
107454
102147
96527
91147
86063
81810
78279
77289
77484
78597
80313
83158
87360
90268
91390
91274
92092
93116
93330
92949
95295
100960
105225
108500
110493
109711
108016
105529
103330
102033
101650
101918
102085
101797
101162
99987
98404
96897
95911
95244
94629
94182
93830
93651
93506
93328
93129
92659
92064
91594
91456
91861
93017
94857
99518
107984
117063
125097
132767
137914
141016
142112
141958
140077
136487
132988
130886
131417
135388
137355
127072
105606
83367
63817
50758
44176
43485
46273
54301
70046
80703
79568
69647
58261
47421
37212
30498
25815
23910
24563
25716
26661
27743
30116
34112
45104
65401
81865
99012
112710
121603
129547
130619
126555
122668
118415
112375
105599
99192
92218
85541
80958
79010
77993
77327
77174
77226
77343
77240
76982
76351
74999
73559
72582
72340
72865
72949
72873
73181
74181
75640
78145
78250
76687
75359
74090
72194
69862
68229
67292
66687
66315
65692
65303
65679
66924
68412
70389
73412
77258
81959
87728
93890
98263
100905
104203
107718
111217
114681
116697
118653
120076
119284
117971
115592
112000
107660
103452
98604
92963
87386
80907
73636
67069
62446
59728
58458
57762
57780
58291
58444
58519
58541
58636
59171
59593
59488
58934
58273
57724
57463
58253
58788
57675
55776
52725
49759
48221
47508
47642
50182
54339
58035
61190
64265
66248
66919
64670
60672
55344
48492
41155
33174
25304
20182
17591
16314
15584
15348
15348
15348
15347
15350
15350
15372
15497
16179
16906
18323
19445
20685
25427
28226
30167
32225
34336
34424
33867
33621
34065
34304
35427
36970
38606
40093
42183
44134
45437
46890
48227
48916
49235
49605
50142
50446
50354
50539
50676
50943
51391
51879
52350
52399
52567
52934
53594
53999
54096
54049
53929
53885
54191
54414
54820
55510
56316
56641
57437
60960
66945
73728
80051
84497
86218
86065
85130
84430
83667
82356
77613
71244
64963
59011
53769
49823
47737
47365
47599
48195
48058
48607
51157
54115
60322
69400
82715
90780
99773
106971
115584
122804
137347
150032
162392
170421
174959
183726
190964
193664
199108
207425
211834
211682
212011
212218
212584
212337
212661
212922
212936
212789
213145
212969
212806
212404
212300
212490
212378
212293
211227
209540
207510
204325
201380
200773
201096
202992
204555
208176
209966
212039
213597
214236
214024
213355
212772
212722
212768
212747
212733
212635
212755
212765
212389
212035
211643
210957
210674
211324
212186
212866
212935
212481
212054
211639
210650
207922
205920
204096
203012
203037
202997
202627
202406
201828
200551
198728
195988
194566
195708
195619
194692
194001
194636
197867
192456
195070
194514
195726
189873
194137
203077
206546
207093
209418
209799
213682
216505
214433
212068
211555
212219
213758
216052
217590
218463
219284
218498
217591
215851
215269
215128
214882
214545
214284
214056
213914
213772
213788
213676
213736
213683
213907
214637
215271
215363
215284
215255
215597
216161
216124
216148
216047
215918
215696
215585
215597
215574
215707
215917
215937
216635
216513
215962
215185
214447
213883
215544
217125
217989
218909
219160
219272
219301
219355
219337
219419
219133
218266
217237
216958
216795
216692
216631
217423
218355
219556
219404
221420
223821
225569
226767
227118
227658
227897
228238
228306
228118
227632
227521
227628
227252
226692
226413
226348
226080
226102
225697
225191
225278
225412
224875
224687
224542
224668
224769
224822
224205
223924
224002
224432
225038
225774
226673
226864
227314
226921
226571
225832
225333
226868
228030
227034
227675
227619
226866
223516
213060
196615
174592
148847
124910
103843
81530
57686
40405
32734
30238
29345
28339
26289
24867
23774
23110
22775
22669
22534
22530
22534
22533
22533
22533
22533
22532
22531
22529
22476
22477
22477
22477
22476
22477
22477
22477
22477
22476
22474
22474
22474
22472
22471
22458
22456
22451
22451
22451
22451
22453
22453
22453
22453
22451
22451
22451
22452
22452
22454
22455
22454
22455
22455
22452
22451
22451
22451
22448
22448
22448
22448
22451
22451
22446
22446
22444
22445
22445
22445
22444
22444
22444
22444
22444
22444
22443
22443
22444
22430
22430
22430
22430
22430
22430
22430
22430
22430
22430
22430
22429
22429
22429
22430
22429
22427
22427
22428
22430
22430
22430
22430
22428
22428
22428
22427
22427
22428
22427
22426
22430
22429
22430
22430
22429
22430
22430
22430
22429
22428
22428
22428
22428
22428
22425
22421
22421
22421
22421
22422
22422
22422
22422
23840
29154
40558
52278
64580
78889
93082
103838
112826
120671
130923
140767
151683
163428
172741
177899
183362
186133
187211
184496
179179
172269
166118
157934
149101
138228
127365
119441
113926
109821
105711
92997
72026
42069
22522
22523
22509
22511
22508
22508
22508
22508
22508
22509
22507
22507
22507
22508
22745
23238
24097
26133
29246
36423
43314
48987
51218
50287
48928
47951
47255
47159
47639
48078
48235
48514
48438
48660
50138
51397
52563
55054
58856
61076
62172
65836
72367
80276
93067
101616
106864
111581
116775
121806
128462
135719
145697
155874
168817
180687
190020
199690
207197
213951
219074
221107
223096
223780
224269
224036
223741
223720
223730
223368
223321
223137
223305
222638
222015
221861
221889
222461
222377
221926
221776
222792
223537
223215
223036
223007
222408
222228
221919
222214
222015
221767
221955
221571
221407
221663
222172
222211
222230
222200
222059
222298
222432
222504
222603
223368
223217
223346
223492
223825
223160
223310
223505
223822
223518
223668
224200
224201
224866
225077
224822
225043
225088
225350
226134
225491
225921
222210
218652
215017
211459
208784
207306
206609
204766
204786
206069
206825
206807
206893
207102
207342
207658
207912
208104
207805
208128
208326
208281
208084
206753
205912
205688
205236
204650
205159
205287
205300
205232
205384
205637
206378
207249
208136
208246
207481
206839
206753
207002
206907
206763
206866
207346
203306
193790
180287
166369
152550
129729
100958
74051
38609
25993
26002
26002
26003
25998
25995
26002
26003
26004
25999
25996
25995
25992
25991
25994
26003
26000
26000
25997
25995
25997
25996
25996
25998
25997
25998
25992
25994
25993
25994
25982
25986
25984
25992
25993
25994
25990
25991
25984
25988
25984
25982
25980
25980
25983
25988
25986
25988
25986
25988
25986
25983
25980
25982
25984
25982
25982
25983
25981
25984
25978
25976
25977
25978
25977
25979
25977
25978
25975
25975
25975
25975
25977
25976
25980
25985
25987
25990
25992
25994
25993
25993
25993
25995
25994
25993
25991
25991
25989
25988
25987
25987
25988
25988
25987
25986
25982
25982
25976
25981
25978
25976
25974
25974
25973
25970
25968
25966
25967
25968
25968
25966
25964
25965
25966
25964
25956
25898
25882
25878
25818
25817
25817
25817
25816
25817
25817
25816
25817
25816
25816
25818
25813
25807
25805
25788
25782
25782
25783
25782
25782
25781
25782
25783
25783
25781
25779
25779
25778
25773
25773
25773
25774
25775
25773
25773
25776
25775
25775
25777
25777
25775
25775
25775
25774
25763
25766
25771
25772
25769
25768
25771
25771
25773
25772
25770
25770
25773
25773
25775
25771
25770
25769
25768
25770
25768
25772
25771
25773
25774
25774
25778
25777
25777
25782
25807
25809
25809
25809
25804
25800
25802
25794
25796
25795
25796
25794
25790
25772
25773
25769
25772
25773
25774
25777
25775
25781
25783
25785
25789
25788
25787
25789
25788
25787
25781
25781
25777
25773
25772
25770
25764
25766
25765
25765
25764
25761
25761
25762
25766
25778
25779
25779
25777
25774
25774
25772
25774
25775
25775
25775
25775
25774
25775
25774
25770
25764
25764
25764
25765
25765
25763
25763
25762
25761
25755
25760
25762
25761
25761
25791
25795
25792
25794
25794
25793
25796
25797
25796
25794
25795
25798
25797
25798
25796
25791
25794
25793
25794
25794
25794
25795
25795
25795
25792
25792
25791
25788
25786
25785
25784
25786
25789
25789
25788
25785
25784
25786
25783
25786
25786
25784
25785
25786
25783
25783
25780
25779
25777
25777
25778
25778
25776
25778
25777
25782
25783
25783
25782
25782
25822
25819
25818
25817
25810
25809
25808
25813
25803
25804
25802
25802
25799
25799
25797
25783
25787
25785
25786
25786
25792
25787
25791
25786
25789
25792
25790
25792
25789
25790
25778
25774
25773
25778
25785
25785
25785
25785
25784
25783
25782
25784
25783
25783
25785
25792
25797
25798
25800
25799
25799
25796
25793
25792
25791
25790
25788
25790
25790
25791
25774
25774
25771
25770
25770
25771
25775
25772
25768
25767
25767
25768
25770
25769
25764
25787
25787
25785
25784
25787
25787
25787
25788
25787
25784
25784
25786
25787
25786
25786
25781
25782
25787
25788
25788
25787
25786
25788
25789
25789
25788
25787
25785
25783
25786
25792
25794
25793
25798
25800
25799
25799
25797
25798
25799
25799
25797
25796
25795
25796
25782
25784
25784
25784
25782
25782
25783
25785
25787
25788
25788
25788
25791
25791
25785
25785
25782
25787
25787
25787
25788
25787
25786
25792
25791
25789
25785
25786
25786
25787
25791
25792
25792
25788
25786
25787
25786
25785
25784
25788
25789
25788
25787
25787
25791
25803
25807
25807
25808
25807
25806
25805
25806
25805
25802
25800
25799
25798
25796
25795
25789
25787
25786
25785
25785
25784
25782
25785
25785
25786
25788
25789
25789
25788
25790
25786
25784
25785
25776
25768
25767
25766
25766
25765
25766
25766
25766
25767
25767
25764
25767
25769
25768
25769
25769
25769
25769
25768
25766
25767
25767
25767
25767
25767
25768
25765
25771
25770
25773
25773
25770
25771
25769
25767
25769
25770
25777
25776
25776
25776
25794
25794
25795
25794
25793
25791
25793
25793
25793
25795
25795
25795
25797
25796
25796
25792
25792
25791
25791
25791
25789
25789
25791
25791
25790
25789
25790
25789
25787
25787
25779
25781
25781
25783
25783
25782
25778
25776
25775
25774
25771
25767
25767
25766
25759
25766
25773
25816
25823
25824
25819
25825
25823
25825
25825
25827
25818
25846
25865
25866
25976
25976
25977
25975
25975
25976
25975
25977
25975
25974
25971
25972
25972
25972
25968
25992
25991
25993
25993
25992
25991
25991
25989
25987
25984
25985
25980
25984
25985
25982
25962
25960
25962
25968
25973
25969
25971
25970
25969
25969
25970
25963
25960
25962
25961
25976
25978
25981
25984
25984
25985
25985
25988
25988
25992
25997
25998
25997
25996
25995
25986
25988
25986
25982
25981
25981
25981
25978
25981
25982
25981
25981
25980
25977
25976
25973
25974
25975
25974
25975
25971
25971
25971
25971
25971
25967
25965
25961
25960
25957
25963
25962
25960
25962
25963
25961
25963
25957
25958
25959
25960
25960
25960
25960
25958
25985
25986
25986
25987
25987
25987
25985
25986
25987
25987
25987
25986
25990
25988
25986
25987
26154
26298
26392
26418
26021
25981
25981
25979
25980
25986
25986
25986
25983
25982
25995
25998
25996
25990
25987
25990
25991
25993
25993
25992
25991
25987
25988
25989
25987
25960
25953
25954
25956
25951
25947
25947
25945
25948
25950
25950
25953
25956
25958
25959
25982
25981
25980
25979
25976
25975
25975
25981
25980
25981
25978
25977
25979
25983
25994
25999
26008
26026
26048
26066
26069
26082
26103
26154
26315
26833
27473
28321
28963
28863
28944
29691
31091
30918
30879
30879
29966
29747
29410
29252
29153
28733
26009
25978
25979
25998
25999
26000
25999
25999
25998
25996
25995
25995
25995
25995
25995
25995
25996
25997
30561
85096
128561
153030
166843
162282
130947
94088
51716
26017
26017
26021
26018
26020
26018
26017
26017
26020
26019
26021
26020
26017
26016
26012
26012
26009
26009
26011
26013
26012
26007
26008
26009
26010
26010
26010
26003
25996
25996
25996
25995
25995
25994
25994
26000
25987
25987
25987
25986
25984
25915
25907
25906
25903
25901
25897
25894
25889
25884
25878
25837
25838
25838
25840
25838
25838
25840
25842
25842
25844
25840
25839
25835
25836
25832
25794
25796
25798
25800
25800
25799
25798
25794
25796
25796
25796
25798
25803
25803
25805
25799
25798
25797
25799
25800
25801
25801
25802
25799
25801
25801
25797
25795
25784
25778
25750
25751
25750
25749
25754
25760
25764
25764
25761
25762
25760
25761
25761
25761
25761
25769
25769
25772
25773
34492
61556
83020
90631
86068
68620
34931
25768
25771
25772
25775
25779
25775
25775
25774
25771
25771
25772
25772
25771
25774
25774
25780
25781
25780
25780
25786
25787
25787
25790
25787
25786
25784
25785
25789
25790
25789
25790
25791
25793
25792
25800
25805
26632
27476
28300
29758
30637
28069
25803
25802
25801
25801
25803
25801
25802
25793
25790
25794
25795
25795
25793
25794
25795
25794
25795
25792
25791
25790
25793
25792
25782
25781
25779
25780
25780
25781
25777
25777
25771
25772
25767
25769
25771
25770
25770
25746
25748
25748
25747
25749
25748
25748
25748
25748
25751
25752
25757
25753
25751
25751
25766
25765
25770
25771
25770
25773
25773
25773
25773
25767
25758
25759
25759
25759
25757
25754
25756
25756
25758
25761
25761
25761
25761
25762
25762
25760
25760
25758
25855
26153
26488
27191
28662
31163
33523
36005
43398
54406
66418
77532
86444
93317
98385
101857
103890
104196
102165
100135
95114
89739
83410
79165
77104
76953
77105
78579
81879
85502
86346
81965
76731
71051
63530
57571
52595
50104
49616
50632
52109
53264
54268
55351
55218
53663
52312
50876
48699
46096
42957
40507
39563
39353
39437
39554
40012
40669
40912
40934
41111
41009
41075
41086
40945
40878
41456
42592
43936
45409
46591
46597
45198
43446
41606
40281
39705
39985
40744
41019
40673
40082
39670
39418
38920
38176
37510
36061
34764
32529
31082
31274
32625
31568
28924
28029
27886
28057
29445
31158
32478
33302
34490
35693
36401
37183
37881
37502
36800
37128
38402
39902
41491
43554
45744
47306
48886
51013
52118
51597
50798
50093
49839
50168
51405
53169
54479
56708
58975
60306
60925
61431
62238
62439
63103
64050
64507
64127
63256
61739
60522
60394
61774
66991
78067
94108
109082
119101
126149
136698
144706
149858
152934
153777
153340
151257
149493
147516
145707
144392
143547
142871
141847
140695
139279
137649
136202
135085
133752
132503
131344
130272
129659
129124
129103
129615
129788
129800
129878
129423
128514
128222
128433
128012
127258
126895
127018
127020
126782
126732
126931
127223
127214
127814
127986
127778
127989
128604
128352
128275
128210
128053
128221
127954
128119
128704
129096
128821
128914
130657
136244
147486
159076
166845
170751
177260
184725
193129
198007
201298
203916
205474
206575
206919
206812
206455
206472
206491
205439
203984
203234
202407
202313
202592
204250
204439
204718
203692
198411
185361
174430
152029
121211
93078
68284
55817
46659
40078
36375
34445
32270
30457
29147
28386
27771
27297
27066
26865
26766
26722
26744
26840
26995
27265
27740
28349
29142
30167
30823
31344
31665
31656
31192
30764
30615
30542
30404
30290
30211
30090
30220
30453
30309
30180
30219
30214
30133
30080
30081
30066
30041
30150
30236
30208
30124
29843
29627
29517
29583
29715
29683
29521
29183
28843
28735
28879
29128
29524
30091
30738
31099
31141
30984
30833
30680
30670
30825
30904
30917
30913
30923
31004
31147
31202
31206
31211
30972
30569
30241
29997
29898
29901
29904
29869
29737
29455
29275
29235
29125
29004
29011
29051
29004
28991
29375
30549
32304
33523
33624
33150
32525
31976
31654
31525
31498
31617
31723
31749
31672
31131
29996
28683
27533
26499
26002
26001
26001
26001
25990
25873
25778
25894
34744
39802
41855
45068
46535
48027
50681
52767
54887
55562
56451
56648
56892
62398
67077
58739
55588
54771
53800
53022
51523
48194
47356
47330
47374
47389
47353
47338
47334
47326
47328
47241
47257
47261
47276
47437
47425
47395
47384
47356
47366
47352
47345
47353
47325
47304
47266
47263
47257
47263
47150
47148
47153
47173
47163
47193
47195
47197
47197
47196
47205
47193
47167
47155
47156
47129
47135
47132
47132
47131
47133
47180
47194
47175
47198
47209
47206
47205
47206
47215
47228
47215
47204
47201
47202
47204
47200
47208
47204
47205
47209
47221
47219
47222
47219
47248
47251
47259
47255
47253
48499
71094
80888
87054
94462
99899
101069
100452
102900
106648
109018
110823
112652
115221
117818
118041
117609
117236
116913
116590
116498
116597
116524
116671
116443
116485
116659
117031
117526
119045
121080
121989
122077
121642
120984
122350
123078
123808
124878
124759
124906
125272
125283
125263
125372
125435
125188
124478
124494
124598
125166
125258
125023
124865
124866
125249
125329
125613
125873
125695
125665
125619
125390
125275
124833
124652
124708
124852
125381
125928
126062
125309
124379
123548
123215
123539
123492
123033
122784
122991
123718
124434
125095
125439
125467
125197
124449
123898
123402
122479
121889
122384
123630
124343
127150
129233
133656
135228
135355
135205
135289
136870
137568
138573
138528
138015
138644
138854
139152
138929
139319
139209
139515
139461
139165
139087
138762
138833
138859
138941
138951
138920
138995
139024
138550
138390
137948
137347
136773
136564
136647
136723
136635
136246
134731
130019
124864
118890
114550
107895
99248
88963
77669
62153
52566
50954
50742
50743
50733
50728
50727
50726
50720
50722
50721
50721
50721
50727
50728
50728
50697
50698
50698
50698
50697
50697
50693
50678
50670
50663
50645
50640
50639
50642
50644
50627
50644
50651
50652
50653
50652
50658
50661
50660
50663
50645
50640
50635
50638
50636
50574
50580
50577
50579
50603
50616
50617
50622
50561
50577
50604
50629
50607
50603
50589
50551
50546
50555
50553
50556
50556
50564
50566
50595
50614
50625
50628
50631
50634
50638
50767
50777
50794
50771
51788
54425
59188
67293
76416
86013
93611
98093
98563
99282
99161
99868
100514
100379
100580
97705
91810
85505
81027
77102
73961
71347
70397
71233
73393
74284
71900
68744
64590
59536
55701
52289
50796
50802
50783
50810
50789
50777
50771
50773
50762
50729
50726
50726
50709
50748
50761
50763
50757
50759
50761
50759
50760
50759
50761
50737
50632
50626
50626
50626
50625
50631
50632
50654
50678
50758
50871
50776
50780
50680
50681
51565
52833
54391
56032
58371
58836
57331
55501
53758
53355
53138
52069
50848
50693
50694
50722
50790
50850
50719
50717
50720
50703
50702
50799
50854
50741
50688
50686
50684
50684
50712
50724
50722
50719
50722
50724
50726
50725
50722
50701
50687
50679
50645
50675
50666
50611
50609
50608
50626
50640
50642
50642
50641
50639
50640
50615
50616
50582
50555
50551
50539
50534
50529
50529
50529
50531
50530
50544
50552
50553
50554
50557
50555
50573
50580
50644
50651
50622
50608
50605
50606
50607
50603
50603
50600
50576
50578
50601
50605
50607
50625
50625
50628
50624
50625
50613
50604
50603
50603
50608
50649
50780
50952
51258
51573
52314
52543
56449
63654
70263
80636
88611
96237
100615
105573
109505
113928
117687
126232
133372
145330
157225
164568
177665
188330
195443
199817
202713
206189
206041
205381
204698
205337
208217
212627
214991
216112
216679
216675
216605
216883
217532
217679
217184
217509
216768
216087
216130
215790
214497
212058
210557
209381
208990
208677
208691
210571
210961
211733
211534
211263
209842
207448
204711
202679
200545
198971
198286
197766
197542
196898
196409
195657
195137
194826
193325
192694
193394
193936
194360
195692
196102
196374
196439
196214
196795
197412
197839
197991
198421
197090
193140
189837
187590
187604
188394
189888
191624
192437
192626
192020
191522
190791
190851
191378
191405
191108
190810
189230
187948
187340
186987
187269
189120
191121
192145
192072
190843
189657
188675
188546
188761
188967
189119
189140
190298
190640
190783
190582
190291
190087
190375
191417
192194
193169
193011
192352
191559
190791
190743
191120
191097
191169
192066
192633
192811
192421
191619
191076
190664
190294
190442
190916
191541
193484
195458
195831
195617
195446
194663
193994
193938
194105
195065
195499
195073
194616
194069
193601
193734
195285
195962
196996
197355
196583
195035
194364
194324
194806
196218
196363
196053
195886
195862
196985
198881
198389
197603
196527
195439
195619
196145
195717
196494
196082
196112
196227
196728
196535
195547
194658
194386
194870
196222
196220
195441
194995
194509
196144
194318
191911
187984
187123
186548
184970
185584
184192
184763
184023
183229
182477
182043
181708
181540
181341
181247
181138
181339
181450
181601
181511
180330
179652
179834
178731
176277
170891
165273
158807
155245
149926
145953
146871
152464
157544
164477
164883
165452
164350
162728
165256
167326
166710
162361
158816
157889
156191
151828
144041
133437
123466
123065
122941
122460
122739
124843
125843
126408
126722
126942
127554
128484
130232
131286
132014
133989
136886
139905
143480
144794
145025
143086
141162
139522
138198
137413
136460
135952
135475
135533
135625
135163
134434
134001
133697
133472
134110
135069
135777
136050
135434
134783
134180
133881
133748
133958
134437
135086
135645
135691
135416
134577
133146
131539
130033
129125
130436
133566
136508
137326
138697
140195
142033
146137
150708
151510
151546
151421
147588
123974
83100
65734
65722
65713
65699
65514
65517
65565
65559
65563
65574
65571
65571
65573
65572
65573
65572
65549
65547
65545
65522
65497
65522
65524
65525
65525
65541
65547
65546
65553
71460
84604
97244
111224
124237
135590
144267
146357
146810
147275
147931
147300
148324
151163
154935
159922
162350
162403
163395
165294
167566
168606
168977
167954
163468
162348
158976
155268
153004
150689
148774
147866
144471
140492
137551
137049
136970
137119
139254
143965
148921
152394
153070
150405
145954
141353
137427
127746
116648
112557
111769
112680
115320
117607
119574
121314
121977
122139
122683
123401
123749
123565
123580
123984
124406
125071
126465
129186
132058
134365
136948
139960
143398
145869
148303
150045
149980
149499
146817
138670
128126
117832
110702
104500
98300
93196
92911
97127
105022
118217
134659
147984
152486
162729
182384
201640
204963
204676
192927
174827
150557
125298
94476
66190
65880
65873
65853
65827
65801
65787
65739
65726
65718
65723
65720
65716
65718
65720
65685
65674
65685
65688
65692
65694
65693
65701
65699
65702
65701
65713
65681
65658
65648
65645
65642
65642
65641
65637
65638
65650
65696
65698
65696
65702
65701
65701
65701
65705
65705
65679
65674
65674
65673
65676
65670
65440
65441
65441
65496
65504
65503
65503
65504
65504
65504
65504
65504
65498
65494
65491
65489
65489
65489
