2	19
21	25
32	34
36	39
60	62
89	91
113	125
131	140
142	149
151	154
156	162
163	171
180	184
204	211
213	219
221	224
228	237
239	249
255	257
279	281
286	287
292	296
300	315
317	323
324	327
328	339
341	344
351	355
358	364
368	371
379	387
393	398
401	402
406	417
420	423
424	427
430	435
440	443
447	449
456	458
462	464
475	477
478	484
486	488
491	492
494	496
498	507
511	513
516	519
526	528
530	534
539	544
546	551
554	556
559	560
566	567
569	571
574	579
584	588
592	597
599	603
606	614
616	618
627	641
646	650
651	655
657	658
661	667
675	679
684	687
696	699
700	704
715	719
725	738
740	743
748	754
767	770
771	773
774	791
794	802
804	810
813	818
820	821
823	824
828	830
838	842
844	846
857	860
864	867
870	872
881	899
901	906
909	929
931	939
943	952
958	959
963	967
971	983
987	992
996	997
1001	1004
1005	1019
1023	1031
1042	1046
1048	1055
1057	1059
1065	1071
1074	1089
1106	1108
1116	1121
1124	1131
1136	1140
1142	1145
1150	1153
1154	1159
1161	1163
1167	1169
1185	1186
1189	1191
1195	1203
1204	1210
1217	1231
1235	1240
1245	1246
1249	1278
1294	1295
1296	1301
1305	1307
1314	1316
1320	1321
1322	1325
1333	1336
1341	1343
1344	1347
1352	1354
1355	1365
1370	1373
1377	1383
1394	1397
1414	1417
1428	1431
1434	1437
1440	1450
1456	1462
1464	1467
1485	1490
1493	1509
1521	1525
1530	1535
1545	1547
1552	1555
1560	1564
1595	1598
1620	1624
1636	1642
1651	1657
1659	1661
1665	1671
1675	1679
1680	1682
1687	1689
1691	1707
1710	1714
1732	1737
1740	1750
1755	1759
1763	1767
1769	1773
1780	1784
1788	1804
1806	1811
1823	1829
1840	1866
1868	1875
1877	1882
1883	1888
1889	1890
1894	1896
1903	1920
1922	1935
1936	1948
1949	1953
1955	1959
1960	1977
1978	1990
1992	2008
2013	2022
2024	2027
2030	2053
2055	2059
2079	2085
2086	2088
2096	2100
2105	2110
2114	2119
2121	2122
2123	2126
2127	2129
2139	2141
2144	2148
2149	2151
2156	2160
2174	2198
2201	2204
2205	2218
2219	2221
2222	2225
2226	2228
2235	2240
2241	2271
2276	2303
2306	2308
2310	2313
2314	2327
2335	2339
2341	2343
2345	2358
2360	2391
2394	2406
2409	2435
2443	2472
2475	2479
2480	2487
2490	2503
2510	2512
2513	2519
2521	2525
2528	2532
2542	2564
2566	2571
2573	2578
2580	2584
2586	2588
2592	2596
2601	2604
2610	2614
2623	2634
2641	2668
2670	2673
2682	2709
2711	2714
2715	2720
2723	2725
2729	2743
2745	2755
2757	2759
2766	2781
2782	2787
2790	2793
2795	2797
2799	2823
2825	2872
2878	2879
2884	2885
2888	2894
2908	2911
2912	2914
2916	2919
2923	2936
2938	2939
2943	2954
2963	2966
2972	2984
2985	2995
2998	3004
3016	3033
3035	3036
3038	3040
3044	3050
3054	3078
3082	3090
3092	3093
3094	3106
3108	3111
3114	3128
3131	3135
3145	3149
3159	3169
3171	3175
3177	3179
3180	3188
3190	3201
3203	3211
3215	3220
3224	3227
3234	3242
3246	3251
3256	3258
3259	3260
3264	3284
3286	3288
3291	3306
3308	3309
3318	3321
3334	3338
3360	3364
3368	3369
3371	3380
3382	3386
3388	3391
3392	3395
3396	3398
3400	3414
3418	3424
3435	3440
3442	3443
3445	3447
3450	3453
3457	3459
3464	3465
3466	3468
3471	3477
3479	3487
3490	3492
3495	3509
3514	3518
3522	3527
3529	3534
3543	3546
3555	3557
3600	3602
3608	3611
3616	3619
3623	3634
3636	3640
3643	3647
3651	3659
3661	3665
3666	3670
3673	3681
3684	3686
3687	3688
3696	3699
3702	3715
3718	3724
3731	3734
3735	3759
3765	3771
3773	3777
3780	3783
3784	3788
3813	3830
3831	3833
3840	3854
3857	3859
3866	3891
3898	3911
3919	3930
3939	3958
3961	3964
3965	3970
3976	3978
3982	3987
4008	4011
4019	4023
4032	4037
4038	4042
4043	4050
4055	4056
4062	4065
4067	4091
4097	4107
4114	4116
4117	4128
4132	4140
4141	4144
4145	4150
4153	4155
4159	4167
4176	4179
4181	4192
4198	4203
4209	4212
4213	4215
4220	4251
4260	4263
4264	4267
4268	4269
4271	4285
4293	4307
4309	4312
4323	4346
4348	4350
4351	4387
4388	4398
4400	4405
4406	4410
4412	4414
4416	4418
4428	4437
4439	4443
4446	4460
4463	4479
4485	4508
4509	4525
4527	4529
4530	4532
4533	4597
4598	4600
4620	4624
4632	4635
4644	4647
4660	4666
4668	4672
4675	4677
4680	4681
4692	4695
4701	4714
4717	4719
4724	4726
4729	4749
4750	4759
4763	4774
4776	4781
4783	4790
4799	4815
4817	4827
4828	4864
4872	4878
4884	4889
4891	4896
4897	4899
4904	4915
4918	4942
4944	4954
4956	4959
4962	4965
4968	4971
4973	4998
5002	5071
5075	5078
5079	5083
5089	5095
5097	5120
5124	5127
5131	5141
5142	5148
5149	5154
5168	5171
5172	5178
5182	5187
5190	5193
5194	5212
5213	5255
5256	5270
5275	5279
5284	5298
5302	5307
5311	5327
5333	5334
5339	5343
5344	5346
5349	5354
5356	5360
5362	5380
5383	5387
5389	5393
5396	5398
5407	5412
5416	5419
5426	5440
5445	5447
5448	5458
5460	5462
5466	5471
5473	5478
5486	5491
5502	5507
5508	5511
5519	5525
5527	5530
5535	5540
5545	5546
5553	5559
5562	5563
5568	5571
5586	5600
5601	5611
5612	5620
5624	5636
5641	5673
5675	5680
5689	5699
5701	5738
5740	5741
5743	5747
5749	5751
5753	5774
5776	5781
5784	5793
5796	5820
5822	5830
5831	5846
5848	5850
5851	5853
5857	5864
5865	5891
5892	5903
5904	5905
5911	5917
5919	5921
5928	5931
5932	5936
5943	5946
5956	5960
5962	5966
5969	5971
5979	5983
5986	6016
6022	6046
6050	6084
6086	6097
6100	6103
6105	6110
6116	6119
6120	6141
6143	6154
6157	6184
6187	6196
6201	6206
6217	6220
6223	6226
6228	6236
6240	6244
6248	6273
6279	6283
6285	6286
6287	6294
6298	6312
6314	6327
6328	6345
6356	6371
6373	6382
6384	6386
6388	6389
6392	6404
6407	6411
6413	6421
6423	6434
6436	6437
6440	6443
6447	6451
6457	6461
6463	6467
6477	6479
6480	6482
6485	6497
6499	6507
6509	6522
6526	6530
6532	6544
6550	6553
6561	6563
6568	6591
6597	6602
6604	6609
6611	6615
6618	6620
6624	6627
6630	6633
6636	6639
6653	6657
6661	6665
6683	6689
6696	6703
6705	6707
6712	6719
6721	6723
6724	6726
6729	6743
6745	6759
6764	6767
6773	6777
6780	6783
6784	6790
6793	6796
6803	6807
6816	6819
6828	6841
6846	6849
6853	6854
6857	6861
6863	6867
6875	6879
6902	6906
6912	6943
6963	6982
6983	7000
7005	7031
7032	7048
7052	7054
7056	7068
7069	7075
7076	7091
7093	7102
7105	7127
7130	7135
7139	7146
7148	7158
7162	7170
7174	7184
7188	7191
7196	7198
7205	7211
7220	7226
7227	7260
7266	7267
7268	7275
7284	7287
7296	7299
7313	7323
7333	7371
7380	7384
7392	7395
7397	7402
7404	7410
7413	7420
7427	7432
7435	7440
7442	7443
7445	7447
7451	7455
7466	7470
7474	7477
7478	7479
7487	7488
7492	7495
7500	7505
7511	7515
7526	7528
7531	7534
7538	7541
7544	7647
7653	7671
7740	7747
7752	7757
7764	7767
7773	7776
7800	7805
7824	7827
7836	7839
7852	7855
7856	7857
7859	7865
7872	7879
7891	7904
7908	7942
7944	7952
7954	7955
7959	7962
7967	7971
7978	7980
7984	7988
7990	7994
8000	8011
8016	8019
8028	8042
8058	8059
8064	8067
8118	8119
8124	8127
8172	8178
8180	8183
8189	8193
8195	8199
8203	8207
8212	8216
8229	8259
8261	8262
8265	8273
8277	8284
8286	8288
8289	8295
8296	8300
8302	8315
8317	8323
8334	8343
8347	8348
8351	8354
8356	8357
8363	8382
8386	8391
8419	8434
8436	8439
8441	8443
8452	8463
8468	8495
8501	8511
8514	8522
8542	8579
8596	8598
8675	8678
8681	8687
8707	8709
8712	8718
8748	8751
8787	8818
8819	8846
8852	8854
8868	8873
8878	8879
8880	8883
8884	8885
8891	8894
8898	8899
8913	8923
8925	8971
8976	9001
9002	9003
9007	9013
9015	9033
9035	9040
9042	9044
9050	9069
9080	9097
9098	9113
9114	9121
9122	9125
9127	9130
9136	9138
9149	9152
9157	9159
9165	9183
9190	9202
9204	9213
9223	9231
9233	9243
9255	9263
9266	9276
9278	9294
9305	9319
9321	9330
9341	9348
9359	9366
9370	9379
9385	9395
9404	9406
9408	9409
9414	9415
9417	9424
9428	9432
9437	9439
9468	9472
9474	9487
9489	9491
9492	9495
9515	9518
9522	9523
9525	9557
9560	9562
9564	9565
9566	9568
9574	9584
9587	9607
9613	9619
9623	9626
9630	9648
9656	9658
9660	9663
9684	9689
9699	9706
9714	9718
9720	9723
9724	9741
9744	9747
9749	9750
9759	9763
9768	9771
9779	9780
9783	9785
9790	9791
9795	9799
9807	9813
9816	9820
9823	9825
9833	9836
9837	9839
9848	9850
9854	9857
9873	9884
9885	9891
9893	9901
9902	9909
9910	9915
9918	9920
9922	9927
9934	9940
9951	9968
9978	9980
9996	9999
10008	10011
10023	10026
10049	10050
10053	10054
10056	10059
10092	10096
10097	10155
10157	10165
10166	10168
10170	10198
10199	10205
10207	10219
10221	10232
10233	10251
10253	10260
10267	10273
10276	10280
10284	10288
10291	10293
10294	10295
10298	10302
10311	10314
10319	10322
10323	10325
10327	10351
10353	10354
10356	10367
10368	10373
10376	10378
10381	10389
10394	10399
10402	10409
10415	10420
10423	10424
10426	10432
10439	10441
10453	10462
10463	10479
10482	10502
10503	10519
10521	10528
10529	10531
10535	10577
10578	10592
10593	10600
10602	10619
10627	10639
10640	10650
10651	10654
10656	10659
10663	10668
10669	10722
10723	10742
10743	10745
10746	10763
10769	10778
10782	10786
10803	10805
10812	10815
10818	10822
10826	10833
10836	10853
10855	10869
10871	10872
10880	10882
10884	10888
10892	10899
10903	10908
10910	10913
10917	10920
10932	10937
10943	10950
10952	10955
10961	10965
10969	10974
10978	10985
10989	10999
11004	11007
11017	11027
11029	11030
11038	11040
11041	11045
11046	11060
11062	11067
11068	11069
11072	11074
11076	11086
11092	11094
11101	11108
11112	11119
11124	11129
11138	11143
11148	11151
11154	11165
11169	11180
11181	11182
11184	11193
11194	11213
11215	11238
11240	11249
11252	11260
11266	11268
11270	11271
11274	11282
11285	11287
11290	11294
11316	11319
11323	11345
11347	11363
11374	11377
11380	11391
11396	11403
11406	11409
11410	11412
11413	11416
11422	11426
11428	11434
11437	11441
11443	11447
11451	11453
11458	11461
11471	11478
11479	11484
11486	11493
11511	11523
11526	11531
11532	11543
11544	11552
11553	11558
11559	11586
11591	11597
11601	11614
11615	11618
11622	11625
11628	11636
11648	11660
11662	11667
11672	11681
11682	11694
11696	11717
11718	11740
11741	11748
11750	11752
11753	11755
11765	11768
11772	11775
11782	11784
11797	11800
11808	11809
11823	11825
11832	11835
11840	11843
11845	11847
11850	11853
11854	11859
11861	11862
11868	11874
11881	11898
11904	11908
11911	11913
11919	11927
11929	11946
11952	11955
11957	11959
11964	11970
11975	11977
11980	11983
11987	11997
11998	12012
12014	12019
12023	12034
12038	12044
12046	12052
12059	12065
12069	12072
12073	12088
12091	12092
12095	12099
12102	12136
12140	12145
12152	12155
12157	12170
12175	12178
12179	12187
12189	12196
12202	12204
12216	12219
12222	12246
12248	12278
12284	12319
12321	12333
12334	12343
12345	12348
12349	12363
12368	12381
12382	12391
12394	12402
12403	12404
12406	12434
12443	12447
12450	12459
12460	12464
12466	12471
12476	12478
12494	12507
12508	12514
12516	12554
12556	12569
12570	12596
12603	12608
12612	12638
12639	12640
12643	12675
12677	12690
12692	12699
12702	12707
12708	12713
12714	12734
12742	12743
12745	12754
12757	12783
12793	12800
12815	12820
12833	12855
12857	12891
12898	12930
12931	12945
12946	13005
13006	13012
13016	13018
13020	13023
13024	13025
13030	13035
13038	13040
13041	13056
13058	13059
13062	13065
13080	13099
13101	13108
13113	13130
13138	13161
13162	13189
13195	13196
13201	13210
13211	13241
13243	13244
13245	13247
13249	13251
13257	13283
13284	13306
13307	13311
13313	13324
13325	13344
13345	13354
13357	13371
13375	13385
13388	13392
13396	13400
13401	13412
13414	13424
13425	13450
13453	13459
13461	13463
13467	13469
13471	13473
13479	13484
13488	13504
13508	13511
13513	13542
13547	13551
13559	13561
13567	13585
13596	13600
13605	13609
13611	13613
13614	13615
13622	13624
13632	13635
13653	13655
13656	13657
13685	13688
13692	13697
13701	13703
13713	13717
13719	13745
13751	13795
13796	13811
13812	13829
13830	13861
13863	13867
13868	13881
13883	13889
13894	13901
13908	13911
13914	13918
13921	13947
13954	13998
14002	14007
14009	14013
14017	14022
14026	14028
14033	14035
14037	14039
14040	14042
14044	14051
14055	14063
14070	14072
14073	14079
14085	14101
14107	14112
14117	14134
14136	14139
14141	14192
14194	14195
14196	14218
14219	14223
14225	14228
14232	14240
14241	14246
14247	14257
14263	14272
14275	14293
14294	14301
14302	14323
14326	14337
14340	14348
14349	14358
14360	14363
14367	14368
14370	14375
14377	14378
14383	14396
14399	14403
14407	14408
14409	14410
14416	14419
14422	14424
14425	14435
14437	14454
14459	14463
14467	14472
14484	14499
14508	14511
14532	14538
14544	14547
14548	14557
14565	14568
14569	14571
14573	14583
14586	14612
14614	14619
14622	14631
14639	14650
14652	14659
14661	14663
14665	14667
14670	14674
14679	14680
14698	14705
14712	14716
14718	14721
14727	14740
14744	14747
14754	14757
14758	14775
14777	14780
14783	14787
14790	14795
14797	14804
14806	14811
14813	14824
14828	14833
14841	14843
14846	14852
14857	14864
14868	14889
14892	14901
14909	14912
14916	14919
14925	14928
14934	14945
14948	14963
14974	14983
14985	14993
15008	15018
15024	15028
15039	15042
15050	15057
15063	15103
15105	15113
15115	15176
15177	15180
15183	15186
15187	15198
15200	15203
15204	15219
15220	15236
15237	15239
15243	15296
15297	15300
15302	15308
15312	15321
15322	15341
15343	15362
15365	15369
15372	15383
15387	15389
15390	15392
15395	15404
15408	15411
15418	15420
15423	15436
15438	15447
15452	15454
15455	15467
15470	15471
15474	15479
15487	15513
15515	15582
15585	15591
15593	15594
15595	15600
15602	15604
15605	15615
15618	15622
15628	15630
15634	15641
15643	15645
15646	15689
15691	15713
15739	15742
15745	15748
15750	15752
15757	15761
15763	15768
15771	15773
15776	15778
15788	15807
15809	15815
15823	15827
15830	15842
15847	15860
15864	15869
15872	15874
15876	15905
15908	15911
15924	15927
15948	15951
15956	15959
15964	15967
15978	15981
15995	15997
15998	16004
16011	16013
16015	16016
16027	16033
16035	16040
16050	16054
16056	16059
16061	16066
16079	16084
16086	16089
16102	16105
16110	16115
16117	16119
16133	16174
16175	16183
16191	16208
16210	16218
16220	16227
16232	16257
16260	16277
16278	16304
16306	16317
16319	16320
16324	16347
16349	16380
16383	16384
16388	16395
16403	16407
16411	16419
16431	16435
16436	16437
16438	16482
16484	16497
16499	16510
16514	16516
16539	16571
16582	16588
16590	16593
16600	16606
16611	16615
16625	16636
16637	16649
16652	16656
16658	16660
16663	16695
16696	16707
16708	16729
16732	16741
16742	16746
16749	16751
16755	16773
16774	16780
16782	16796
16797	16815
16816	16826
16827	16828
16830	16855
16857	16862
16864	16865
16867	16869
16870	16877
16879	16880
16884	16887
16888	16890
16893	16895
16899	16904
16907	16916
16920	16927
16929	16930
16932	16937
16939	16941
16956	16958
16959	16970
16971	16977
16978	16985
16987	16997
16999	17001
17002	17005
17006	17008
17011	17012
17015	17031
17034	17040
17042	17044
17048	17051
17100	17103
17111	17115
17116	17122
17124	17127
17133	17140
17142	17144
17160	17163
17171	17173
17175	17178
17184	17187
17189	17190
17195	17199
17202	17204
17208	17212
17213	17224
17228	17229
17234	17237
17243	17251
17254	17260
17265	17267
17268	17289
17291	17295
17299	17307
17315	17316
17321	17375
17386	17399
17405	17412
17414	17418
17422	17430
17434	17439
17441	17445
17453	17454
17456	17457
17487	17490
17496	17499
17511	17514
17519	17523
17528	17530
17531	17537
17542	17563
17570	17586
17589	17598
17601	17627
17634	17654
17655	17667
17669	17670
17673	17675
17677	17679
17680	17715
17718	17760
17766	17773
17784	17787
17788	17792
17795	17799
17809	17811
17836	17839
17840	17847
17848	17854
17856	17869
17870	17878
17896	17901
17903	17910
17911	17917
17919	17920
17929	17949
17950	17961
17963	17966
17968	18007
18012	18031
18032	18045
18046	18048
18049	18073
18076	18077
18078	18085
18086	18091
18092	18094
18103	18119
18120	18124
18128	18136
18154	18177
18178	18183
18185	18189
18197	18201
18202	18226
18231	18246
18247	18258
18260	18266
18268	18288
18290	18296
18300	18306
18309	18314
18315	18321
18322	18331
18332	18341
18349	18365
18375	18378
18388	18395
18400	18402
18408	18413
18415	18418
18423	18426
18429	18439
18440	18443
18444	18449
18452	18461
18462	18464
18468	18471
18482	18484
18491	18497
18508	18510
18511	18514
18523	18531
18534	18538
18540	18545
18547	18549
18550	18555
18559	18599
18603	18622
18626	18635
18637	18652
18655	18702
18704	18711
18714	18716
18723	18752
18755	18762
18768	18775
18778	18785
18787	18789
18791	18794
18795	18800
18808	18821
18828	18835
18844	18848
18859	18861
18864	18874
18876	18881
18889	18893
18896	18906
18908	18915
18924	18927
18938	18943
18948	18951
18956	18958
18959	18963
18966	18971
18984	18987
19008	19011
19025	19026
19029	19032
19044	19083
19085	19087
19098	19100
19104	19139
19141	19150
19157	19166
19170	19179
19182	19193
19204	19209
19211	19212
19216	19221
19223	19233
19236	19241
19242	19243
19251	19257
19259	19267
19273	19283
19287	19294
19299	19306
19309	19314
19315	19316
19318	19326
19328	19331
19341	19352
19355	19362
19365	19371
19379	19380
19383	19385
19397	19436
19444	19446
19450	19455
19457	19463
19465	19467
19468	19477
19480	19487
19490	19494
19495	19506
19508	19533
19540	19543
19544	19551
19555	19557
19558	19564
19567	19568
19572	19648
19650	19663
19668	19674
19683	19684
19688	19695
19699	19705
19706	19707
19709	19718
19720	19728
19731	19732
19734	19745
19748	19750
19755	19756
19776	19784
19785	19790
19796	19820
19821	19839
19844	19851
19868	19880
19882	19883
19887	19902
19904	19912
19915	19922
19923	19927
19929	19955
19956	19974
19977	19979
19985	19996
19997	20000
20001	20003
20005	20048
20049	20066
20070	20074
20088	20098
20104	20111
20115	20117
20121	20141
20145	20153
20156	20166
20168	20169
20181	20189
20190	20199
20202	20205
20206	20215
20223	20225
20232	20235
20237	20254
20255	20283
20285	20302
20307	20320
20321	20330
20333	20336
20338	20372
20383	20407
20409	20412
20415	20417
20422	20426
20429	20433
20436	20520
20524	20530
20534	20577
20585	20588
20600	20622
20631	20643
20646	20659
20660	20678
20679	20693
20698	20730
20733	20735
20736	20751
20753	20761
20763	20769
20770	20775
20776	20794
20796	20798
20799	20812
20814	20825
20828	20830
20834	20840
20844	20846
20851	20856
20861	20871
20876	20881
20882	20889
20895	20901
20903	20907
20909	20913
20915	20938
20942	20949
20951	20960
20962	20970
20976	20980
20983	20989
20995	21003
21004	21020
21023	21024
21026	21032
21034	21036
21038	21042
21046	21052
21055	21059
21063	21066
21071	21076
21081	21093
21094	21107
21113	21115
21118	21119
21124	21125
21128	21132
21133	21136
21138	21141
21144	21150
21152	21155
21159	21161
21165	21173
21174	21181
21186	21190
21193	21195
21196	21224
21226	21228
21235	21236
21239	21249
21250	21258
21260	21261
21264	21267
21282	21286
21296	21298
21305	21311
21315	21321
21325	21327
21328	21349
21351	21352
21363	21364
21369	21378
21381	21384
21396	21402
21407	21409
21410	21412
21420	21429
21438	21446
21447	21463
21465	21467
21473	21488
21495	21499
21502	21514
21516	21520
21523	21589
21591	21592
21596	21599
21606	21617
21621	21626
21628	21630
21636	21638
21641	21649
21653	21654
21657	21658
21661	21666
21673	21682
21689	21693
21696	21700
21701	21705
21712	21725
21727	21728
21731	21734
21735	21739
21744	21748
21755	21765
21768	21771
21774	21775
21777	21779
21783	21786
21787	21788
21790	21797
21800	21804
21808	21810
21813	21817
21820	21823
21830	21885
21889	21891
21892	21945
21950	21967
21969	22051
22053	22066
22073	22076
22078	22130
22133	22137
22139	22143
22147	22149
22159	22162
22163	22164
22169	22172
22174	22179
22182	22184
22189	22192
22197	22198
22205	22239
22242	22243
22245	22251
22257	22258
22261	22263
22274	22283
22287	22291
22292	22295
22302	22315
22323	22332
22335	22337
22342	22350
22356	22359
22363	22371
22392	22395
22416	22419
22420	22422
22428	22431
22433	22438
22452	22455
22465	22468
22484	22487
22488	22492
22499	22505
22510	22512
22515	22552
22558	22569
22571	22587
22589	22598
22603	22665
22671	22679
22685	22691
22692	22695
22698	22700
22704	22706
22707	22714
22716	22727
22732	22736
22739	22740
22744	22748
22752	22775
22780	22790
22792	22797
22802	22827
22829	22841
22843	22844
22848	22887
22896	22905
22913	22914
22915	22927
22929	22938
22950	22959
22965	22971
22973	22979
22982	22983
22985	22986
22991	23047
23049	23061
23065	23091
23096	23109
23119	23126
23127	23130
23141	23144
23147	23151
23157	23163
23165	23166
23169	23183
23185	23188
23204	23211
23217	23224
23228	23230
23235	23239
23244	23247
23256	23259
23279	23283
23285	23287
23289	23292
23295	23298
23303	23310
23320	23329
23334	23338
23340	23382
23385	23454
23456	23463
23465	23466
23471	23473
23476	23483
23488	23492
23495	23498
23501	23505
23507	23516
23523	23524
23565	23574
23578	23588
23591	23599
23612	23615
23619	23620
23625	23630
23649	23655
23676	23679
23685	23686
23689	23691
23719	23722
23725	23726
23728	23729
23732	23736
23745	23746
23749	23751
23762	23765
23792	23794
23808	23811
23844	23847
