345	347
349	352
354	361
371	372
375	377
379	387
389	397
398	413
415	421
424	429
430	438
450	452
461	464
486	487
489	501
504	508
512	513
514	528
531	533
536	538
539	542
610	612
613	618
622	634
636	637
659	661
682	689
691	692
696	697
701	702
705	707
708	709
720	722
736	738
741	747
750	751
757	759
760	775
777	784
788	789
802	804
818	823
825	827
828	829
840	841
862	863
864	865
867	875
877	880
884	889
892	895
897	898
907	917
923	925
926	929
931	940
952	953
958	959
961	965
971	973
974	975
984	985
1020	1021
1050	1051
1056	1057
1140	1141
1144	1162
1164	1165
1180	1181
1188	1190
1200	1201
1211	1212
1213	1229
1250	1252
1272	1273
1276	1277
1278	1279
1285	1292
1294	1298
1300	1312
1314	1317
1318	1323
1325	1327
1330	1333
1334	1336
1344	1345
1349	1352
1355	1357
1358	1360
1363	1365
1368	1369
1371	1377
1378	1382
1385	1395
1400	1411
1413	1415
1417	1429
1434	1448
1451	1453
1459	1468
1471	1474
1476	1478
1480	1483
1484	1490
1495	1497
1500	1503
1505	1507
1531	1535
1536	1537
1545	1546
1547	1548
1549	1553
1555	1556
1559	1561
1566	1567
1568	1574
1577	1581
1591	1593
1594	1600
1602	1603
1608	1612
1613	1622
1627	1629
1631	1634
1636	1639
1641	1643
1646	1647
1650	1651
1652	1654
1655	1658
1661	1663
1666	1669
1670	1672
1676	1679
1680	1681
1688	1694
1695	1704
1710	1715
1725	1729
1748	1749
1750	1754
1755	1763
1765	1769
1775	1783
1785	1789
1790	1797
1800	1802
1806	1810
1815	1816
1818	1819
1831	1834
1836	1837
1841	1855
1858	1861
1864	1870
1871	1880
1884	1893
1894	1895
1896	1897
1898	1904
1908	1909
1922	1930
1932	1939
1944	1945
1946	1953
1963	1966
1974	1975
1979	1984
1993	2002
2008	2021
2023	2026
2027	2030
2032	2034
2038	2043
2046	2053
2055	2058
2059	2064
2067	2069
2071	2080
2084	2085
2096	2117
2118	2121
2123	2127
2130	2132
2133	2134
2135	2137
2139	2156
2159	2180
2183	2195
2198	2202
2207	2210
2219	2224
2227	2229
2232	2233
2236	2241
2244	2245
2250	2251
2268	2270
2279	2282
2292	2293
2297	2317
2319	2320
2321	2340
2342	2348
2349	2358
2360	2363
2365	2367
2369	2378
2379	2393
2394	2397
2400	2401
2403	2443
2445	2446
2447	2449
2452	2463
2466	2480
2483	2491
2496	2509
2511	2526
2527	2538
2540	2542
2543	2545
2547	2557
2559	2561
2566	2567
2579	2586
2587	2591
2595	2599
2604	2605
2607	2623
2625	2645
2647	2660
2662	2664
2666	2668
2669	2675
2677	2678
2696	2714
2717	2737
2740	2752
2754	2763
2776	2778
2783	2785
2787	2794
2805	2806
2810	2818
2819	2826
2829	2832
2833	2837
2842	2846
2855	2857
2860	2861
2862	2867
2869	2876
2879	2883
2887	2889
2890	2897
2899	2902
2903	2906
2908	2910
2914	2915
2917	2918
2919	2921
2923	2931
2940	2943
2945	2946
2948	2950
2953	2955
2968	2971
2972	2974
2985	2987
2989	2993
2998	3007
3009	3017
3019	3020
3024	3025
3030	3032
3060	3063
3066	3077
3079	3086
3091	3092
3095	3097
3099	3102
3103	3106
3107	3115
3118	3127
3130	3140
3142	3151
3154	3157
3168	3169
3180	3181
3194	3197
3198	3201
3210	3213
3215	3216
3217	3219
3221	3227
3231	3233
3235	3251
3256	3257
3261	3278
3281	3283
3286	3287
3296	3308
3310	3311
3315	3316
3321	3333
3334	3344
3345	3347
3348	3359
3360	3364
3375	3376
3386	3387
3390	3403
3409	3414
3417	3422
3424	3426
3436	3445
3448	3449
3451	3454
3460	3473
3491	3518
3525	3526
3527	3529
3530	3533
3536	3544
3547	3548
3552	3563
3565	3567
3570	3572
3573	3579
3583	3589
3591	3614
3616	3617
3622	3625
3626	3627
3631	3632
3634	3635
3637	3639
3646	3647
3650	3652
3656	3658
3660	3664
3673	3677
3678	3688
3690	3692
3693	3695
3703	3710
3712	3714
3717	3720
3722	3724
3728	3734
3748	3755
3756	3758
3761	3762
3765	3777
3779	3781
3783	3785
3787	3793
3795	3801
3802	3819
3822	3823
3826	3831
3834	3839
3840	3859
3861	3866
3867	3871
3872	3886
3889	3890
3891	3892
3894	3895
3897	3899
3900	3902
3913	3916
3917	3919
3920	3921
3931	3932
3949	3951
3952	3956
3957	3966
3973	3976
3978	3985
3987	3992
3994	3998
4002	4007
4014	4015
4019	4027
4029	4030
4032	4037
4049	4052
4053	4066
4079	4081
4083	4097
4098	4100
4105	4111
4115	4127
4130	4134
4135	4145
4146	4147
4149	4159
4165	4166
4170	4171
4174	4192
4195	4196
4198	4206
4212	4217
4222	4223
4225	4238
4240	4241
4244	4246
4247	4253
4256	4257
4259	4267
4271	4273
4274	4276
4300	4312
4315	4318
4320	4321
4324	4327
4330	4347
4350	4352
4358	4359
4362	4371
4373	4375
4376	4379
4381	4389
4391	4411
4412	4415
4416	4419
4422	4429
4430	4444
4446	4448
4450	4452
4456	4462
4463	4469
4470	4471
4472	4484
4488	4493
4500	4514
4516	4519
4522	4523
4530	4532
4538	4539
4540	4544
4547	4549
4552	4561
4567	4578
4580	4585
4588	4589
4590	4595
4596	4602
4604	4610
4612	4615
4624	4629
4632	4633
4644	4645
4647	4648
4664	4683
4686	4687
4694	4713
4715	4727
4732	4744
4747	4751
4752	4755
4757	4759
4761	4770
4772	4780
4781	4788
4792	4806
4816	4818
4824	4831
4834	4837
4839	4846
4848	4866
4872	4876
4878	4879
4880	4886
4920	4921
4942	4947
4950	4954
4956	4957
4992	4993
5007	5009
5085	5087
5093	5096
5105	5117
5125	5128
5130	5133
5136	5137
5139	5141
5144	5156
5158	5162
5172	5173
5205	5216
5225	5228
5230	5233
5244	5245
5247	5248
5249	5258
5264	5265
5266	5273
5275	5283
5285	5293
5296	5303
5305	5312
5316	5317
5326	5343
5345	5349
5352	5356
5366	5367
5371	5377
5382	5394
5395	5409
5413	5414
5416	5418
5433	5435
5438	5439
5442	5449
5451	5454
5455	5459
5460	5461
5473	5474
5490	5491
5528	5529
5530	5533
5535	5549
5551	5554
5557	5559
5561	5562
5567	5568
5580	5581
5583	5586
5588	5599
5604	5605
5616	5617
5618	5619
5628	5629
5648	5650
5661	5663
5665	5667
5668	5673
5678	5679
5681	5686
5699	5701
5702	5705
5707	5710
5716	5717
5722	5723
5724	5725
5728	5730
5732	5735
5737	5747
5751	5754
5756	5760
5763	5764
5772	5774
5776	5785
5787	5791
5797	5804
5808	5812
5819	5820
5822	5826
5829	5837
5839	5850
5851	5864
5867	5869
5874	5875
5880	5883
5887	5888
5895	5901
5905	5911
5916	5917
5919	5921
5923	5931
5932	5937
5940	5941
5943	5956
5958	5963
5970	5971
5994	6035
6037	6038
6042	6052
6066	6078
6080	6083
6084	6085
6090	6091
6092	6097
6105	6106
6108	6109
6117	6118
6122	6128
6130	6137
6144	6145
6150	6152
6160	6161
6167	6173
6174	6188
6195	6196
6206	6207
6210	6212
6214	6230
6240	6243
6247	6262
6264	6283
6285	6290
6291	6292
6297	6304
6306	6307
6308	6309
6316	6318
6321	6322
6324	6329
6332	6342
6345	6350
6355	6356
6357	6374
6378	6379
6384	6385
6396	6410
6413	6415
6416	6426
6429	6460
6461	6469
6472	6475
6481	6485
6487	6490
6492	6494
6504	6506
6516	6545
6547	6549
6551	6574
6576	6580
6582	6604
6606	6611
6613	6626
6628	6631
6633	6648
6650	6651
6654	6681
6683	6689
6696	6697
6700	6711
6713	6721
6724	6746
6747	6748
6751	6763
6767	6774
6782	6783
6792	6793
6816	6817
6840	6841
6848	6850
6852	6856
6858	6862
6865	6877
6879	6880
6883	6892
6894	6895
6899	6904
6906	6908
6910	6922
6930	6932
6934	6938
6943	6944
6947	6952
6962	6963
6980	6982
6987	6992
6994	6997
6999	7000
7004	7011
7015	7028
7029	7036
7040	7043
7047	7048
7050	7053
7055	7057
7059	7067
7069	7073
7074	7091
7094	7097
7099	7105
7110	7111
7115	7117
7120	7123
7125	7126
7140	7143
7144	7146
7147	7166
7170	7171
7174	7191
7195	7214
7216	7238
7240	7262
7264	7273
7279	7288
7290	7294
7295	7297
7302	7305
7308	7309
7313	7314
7316	7317
7318	7322
7327	7329
7332	7334
7337	7338
7344	7345
7351	7362
7364	7367
7371	7373
7377	7384
7386	7389
7396	7399
7401	7404
7406	7416
7419	7439
7441	7455
7457	7458
7462	7465
7467	7472
7475	7482
7484	7487
7498	7508
7512	7513
7514	7518
7530	7532
7548	7555
7558	7559
7561	7564
7573	7574
7577	7578
7580	7589
7592	7629
7632	7633
7635	7637
7645	7646
7663	7664
7665	7666
7668	7677
7680	7681
7685	7691
7694	7696
7697	7703
7705	7706
7710	7711
7712	7717
7725	7729
7731	7737
7740	7741
7745	7756
7759	7766
7770	7771
7776	7777
7784	7786
7787	7789
7792	7793
7795	7805
7813	7814
7816	7817
7820	7821
7843	7844
7846	7857
7860	7865
7870	7882
7884	7887
7890	7906
7911	7915
7919	7924
7928	7934
7937	7947
7955	7957
7958	7959
7960	7961
7963	7966
7968	7971
7973	8043
8047	8048
8050	8058
8061	8062
8070	8071
8076	8077
8089	8091
8092	8099
8100	8108
8110	8113
8117	8118
8125	8133
8140	8143
8148	8149
8153	8154
8156	8171
8175	8187
8190	8197
8208	8209
8213	8214
8215	8216
8220	8221
8229	8258
8260	8275
8276	8277
8280	8287
8292	8293
8295	8298
8304	8305
8315	8317
8320	8323
8325	8326
8333	8334
8335	8339
8341	8347
8350	8353
8354	8357
8358	8359
8360	8379
8382	8389
8392	8394
8395	8399
8406	8425
8427	8435
8440	8441
8443	8451
8453	8465
8469	8474
8477	8479
8482	8485
8488	8489
8493	8495
8496	8502
8505	8510
8514	8539
8544	8545
8546	8547
8548	8570
8572	8579
8581	8591
8592	8608
8612	8617
8623	8626
8627	8632
8634	8637
8640	8646
8649	8651
8653	8655
8659	8660
8664	8667
8669	8703
8709	8716
8719	8737
8745	8747
8748	8749
8757	8758
8760	8762
8775	8776
8784	8785
8805	8806
8810	8812
8814	8822
8824	8829
8833	8834
8836	8837
8838	8841
8848	8849
8857	8872
8874	8875
8880	8881
8882	8884
8886	8897
8899	8908
8910	8912
8913	8914
8920	8927
8928	8931
8933	8956
8970	8972
8973	8975
8976	8977
8984	8985
8987	8992
9000	9001
9003	9005
9006	9010
9017	9018
9020	9034
9045	9046
9047	9048
9054	9060
9065	9073
9076	9079
9080	9083
9086	9104
9107	9108
9120	9121
9128	9129
9132	9133
9137	9141
9144	9145
9147	9148
9149	9153
9156	9158
9159	9163
9164	9167
9169	9176
9178	9194
9196	9209
9211	9212
9228	9229
9242	9244
9245	9246
9252	9253
9263	9268
9269	9270
9271	9273
9276	9279
9282	9284
9285	9289
9290	9294
9301	9304
9306	9308
9309	9314
9327	9329
9332	9337
9343	9344
9348	9353
9363	9374
9377	9389
9392	9397
9398	9402
9403	9410
9420	9421
9423	9425
9426	9440
9443	9445
9450	9451
9468	9469
9473	9474
9477	9482
9492	9493
9503	9506
9513	9515
9517	9524
9526	9530
9532	9551
9554	9565
9568	9574
9579	9581
9582	9584
9588	9589
9599	9605
9607	9617
9619	9626
9633	9640
9645	9649
9651	9653
9655	9656
9658	9661
9664	9666
9687	9688
9697	9699
9704	9709
9720	9722
9727	9728
9730	9731
9732	9739
9740	9741
9750	9751
9759	9760
9773	9774
9778	9779
9780	9782
9792	9793
9795	9796
9797	9799
9800	9801
9802	9814
9818	9819
9820	9829
9833	9835
9836	9837
9844	9868
9871	9872
9874	9878
9888	9897
9899	9902
9905	9907
9908	9913
9927	9928
9939	9942
9943	9947
9949	9951
9953	9955
9958	9961
9971	9975
9976	9983
9986	9987
9989	9993
9999	10002
10004	10005
10008	10011
10014	10018
10020	10021
10026	10027
10040	10052
10061	10063
10064	10069
10073	10074
10080	10081
10085	10089
10090	10093
10096	10104
10110	10113
10117	10129
10135	10139
10140	10144
10146	10147
10150	10158
10161	10179
10184	10187
10191	10199
10202	10203
10205	10206
10207	10209
10212	10213
10215	10218
10222	10223
10226	10235
10237	10268
10270	10271
10272	10274
10277	10278
10287	10288
10293	10296
10299	10300
10302	10303
10311	10312
10320	10322
10332	10335
10340	10343
10346	10347
10351	10352
10363	10365
10369	10370
10371	10379
10392	10393
10397	10398
10399	10400
10401	10402
10403	10405
10407	10411
10413	10421
10422	10426
10439	10451
10454	10456
10458	10465
10469	10471
10473	10486
10488	10491
10493	10510
10513	10521
10531	10534
10536	10537
10544	10546
10554	10561
10563	10564
10574	10576
10580	10582
10590	10591
10592	10602
10607	10608
10609	10611
10614	10616
10620	10625
10627	10629
10636	10640
10643	10646
10650	10657
10666	10667
10680	10682
10685	10687
10689	10699
10704	10705
10708	10712
10714	10725
10740	10741
10745	10747
10749	10752
10753	10757
10758	10760
10763	10772
10774	10777
10784	10786
10788	10789
10794	10798
10801	10814
10817	10818
10819	10820
10827	10828
10829	10830
10832	10833
10840	10852
10854	10856
10860	10865
10867	10870
10872	10874
10880	10882
10884	10893
10894	10897
10901	10933
10934	10938
10942	10945
10946	10952
10955	10960
10961	10963
10965	10967
10971	10973
10980	10981
10989	10990
10991	10993
10995	10996
11000	11001
11002	11003
11006	11007
11011	11014
11016	11018
11026	11029
11030	11033
11036	11039
11040	11048
11050	11053
11056	11060
11064	11066
11077	11079
11081	11084
11086	11087
11088	11090
11093	11094
11095	11114
11116	11121
11123	11125
11126	11129
11130	11134
11136	11139
11142	11143
11144	11147
11148	11149
11153	11158
11162	11168
11171	11202
11205	11209
11212	11215
11217	11232
11234	11241
11244	11253
11255	11259
11260	11285
11288	11296
11301	11309
11312	11320
11323	11360
11363	11365
11376	11378
11381	11389
11391	11404
11406	11417
11431	11434
11436	11437
11458	11462
11463	11487
11490	11491
11520	11521
11542	11543
11549	11561
11567	11569
11573	11579
11583	11586
11592	11597
11602	11608
11618	11619
11630	11631
11640	11642
11656	11657
11670	11671
11688	11689
11694	11696
11698	11702
11706	11714
11724	11726
11730	11731
11742	11744
11750	11752
11755	11756
11759	11763
11768	11770
11772	11773
11781	11791
11795	11804
11808	11813
11820	11822
11826	11831
11832	11843
11845	11848
11850	11858
11869	11871
11874	11878
11879	11884
11887	11890
11895	11898
11901	11903
11904	11908
11909	11912
11919	11920
11922	11928
11930	11936
11940	11942
11946	11948
11952	11953
11954	11960
11962	11968
11985	11986
11996	12003
12004	12008
12013	12014
12017	12029
12036	12039
12040	12043
12046	12047
12050	12051
12053	12054
12055	12056
12057	12058
12060	12063
12065	12069
12071	12079
12081	12082
12085	12106
12110	12111
12113	12114
12115	12122
12124	12125
12127	12128
12131	12133
12153	12154
12155	12160
12162	12163
12176	12177
12180	12181
12192	12193
12195	12198
12211	12213
12214	12215
12216	12217
12228	12229
12240	12244
12247	12253
12254	12258
12261	12265
12268	12271
12272	12280
12281	12285
12287	12295
12298	12299
12305	12307
12313	12314
12316	12326
12333	12337
12339	12341
12343	12350
12352	12355
12357	12368
12370	12376
12378	12385
12386	12409
12420	12436
12437	12458
12460	12461
12463	12475
12478	12479
12480	12486
12495	12497
12504	12509
12513	12518
12525	12526
12528	12529
12530	12543
12545	12553
12557	12558
12564	12572
12574	12581
12585	12586
12588	12589
12591	12592
12597	12603
12624	12625
12648	12649
12658	12662
12663	12666
12668	12681
12683	12687
12690	12695
12696	12697
12701	12707
12709	12710
12711	12733
12737	12755
12757	12778
12780	12782
12785	12786
12787	12793
12795	12796
12797	12805
12810	12811
12816	12817
12824	12826
12829	12830
12832	12833
12834	12836
12840	12843
12846	12847
12849	12869
12872	12874
12876	12880
12884	12893
12896	12898
12900	12907
12913	12930
12933	12937
12940	12953
12955	12963
12965	12978
12984	13002
13004	13007
13008	13009
13010	13014
13017	13023
13025	13026
13030	13049
13053	13054
13056	13060
13061	13062
13063	13071
13077	13079
13080	13085
13092	13114
13118	13119
13121	13124
13125	13134
13135	13137
13140	13144
13146	13147
13154	13157
13161	13164
13166	13174
13180	13181
13182	13184
13187	13194
13196	13198
13200	13202
13206	13208
13209	13211
13228	13235
13236	13246
13252	13270
13273	13291
13294	13295
13296	13312
13316	13323
13325	13326
13327	13345
13347	13371
13373	13381
13384	13391
13393	13401
13403	13417
13419	13426
13427	13430
13440	13451
13453	13468
13470	13497
13504	13509
13510	13521
13531	13532
13533	13534
13536	13537
13559	13594
13605	13607
13608	13609
13614	13622
13625	13632
13633	13634
13635	13639
13650	13657
13680	13697
13700	13707
13708	13712
13716	13717
13718	13719
13721	13722
13723	13726
13734	13747
13749	13752
13763	13769
13771	13772
13776	13783
13788	13789
13800	13818
13820	13823
13825	13828
13830	13833
13839	13843
13846	13850
13851	13856
13857	13869
13871	13878
13882	13889
13896	13900
13902	13903
13905	13907
13911	13913
13914	13933
13937	13943
13945	13953
13955	13963
13965	13966
13971	13979
13982	13987
13990	13993
13996	14003
14011	14014
14017	14019
14020	14026
14028	14029
14030	14031
14032	14034
14035	14044
14046	14049
14051	14058
14061	14063
14066	14068
14070	14090
14092	14115
14118	14130
14132	14150
14152	14226
14228	14241
14243	14248
14249	14252
14258	14261
14264	14266
14272	14276
14280	14313
14317	14331
14338	14339
14340	14344
14346	14348
14350	14351
14355	14361
14367	14371
14379	14386
14388	14391
14397	14405
14424	14425
14451	14457
14460	14461
14472	14473
14535	14541
14556	14557
14568	14569
14596	14598
14604	14605
14652	14653
14700	14704
14724	14731
14733	14735
14742	14743
14744	14745
14750	14751
14771	14772
14776	14778
14780	14786
14788	14789
14796	14797
14812	14815
14816	14824
14826	14827
14828	14834
14838	14844
14847	14849
14851	14854
14856	14858
14862	14863
14866	14867
14877	14878
14880	14884
14886	14894
14897	14901
14904	14905
14918	14919
14920	14921
14927	14930
14935	14936
14937	14942
14952	14953
14955	14956
14974	14975
14988	14989
15003	15006
15017	15018
15033	15035
15060	15070
15072	15106
15109	15116
15120	15123
15126	15140
15142	15148
15150	15153
15168	15169
15179	15187
15194	15200
15202	15206
15208	15213
15214	15218
15225	15227
15240	15243
15248	15249
15250	15256
15258	15268
15270	15271
15272	15277
15287	15291
15293	15297
15299	15326
15328	15334
15345	15346
15347	15349
15350	15356
15359	15369
15375	15385
15387	15391
15393	15406
15408	15411
15413	15415
15420	15424
15430	15437
15438	15462
15468	15490
15504	15513
15515	15524
15525	15532
15540	15542
15543	15547
15550	15557
15559	15563
15566	15567
15568	15570
15573	15577
15588	15589
15604	15606
15612	15613
15615	15617
15627	15632
