3196
3196
3196
3196
3196
3196
3196
3196
3196
3196
3196
3196
3196
3196
3196
3196
3196
3196
3196
3196
3196
3196
3196
3196
3196
3196
3196
3196
3196
3196
3196
3196
3196
3196
3196
3196
3196
3196
3196
3196
3196
3196
3196
3196
3196
3196
3196
3196
3196
3196
3196
3196
3196
3196
3196
3196
3196
3196
3196
3196
3196
3196
3196
3196
3196
3196
3196
3196
3196
3196
3196
3196
3196
3196
3196
3196
3196
3196
3196
3196
3196
3196
3196
3196
3196
3196
3196
3196
3196
3196
3196
3196
3196
3196
3196
3196
3196
3196
3196
3196
3196
3196
3196
3196
3196
3196
3196
3196
3196
3196
3196
3196
3196
3196
3196
3196
3196
3196
3196
3196
3196
3196
3196
3196
3196
3196
3196
3196
3196
3196
3196
3196
3196
3196
3196
3196
3196
3196
3196
3196
3196
3196
3196
3196
3196
3196
3196
3196
3196
3196
3196
3196
3196
3196
3196
3196
3196
3196
3196
3196
3196
3196
3196
3196
3196
3196
3196
3196
3196
3196
3196
3196
3196
3196
3196
3196
3196
3196
3196
3196
3196
3196
3196
3196
3196
3196
3196
3196
3196
3196
3196
3196
3196
3196
3196
3196
3196
3196
3196
3196
3196
3196
3196
3196
3196
3196
3196
3196
3196
3196
3196
3196
3196
3196
3196
3196
3196
3196
3196
3196
3196
3196
3196
3196
3196
3196
3196
3196
3196
3196
3196
3196
3196
3196
3196
3196
3196
3196
3196
3196
3196
3196
3196
3196
3196
3196
3196
3196
3196
3196
3196
3196
3196
3196
3196
3196
3196
3196
3196
3196
3196
3196
3196
3196
3196
3196
3196
3196
3196
3196
3196
3196
3196
3196
3196
3196
3196
3196
3196
3196
3196
3196
3196
3196
3196
3196
3196
3196
3196
3196
3196
3196
3196
3196
3196
3196
3196
3196
3196
3196
3196
3196
3196
3196
3196
3196
3196
3196
3196
3196
3196
3196
3196
3196
3196
3196
3196
3196
3196
3196
3196
3196
3196
3196
3196
3196
3196
3196
3196
3196
3196
3196
3196
3196
3196
3196
3196
3196
3196
3196
3196
3196
3196
3196
3196
3225
3220
3220
3209
3297
3209
3320
3320
3319
3330
3329
3255
3253
3279
3298
3304
3304
3304
3304
3304
3304
3304
3304
3304
3304
3304
3315
3315
3315
3303
3306
3303
3303
3303
3412
3430
3429
3428
3346
3420
3458
3417
3417
3418
3500
3513
3486
3484
3489
3498
3490
3579
3579
3581
3589
3587
3601
3577
3600
3570
3600
3560
3580
3582
3563
3599
3533
3538
3538
3538
3556
3638
3629
3634
3651
3656
3656
3647
3646
3659
3677
3675
3678
3680
3680
3701
3714
3713
3710
3716
3724
3693
3692
3692
3692
3691
3691
3691
3691
3689
3689
3689
3689
3689
3689
3692
3690
3690
3690
3690
3690
3684
3684
3684
3684
3684
3724
3750
3752
3752
3752
3751
3751
3749
3749
3749
3749
3749
3749
3749
3749
3749
3749
3749
3749
3746
3746
3746
3746
3746
3746
3757
3757
3757
3791
3793
3795
3787
3783
3842
3853
3907
3898
3891
3835
3875
3875
3877
3875
3881
3873
3848
3851
3851
3881
3881
3881
3882
3882
3893
3898
3999
4011
4016
4006
4017
4027
4029
4030
3969
3990
4010
4012
4012
4003
3991
4007
4012
4012
4012
4012
4015
4018
4018
4032
4104
4107
4107
4107
4107
4107
4106
4106
4106
4106
4106
4106
4104
4104
4104
4104
4104
4104
4104
4104
4104
4104
4104
4104
4103
4103
4103
4103
4103
4103
4103
4103
4103
4103
4103
4103
4103
4103
4103
4103
4103
4103
4103
4103
4103
4103
4103
4103
4103
4103
4103
4103
4103
4103
4103
4103
4103
4103
4103
4103
4097
4097
4097
4097
4097
4097
4097
4097
4097
4097
4100
4138
4138
4234
4228
4231
4240
4234
4234
4234
4227
4227
4239
4230
4239
4236
4249
4270
4274
4271
4254
4219
4240
4239
4239
4239
4240
4240
4240
4240
4240
4240
4240
4240
4240
4238
4238
4238
4236
4236
4236
4236
4236
4236
4236
4236
4236
4236
4236
4237
4228
4228
4228
4228
4228
4228
4228
4228
4228
4228
4228
4228
4228
4228
4228
4228
4228
4228
4228
4228
4228
4228
4353
4327
4333
4337
4339
4285
4299
4299
4302
4307
4307
4307
4307
4307
4310
4310
4310
4310
4310
4312
4312
4310
4310
4391
4394
4394
4395
4395
4395
4395
4395
4395
4395
4395
4395
4395
4395
4395
4397
4398
4398
4398
4398
4398
4398
4398
4398
4398
4398
4398
4396
4396
4396
4396
4496
4396
4396
4396
4396
4419
4452
4461
4459
4462
4463
4463
4463
4463
4465
4465
4462
4462
4462
4462
4457
4461
4454
4454
4561
4456
4457
4549
4545
4558
4544
4473
4580
4582
4565
4549
4539
4540
4539
4539
4539
4550
4553
4550
4489
4537
4536
4537
4537
4537
4537
4534
4538
4538
4538
4538
4530
4530
4530
4530
4530
4530
4528
4528
4498
4477
4555
4532
4532
4532
4532
4532
4532
4530
4530
4530
4530
4530
4530
4530
4524
4513
4521
4529
4525
4530
4529
4529
4529
4530
4529
4529
4531
4531
4531
4531
4531
4531
4531
4531
4531
4531
4531
4531
4538
4538
4538
4538
4538
4538
4538
4538
4538
4538
4538
4538
4537
4537
4537
4537
4537
4537
4537
4537
4537
4531
4537
4537
4538
4538
4538
4557
4560
4573
4571
4548
4538
4539
4537
4537
4538
4565
4546
4563
4563
4564
4550
4547
4566
4563
4572
4543
4559
4559
4559
4544
4570
4569
4568
4568
4546
4563
4563
4563
4555
4555
4555
4555
4555
4555
4555
4560
4539
4552
4553
4561
4556
4552
4561
4555
4554
4554
4554
4554
4554
4554
4539
4542
4538
4538
4566
4567
4565
4565
4555
4560
4543
4540
4539
4565
4572
4561
4560
4572
4572
4542
4540
4525
4525
4525
4524
4524
4523
4523
4523
4523
4536
4536
4536
4536
4536
4536
4537
4537
4523
4524
4527
4523
4482
4482
4524
4524
4524
4524
4524
4525
4523
4523
4529
4529
4529
4529
4529
4528
4528
4528
4528
4528
4529
4529
4529
4529
4529
4529
4529
4529
4529
4529
4529
4529
4527
4527
4527
4527
4527
4527
4527
4527
4527
4527
4527
4527
4527
4527
4527
4527
4527
4527
4527
4527
4527
4527
4527
4527
4535
4535
4535
4535
4535
4535
4535
4535
4535
4535
4535
4535
4531
4531
4531
4531
4531
4531
4531
4531
4531
4531
4531
4531
4530
4530
4530
4530
4530
4530
4535
4535
4535
4535
4535
4535
4539
4539
4539
4539
4539
4539
4539
4539
4539
4539
4539
4539
4539
4539
4539
4539
4539
4539
4539
4539
4539
4539
4539
4539
4534
4534
4534
4534
4534
4534
4534
4534
4534
4534
4534
4534
4534
4534
4534
4534
4534
4534
4534
4534
4534
4534
4534
4534
4534
4534
4534
4534
4534
4534
4534
4534
4534
4534
4534
4534
4534
4534
4534
4534
4534
4534
4534
4534
4534
4534
4534
4534
4534
4534
4534
4534
4534
4534
4534
4534
4534
4534
4534
4534
4535
4535
4535
4527
4571
4506
4509
4524
4534
4557
4566
4567
4556
4549
4503
4511
4512
4516
4519
4536
4545
4544
4544
4544
4548
4548
4548
4548
4548
4542
4541
4541
4541
4541
4541
4541
4536
4536
4535
4534
4536
4536
4536
4536
4536
4536
4536
4536
4537
4538
4538
4538
4538
4538
4538
4538
4538
4538
4538
4538
4541
4541
4541
4541
4541
4541
4541
4541
4541
4541
4541
4574
4574
4597
4700
4678
4706
4705
4706
4713
4733
4718
4722
4643
4654
4655
4685
4687
4720
4720
4717
4716
4716
4716
4716
4716
4713
4713
4713
4713
4713
4713
4713
4713
4713
4713
4713
4713
4713
4713
4813
4746
4746
4780
4713
4713
4713
4713
4713
4713
4705
4705
4705
4705
4705
4705
4705
4705
4705
4705
4705
4705
4706
4706
4706
4706
4708
4708
4724
4724
4717
4706
4706
4706
4703
4819
4841
4837
4832
4824
4836
4766
4766
4764
4779
4780
4894
4888
4888
4855
4953
4973
4969
4965
4959
4958
4955
4961
4966
4899
4917
4916
4916
4920
4957
4965
4975
4975
5042
5070
5039
5035
5038
5038
5038
5039
5038
5038
5038
5038
5043
5078
5073
5073
5084
5082
5082
5082
5082
5082
5082
5082
5082
5082
5084
5084
5084
5084
5084
5152
5210
5209
5209
5207
5202
5207
5210
5210
5227
5266
5266
5266
5266
5267
5229
5229
5244
5244
5266
5266
5264
5361
5358
5367
5258
5383
5377
5377
5384
5356
5367
5369
5369
5366
5361
5362
5357
5361
5364
5348
5282
5345
5328
5345
5344
5344
5344
5344
5344
5343
5396
5398
5344
5345
5434
5441
5444
5433
5444
5434
5420
5420
5420
5489
5437
5437
5424
5558
5554
5562
5555
5567
5518
5520
5499
5525
5535
5540
5541
5541
5541
5541
5541
5541
5589
5614
5621
5691
5699
5676
5701
5703
5716
5718
5714
5726
5663
5683
5683
5681
5681
5685
5684
5684
5684
5684
5683
5676
5676
5749
5776
5796
5827
5823
5727
5755
5781
5788
5788
5788
5787
5789
5825
5823
5823
5823
5835
5860
5860
5851
5892
5893
5883
5883
6007
6012
6023
5976
5958
5972
5972
5972
5972
5972
5972
5981
5972
5972
5972
5972
6086
6050
6007
6007
6007
6061
6062
6062
6062
6062
6062
6062
6061
6061
6060
6059
6059
6059
6059
6059
6059
6059
6059
6059
6058
6058
6058
6058
6058
6058
6058
6067
6108
6104
6108
6108
6111
6111
6111
6111
6111
6111
6111
6111
6111
6112
6112
6120
6120
6169
6196
6162
6159
6159
6189
6223
6223
6222
6222
6223
6213
6213
6211
6211
6211
6205
6211
6211
6310
6313
6288
6294
6244
6245
6245
6247
6242
6255
6254
6290
6293
6293
6293
6293
6293
6290
6283
6273
6273
6273
6270
6334
6362
6362
6379
6373
6280
6341
6337
6353
6353
6354
6355
6355
6355
6354
6354
6353
6401
6405
6425
6349
6349
6447
6465
6399
6392
6399
6431
6429
6444
6446
6446
6446
6446
6446
6446
6460
6465
6465
6461
6522
6519
6564
6564
6526
6553
6540
6533
6533
6533
6554
6559
6559
6557
6557
6563
6563
6557
6557
6636
6636
6637
6621
6621
6642
6648
6642
6642
6642
6637
6645
6648
6648
6648
6647
6656
6655
6669
6669
6723
6722
6722
6722
6722
6711
6714
6717
6720
6720
6732
6732
6732
6732
6732
6732
6732
6732
6751
6748
6756
6751
6745
6774
6774
6841
6753
6879
6872
6879
6863
6854
6853
6908
6908
6900
6850
6850
6843
6842
6855
6939
6923
6928
6926
6926
6930
6930
6930
6930
6930
6930
6930
6930
6930
6940
6939
6994
6989
6989
6989
6989
6989
6989
6989
6989
6989
6989
6989
6989
6985
6985
6985
6985
6985
6985
6985
6985
6995
6995
7029
6995
7012
7054
7054
7122
7045
7074
7084
7075
7068
7062
7059
7059
7058
7088
7090
7091
7090
7090
7090
7089
7089
7089
7089
7168
7114
7131
7142
7143
7154
7148
7143
7143
7143
7153
7155
7153
7156
7156
7161
7156
7145
7136
7135
7154
7156
7156
7157
7157
7167
7168
7168
7166
7166
7166
7171
7246
7239
7235
7235
7236
7232
7232
7232
7233
7233
7233
7236
7236
7236
7236
7236
7236
7231
7231
7231
7231
7231
7230
7230
7231
7229
7228
7228
7228
7231
7231
7231
7231
7231
7277
7231
7235
7349
7354
7356
7374
7345
7384
7380
7386
7387
7383
7387
7387
7340
7340
7365
7406
7409
7409
7352
7343
7429
7424
7429
7417
7428
7468
7468
7470
7483
7485
7412
7410
7408
7454
7456
7455
7455
7455
7455
7455
7548
7547
7543
7490
7515
7489
7491
7515
7516
7516
7575
7575
7588
7588
7591
7599
7600
7612
7622
7623
7623
7623
7623
7623
7627
7627
7627
7627
7627
7627
7627
7627
7627
7627
7627
7627
7623
7622
7720
7739
7733
7734
7716
7667
7714
7670
7670
7670
7674
7676
7717
7681
7693
7714
7715
7715
7715
7715
7710
7696
7698
7698
7711
7719
7789
7811
7820
7718
7799
7799
7799
7799
7782
7782
7782
7782
7782
7782
7782
7829
7838
7837
7837
7837
7831
7831
7831
7831
7831
7831
7835
7835
7835
7835
7835
7860
7855
7831
7829
7828
7828
7828
7828
7828
7828
7828
7828
7828
7824
7970
7481
7592
7714
7690
7683
7684
7682
7681
7681
7686
7655
7655
7655
7653
7654
7657
7653
7655
7737
7636
7751
7753
7678
7704
7703
7706
7709
7709
7709
7710
7715
7714
7714
7756
7751
7748
7748
7749
7777
7796
7796
7792
7792
7781
7786
7788
7851
7847
7848
7848
7849
7849
7959
7957
7962
7939
7959
7963
7932
7932
7935
7974
7996
7929
7929
7998
7999
7998
7948
7978
7978
7960
7960
7974
7967
7967
7965
7970
7963
8161
8148
8141
8123
8120
8179
8175
8175
8175
8175
8175
8176
8176
8175
8175
8175
8174
8174
8174
8174
8174
8174
8174
8240
8233
8234
8233
8324
8305
8295
8276
8350
8349
8293
8288
8309
8296
8297
8287
8296
8307
8309
8302
8292
8292
8383
8301
8308
8308
8311
8374
8377
8385
8398
8398
8375
8375
8384
8390
8390
8393
8393
8397
8406
8406
8406
8475
8477
8450
8451
8560
8579
8577
8555
8560
8572
8484
8559
8594
8583
8564
8576
8570
8570
8569
8563
8572
8586
8571
8568
8566
8580
8585
8587
8586
8585
8580
8582
8585
8574
8576
8574
8565
8568
8579
8581
8574
8574
8581
8581
8584
8577
8574
8570
8573
8520
8511
8498
8575
8572
8578
8476
8476
8475
8475
8575
8573
8571
8572
8572
8571
8571
8570
8484
8537
8546
8545
8545
8545
8545
8545
8545
8545
8545
8538
8537
8538
8532
8533
8535
8536
8536
8536
8536
8537
8538
8538
8538
8538
8549
8549
8549
8549
8559
8564
8565
8589
8592
8592
8592
8592
8593
8593
8593
8593
8569
8569
8583
8583
8583
8583
8583
8583
8563
8561
8561
8561
8561
8561
8561
8561
8561
8561
8561
8561
8563
8561
8561
8561
8561
8561
8561
8561
8561
8561
8561
8562
8572
8559
8559
8559
8559
8559
8559
8559
8559
8559
8559
8559
8560
8560
8560
8560
8560
8561
8559
8507
8566
8709
7666
7755
7877
7506
7508
7471
7532
7195
7336
6625
6731
6714
6711
6716
6679
6679
6679
6698
6698
6792
6800
6808
6811
6815
6781
6763
6769
6804
6793
6785
6792
6785
6805
6799
6800
6807
6799
6798
6798
6786
6893
6895
6837
6832
6835
6869
6869
6973
6974
7000
6986
6981
6893
6971
6941
6945
6945
6958
7038
7053
6962
6962
6994
7033
7036
7036
7036
7038
7030
7045
7048
7049
7064
7162
7054
7172
7172
7177
7203
7148
7140
7137
7150
7149
7208
7226
7223
7222
7209
7208
7207
7207
7265
7285
7198
7198
7198
7198
7204
7204
7197
7286
7289
7303
7307
7241
7256
7257
7260
7259
7348
7376
7384
7413
7404
7409
7361
7347
7388
7382
7485
7446
7493
7461
7455
7439
7453
7439
7447
7441
7529
7737
7685
7732
7741
7734
7691
7692
7797
7740
7756
7756
7755
7758
7758
7759
7735
7735
7735
7735
7749
7687
7782
7736
7737
7743
7742
7738
7783
7769
7768
7768
7770
7767
7768
7803
7807
7793
7824
7823
7812
7718
7717
7807
7716
7718
7719
7715
7715
7717
7716
7811
7721
7719
7828
7720
7824
7818
7775
7775
7769
7768
7767
7764
7765
7784
7885
7884
7883
7808
7896
7905
7901
7847
7845
7849
7864
7864
7865
7895
7898
7952
7946
7971
7979
7958
7889
7887
7983
7942
7917
8015
8016
8024
8024
8027
7942
7943
7942
8048
7985
8026
8025
8027
8020
8019
8019
8020
8026
8025
8025
8029
8026
8026
8024
8026
8083
8089
8074
8060
8141
8130
8152
8153
8158
8158
8141
8142
8140
8140
8140
8140
8139
8139
8140
8140
8138
8138
8138
8138
8138
8138
8138
8138
8138
8138
8138
8139
8148
8146
8152
8158
8156
8159
8159
8160
8162
8159
8163
8163
8145
8145
8145
8146
8142
8147
8135
8135
8135
8135
8135
8135
8137
8137
8137
8148
8337
8487
8499
8494
8560
8634
8638
8631
8573
8639
8634
8658
8659
8637
8645
8645
8645
8652
8653
8675
8695
8699
8697
8702
8681
8694
8687
8691
8599
8689
8700
8703
8683
8666
8681
8696
8661
8661
8656
8667
8711
8744
8737
8753
8752
8753
8743
8725
8735
8739
8748
8646
8646
8643
8644
8642
8642
8642
8644
8741
8741
8745
8744
8749
8812
8769
8776
8776
8791
8800
8800
8800
8800
8800
8800
8800
8800
8798
8792
8792
8789
8789
8789
8789
8789
8789
8789
8789
8796
8792
8896
9083
9020
9083
9098
9157
9189
9180
9178
9187
9240
9236
9226
9216
9194
9195
9195
9173
9170
9171
9207
9228
9278
9290
9206
9341
9370
9428
9411
9489
9364
9554
9568
9743
9699
9820
9834
9906
10007
10007
9933
9376
9527
9685
9070
9329
8696
8753
8801
8829
8759
8804
8799
8788
8788
8792
8795
8796
8793
8794
8801
8799
8812
8786
8789
8789
8789
8789
8789
8788
8788
8788
8788
8788
8788
8788
8782
8779
8792
8794
8794
8778
8778
8778
8778
8879
8794
8794
8806
8814
8842
8853
8845
8881
8884
8882
8882
8882
8881
8881
8881
8881
8881
8881
8881
8881
8881
8883
8883
8881
8879
8879
8974
8975
8976
8982
9003
9033
9031
8993
8993
9054
9024
9027
8951
9028
9016
9002
9002
9016
9016
9046
9049
9037
9037
9132
9126
9099
9101
9101
9102
9087
9087
9087
9100
9114
9138
9139
9139
9139
9139
9139
9133
9132
9130
9130
9130
9134
9129
9129
9128
9128
9134
9134
9213
9235
9266
9259
9268
9268
9263
9284
9276
9281
9284
9273
9267
9276
9276
9278
9247
9256
9265
9266
9261
9261
9261
9260
9260
9261
9262
9262
9347
9345
9320
9318
9325
9324
9322
9322
9322
9330
9329
9328
9328
9416
9428
9328
9328
9328
9414
9412
9412
9412
9406
9400
9407
9407
9404
9425
9425
9426
9430
9430
9429
9467
9553
9544
9541
9543
9553
9566
9563
9563
9562
9540
9539
9539
9538
9535
9528
9528
9621
9612
9645
9645
9609
9660
9660
9611
9631
9639
9639
9638
9629
9633
9640
9640
9639
9639
9639
9639
9634
9634
9634
9633
9632
9621
9621
9621
9622
9627
9632
9632
9639
9638
9638
9638
9635
9635
9635
9635
9635
9635
9635
9635
9635
9680
9677
9677
9675
9694
9719
9720
9719
9719
9719
9719
9719
9719
9725
9719
9743
9718
9725
9811
9877
9885
9835
9835
9870
9981
9989
9992
9994
9981
9977
9971
9970
9970
9968
9969
9969
9968
9968
9968
9971
9971
9971
9971
9971
9971
9972
9970
9970
9970
9970
9970
9970
9970
9970
9970
9970
9970
9970
9970
9970
9970
9970
9970
9970
9970
9970
9970
9970
9970
9970
9970
9970
9970
9970
9968
9972
9966
9962
9962
9962
9962
9966
9968
9982
9978
9973
9962
9972
10077
10087
10029
10003
10003
10019
10029
10045
10072
10073
10093
10090
10092
10092
10092
10092
10092
10092
10093
10093
10093
10093
10171
10176
10176
10089
10091
10098
10193
10193
10217
10211
10218
10218
10221
10222
10221
10227
10229
10230
10206
10193
10193
10195
10195
10207
10208
10195
10263
10275
10294
10322
10262
10255
10255
10254
10252
10336
10330
10331
10347
10339
10332
10307
10319
10309
10315
10315
10316
10317
10342
10370
10376
10373
10377
10418
10414
10415
10415
10415
10415
10416
10418
10456
10456
10456
10456
10456
10456
10456
10456
10456
10455
10455
10455
10457
10457
10457
10457
10457
10457
10457
10457
10457
10457
10457
10457
10464
10464
10459
10459
10459
10459
10459
10459
10459
10459
10459
10459
10457
10457
10532
10545
10535
10535
10611
10551
10606
10606
10606
10606
10602
10602
10602
10602
10602
10602
10603
10569
10556
10556
10568
10602
10602
10679
10678
10678
10601
10602
10700
10694
10702
10696
10631
10631
10629
10629
10626
10636
10646
10646
10646
10664
10674
10682
10679
10678
10689
10742
10746
10745
10756
10686
10781
10782
10779
10777
10774
10774
10772
10772
10772
10771
10772
10772
10772
10772
10772
10866
10871
10772
10870
10876
10878
10855
10854
10855
10896
10898
10882
10864
10899
10898
10899
10894
10894
10887
10887
10896
10898
10898
10898
10896
10897
10897
10897
10897
10897
10897
10897
10897
10897
10897
10946
10979
10978
10983
10973
10951
11054
11055
11027
11007
11020
11022
11022
11036
11037
11037
11036
11036
11036
11037
11037
11037
11037
11037
11037
11038
11130
11143
11145
11144
11174
11170
11110
11154
11130
11186
11148
11148
11195
11191
11189
11197
11198
11201
11200
11189
11304
11305
11305
11315
11316
11316
11319
11333
11301
11289
11364
11362
11360
11302
11301
11362
11367
11367
11414
11374
11396
11393
11393
11393
11393
11393
11393
11393
11393
11393
11391
11391
11391
11393
11393
11393
11393
11393
11393
11393
11393
11393
11389
11389
11410
11410
11410
11410
11449
11456
11479
11477
11456
11450
11458
11415
11413
11401
11446
11438
11439
11439
11440
11439
11439
11439
11435
11691
9777
10113
10085
10082
10082
10082
10078
10112
10182
10187
10134
10159
10159
10170
10171
10191
10191
10191
10191
10191
10191
10191
10189
10189
10189
10189
10287
10281
10290
10293
10219
10299
10289
10220
10218
10218
10218
10218
10228
10228
10223
10234
10248
10263
10263
10263
10247
10247
10244
10237
10239
10308
10316
10333
10329
10324
10346
10360
10353
10349
10339
10338
10337
10337
10337
10337
10337
10337
10337
10337
10334
10334
10334
10334
10334
10334
10334
10334
10334
10334
10334
10338
10335
10427
10440
10454
10452
10450
10444
10447
10457
10403
10468
10486
10484
10485
10496
10486
10481
10429
10491
10503
10502
10482
10475
10480
10470
10480
10480
10480
10480
10480
10477
10477
10477
10480
10480
10481
10482
10482
10485
10505
10515
10515
10515
10511
10522
10519
10523
10634
10570
10598
10612
10601
10601
10601
10594
10612
10612
10612
10612
10612
10715
10718
10715
10613
10729
10668
10686
10685
10696
10703
10705
10705
10707
10709
10706
10706
10706
10706
10710
10713
10713
10801
10809
10714
10833
10817
10818
10818
10818
10818
10818
10828
10829
10836
10833
10823
10928
10928
10925
10957
10960
10948
10954
10958
10972
10974
10986
10987
10983
10978
10983
10928
10997
11005
11004
11022
10937
11032
11031
11000
11010
11012
11012
11010
11011
11011
11011
11011
11011
11011
11027
11038
11073
11073
11074
11074
11074
11074
11074
11076
11076
11076
11077
11077
11069
11070
11069
11069
11070
11070
11069
11069
11069
11069
11070
11070
11069
11069
11070
11069
11069
11070
11070
11069
11070
11069
11069
11068
11071
11069
11067
11068
11068
11068
11068
11068
11068
11068
11068
11068
11065
11077
11081
11083
11085
11085
11138
11133
11134
11183
11182
11121
11141
11140
11154
11155
11155
11149
11150
11147
11147
11171
11176
11176
11176
11176
11176
11176
11176
11170
11164
11249
11260
11183
11180
11280
11271
11276
11276
11223
11256
11273
11273
11273
11273
11299
11294
11275
11275
11275
11289
11294
11294
11294
11294
11294
11398
11392
11396
11324
11375
11374
11374
11374
11373
11373
11373
11373
11373
11373
11373
11373
11371
11371
11371
11371
11372
11371
11373
11372
11470
11477
11475
11475
11481
11461
11461
11468
11466
11468
11468
11468
11467
11468
11460
11459
11464
11550
11553
11552
11566
11540
11569
11570
11524
11524
11539
11548
11546
11546
11530
11583
11573
11573
11560
11650
11630
11626
11629
11626
11629
11629
11625
11629
11624
11628
11627
11631
11627
11627
11632
11629
11704
11709
11713
11681
11678
11681
11676
11679
11680
11677
11675
11678
11677
11676
11682
11682
11679
11679
11682
11682
11679
11679
11682
11679
11756
11790
11789
11789
11790
11787
11789
11808
11804
11820
11822
11822
11828
11824
11822
11831
11834
11824
11828
11824
11828
11830
11831
11832
11924
11904
11897
11890
11891
11895
11850
11850
11850
11854
11864
11881
11879
11887
11887
11896
11895
11897
11880
11880
11943
11947
11951
11945
11952
11901
11903
12005
12010
12006
12017
11957
11989
11996
11996
11997
11993
11996
11996
11999
11999
11996
11997
11997
11997
12000
11997
11997
12002
11996
11996
11996
11996
11996
11996
11996
11996
11996
11996
11996
11992
11996
12032
12034
12034
12039
12040
12040
12042
12042
12042
12042
12038
12038
12038
12038
12038
12038
12037
12038
12038
12038
12038
12038
12037
12037
12037
12037
12037
12037
12037
12037
12037
12037
12037
12037
12037
12041
12050
12050
12053
12056
12050
12037
12037
12131
12150
12164
12148
12152
12151
12148
12127
12125
12125
12129
12127
12127
12127
12127
12124
12137
12130
12117
12117
12132
12190
12202
12212
12211
12209
12155
12158
12158
12158
12193
12192
12198
12223
12218
12218
12204
12206
12212
12210
12215
12215
12215
12215
12215
12310
12309
12318
12320
12301
12301
12303
12303
12303
12303
12303
12303
12304
12304
12294
12294
12294
12300
12362
12381
12380
12342
12368
12367
12361
12361
12361
12362
12362
12362
12364
12363
12364
12365
12363
12363
12363
12363
12363
12363
12363
12363
12359
12355
12343
12343
12338
12340
12355
12353
12353
12403
12472
12512
12536
12535
12531
12509
12588
12589
12577
12576
12577
12574
12574
12574
12566
12566
12566
12563
12563
12563
12563
12563
12563
12563
12563
12564
12579
12579
12574
12668
12670
12683
12696
12694
12678
12680
12716
12753
12756
12785
12754
12766
12777
12777
12821
12836
12836
12819
12819
12817
12808
12810
12849
12850
12852
12856
12852
12852
12852
12800
12798
12882
12897
12895
12916
12898
12902
12906
12915
12875
12871
12889
12908
12908
12887
12884
12891
12903
12902
12901
12901
12908
12909
12910
12914
12986
13004
12984
12983
13062
13081
13081
13085
13085
13072
13079
13088
13090
13088
13087
13071
13070
13072
13063
13062
13062
13062
13062
13062
13062
13054
13055
13055
13055
13054
13026
13054
13054
13054
13049
13067
13074
13071
13073
13079
13081
13072
13025
13024
13021
13071
13069
13065
13064
13061
13062
13063
13062
13062
13063
13062
13063
13063
13062
13063
13062
13045
13043
13041
13047
13046
13041
13041
13043
13043
13043
13043
13043
13083
13125
13089
13104
13106
13106
13106
13103
13101
13088
13107
13107
13105
13170
13188
13196
13198
13185
13190
13209
13189
13187
13208
13205
13184
13180
13180
13191
13197
13197
13197
13197
13293
13300
13300
13317
13318
13305
13270
13280
13281
13281
13281
13281
13291
13291
13291
13350
13344
13370
13302
13363
13317
13332
13340
13340
13340
13340
13337
13340
13343
13343
13360
13398
13398
13398
13397
13397
13397
13397
13397
13397
13397
13397
13397
13397
13397
13397
13397
13397
13397
13397
13397
13397
13397
13397
13397
13397
13468
13405
13499
13501
13502
13510
13517
13477
13475
13495
13505
13502
13502
13503
13498
13503
13499
13498
13498
13498
13506
13506
13495
13495
13574
13584
13552
13552
13552
13546
13572
13668
13680
13675
13695
13581
13687
13692
13693
13663
13656
13736
13746
13747
13745
13731
13727
13727
13727
13727
13738
13729
13729
13729
13729
13729
13728
13728
13729
13729
13729
13728
13740
13739
13776
13775
13776
13813
13809
13807
13806
13806
13801
13803
13810
13810
13812
13871
13872
13872
13835
13838
13932
13935
13933
13940
13932
13910
13909
13909
13909
13970
13972
13976
13982
13991
13984
14002
14001
13963
13968
13965
13962
13965
13970
13964
13982
14044
14069
14068
14038
14038
14072
14086
14089
14089
14098
14100
14107
14107
14045
14036
14113
14126
14127
14128
14111
14052
14051
14051
14152
14175
14176
14174
14180
14174
14164
14161
14159
14160
14146
14143
14139
14134
14134
14144
14186
14192
14192
14192
14249
14199
14199
14198
14198
14198
14201
14202
14274
14287
14231
14246
14246
14301
14319
14312
14318
14258
14259
14259
14346
14346
14349
14353
14348
14360
14329
14336
14420
14429
14440
14419
14433
14436
14436
14438
14425
14380
14430
14427
14379
14418
14417
14417
14417
14417
14417
14416
14416
14416
14451
14439
14431
14433
14815
11505
11763
11688
11698
11939
11696
11543
11498
11509
11509
11500
11510
11504
11502
11502
11502
11502
11503
11503
11498
11498
11498
11498
11498
11498
11500
11499
11499
11499
11499
11499
11498
11497
11498
11498
11505
11512
11509
11503
11503
11498
11498
11592
11604
11604
11602
11530
11536
11587
11584
11619
11616
11615
11614
11613
11617
11617
11617
11617
11617
11617
11617
11705
11709
11707
11617
11627
11702
11685
11708
11719
11735
11732
11732
11732
11736
11732
11745
11734
11737
11737
11731
11695
11697
11697
11780
11745
11740
11827
11828
11828
11832
11830
11835
11841
11755
11773
11773
11777
11830
11832
11830
11836
11843
11840
11840
11840
11841
11885
11887
11887
11887
11887
11887
11887
11886
11886
11886
11886
11895
11894
11905
11928
11939
11939
11939
11939
11941
11941
11940
11937
11937
11937
11937
11937
11937
11937
11937
11937
11941
11941
11941
11942
11942
11941
11933
11932
11932
11932
11932
11932
11907
11907
11907
11907
11907
11907
11907
11907
12003
12002
11996
12025
12014
12024
12026
12036
12033
12003
12002
11992
11991
12044
11998
12004
12007
12002
12040
12040
12042
12030
12052
12052
12052
12051
12051
12050
12038
12038
12041
12040
12041
12099
12079
12097
12096
12150
12096
12100
12168
12180
12195
12203
12207
12202
12200
12201
12222
12222
12211
12221
12217
12231
12244
12235
12237
12234
12209
12191
12209
12203
12209
12209
12215
12215
12215
12208
12216
12273
12275
12280
12276
12270
12262
12270
12265
12269
12272
12275
12275
12275
12275
12357
12356
12343
12362
12362
12366
12380
12377
12377
12377
12391
12319
12319
12319
12430
12420
12438
12409
12407
12408
12409
12415
12412
12412
12410
12411
12444
12638
12596
12662
12642
12659
12644
12644
12706
12710
12723
12731
12721
12690
12695
12695
12695
12695
12695
12721
12723
12674
12673
12693
12703
12719
12820
12842
12845
12837
12854
12839
12832
12832
12832
12832
12832
12831
12831
12829
12829
12829
12828
12829
12828
12828
12828
12828
12828
12828
12828
12831
12854
12849
12871
12869
12870
12868
12868
12868
12868
12962
12867
12860
12860
12858
12895
12900
12899
12980
13018
13114
13099
13099
13100
13167
13198
13188
13191
13185
13186
13187
13188
13202
13207
13203
13587
10472
10718
10915
10888
10877
10881
10881
10880
10880
10878
10820
10820
10848
10780
10868
10785
10785
10786
10787
10787
10828
10830
10836
10841
10848
10852
10852
10852
10852
10851
10851
10851
10851
10851
10851
10851
10849
10849
10849
10849
10849
10849
10849
10849
10849
10849
10849
10849
10849
10849
10849
10849
10849
10849
10849
10849
10849
10849
10849
10849
10894
10894
10894
10894
10894
10894
10894
10894
10894
10894
10894
10894
10889
10889
10889
10888
10888
10888
10888
10887
10887
10887
10888
10887
10894
10901
10902
10902
10902
10901
10923
10930
10929
10931
10931
10931
10961
10961
10961
10961
10958
10958
10958
10958
10958
10958
10958
10958
10956
10956
10956
10956
10956
10956
10956
10956
10956
10956
10956
10956
10956
10956
10956
10956
10956
10956
10956
10956
10956
10956
10956
10956
10958
10958
10958
10958
10958
10958
10958
10958
10958
10958
10958
10958
10958
10958
10958
10960
10958
10958
10958
10958
10958
10958
10958
10958
10958
10958
10958
10958
10958
10958
10958
10958
10958
10958
10958
10958
10958
10958
10958
10958
10958
10958
10958
10958
10958
10958
10958
10958
10957
10957
10957
10957
10957
10957
10957
10957
10957
10957
10957
10957
10957
10957
10957
10957
10957
10957
10957
10957
10957
10957
10957
10957
10957
10957
10957
10957
10957
10957
10957
10957
10957
10957
10957
10957
10957
10957
10957
10957
10957
10957
10957
10957
10957
11048
11064
11064
10957
10957
10957
10957
10957
11096
11094
10999
10999
10999
10999
10999
10902
10894
10894
10894
10894
10902
10921
10914
10927
11015
11023
10975
10966
10982
10981
10980
10981
10981
10981
10981
10981
10975
10975
10975
10946
10971
10946
10945
10945
10953
10960
10977
10978
10978
10978
10977
10978
10978
10975
10978
10976
10976
10978
10976
10978
10976
10974
10976
10973
10975
11038
11041
11042
11044
11045
11042
11042
11042
11045
11042
11050
11043
11043
11043
11043
11043
11043
11043
11043
11043
11043
11043
11047
11047
11047
11047
11047
11047
11047
11047
11047
11047
11047
11047
11045
11045
11045
11045
11045
11045
11045
11045
11045
11045
11045
11045
11044
11044
11044
11044
11044
11044
11044
11044
11044
11046
11075
11071
11073
11060
11087
11115
11170
11179
11168
11144
11144
11152
11152
11152
11152
11151
11148
11148
11148
11150
11242
11254
11254
11202
11213
11237
11234
11234
11234
11233
11233
11233
11233
11233
11233
11233
11233
11233
11236
11236
11236
11260
11260
11282
11276
11288
11374
11388
11389
11388
11358
11360
11360
11360
11360
11360
11360
11360
11361
11361
11434
11361
11358
11359
11369
11400
11401
11401
11394
11396
11395
11454
11468
11490
11495
11456
11421
11421
11421
11519
11529
11514
11522
11519
11526
11493
11459
11459
11459
11459
11507
11504
11496
11505
11504
11472
11503
11503
11493
11595
11598
11563
11565
11570
11568
11566
11566
11566
11566
11566
11569
11569
11569
11569
11569
11569
11569
11569
11569
11569
11647
11675
11670
11672
11566
11678
11672
11682
11658
11701
11718
11657
11650
11721
11660
11671
11659
11659
11653
11663
11692
11693
11694
11694
11694
11694
11697
11696
11695
11696
11696
11696
11696
11696
11696
11696
11696
11696
11692
11692
11720
11720
11720
11716
11715
11746
11759
11758
11759
11760
11757
11757
11757
11757
11757
11757
11826
11847
11779
11867
11873
11881
11889
11867
11880
11823
11883
11878
11878
11953
12090
12115
12119
12123
12170
12172
12167
12176
12169
12345
8452
8625
8604
8604
8606
8606
8550
8551
8551
8543
8546
8544
8544
8544
8544
8544
8544
8543
8538
8538
8538
8538
8538
8538
8538
8538
8538
8548
8553
8553
8541
8528
8533
8533
8533
8528
8651
8638
8660
8662
8651
8669
8592
8592
8592
8605
8607
8605
8605
8711
8708
8636
8669
8669
8726
8726
8726
8726
8726
8726
8726
8726
8726
8726
8723
8723
8717
8722
8722
8721
8581
8581
8581
8581
8581
8581
8581
8581
8581
8581
8581
8581
8581
8581
8583
8583
8583
8583
8583
8583
8582
8582
8582
8582
8582
8582
8581
8581
8581
8581
8581
8581
8580
8580
8580
8580
8580
8580
8580
8580
8580
8580
8580
8580
8558
8558
8558
8558
8558
8558
8558
8558
8574
8574
8577
8573
8565
8565
8564
8661
8564
8690
8696
8694
8698
8684
8698
8629
8626
8644
8655
8694
8695
8695
8696
8763
8765
8729
8729
8727
8711
8713
8714
8714
8714
8719
8719
8718
8718
8717
8703
8712
8712
8712
8712
8712
8712
8712
8712
8712
8712
8712
8712
8712
8719
8719
8719
8800
8821
8850
8850
8841
8858
8857
8748
8781
8791
8880
8891
8898
8891
8827
8865
8865
8865
8865
8852
8825
8828
8828
8828
8828
8828
8828
8827
8827
8827
8827
8827
8827
8830
8830
8868
8868
8868
8868
8868
8868
8868
8868
8868
8868
8869
8869
8869
8869
8869
8869
8869
8869
8869
8869
8869
8869
8868
8867
8867
8867
8867
8867
8867
8867
8946
8936
8936
8936
8936
8936
8936
8935
8935
8935
8935
8935
8935
8937
8957
8957
8956
8957
8965
8965
8992
9006
9005
9026
9027
9027
9027
9027
9026
9026
9030
9030
9030
9122
9131
9109
9106
9103
9103
9103
9102
9102
9102
9102
9102
9102
9102
9102
9102
9102
9102
9126
9144
9144
9157
9155
9249
9249
9155
9167
9227
9224
9224
9224
9222
9221
9220
9217
9218
9218
9218
9218
9218
9217
9218
9218
9254
9254
9251
9244
9315
9240
9240
9249
9276
9290
9307
9307
9281
9282
9375
9387
9382
9288
9304
9319
9343
9342
9346
9346
9342
9299
9299
9401
9420
9340
9340
9340
9436
9463
9418
9424
9424
9424
9424
9426
9426
9426
9426
9426
9426
9426
9426
9426
9435
9427
9427
9428
9449
9445
9536
9544
9542
9516
9499
9502
9561
9561
9558
9560
9558
9561
9560
9560
9554
9553
9552
9551
9501
9508
9529
9538
9537
9538
9586
9627
9627
9539
9539
9538
9630
9646
9618
9567
9567
9611
9611
9611
9611
9606
9606
9608
9608
9608
9612
9623
9614
9616
9616
9616
9611
9630
9613
9607
9604
9611
9627
9610
9608
9608
9608
9610
9631
9632
9622
9607
9603
9615
9614
9538
9632
9643
9643
9646
9649
9654
9647
9639
9624
9625
9534
9535
9539
9538
9551
9553
9553
9553
9553
9556
9557
9557
9557
9557
9557
9557
9558
9558
9558
9557
9557
9557
9565
9566
9565
9565
9565
9565
9565
9566
9566
9566
9566
9566
9564
9562
9559
9628
9638
9628
9612
9594
9605
9605
9605
9605
9591
9594
9593
9597
9624
9628
9630
9630
9629
9629
9629
9629
9634
9634
9634
9641
9634
9634
9641
9695
9700
9830
9827
9872
9834
9854
9896
9896
9897
10004
9995
9968
9962
9962
9895
9895
9980
9980
9964
9994
9999
9991
9987
9903
9965
9960
9989
9987
9965
9966
9963
9961
9961
9961
9962
9963
9962
9961
9962
9962
9955
9955
9955
9955
9955
9955
9956
9956
9956
9956
9956
9956
9955
9955
9955
9955
9955
9955
9955
9955
9955
9955
9955
9955
9955
9955
9955
9955
9955
9955
10253
10458
10296
10562
11572
11956
13031
13449
13705
14254
14974
14695
14734
14700
15013
14850
14746
14734
14700
15110
14737
14294
14628
15047
12123
12763
9064
9180
9169
9167
9337
7496
7583
7647
7810
7554
7710
7651
7589
7596
7573
7573
7544
7546
7546
7534
7533
7531
7630
7628
7643
7554
7552
7559
7562
7620
7648
7649
7649
7648
7648
7648
7648
7648
7648
7648
7642
7642
7642
7642
7641
7641
7664
7706
7704
7815
7817
7811
7823
7812
7826
7823
7782
7800
7800
7818
7820
7818
7847
7847
7853
7853
7853
7853
7852
7852
7854
7854
7875
7900
7898
7911
7913
7913
7913
7913
7913
7913
7913
7913
7913
7914
7914
7914
7916
7916
7916
7916
7916
7916
7916
7916
7915
7916
7916
7916
7913
7913
7914
7913
7912
7891
7875
7876
7876
7861
7868
7887
7904
7903
7911
7908
7909
7909
7909
7909
7909
7909
7909
7909
7913
7913
7913
7913
7913
7913
7914
7913
7913
7913
7913
7913
7891
7891
7890
7890
7891
7891
7891
7891
7891
7891
7891
7985
8008
8010
8007
7998
7889
7889
8015
8000
7951
8015
8051
8008
8070
8067
8057
7943
8070
8050
8045
8043
8043
8043
8043
8043
8042
8042
8041
8044
8044
8044
8044
8044
8044
8044
8044
8044
8042
8041
8042
8042
8042
8042
8044
8061
8061
8055
8162
8044
8169
8176
8091
8086
8081
8139
8135
8197
8199
8128
8169
8178
8183
8182
8182
8181
8181
8181
8181
8181
8181
8181
8181
8179
8185
8184
8185
8185
8185
8185
8185
8187
8188
8187
8223
8307
8309
8329
8323
8250
8309
8321
8288
8314
8243
8287
8287
8287
8291
8289
8370
8384
8418
8419
8433
8459
8448
8455
8460
8456
8385
8388
8390
8388
8390
8468
8453
8453
8447
8452
8450
8451
8497
8494
8494
8498
8498
8498
8498
8497
8497
8501
8505
8504
8505
8534
8528
8517
8517
8517
8543
8543
8545
8545
8545
8544
8541
8541
8541
8541
8545
8547
8547
8547
8547
8551
8551
8539
8540
8652
8679
8653
8674
8674
8677
8641
8718
8734
8733
8735
8705
8685
8682
8681
8672
8677
8677
8678
8654
8661
8667
8681
8678
8679
8679
8680
8679
8679
8679
8680
8680
8701
8777
8775
8776
8760
8820
8837
8839
8823
8841
8845
8848
8850
8849
8850
8851
8847
8847
8844
8844
8843
8844
8844
8844
8844
8844
8844
8847
8847
8843
8842
8842
8842
8841
8841
8841
8841
8841
8841
8850
8851
8848
8849
8859
8862
8977
8873
8874
8893
8949
8948
8952
8950
8950
8950
8950
8968
8950
8950
9056
9072
9074
9087
9099
9108
9106
9058
9069
9068
9068
9052
9052
9055
9054
9040
9138
9162
9068
9064
9070
9112
9129
9127
9129
9128
9121
9123
9125
9126
9135
9131
9239
9240
9247
9238
9251
9250
9241
9243
9241
9226
9278
9277
9277
9344
9327
9330
9334
9337
9340
9339
9336
9336
9336
9336
9391
9408
9412
9412
9412
9412
9412
9410
9410
9418
9411
9412
9415
9415
9415
9444
9454
9497
9497
9496
9506
9505
9505
9505
9505
9505
9505
9505
9505
9505
9505
9505
9508
9509
9509
9509
9509
9509
9509
9509
9509
9509
9509
9509
9511
9509
9508
9510
9511
9512
9508
9610
9622
9634
9633
9615
9629
9610
9608
9594
9666
9676
9683
9685
9686
9653
9666
9681
9670
9614
9613
9653
9663
9663
9581
9612
9592
9592
9592
9665
9622
9638
9612
9606
9584
9670
9674
9663
9664
9684
9671
9552
9674
9677
9660
9648
9676
9664
9669
9673
9550
9567
9567
9567
9670
9550
9649
9550
9550
9550
9654
9665
9683
9679
9680
9654
9661
9669
9676
9597
9660
9650
9655
9656
9650
9674
9682
9674
9659
9669
9662
9541
9541
9543
9659
9666
9663
9660
9667
9667
9663
9666
9672
9661
9660
9651
9652
9654
9646
9655
9614
9612
9609
9594
9594
9640
9658
9668
9642
9642
9651
9657
9653
9666
9656
9661
9664
9660
9658
9656
9653
9651
9647
9592
9590
9629
9629
9634
9641
9641
9631
9623
9636
9605
9603
9576
9632
9634
9621
9622
9571
9642
9632
9631
9630
9606
9647
9650
9657
9653
9627
9599
9649
9629
9634
9627
9616
9604
9589
9589
9651
9652
9561
9577
9580
9637
9620
9620
9615
9615
9615
9615
9615
9615
9617
9617
9617
9616
9633
9631
9658
9656
9629
9633
9639
9619
9621
9610
9616
9616
9636
9642
9645
9627
9624
9617
9581
9630
9593
9593
9595
9581
9634
9652
9649
9540
9630
9606
9635
9579
9574
9629
9644
9638
9644
9652
9653
9649
9655
9651
9652
9591
9593
9563
9563
9657
9657
9657
9640
9654
9669
9672
9665
9666
9667
9671
9672
9665
9666
9664
9665
9665
9670
9658
9658
9664
9680
9617
9594
9595
9640
9636
9636
9636
9636
9636
9636
9636
9629
9629
9630
9630
9630
9630
9630
9630
9630
9630
9630
9630
9631
9631
9631
9631
9631
9631
9631
9631
9631
9631
9631
9631
9630
9630
9630
9630
9630
9630
9629
9629
9629
9629
9629
9629
9630
9630
9630
9630
9630
9630
9630
9630
9630
9630
9630
9630
9630
9630
9630
9630
9630
9630
9630
9630
9630
9630
9630
9630
9635
9635
9634
9634
9634
9634
9633
9633
9634
9595
9595
9634
9637
9640
9631
9634
9634
9634
9635
9646
9674
9681
9681
9681
9645
9655
9649
9650
9660
9662
9565
9582
9583
9586
9596
9636
9603
9603
9611
9617
9617
9614
9610
9665
9676
9672
9662
9658
9654
9660
9659
9661
9661
9660
9661
9661
9660
9658
9658
9661
9649
9657
9655
9654
9654
9658
9663
9660
9660
9659
9662
9661
9664
9658
9662
9653
9650
9651
9656
9658
9655
9653
9653
9659
9655
9655
9654
9654
9654
9650
9659
9658
9658
9658
9662
9647
9645
9644
9644
9644
9644
9644
9644
9652
9652
9645
9643
9644
9645
9639
9626
9628
9628
9628
9628
9628
9628
9628
9628
9628
9624
9624
9625
9625
9625
9625
9624
9624
9624
9624
9624
9624
9623
9623
9623
9622
9622
9622
9622
9622
9744
9749
9749
9746
9741
9716
9677
9678
9708
9756
9760
9694
9694
9705
9775
9781
9699
9699
9712
9743
9743
9716
9716
9716
9824
9759
9836
9746
9744
9807
9798
9798
9797
9792
9791
9805
9806
9898
9894
9903
9897
9905
9818
9816
9852
9872
9924
9919
9919
9949
9943
9948
9941
9938
9873
9881
9881
9877
9877
9877
9977
9985
9905
9905
9963
9963
9962
9963
9963
9948
9958
9957
9956
9956
9956
9960
9978
9978
9978
10019
10023
10076
10093
10097
10096
10104
10033
10033
10033
10143
10122
10121
10120
10120
10150
10127
10180
10289
10267
10352
10307
10386
10395
10399
10371
10364
10371
10370
10356
10369
10365
10365
10361
10361
10366
10378
10385
10385
10385
10436
10489
10467
10466
10467
10456
10456
10456
10456
10456
10456
10457
10457
10457
10457
10457
10469
10455
10455
10455
10455
10495
10539
10536
10536
10536
10537
10537
10537
10537
10537
10537
10537
10537
10537
10537
10537
10537
10537
10536
10536
10547
10658
10657
10657
10661
10547
10547
10662
10664
10661
10636
10642
10687
10690
10697
10700
10693
10619
10620
10684
10678
10645
10653
10654
10656
10675
10675
10669
10669
10669
10672
10672
10666
10666
10678
10673
10666
10670
10664
10753
10759
10771
10766
10782
10803
10781
10721
10767
10766
10765
10850
10850
10845
10845
10842
10852
10853
10849
10848
10851
10837
10843
10835
10840
10828
10837
10828
10818
10815
10820
10819
10827
10832
10831
10831
10830
10832
10830
10835
10833
10829
10840
10838
10836
10827
10818
10801
10820
10790
10788
10811
10812
10809
10787
10800
10811
10814
10816
10816
10817
10833
10830
10823
10836
10838
10824
10835
10838
10831
10830
10794
10835
10830
10823
10825
10830
10824
10759
10769
10770
10771
10767
10767
10809
10822
10820
10773
10828
10820
10817
10794
10806
10808
10808
10808
10806
10806
10806
10805
11205
8099
8252
8212
8208
8154
8152
8138
8151
8151
8151
8162
8157
8162
8163
8163
8166
8149
8149
8149
8148
8148
8148
8149
8150
8148
8148
8147
8147
8148
8148
8147
8138
8136
8156
8156
8146
8168
8168
8169
8168
8164
8149
8149
8164
8164
8162
8159
8177
8176
8176
8169
8157
8160
8157
8157
8147
8142
8153
8153
8153
8153
8153
8153
8153
8157
8157
8157
8157
8157
8157
8145
8152
8173
8178
8183
8127
8164
8192
8180
8179
8160
8146
8146
8154
8158
8185
8158
8158
8148
8148
8144
8153
8157
8157
8157
8154
8142
8153
8155
8156
8157
8123
8137
8153
8153
8135
8157
8181
8177
8177
8180
8115
8103
8092
8092
8092
8159
8116
8121
8121
8124
8157
8148
8181
8181
8104
8129
8192
8118
8171
8177
8156
8154
8145
8152
8151
8151
8180
8174
8175
8178
8134
8142
8115
8134
8129
8176
8173
8162
8172
8175
8180
8158
8132
8124
8125
8113
8142
8144
8144
8160
8163
8138
8137
8139
8138
8139
8136
8126
8148
8123
8182
8168
8193
8119
8119
8122
8137
8137
8137
8137
8116
8188
8190
8180
8180
8160
8186
8175
8172
8173
8115
8115
8120
8116
8117
8149
8138
8153
8115
8116
8107
8107
8107
8122
8184
8183
8183
8182
8182
8182
8155
8154
8154
8140
8134
8134
8134
8137
8130
8140
8186
8188
8123
8126
8127
8099
8113
8113
8140
8135
8087
8158
8158
8164
8173
8159
8158
8158
8158
8158
8158
8158
8158
8155
8155
8155
8155
8155
8155
8157
8153
8153
8153
8153
8153
8148
8148
8147
8147
8147
8147
8147
8147
8147
8147
8147
8143
8169
8172
8174
8182
8139
8145
8144
8144
8142
8120
8149
8149
8095
8153
8147
8145
8145
8145
8145
8144
8144
8144
8144
8144
8144
8145
8145
8145
8144
8145
8145
8145
8146
8158
8159
8175
8197
8195
8194
8195
8196
8196
8195
8195
8196
8195
8203
8204
8218
8216
8218
8291
8289
8238
8350
8408
8409
8411
8467
8476
8481
8463
8546
8545
8541
8542
8520
8517
8515
8504
8481
8428
8505
8499
8506
8539
8520
8529
8483
8505
8516
8516
8506
8485
8518
8518
8514
8516
8517
8517
8517
8517
8517
8517
8517
8517
8508
8509
8509
8509
8509
8509
8505
8504
8504
8504
8504
8504
8500
8500
8500
8500
8500
8500
8500
8529
8529
8631
8631
8626
8638
8640
8647
8646
8629
8653
8620
8624
8623
8623
8621
8621
8625
8625
8623
8623
8615
8624
8626
8629
8681
8675
8673
8673
8677
8675
8688
8690
8690
8797
8802
8687
8786
8777
8778
8778
8774
8778
8778
8778
8778
8776
8777
8777
8778
8793
8820
8822
8821
8821
8821
8821
8821
8821
8821
8821
8821
8822
8906
8820
8822
8822
8822
8932
8929
8940
8946
8906
8904
8904
8912
8912
8920
8920
8920
8911
8908
9019
9021
9025
9023
9027
9051
9048
9041
9040
9068
8983
8983
9024
9023
9037
9054
9056
9019
8993
8992
9012
9012
9016
9016
9016
9019
9019
9019
9019
9019
9019
9022
9022
9022
9022
9022
9022
9022
9022
9026
9024
9024
9048
9047
9047
9047
9047
9056
9056
9056
9180
9190
9206
9207
9195
9198
9196
9194
9193
9192
9192
9192
9192
9192
9192
9192
9192
9182
9183
9183
9181
9182
9182
9181
9181
9182
9182
9182
9181
9181
9181
9181
9181
9181
9181
9181
9181
9179
9179
9179
9179
9172
9172
9172
9172
9172
9172
9172
9177
9177
9172
9278
9288
9285
9293
9304
9303
9305
9323
9295
9280
9285
9285
9280
9280
9291
9299
9297
9329
9337
9337
9337
9337
9337
9337
9350
9428
9427
9336
9349
9436
9416
9446
9451
9455
9407
9416
9416
9416
9417
9416
9417
9417
9417
9413
9518
9516
9518
9509
9511
9537
9542
9545
9546
9547
9544
9531
9529
9528
9527
9526
9526
9526
9524
9524
9515
9521
9515
9527
9525
9525
9527
9527
9521
9522
9533
9538
9563
9564
9564
9555
9550
9550
9559
9554
9531
9555
9556
9473
9473
9537
9521
9522
9490
9504
9500
9506
9492
9486
9483
9541
9538
9538
9539
9527
9521
9520
9520
9520
9483
9496
9509
9509
9534
9534
9535
9535
9535
9546
9554
9567
9567
9567
9571
9567
9571
9571
9571
9572
9570
9583
9692
9690
9691
9690
9722
9663
9662
9690
9694
9692
9661
9707
9657
9713
9712
9713
9704
9719
9691
9678
9650
9641
9655
9698
9706
9648
9690
9681
9654
9718
9712
9714
9721
9689
9654
9647
9679
9701
9657
9600
9629
9678
9675
9679
9704
9686
9684
9692
9696
9685
9658
9710
9703
9720
9703
9682
9680
9681
9674
9701
9711
9595
9594
9599
9720
9636
9650
9650
9655
9652
9651
9652
9652
9644
9718
9647
9644
9643
9645
9679
9708
9707
9707
9679
9676
9678
9678
9678
9672
9670
9670
9670
9670
9670
9671
9671
9671
9671
9671
9671
9677
9677
9674
9674
9674
9674
9674
9674
9674
9674
9674
9674
9674
9675
9636
9636
9689
9690
9601
9671
9672
9696
9697
9697
9728
9723
9718
9720
9696
9712
9692
9637
9637
9657
9707
9700
9696
9696
9683
9668
9659
9681
9681
9680
9680
9680
9680
9680
9672
9690
9707
9678
9699
9700
9674
9673
9674
9674
9674
9674
9672
9672
9671
9671
9690
9714
9711
9711
9712
9712
9711
9711
9714
9714
9713
9713
9713
9714
9714
9713
9807
9819
9818
9850
9922
9903
9979
9988
10002
10028
10034
10001
10002
9995
10002
10002
9993
9993
9993
9997
9975
9994
9981
9989
10020
9999
10021
10022
9989
10013
10029
10029
10016
9998
10022
9991
9988
10010
9963
9995
9984
9984
9984
9984
9984
9979
9979
9979
9979
9975
9975
9975
9983
9983
9983
9983
9973
9980
9980
9982
9982
9982
9980
9980
9988
9988
9986
9986
9986
9986
9980
9980
9961
9962
9983
9980
10022
10009
10015
9988
9983
9990
10019
10017
10020
9990
9984
9983
9973
9976
10003
9975
9972
9971
9930
9999
10006
10008
10004
9972
9978
9931
9931
9932
9984
9978
9977
9983
10012
9990
9993
9921
9980
9917
9982
10010
10013
10014
10011
10011
10016
10016
9999
9999
10009
10005
10012
10006
10004
9985
9984
9984
9984
9984
9984
9984
9985
9985
9985
9986
9987
9984
9984
9984
9984
9984
9984
9984
9985
9985
9985
9985
9985
9985
9985
9985
9985
9985
9985
10037
10030
10030
10018
10018
10112
10110
10105
10105
10103
10111
10111
10111
10111
10111
10111
10110
10094
10199
10199
10207
10196
10202
10169
10169
10175
10261
10208
10199
10190
10191
10205
10205
10221
10221
10222
10225
10227
10227
10228
10227
10228
10228
10229
10229
10238
10360
10363
10364
10356
10371
10350
10364
10370
10369
10365
10351
10288
10326
10327
10332
10446
10484
10506
10506
10411
10408
10472
10485
10491
10498
10505
10464
10456
10456
10460
10460
10485
10491
10491
10571
10572
10475
10487
10487
10522
10520
10519
10514
10513
10495
10616
10615
10613
10630
10628
10640
10596
10576
10597
10594
10595
10594
10595
10600
10601
10608
10689
10593
10635
10635
10672
10705
10676
10688
10690
10694
10653
10664
10663
10663
10669
10669
10668
10668
10669
10669
10668
10669
10761
10787
10794
10786
10668
10744
10747
10747
10762
10763
10767
10814
10819
10832
10845
10813
10824
10863
10852
10849
10848
10848
10848
10847
10846
10847
10846
10847
10840
10841
10841
10839
10837
10838
10837
10837
10837
10837
10838
10837
10833
10833
10833
10832
10844
10844
10844
10832
10832
10835
10832
10832
10933
10948
10949
10927
10917
10924
10924
10924
10916
11019
10920
10925
10928
11036
11036
10993
10991
10990
10999
11000
10999
10998
10999
10998
11002
10986
11100
11081
11083
11093
11094
11125
11044
11149
11148
11160
11152
11153
11113
11106
11109
11112
11121
11121
11121
11114
11114
11113
11135
11135
11137
11137
11220
11264
11253
11262
11260
11258
11248
11258
11254
11156
11258
11211
11197
11215
11213
11221
11334
11326
11328
11366
11352
11358
11358
11364
11368
11380
11338
11344
11326
11336
11344
11344
11344
11409
11421
11339
11398
11400
11395
11394
11399
11464
11470
11470
11480
11500
11417
11418
11507
11555
11546
11559
11560
11578
11570
11558
11560
11563
11568
11509
11509
11549
11539
11539
11540
11505
11516
11536
11534
11534
11536
11535
11534
11534
11534
11538
11534
11533
11533
11563
11561
11599
11597
11596
11596
11596
11597
11598
11597
11597
11596
11596
11618
11619
11616
11614
11619
11625
11625
11624
11619
11693
11689
11689
11682
11684
11683
11683
11682
11682
11682
11683
11683
11683
11682
11682
11801
11678
11680
11680
11682
11729
11766
11768
11767
11751
11819
11827
11833
11810
11807
11805
11831
11830
11829
11826
11806
11820
11826
11810
11845
11840
11824
11840
11822
11807
11836
11798
11797
11798
11770
11801
11808
11805
11803
11803
11805
11805
11803
11802
11799
11907
11912
11911
11895
11947
11855
11898
11898
11898
11889
11906
11910
11908
11917
11916
12268
8223
8473
8707
8603
8594
8600
8602
8595
8596
8597
8599
8577
8577
8577
8577
8577
8577
8577
8577
8577
8580
8579
8579
8585
8585
8585
8585
8585
8585
8585
8582
8582
8584
8584
8584
8602
8594
8594
8594
8594
8593
8593
8592
8592
8592
8592
8592
8588
8588
8588
8590
8590
8590
8590
8590
8590
8590
8590
8590
8591
8591
8591
8591
8591
8591
8591
8591
8591
8591
8591
8591
8591
8591
8591
8591
8591
8591
8591
8591
8591
8593
8593
8593
8591
8591
8688
8609
8609
8609
8735
8729
8714
8728
8752
8682
8678
8685
8685
8690
8701
8753
8747
8753
8681
8681
8735
8728
8727
8733
8733
8725
8732
8732
8741
8743
8739
8739
8739
8739
8738
8736
8736
8736
8742
8742
8734
8734
8734
8734
8734
8734
8729
8730
8768
8774
8773
8868
8865
8784
8785
8774
8865
8901
8882
8904
8871
8865
8865
8868
8869
8869
8869
8869
8869
8868
8879
8879
8882
8881
8881
8882
8991
8985
9002
8912
8907
9012
9013
9012
9013
8952
9020
9020
8970
8978
8975
9032
9031
9032
8980
8984
8981
8971
8971
8983
9017
9018
9018
9020
9020
9020
9019
9019
9019
8984
9036
9039
9041
9046
9045
9052
9048
9048
9060
9045
9052
9052
9052
9054
9046
9047
9048
9053
9043
9046
9043
8962
8961
8979
8978
9007
9018
9016
8944
8945
9027
9047
9043
9027
9032
9024
9024
9024
9024
9023
9023
9023
9023
9023
9016
9016
9016
9016
9016
9016
9019
9035
9035
9038
9043
9043
9045
9045
9045
9045
9045
9045
9045
9045
9052
9052
9052
9055
9116
9115
9112
9117
9117
9117
9117
9117
9117
9117
9117
9117
9126
9126
9125
9228
9125
9125
9249
9252
9222
9227
9227
9227
9224
9224
9224
9223
9223
9224
9224
9224
9304
9309
9322
9323
9297
9278
9260
9367
9363
9365
9368
9332
9333
9329
9329
9329
9323
9323
9323
9323
9323
9323
9323
9323
9323
9324
9324
9328
9328
9324
9324
9324
9324
9324
9331
9324
9328
9388
9383
9403
9403
9401
9394
9394
9394
9403
9412
9485
9407
9529
9535
9532
9469
9469
9474
9466
9548
9494
9492
9492
9568
9487
9562
9562
9506
9477
9478
9559
9567
9568
9583
9570
9548
9549
9573
9567
9574
9572
9566
9524
9537
9535
9498
9496
9496
9510
9508
9535
9535
9535
9535
9535
9535
9535
9535
9535
9535
9535
9535
9535
9538
9538
9538
9538
9538
9538
9538
9535
9536
9536
9532
9532
9536
9536
9536
9536
9536
9538
9539
9540
9539
9539
9536
9536
9540
9540
9540
9549
9549
9557
9558
9565
9568
9568
9562
9559
9567
9576
9576
9587
9701
9702
9706
9706
9710
9726
9659
9659
9657
9678
9734
9744
9762
9764
9656
9697
9697
9755
9759
9760
9752
9755
9747
9633
9771
9767
9764
9763
9756
9758
9751
9761
9762
9765
9765
9758
9764
9742
9748
9736
9741
9768
9744
9739
9762
9760
9707
9731
9729
9729
9724
9727
9727
9727
9727
9727
9723
9723
9723
9723
9723
9723
9723
9723
9722
9722
9722
9722
9724
9724
9724
9724
9722
9722
9722
9718
9718
9716
9715
9715
9708
9708
9712
9714
9714
9716
9716
9716
9716
9716
9716
9716
9721
9721
9721
9721
9721
9721
9721
9721
9721
9721
9721
9728
9729
9748
9746
9783
9783
9784
9784
9786
9785
9785
9785
9785
9789
9830
9846
9846
9846
9838
9847
9849
9849
9850
9946
9836
9848
9848
9955
9917
9926
9940
9940
9945
9945
9945
9945
9945
9942
10011
10046
10031
10031
10033
10042
9973
9973
10072
10070
10084
10029
10030
10030
10040
10040
10040
10040
10040
10040
10040
10040
10040
10039
10039
10039
10043
10039
10039
10039
10039
10110
10111
10114
10113
10107
10107
10107
10107
10107
10107
10107
10119
10119
10119
10119
10119
10192
10196
10189
10191
10190
10190
10190
10190
10190
10190
10190
10190
10188
10188
10187
10295
10296
10284
10187
10245
10243
10242
10323
10331
10227
10230
10230
10307
10251
10310
10311
10308
10328
10305
10272
10287
10292
10289
10280
10297
10299
10299
10295
10287
10371
10384
10382
10404
10413
10413
10417
10423
10347
10370
10370
10436
10458
10453
10433
10458
10452
10430
10430
10430
10430
10430
10430
10430
10430
10430
10430
10430
10436
10436
10435
10438
10434
10434
10471
10442
10470
10466
10473
10471
10474
10438
10441
10436
10424
10470
10421
10415
10415
10430
10416
10428
10434
10434
10434
10434
10434
10434
10437
10437
10437
10437
10437
10437
10430
10430
10430
10430
10430
10428
10428
10428
10428
10428
10428
10428
10429
10429
10429
10429
10429
10450
10450
10450
10429
10450
10560
10563
10562
10561
10561
10561
10561
10561
10561
10561
10561
10561
10561
10561
10567
10567
10567
10567
10567
10567
10567
10567
10567
10567
10567
10569
10582
10579
10579
10582
10582
10573
10573
10568
10568
10573
10582
10582
10581
10690
10567
10704
10706
10607
10631
10650
10650
10649
10667
10666
10658
10659
10659
10660
10664
10735
10745
10663
10691
10680
10733
10648
10649
10706
10713
10652
10746
10749
10760
10742
10745
10739
10744
10744
10680
10677
10785
10789
10795
10825
10829
10809
10816
10823
10820
10803
10815
10815
10813
10745
10747
10850
10863
10849
10843
10844
10844
10844
10842
10836
10834
10836
10826
10826
10838
10840
10840
10834
10834
10834
10839
10839
10839
10839
10839
10839
10839
10839
10839
10833
10820
10835
10847
10879
10849
10843
10835
10835
10865
10871
10862
10863
10871
10888
10875
10871
10878
10801
10800
10800
10801
10869
10881
10880
10885
10878
10872
10868
10868
10876
10875
10869
10865
10864
10864
10865
10866
10868
10862
10864
10866
10861
10861
10861
10861
10861
10857
10860
10861
10867
10866
10866
10862
10864
10865
10865
10863
10873
10873
10866
10869
10863
10848
10848
10845
10800
10844
10846
10846
10846
10846
10846
10846
10846
10841
10841
10840
10840
10840
10840
10840
10840
10840
10840
10840
10834
10833
10831
10831
10836
10836
10836
10836
10836
10828
10828
10828
10807
10807
10826
10804
10804
10821
10821
10819
10819
10820
10842
10838
10836
10834
10834
10834
10834
10823
10806
10806
10806
10806
10806
10806
10806
10816
10814
10814
10814
10814
10814
10814
10846
10846
10836
10839
10839
10841
10842
10843
10825
10824
10840
10839
10839
10845
10845
10845
10839
10835
10835
10833
10833
10833
10833
10836
10836
10835
10835
10835
10835
10819
10819
10817
10819
10819
10819
10819
10819
10819
10818
10818
10818
10816
10816
10816
10816
10816
10824
10824
10824
10824
10824
10825
10825
10830
10832
10832
10832
10832
10832
10832
10832
10832
10832
10832
10832
10844
10844
10844
10846
10846
10855
10863
10863
10872
10872
10874
10975
10972
10986
10983
10990
11001
11017
10976
10975
10974
10975
10975
10972
10968
10968
10970
10970
10978
11085
11086
11083
11097
11066
11070
11067
11068
11068
11068
11047
11047
11061
11068
11068
11069
11069
11069
11067
11066
11065
11064
11062
11166
11178
11166
11164
11170
11167
11111
11148
11135
11136
11233
11235
11217
11210
11172
11192
11203
11204
11202
11203
11204
11205
11203
11205
11205
11203
11202
11204
11204
11202
11204
11202
11203
11202
11202
11202
11202
11202
11202
11202
11202
11202
11202
11202
11204
11205
11202
11204
11202
11203
11201
11203
11201
11201
11201
11202
11206
11205
11205
11204
11204
11235
11233
11233
11241
11260
11217
11208
11206
11206
11207
11206
11205
11205
11205
11205
11205
11205
11205
11205
11203
11203
11202
11203
11203
11203
11203
11203
11203
11203
11203
11203
11200
11200
11200
11211
11214
11200
11200
11268
11272
11277
11254
11254
11262
11275
11276
11276
11276
11353
11288
11288
11348
11346
11357
11358
11359
11359
11359
11359
11359
11359
11359
11359
11359
11359
11359
11429
11433
11395
11497
11497
11503
11504
11409
11456
11459
11439
11440
11440
11465
11465
11473
11473
11473
11488
11495
11517
11516
11516
11516
11516
11516
11516
11516
11525
11528
11542
11542
11542
11543
11543
11543
11543
11547
11558
11560
11560
11560
11560
11649
11636
11630
11614
11614
11625
11633
11633
11633
11633
11633
11633
11635
11635
11635
11635
11635
11635
11631
11631
11631
11630
11630
11630
11630
11630
11717
11741
11796
11794
11799
11781
11790
11787
11773
11775
11745
11747
11747
11739
11739
11739
11737
11737
11729
11706
11705
11807
11850
11850
11858
11852
11872
11828
11792
11792
11790
11790
11786
11899
11899
11871
11871
11871
11871
11871
11885
11885
11874
11874
11874
11884
11928
11927
11951
11951
11978
11977
11980
11980
11980
11980
11997
12102
12053
12156
12158
12144
12076
12074
12074
12074
12074
12074
12074
12074
12133
12135
12134
12134
12134
12132
12080
12106
12160
12156
12158
12157
12159
12174
12176
12057
12140
12137
12127
12127
12127
12127
12127
12103
12102
12137
12130
12141
12153
12153
12154
12125
12128
12112
12112
12112
12125
12125
12125
12125
12128
12120
12092
12148
12155
12157
12135
12127
12127
12127
12122
12150
12151
12154
12152
12048
12108
12149
12052
12054
12055
12105
12160
12161
12159
12152
12160
12145
12144
12144
12147
12146
12146
12140
12141
12037
12040
12040
12041
12040
12040
12166
12167
12148
12149
12146
12156
12093
12099
12099
12110
12103
12104
12104
12104
12105
12105
12172
12166
12166
12166
12166
12168
12168
12168
12169
12091
12092
12092
12092
12092
12092
12101
12101
12096
12096
12104
12105
12106
12100
12103
12137
12180
12113
12122
12122
12154
12162
12171
12099
12181
12105
12121
12120
12116
12111
12116
12158
12167
12173
12171
12176
12181
12183
12175
12176
12185
12055
12059
12151
12061
12148
12142
12095
12106
12104
12136
12134
12134
12134
12136
12136
12137
12138
12138
12137
12137
12138
12138
12138
12138
12138
12138
12138
12138
12138
12137
12138
12138
12137
12137
12137
12137
12138
12137
12138
12138
12137
12136
12138
12138
12136
12138
12138
12136
12136
12136
12136
12133
12133
12133
12134
12134
12134
12134
12134
12134
12134
12134
12134
12144
12145
12145
12145
12145
12145
12145
12145
12145
12145
12145
12145
12147
12146
12145
12145
12146
12144
12144
12144
12146
12144
12146
12146
12138
12138
12139
12139
12139
12139
12133
12134
12134
12134
12134
12134
12124
12124
12124
12124
12124
12124
12124
12135
12132
12132
12132
12124
12124
12236
12236
12261
12244
12261
12286
12288
12235
12265
12264
12264
12257
12257
12257
12257
12257
12257
12257
12257
12257
12257
12257
12257
12260
12260
12260
12260
12260
12279
12279
12297
12297
12298
12298
12318
12298
12298
12310
12314
12307
12311
12313
12313
12313
12392
12387
12354
12349
12379
12378
12379
12376
12376
12422
12415
12422
12421
12421
12421
12421
12421
12421
12421
12421
12421
12421
12421
12421
12420
12405
12426
12450
12449
12433
12418
12417
12452
12456
12450
12449
12427
12412
12412
12446
12429
12457
12420
12420
12416
12420
12447
12435
12440
12422
12421
12419
12419
12418
12418
12415
12418
12417
12417
12413
12425
12442
12381
12368
12408
12404
12414
12417
12433
12451
12432
12417
12420
12420
12378
12431
12462
12451
12451
12405
12416
12415
12439
12450
12425
12386
12387
12484
12479
12476
12462
12456
12434
12449
12470
12475
12476
12476
12475
12462
12484
12474
12462
12471
12478
12472
12469
12491
12491
12489
12483
12480
12480
12479
12473
12465
12463
12461
12465
12474
12472
12472
12470
12473
12473
12472
12472
12472
12471
12470
12467
12470
12469
12469
12469
12466
12466
12466
12466
12466
12466
12468
12464
12469
12476
12477
12454
12447
12447
12445
12447
12447
12447
12447
12447
12447
12447
12447
12447
12440
12439
12440
12436
12436
12434
12430
12427
12428
12427
12427
12427
12423
12423
12423
12423
12423
12420
12423
12423
12448
12447
12378
12454
12483
12428
12434
12483
12478
12479
12479
12460
12455
12453
12453
12466
12466
12475
12474
12474
12474
12444
12469
12471
12471
12471
12467
12467
12479
12475
12469
12470
12469
12469
12473
12477
12476
12476
12476
12473
12472
12472
12373
12373
12445
12404
12452
12448
12448
12407
12407
12447
12402
12401
12401
12402
12401
12401
12410
12417
12418
12421
12424
12427
12422
12422
12421
12418
12418
12418
12418
12418
12418
12418
12424
12424
12424
12424
12424
12424
12424
12424
12424
12424
12424
12424
12424
12424
12437
12427
12427
12428
12425
12435
12443
12443
12443
12458
12449
12468
12466
12474
12471
12455
12563
12559
12533
12533
12536
12536
12536
12536
12538
12538
12538
12538
12636
12651
12641
12648
12648
12642
12653
12579
12686
12684
12678
12683
12689
12647
12646
12649
12651
12651
12651
12651
12651
12651
12650
12650
12650
12650
12650
12650
12650
12650
12650
12650
12662
12662
12662
12662
12662
12711
12707
12707
12692
12702
12692
12699
12699
12749
12742
12741
12749
12749
12752
12754
12754
12754
12753
12771
12848
12850
12849
12845
12905
12897
12892
12891
12891
12891
12939
12941
12939
12939
12939
12939
12939
12936
12923
12923
12939
12938
12938
12938
12940
12940
12935
12923
12923
12909
12933
12943
12957
12965
12965
12957
12854
12970
12965
12964
12938
12974
12890
12891
12934
12936
12933
12937
12933
12929
12929
12933
12929
12930
12930
12931
12931
12931
12930
12930
12930
12930
12930
12932
12932
12934
12934
12932
12935
12935
12935
12935
12926
12925
12925
12916
12923
12886
12948
12842
12957
12954
12930
12874
12873
12848
12869
12863
12863
12864
12962
12901
12901
12921
12921
12920
12929
12913
12914
12913
12930
12930
12930
12931
12930
12928
12928
12927
12932
12934
12934
12934
12932
12932
12932
12932
12933
12932
12932
12932
12943
12944
12958
12959
12958
12943
12942
13009
13000
13000
13013
13015
13011
13011
13011
13011
13006
13079
13114
13115
13108
13088
13032
13128
13133
13024
13136
13134
13138
13140
13138
13136
13147
13157
13164
13184
13220
13233
13242
13246
13147
13239
13185
13202
13203
13207
13206
13275
13284
13284
13294
13198
13242
13240
13240
13231
13223
13216
13312
13322
13324
13324
13329
13335
13336
13296
13315
13249
13249
13249
13249
13262
13282
13284
13283
13280
13280
13287
13286
13286
13286
13293
13300
13300
13298
13298
13298
13307
13306
13306
13306
13306
13304
13304
13304
13304
13305
13305
13304
13304
13304
13304
13304
13304
13304
13306
13306
13308
13312
13312
13312
13317
13317
13313
13313
13313
13317
13317
13318
13318
13315
13314
13325
13325
13325
13318
13314
13387
13386
13345
13345
13362
13378
13382
13382
13382
13382
13382
13382
13382
13382
13379
13398
13378
13355
13355
13416
13357
13359
13359
13359
13358
13391
13399
13317
13317
13423
13411
13409
13403
13401
13378
13388
13376
13376
13376
13395
13396
13389
13389
13389
13387
13389
13317
13392
13391
13391
13392
13392
13392
13394
13393
13393
13393
13393
13393
13393
13393
13393
13393
13393
13393
13392
13403
13410
13410
13410
13458
13463
13446
13446
13459
13462
13462
13464
13463
13463
13460
13460
13552
13552
13555
13565
13573
13497
13498
13582
13598
13594
13595
13594
13595
13591
13526
13551
13549
13552
13543
13541
13623
13623
13542
13554
13549
13556
13557
13566
13566
13566
13576
13569
13569
13577
13575
13580
13580
13581
13608
13617
13619
13619
13619
13626
13628
13626
13626
13626
13611
13626
13626
13628
13684
13682
13682
13685
13685
13685
13685
13676
13681
13769
13771
13773
13771
13771
13773
13761
13699
13795
13790
13686
13808
13713
13714
13714
13714
13714
13715
13712
13805
13804
13766
13767
13747
13768
13767
13752
13769
13759
13763
13761
13831
13834
13759
13843
13839
13866
13864
13876
13804
13805
13804
13831
13845
13817
13923
13911
13813
13813
13913
13913
13914
13911
13926
13915
13915
13908
13903
13911
13914
13901
13901
13903
13909
13905
13911
13928
13923
13925
13926
13918
13916
13913
13906
13908
13905
13906
13918
13918
13907
13910
13914
13835
13903
13922
13816
13815
13815
13809
13798
13910
13914
13923
13934
13920
13871
13866
13894
13908
13908
13920
13922
13910
13920
13918
13918
13923
13910
13915
13897
13899
13919
13918
13915
13905
13894
13901
13914
13909
13906
13911
13907
13918
13914
13911
13910
13920
13929
13916
13918
13927
13927
13927
13924
13925
13928
13927
13917
13912
13901
13910
13906
13906
13905
13905
13903
13903
13918
13913
13907
13908
13909
13825
13902
13814
13814
13820
13819
13912
13898
13912
13917
13908
13883
13884
13847
13847
13853
13850
13950
13969
13961
13993
13969
14028
14036
14032
14035
14025
14029
14028
14031
14032
14006
14035
13959
13996
14004
14003
14004
14005
14008
14026
14103
14110
13996
13998
14116
14036
14039
14063
14069
14060
14081
14055
14045
14045
14044
14042
14046
14043
14043
14043
14040
14037
14034
14034
14031
14025
14025
14025
14025
14029
14036
14036
14036
14036
14055
14083
14105
14129
14130
14167
14214
14236
14236
14234
14295
14317
14335
14452
14458
14402
14453
14469
14482
14485
14544
14573
14591
14591
14591
14608
14611
14608
14701
14698
14699
14689
14686
14652
14659
14654
14654
14654
14654
14654
14654
14654
14654
14653
14653
14653
14653
14653
14653
14653
14654
14653
14654
14654
14654
14663
14663
14663
14663
14663
14663
14663
14663
14663
14663
14663
14663
14663
14663
14663
14663
14663
14663
14663
14663
14663
14663
14693
14715
14756
14740
14740
14821
14846
14879
14872
14927
14939
14996
15043
15037
15091
15082
15133
15184
15169
15201
15245
15260
15295
15287
15295
15313
15304
15327
15328
15328
15328
15328
15330
15330
15330
15330
15330
15330
15324
15324
15324
15324
15324
15324
15324
15324
15324
15324
15324
15324
15324
15324
15324
15324
15324
15324
15324
15324
15324
15324
15324
15324
15332
15332
15332
15332
15332
15332
15332
15332
15332
15332
15332
15332
15330
15330
15330
15330
15330
15330
15329
15329
15305
15305
15329
15329
15328
15328
15328
15328
15328
15411
15430
15431
15438
15448
15444
15440
15430
15429
15432
15360
15396
15396
15396
15396
15396
15388
15388
15397
15404
15404
15404
15404
15404
15991
13098
13262
13200
13206
13204
13204
13161
13161
13157
13158
13157
13158
13158
13158
13158
13158
13158
13158
13165
13164
13165
13164
13163
13163
13163
13163
13163
13161
13162
13175
13174
13199
13197
13157
13157
13178
13176
13176
13175
13175
13175
13175
13148
13147
13148
13148
13148
13148
13148
13148
13148
13148
13148
13148
13148
13147
13148
13148
13148
13148
13148
13148
13148
13148
13148
13147
13150
13140
13140
13140
13137
13137
13137
13137
13137
13137
13137
13137
13137
13137
13137
13136
13137
13137
13137
13137
13137
13137
13137
13137
13123
13123
13123
13123
13123
13123
13124
13124
13124
13124
13124
13124
13123
13123
13122
13122
13122
13122
13122
13122
13122
13122
13122
13122
13123
13123
13123
13123
13123
13123
13140
13123
13123
13123
13239
13189
13207
13198
13198
13198
13198
13197
13217
13216
13222
13295
13316
13292
13331
13300
13300
13298
13297
13296
13296
13296
13296
13296
13296
13296
13359
13355
13355
13355
13355
13355
13356
13356
13356
13356
13356
13356
13354
13354
13354
13354
13354
13354
13357
13308
13308
13308
13308
13308
13308
13308
13310
13308
13308
13308
13308
13313
13313
13313
13310
13410
13419
13413
13414
13414
13419
13396
13391
13391
13395
13391
13391
13391
13394
13394
13393
13390
13390
13390
13380
13371
13362
13366
13354
13328
13325
13326
13419
13417
13368
13390
13387
13387
13386
13386
13385
13389
13385
13384
13386
13385
13383
13386
13383
13382
13382
13386
13383
13383
13387
13382
13386
13382
13383
13383
13383
13382
13382
13382
13382
13381
13396
13386
13386
13386
13386
13386
13390
13389
13386
13387
13386
13386
13403
13404
13403
13401
13391
13385
13387
13389
13499
13526
13513
13513
13509
13519
13469
13508
13508
13510
13566
13535
13558
13559
13556
13554
13551
13550
13550
13550
13550
13550
13550
13550
13550
13550
13550
13550
13548
13587
13603
13603
13586
13586
13587
13586
13598
13601
13601
13609
13649
13663
13674
13671
13671
13662
13627
13629
13627
13631
13631
13631
13625
13625
13625
13626
13625
13624
13624
13624
13623
13624
13629
13629
13657
13743
13735
13748
13748
13749
13745
13742
13742
13742
13742
13742
13736
13736
13736
13816
13816
13736
13832
13828
13875
13874
13938
13945
13945
13879
13889
13923
13932
13931
13933
13931
13931
13931
13931
13929
13945
13940
13940
13939
13939
13937
13941
13940
13940
13935
13935
13880
13890
13890
13924
13923
13975
13979
13987
13918
13918
13918
14004
13931
14011
14032
14026
14010
14010
14009
14009
14008
14007
14007
14007
14007
14005
14005
14005
14005
14005
14005
14005
14005
14005
14007
14007
14007
14007
14007
14007
14007
14007
14007
14007
14007
14100
14095
14098
14007
14042
14117
14044
14044
14140
14159
14155
14136
14136
14135
14121
14101
14099
14134
14134
14126
14111
14162
14166
14172
14184
14185
14187
14183
14177
14185
14131
14125
14123
14123
14153
14153
14153
14153
14153
14153
14155
14161
14165
14165
14180
14183
14186
14186
14186
14186
14188
14188
14183
14182
14185
14185
14182
14184
14184
14187
14187
14191
14191
14191
14195
14196
14195
14195
14195
14296
14303
14301
14197
14197
14210
14315
14237
14245
14244
14253
14288
14274
14280
14280
14287
14288
14288
14288
14283
14284
14286
14455
14460
14465
14436
14455
14454
14435
14434
14411
14495
14498
14499
14502
14491
14503
14508
14505
14502
14477
14477
14476
14464
14464
14482
14482
14481
14487
14487
14498
14517
14524
14525
14524
14513
14529
14529
14526
14527
14527
14527
14530
14530
14530
14529
14530
14524
14524
14521
14521
14520
14519
14519
14519
14519
14519
14519
14519
14516
14516
14516
14512
14506
14506
14497
14497
14495
14496
14496
14503
14529
14528
14529
14530
14530
14530
14533
14533
14533
14530
14530
14530
14530
14530
14530
14530
14530
14530
14530
14530
14533
14533
14533
14533
14538
14538
14536
14536
14536
14536
14536
14536
14536
14536
14535
14535
14539
14539
14538
14539
14546
14543
14543
14543
14539
14539
14539
14539
14537
14537
14537
14537
14537
14537
14537
14539
14541
14541
14544
14544
14549
14549
14549
14549
14549
14549
14549
14549
14549
14549
14549
14549
14552
14552
14552
14552
14552
14552
14552
14552
14552
14552
14552
14552
14563
14556
14553
14550
14550
14551
14550
14553
14557
14562
14561
14562
14554
14554
14571
14570
14571
14570
14570
14570
14570
14668
14680
14684
14663
14663
14661
14661
14668
14676
14674
14674
14678
14679
14675
14673
14676
14681
14677
14669
14669
14682
14663
14673
14604
14604
14631
14713
14723
14718
14713
14717
14706
14695
14691
14691
14695
14694
14698
14698
14695
14683
14683
14682
14682
14683
14682
14682
14682
14682
14682
14682
14671
14680
14680
14678
14686
14684
14670
14726
14730
14726
14731
14730
14728
14727
14727
14727
14727
14727
14725
14724
14724
14726
14814
14816
14815
14815
14806
14809
14717
14717
14718
14856
14854
14858
14856
14860
14850
14783
14783
14855
14868
14866
14876
14876
14822
14830
14884
14890
14912
14886
14911
14894
14893
14891
14886
14899
14899
14898
14899
14897
14891
14890
14907
14909
14909
14907
14909
14863
14862
14869
14870
14865
14859
14859
14944
14946
14936
14939
14937
14941
14937
14921
14929
14936
14920
14899
14949
14939
14938
14937
14849
14946
14948
14943
14945
14875
14942
14942
14942
14890
14889
14886
14886
14886
14886
14883
14882
14882
14913
14905
14936
15025
15060
15115
15104
15151
15209
15230
15275
15270
15297
15347
15376
15405
15405
15445
15483
15496
15506
15510
15524
15520
15528
15521
15520
15511
15540
15549
15553
15550
15553
15545
15556
15555
15588
15584
15584
15552
15556
15556
15553
15565
15584
15553
15615
15624
15611
15621
15622
15633
15636
15635
15642
15642
15642
15642
15708
15708
15758
15760
15765
15744
15745
15733
15733
15733
15733
15733
15733
15733
15733
15733
15733
15734
15735
15735
15735
15735
15735
15735
15735
15735
15737
15744
15747
15746
15747
15747
15747
15747
15747
15755
15763
15765
15769
15770
15770
15770
15770
15770
15770
15770
15770
15771
15771
15771
15773
15773
15882
15886
15899
15906
15903
15909
15905
15858
15867
15866
15883
15868
15874
15874
15874
15942
15947
15941
15938
15917
15932
15931
15939
15939
15938
15934
15934
15935
15935
15935
15935
15935
15935
15934
15951
15958
15959
15953
15965
16009
16020
15944
15944
15937
15960
15966
15965
15989
16002
16001
16002
16002
16002
16002
16001
16002
16002
16002
16004
16004
16002
16003
16003
16003
16003
16003
16002
16004
16002
16004
16039
16021
16018
16018
16018
16018
16018
16018
16018
16017
16017
16017
16015
16015
16015
16013
16013
16013
16013
16013
16013
16013
16013
16013
16014
16014
16014
16014
16014
16014
16014
16013
16013
16013
16013
16013
16008
16008
16008
16008
16008
16008
16008
16008
16008
16008
16008
16008
16009
16009
16009
16009
16009
16009
16009
16009
16009
16009
16024
16013
16021
16015
16015
16095
16022
16015
16015
16016
16114
16128
16120
16117
16127
16117
16150
16170
16177
16173
16177
16126
16140
16140
16140
16146
16145
16146
16147
16147
16147
16146
16148
16146
16145
16150
16157
16157
16163
16163
16163
16163
16154
16227
16149
16213
16203
16198
16194
16194
16194
16195
16195
16234
16236
16235
16248
16195
16244
16243
16229
16247
16257
16246
16247
16226
16237
16247
16216
16250
16243
16248
16235
16253
16238
16238
16238
16228
16220
16240
16223
16235
16220
16232
16247
16246
16245
16248
16239
16244
16232
16234
16221
16189
16183
16189
16194
16194
16178
16191
16195
16200
16204
16220
16221
16219
16228
16167
16150
16151
16177
16185
16186
16178
16195
16194
16186
16189
16188
16206
16206
16189
16202
16193
16193
16194
16190
16205
16205
16208
16209
16212
16192
16187
16184
16184
16183
16196
16196
16200
16210
16212
16204
16198
16184
16186
16185
16185
16185
16185
16184
16184
16185
16185
16185
16185
16185
16185
16186
16186
16186
16186
16186
16186
16186
16186
16187
16186
16186
16184
16184
16187
16187
16162
16174
16174
16183
16186
16186
16186
16186
16186
16209
16175
16177
16177
16175
16171
16202
16202
16201
16204
16216
16213
16217
16223
16222
16223
16217
16213
16214
16215
16216
16224
16218
16222
16218
16220
16214
16209
16208
16208
16217
16210
16211
16210
16210
16211
16218
16205
16213
16219
16219
16202
16163
16162
16178
16172
16173
16165
16167
16215
16194
16189
16159
16159
16153
16153
16218
16213
16213
16218
16256
16246
16244
16243
16252
16250
16249
16249
16249
16249
16249
16230
16228
16231
16230
16231
16227
16241
16240
16226
16230
16241
16226
16240
16238
16245
16246
16241
16240
16243
16243
16237
16224
16231
16227
16245
16226
16226
16226
16225
16226
16224
16227
16226
16224
16189
16222
16187
16190
16195
16193
16199
16197
16197
16197
16204
16205
16204
16205
16207
16221
16205
16192
16192
16200
16203
16205
16204
16199
16193
16192
16210
16209
16227
16132
16130
16142
16220
16220
16223
16219
16130
16130
16130
16206
16222
16220
16228
16224
16209
16193
16201
16214
16217
16199
16195
16198
16195
16196
16195
16196
16195
16195
16195
16196
16197
16198
16198
16203
16203
16204
16195
16189
16203
16203
16203
16203
16204
16203
16204
16213
16204
16200
16200
16201
16202
16202
16202
16201
16201
16204
16201
16238
16294
16293
16316
16329
16330
16325
16326
16382
16371
16398
16402
16389
16390
16366
16365
16364
16364
16352
16343
16336
16354
16354
16354
16379
16377
16379
16377
16377
16380
16380
16478
16477
16385
16456
16453
16447
16446
16447
16447
16447
16447
16447
16446
16391
16437
16447
16447
16451
16450
16447
16449
16450
16450
16450
16450
16450
16450
16450
16450
16453
16452
16453
16546
16544
16545
16554
16553
16543
16575
16590
16585
16586
16567
16579
16586
16581
16585
16563
16537
16545
16555
16555
16555
16545
16544
16561
16561
16546
16552
16613
16610
16610
16626
16628
16638
16634
16640
16588
16586
16602
16629
16629
16654
16661
16661
16661
16661
16688
16683
16684
16693
16693
16693
16712
16712
16712
16712
16712
16712
16698
16696
16697
16699
16701
16701
16701
16701
16701
16702
16697
16669
16669
16698
16706
16710
16721
16716
16718
16703
16706
16705
16705
16702
16699
16697
16695
16695
16702
16702
16710
16692
16692
16703
16694
16720
16711
16683
16684
16679
16676
16707
16707
16697
16704
16706
16706
16706
16714
16702
16702
16694
16694
16693
16697
16702
16702
16703
16702
16702
16700
16700
16700
16697
16696
16694
16694
16694
16694
16694
16694
16694
16691
16691
16691
16691
16760
16780
16776
16777
16775
16780
16789
16789
16818
16815
16824
16825
16823
16799
16802
16801
16803
16797
16797
16797
16795
16795
16795
16795
16840
16856
16851
16846
16862
16849
16858
16847
16740
16849
16858
16845
16838
16834
16813
16856
16863
16862
16862
16860
16851
16875
16861
16858
16859
16875
16915
16913
16909
16960
16967
16922
16962
16961
16970
16971
16920
16924
16917
16917
16916
16916
16942
16942
16950
16956
16972
17001
16985
17022
17053
17032
17065
17059
17055
17057
17037
17043
17046
16972
16972
16972
16969
16969
17045
17040
17043
16959
16956
16966
16977
16977
16977
16978
16978
16982
16989
17098
17092
17123
17064
17097
17128
17125
17161
17252
17256
17280
17279
17309
17326
17325
17317
17317
17297
18305
14368
14753
14382
14990
14949
14411
14416
14418
14368
14353
14373
14356
14340
14339
14338
14351
14370
14369
14372
14353
14370
14380
14341
14341
14333
14380
14371
14367
14363
14341
14358
14389
14397
14397
14359
14357
14358
14357
14333
14365
14358
14361
14352
14352
14336
14389
14369
14376
14386
14389
14398
14408
14403
14403
14398
14405
14382
14381
14385
14376
14374
14379
14372
14382
14388
14378
14375
14368
14372
14372
14369
14389
14385
14387
14302
14303
14393
14381
14381
14401
14367
14365
14365
14364
14364
14364
14364
14364
14364
14364
14364
14364
14377
14370
15170
18052
17781
18265
18196
18188
18184
18171
18169
18169
18020
18022
18019
18043
18039
18045
18009
18059
18018
18013
18059
18033
18062
18069
18068
18101
18101
18063
18072
18094
18102
18094
18087
18090
18079
18082
18083
18080
18099
18098
18092
18093
18092
18089
18086
18083
18091
18097
18105
18102
18100
18103
18101
18097
18103
18103
18068
18066
18034
18016
18014
18013
18016
18013
18016
18013
18014
18014
18028
18041
18040
18049
18026
18048
18047
18044
18019
18020
18042
18042
18043
18008
17994
17994
17994
17994
17994
17994
17991
17993
17993
17994
17994
17994
17996
17996
17996
17996
17996
17996
17996
17996
17996
17996
17996
17996
17996
17996
17996
17996
17996
17996
17996
17996
17996
17996
17996
17997
18020
18644
19369
19845
20636
19292
19353
20265
17635
18226
16186
16258
16909
15735
15742
15676
16498
14544
12620
12482
12422
13023
12934
13120
12713
12478
12865
12839
12455
12435
12449
12445
12443
12442
12442
12442
12412
12412
12412
12411
12411
12411
12411
12411
12411
12412
12411
12411
12414
12414
12414
12413
12413
12413
12550
12555
12562
12561
12554
12561
12580
12561
12561
12559
12559
12562
12627
12626
12622
12631
12659
12669
12669
12685
12685
12693
12667
12669
12676
12676
12676
12676
12676
12676
12676
12676
12676
12676
12676
12676
12679
12707
12708
12739
12749
12762
12738
12738
12738
12738
12738
12738
12738
12738
12738
12737
12737
12737
12736
12736
12736
12736
12736
12736
12736
12736
12736
12736
12736
12736
12867
12849
12847
12849
12861
12876
12881
12880
12890
12895
12843
12860
12854
12863
12864
12866
12867
12867
12867
12860
12952
12955
12954
12966
12962
12971
12980
12980
12994
12986
12998
12949
12949
12963
12952
12952
12973
12973
12979
12979
12979
12981
12981
12993
12999
13000
13000
13000
12998
12998
12998
12998
12998
12998
13004
13095
13102
13101
13106
13107
13071
13060
13049
13055
13054
13063
13059
13059
13041
13127
13159
13152
13152
13157
13136
13135
13132
13132
13132
13132
13129
13129
13129
13130
13162
13187
13192
13193
13194
13194
13193
13194
13194
13194
13194
13194
13199
13198
13194
13124
13160
13204
13194
13194
13194
13193
13193
13193
13195
13195
13195
13195
13195
13195
13195
13195
13195
13195
13195
13195
13216
13195
13181
13287
13181
13286
13290
13289
13265
13272
13346
13355
13339
13337
13315
13337
13320
13309
13309
13333
13335
13327
13324
13324
13330
13343
13345
13343
13343
13343
13355
13376
13378
13378
13378
13378
13375
13375
13375
13376
13374
13369
13363
13363
13360
13344
13348
13350
13347
13350
13350
13353
13426
13425
13476
13488
13488
13552
13566
13568
13600
13587
13557
13551
13553
13535
13558
13565
13552
13552
13562
13648
13565
13559
13655
13674
13650
13635
13635
13652
13643
13631
13635
13625
13639
13640
13622
13616
13600
13600
13613
13603
13593
13593
13593
13593
13654
13626
13627
13657
13657
13646
13650
13650
13584
13626
13589
13589
13590
13590
13590
13626
13590
13590
13655
13654
13589
13622
13588
13594
13626
13619
13678
13683
13686
13669
13709
13718
13719
13717
13718
13717
13727
13727
13727
13725
13721
13806
13818
13817
13818
13724
13726
13726
13734
13814
13816
13826
13819
13820
13736
13819
13820
13820
13821
13828
13788
13820
13821
13820
13821
13776
13797
13797
13792
13793
13793
13793
13793
13793
13790
13869
13875
13881
13900
13793
13826
13869
13855
13855
13869
13846
13872
13871
13883
13885
13888
13888
13888
13888
13897
13898
13910
13910
13910
13910
13911
13933
13924
13932
13931
13938
13949
13949
13943
13943
13943
13943
13943
13943
13939
14023
13939
14038
14038
14019
13979
14078
14072
14072
14079
14008
14024
14048
14046
14047
14047
14057
14060
14060
14082
14082
14098
14113
14113
14176
14159
14157
14175
14171
14190
14186
14175
14177
14177
14178
14200
14199
14197
14197
14200
14209
14199
14195
14204
14201
14199
14205
14205
14206
14199
14205
14204
14204
14198
14198
14199
14202
14202
14195
14196
14206
14200
14104
14199
14203
14289
14286
14370
14339
14336
14524
14519
14444
14441
14442
14448
14456
14454
14446
14446
14439
14536
14546
14552
14545
14554
14546
14542
14540
14589
14577
14568
14590
14589
14585
14564
14582
14575
14576
14566
14556
14496
14556
14490
14490
14571
14566
14570
14577
14571
14566
14556
14478
14560
14559
14572
14570
14569
14527
14527
14512
14543
14535
14530
14532
14540
14538
14540
14539
14537
14532
14496
14490
14463
14465
14567
14561
14474
14471
14471
14548
14561
14563
14558
14556
14543
14512
14511
14495
14526
14491
14560
14572
14531
14527
14545
14472
14470
14540
14536
14504
14566
14503
14501
14506
14473
14480
14549
14567
14569
14566
14504
14519
14562
14564
14549
14562
14564
14553
14563
14558
14565
14566
14474
14476
14567
14571
14546
14534
14539
14533
14517
14498
14566
14563
14470
14521
14514
14549
14561
14564
14555
14570
14544
14540
14543
14534
14550
14505
14503
14489
14557
14556
14538
14495
14495
14495
14535
14518
14551
14552
14475
14557
14544
14507
14506
14529
14508
14568
14565
14565
14529
14533
14540
14541
14539
14541
14541
14542
14536
14535
14535
14535
14535
14535
14535
14535
14548
14528
14526
14526
14533
14529
14532
14531
14531
14532
14530
14527
14527
14527
14533
14531
14546
14549
14549
14545
14545
14545
14579
14576
14575
14580
14575
14567
14563
14564
14562
14567
14559
14561
14560
14570
14576
14557
14570
14579
14558
14559
14552
14556
14573
14568
14554
14560
14555
14565
14561
14547
14500
14502
14561
14561
14565
14563
14563
14566
14551
14561
14574
14571
14570
14565
14575
14558
14557
14559
14533
14532
14533
14533
14542
14524
14523
14523
14523
14522
14543
14543
14558
14535
14559
14563
14563
14563
14564
14560
14560
14546
14560
14560
14560
14559
14559
14563
14579
14559
14481
14566
14476
14476
14476
14476
14466
14459
14459
14559
14494
14491
14488
14488
14494
14494
14494
14494
14494
14489
14489
14573
14557
14556
14510
14494
14541
14551
14551
14500
14552
14560
14501
14501
14486
14486
14485
14485
14485
14498
14497
14502
14605
14603
14598
14601
14600
14600
14600
14600
14600
14600
14600
14600
14596
14596
14596
14596
14596
14596
14596
14596
14596
14596
14596
14596
14598
14598
14598
14598
14598
14598
14598
14598
14598
14598
14598
14598
14598
14598
14598
14598
14598
14598
14598
14598
14598
14598
14598
14598
14598
14598
14591
14640
14646
14637
14659
14637
14636
14636
14636
14636
14637
14637
14637
14637
14637
14637
14637
14637
14637
14637
14637
14637
14639
14639
14639
14639
14639
14639
14639
14639
14639
14639
14639
14639
14639
14639
14639
14639
14639
14639
14639
14639
14639
14639
14639
14639
14639
14639
14639
14639
14639
14639
14639
14639
14639
14639
14639
14639
14639
14639
14639
14639
14639
14639
14639
14639
14639
14639
14639
14639
14639
14639
14639
14639
14639
14639
14639
14639
14639
14639
14639
14639
14639
14636
14632
14661
14670
14673
14679
14673
14667
14667
14667
14667
14667
14667
14667
14667
14667
14667
14664
14658
14657
14657
14657
14657
14675
14675
14675
14675
14675
14675
14675
14675
14675
14675
14675
14675
14676
14676
14676
14676
14676
14676
14676
14676
14676
14676
14676
14676
14675
14675
14671
14671
14671
14671
14654
14652
14652
14652
14652
14652
14651
14651
14651
14651
14652
14651
14651
14651
14651
14651
14651
14651
14652
14652
14652
14652
14652
14652
14652
14652
14652
14652
14652
14652
14652
14652
14652
14652
14652
14652
14652
14652
14652
14652
14652
14652
14652
14652
14652
14652
14652
14652
14652
14652
14652
14652
14652
14652
14652
14651
14651
14651
14650
14650
14650
14650
14650
14650
14650
14650
14651
14651
14651
14651
14651
14651
14651
14651
14651
14651
14651
14651
14651
14651
14651
14651
14651
14651
14651
14651
14651
14651
14651
14651
14651
14651
14651
14651
14651
14651
14651
14651
14651
14651
14651
14651
14651
14651
14651
14651
14651
14651
14651
14651
14651
14651
14651
14651
14673
14655
14648
14645
14645
14645
14645
14645
14645
14645
14645
14645
14642
14642
14642
14642
14642
14642
14642
14642
14642
14642
14642
14642
14673
14592
14595
14679
14678
14598
14614
14614
14617
14618
14620
14620
14617
14617
14617
14617
14614
14614
14618
14618
14641
14641
14641
14641
14641
14618
14641
14641
14641
14641
14641
14641
14641
14641
14641
14634
14634
14634
14634
14634
14634
14634
14634
14634
14634
14634
14634
14641
14641
14641
14641
14634
14641
14640
14640
14640
14644
14642
14649
14660
14653
14642
14642
14642
14643
14643
14643
14643
14643
14643
14643
14643
14644
14644
14644
14644
14644
14644
14644
14644
14644
14644
14644
14644
14644
14644
14644
14644
14679
14680
14644
14644
14762
14770
14780
14779
14784
14781
14782
14789
14789
14771
14772
14772
14781
14779
14780
14854
14850
14888
14888
14878
14845
14845
14866
14867
14866
14872
14866
14867
14867
14867
14867
14929
14916
14916
14926
14929
14931
14930
14930
14922
14964
14960
14960
14962
14961
14961
14962
14962
14962
14962
14963
14963
14963
14963
14963
14963
14963
14963
14963
14963
14963
14971
14971
14971
14973
15074
14964
15084
15084
15083
15120
15075
15079
15083
15115
15077
15085
15113
15113
15112
15106
15116
15157
15141
15163
15163
15163
15163
15166
15166
15166
15166
15166
15166
15166
15166
15166
15166
15166
15166
15166
15166
15169
15169
15172
15172
15172
15172
15172
15172
15172
15189
15194
15195
15195
15195
15195
15195
15195
15201
15201
15256
15263
15261
15401
15396
15396
15395
15395
15395
15395
15395
15395
15395
15395
15395
15397
15397
15397
15398
15398
15398
15398
15398
15398
15398
15398
15398
15397
15397
15397
15397
15397
15397
15397
15397
15397
15397
15398
15398
15398
15398
15398
15398
15398
15398
15398
15398
15398
15398
15398
15398
15399
15399
15399
15399
15399
15398
15398
15398
15398
15398
15398
15398
15308
15289
15276
15287
15279
15275
15275
15275
15275
15275
15275
15275
15269
15269
15269
15265
15264
15265
15265
15265
15265
15265
15265
15265
15263
15263
15263
15263
15263
15263
15262
15262
15262
15263
15262
15262
15247
15247
15247
15247
15247
15247
15247
15247
15247
15247
15247
15247
15247
15247
15247
15247
15247
15247
15247
15247
15247
15247
15247
15247
15266
15252
15303
15296
15381
15392
15396
15404
15381
15341
15341
15341
15406
15336
15390
15347
15408
15410
15411
15394
15401
15417
15399
15389
15410
15323
15409
15406
15404
15405
15404
15398
15407
15406
15422
15408
15404
15399
15411
15412
15411
15401
15397
15323
15318
15304
15304
15396
15394
15411
15410
15401
15412
15392
15412
15408
15408
15408
15408
15408
15431
15416
15404
15404
15408
15407
15408
15402
15408
15399
15408
15405
15403
15400
15393
15398
15414
15378
15399
15328
15328
15329
15420
15415
15397
15394
15406
15416
15416
15381
15414
15406
15402
15402
15402
15402
15402
15402
15402
15402
15402
15402
15402
15402
15400
15400
15400
15400
15403
15403
15403
15403
15403
15403
15403
15403
15403
15403
15403
15418
15437
15511
15518
15525
15527
15526
15525
15525
15524
15475
15473
15473
15473
15472
15473
15486
15477
15482
15488
15490
15490
15483
15574
15582
15567
15562
15562
15556
15562
15554
15562
15550
15560
15560
15607
15617
15612
15617
15617
15617
15617
15617
15617
15617
15617
15620
15618
15618
15619
15619
15618
15618
15618
15618
15618
15618
15618
15618
15618
15618
15633
15616
15605
15605
15605
15605
15605
15605
15606
15606
15711
15712
15704
15725
15611
15706
15706
15720
15727
15774
15778
15776
15718
15717
15754
15750
15751
15750
15750
15751
15752
15752
15753
15752
15753
15752
15754
15754
15751
15751
15751
15751
15751
15751
15751
15751
15751
15762
15771
15804
15801
15801
15801
15802
15805
15837
15828
15828
15828
15869
15966
15958
15964
15975
15927
15990
15981
15992
15925
15917
15938
15936
15937
15982
15963
15982
15983
15986
15987
15994
15970
15919
15903
15949
15922
15932
15932
15948
15953
15952
15954
15953
15955
15954
15954
15954
15939
15938
15938
15938
15938
15938
15938
15938
15930
15936
15936
15975
15956
15956
16042
16043
16033
16054
16023
16024
16024
16009
16000
16064
16063
16080
16047
15993
16001
16005
16004
16038
16040
16040
16040
16040
16037
16037
16037
16045
16037
16038
16047
16048
16051
16052
16042
16037
16028
16028
16028
16041
16027
16033
16020
16020
16027
16047
16046
16061
16005
16029
16027
16053
16032
16018
15999
16035
16014
16006
16006
16027
16035
16034
16032
16032
16032
16035
16034
16034
16034
16034
16034
16034
16050
16047
16037
16013
16013
16040
16039
16039
16039
15988
16011
16058
16059
16061
16068
16054
16062
16062
16070
16074
16070
16074
16071
16076
16060
16061
16059
16053
16061
16060
16124
16093
16109
16113
16126
16118
16210
16197
16196
16192
16189
16190
16190
16190
16190
16188
16187
16186
16213
16142
16148
16162
16163
16180
16185
16166
16192
16190
16169
16186
16193
16175
16188
16148
16105
16171
16159
16117
16162
16167
16167
16167
16162
16162
16162
16162
16162
16162
16162
16159
16159
16154
16154
16154
16157
16165
16170
16171
16170
16172
16171
16181
16189
16189
16189
16195
16191
16189
16191
16190
16192
16191
16192
16189
16189
16198
16202
16203
16172
16203
16175
16176
16176
16200
16114
16114
16114
16114
16114
16114
16190
16186
16186
16193
16188
16189
16160
16160
16158
16149
16155
16169
16164
16159
16191
16193
16183
16183
16159
16162
16182
16167
16188
16188
16187
16187
16190
16190
16192
16194
16194
16157
16156
16203
16161
16164
16154
16154
16154
16154
16154
16154
16154
16154
16154
16154
16154
16154
16155
16155
16155
16155
16155
16155
16155
16155
16155
16155
16155
16155
16144
16143
16129
16129
16130
16128
16128
16128
16128
16128
16128
16128
16137
16137
16137
16138
16130
16130
16138
16130
16130
16130
16130
16130
16127
16127
16127
16137
16136
16132
16130
16127
16127
16127
16127
16127
16127
16127
16127
16127
16127
16127
16127
16127
16127
16127
16127
16127
16127
16127
16127
16127
16127
16127
16127
16127
16127
16127
16127
16127
16127
16127
16127
16127
