36 43
15 5
20 10
10 13
48 42
15 19
1 3
17 14
11 15
13 11
17 12
30 20
30 28
29 9
8 11
80 37
16 17
3 5
34 36
13 5
24 18
13 13
3 2
8 11
67 30
9 8
10 6
4 3
42 33
24 18
14 9
11 12
36 31
2 2
47 28
40 7
11 12
50 19
73 75
12 13
72 123
22 10
23 19
24 7
10 9
44 51
3 3
4 25
23 26
28 15
37 27
31 8
10 9
59 19
17 11
14 12
10 8
35 41
12 5
18 14
12 14
11 12
85 40
21 21
47 41
25 15
13 11
9 13
46 44
62 31
87 25
11 10
15 8
21 23
26 19
10 12
76 82
23 25
2 8
9 11
21 8
28 11
23 30
20 16
13 10
9 11
25 22
22 13
29 11
14 11
11 6
21 8
7 11
51 112
3 18
35 33
23 16
10 14
43 26
58 29
1 1
14 16
14 6
5 22
30 29
29 22
12 3
15 15
12 6
11 14
42 18
17 5
60 21
16 9
37 13
4 11
33 32
23 14
23 20
19 7
11 15
25 20
19 22
27 44
12 16
13 12
28 17
32 18
25 14
9 12
35 45
25 15
51 86
12 17
30 27
15 9
6 17
28 27
15 15
17 11
17 11
11 10
14 12
21 13
20 26
16 14
10 10
15 13
18 15
4 11
19 12
3 13
24 27
34 25
22 14
19 20
30 17
19 14
28 24
16 20
30 19
20 17
3 10
20 13
26 22
12 17
16 9
36 29
28 22
13 12
19 12
18 13
8 9
4 8
16 10
16 12
20 13
16 15
23 19
4 13
24 21
11 13
11 14
16 12
20 14
11 16
16 12
35 33
14 11
22 11
1 1
17 20
5 5
21 24
27 22
3 11
18 15
18 11
27 17
19 11
18 12
19 15
10 8
3 10
17 10
31 19
10 8
13 7
13 18
22 17
28 12
10 14
13 13
4 15
4 3
21 28
22 13
44 30
20 12
17 9
9 8
3 13
17 9
42 204
5 256
14 11
3 3
3 4
4 3
33 20
11 15
16 15
26 20
15 12
44 51
18 13
9 7
3 13
21 14
3 3
18 11
23 17
10 6
53 23
43 210
4 4
3 3
4 3
30 14
10 14
21 17
18 10
42 152
31 18
9 17
17 18
22 13
3 7
26 18
9 14
24 18
3 14
38 151
31 19
11 23
26 27
4 12
27 20
22 16
26 15
10 16
21 21
12 14
22 17
16 13
