1258
1258
1258
1258
1258
1258
1258
1258
1258
1258
1258
1258
1255
1255
1255
1258
1258
1258
1258
1258
1258
1258
1258
1258
1257
1257
1257
1257
1257
1257
1256
1255
1255
1255
1255
1255
1252
1252
1252
1252
1252
1252
1252
1252
1252
1252
1252
1252
1252
1252
1252
1252
1252
1252
1252
1252
1252
1252
1252
1252
1246
1246
1246
1246
1246
1246
1246
1246
1246
1246
1246
1246
1246
1246
1246
1246
1246
1246
1246
1246
1246
1246
1246
1246
1246
1246
1246
1246
1246
1246
1246
1246
1246
1246
1246
1246
1247
1247
1247
1247
1247
1247
1247
1247
1247
1247
1247
1247
1246
1246
1246
1246
1246
1246
1246
1246
1246
1246
1246
1246
1246
1246
1246
1246
1246
1287
1287
1286
1288
1288
1288
1288
1290
1290
1291
1291
1291
1290
1290
1290
1290
1290
1290
1290
1287
1287
1287
1287
1287
1287
1287
1287
1287
1287
1287
1287
1287
1287
1287
1287
1287
1287
1287
1287
1287
1289
1289
1289
1289
1289
1289
1289
1289
1289
1289
1289
1289
1289
1289
1289
1288
1288
1288
1288
1288
1298
1320
1327
1327
1346
1318
1308
1332
1332
1325
1323
1323
1323
1323
1352
1344
1349
1347
1345
1353
1354
1350
1355
1334
1362
1361
1362
1362
1362
1362
1362
1362
1362
1369
1382
1384
1384
1381
1386
1386
1389
1389
1390
1397
1397
1397
1408
1408
1403
1409
1412
1412
1412
1412
1416
1421
1421
1421
1421
1423
1446
1437
1450
1453
1451
1453
1452
1452
1451
1466
1469
1468
1467
1467
1467
1467
1467
1467
1467
1466
1466
1466
1496
1506
1508
1509
1505
1520
1521
1520
1520
1522
1522
1522
1523
1527
1536
1530
1532
1532
1532
1537
1545
1539
1548
1531
1541
1540
1545
1544
1543
1552
1558
1556
1558
1556
1556
1559
1559
1578
1600
1602
1603
1603
1603
1602
1597
1601
1610
1613
1587
1588
1603
1610
1615
1615
1615
1607
1587
1616
1616
1603
1614
1616
1608
1611
1614
1615
1591
1612
1612
1595
1613
1621
1619
1620
1613
1619
1609
1609
1619
1619
1619
1612
1612
1612
1612
1612
1612
1612
1612
1612
1612
1612
1613
1612
1612
1612
1612
1612
1613
1617
1616
1613
1615
1619
1621
1623
1624
1647
1654
1657
1647
1662
1662
1670
1669
1672
1663
1678
1680
1681
1682
1692
1691
1697
1697
1697
1698
1697
1717
1710
1714
1712
1715
1726
1726
1744
1754
1751
1748
1750
1759
1759
1775
1761
1771
1773
1782
1781
1782
1783
1786
1786
1801
1813
1803
1803
1809
1809
1813
1814
1814
1812
1817
1829
1821
1827
1822
1829
1831
1833
1832
1848
1850
1840
1841
1848
1848
1863
1871
1885
1881
1881
1881
1880
1882
1888
1881
1882
1896
1900
1900
1908
1912
1918
1906
1910
1924
1915
1930
1928
1928
1928
1928
1928
1928
1928
1928
1928
1928
1928
1928
1928
1928
1929
1929
1929
1929
1929
1929
1929
1929
1929
1929
1929
1929
1929
1929
1929
1935
1940
1939
1935
1941
1941
1946
1947
1942
1955
1954
1971
1974
1976
1979
1999
1997
1997
1997
1997
1997
1990
1990
1992
1990
2008
2022
2037
2045
2042
2038
2040
2039
2038
2038
2039
2038
2039
2044
2060
2061
2061
2075
2072
2083
2094
2095
2093
2092
2117
2120
2122
2123
2126
2125
2121
2122
2121
2121
2121
2118
2118
2118
2118
2118
2118
2118
2118
2118
2120
2120
2120
2120
2120
2120
2120
2141
2139
2148
2167
2166
2166
2174
2175
2181
2177
2179
2175
2176
2177
2174
2176
2176
2179
2179
2179
2179
2179
2179
2180
2180
2181
2181
2184
2186
2178
2178
2180
2179
2179
2179
2179
2180
2192
2188
2206
2197
2212
2214
2208
2231
2228
2228
2242
2241
2237
2249
2249
2253
2255
2261
2272
2263
2268
2271
2269
2270
2270
2270
2270
2270
2265
2267
2282
2282
2282
2295
2292
2302
2301
2302
2304
2306
2311
2311
2312
2313
2316
2317
2317
2319
2319
2325
2323
2330
2325
2328
2328
2329
2327
2337
2342
2338
2346
2348
2344
2365
2361
2366
2366
2369
2375
2371
2375
2384
2391
2396
2403
2404
2401
2401
2402
2403
2403
2391
2405
2408
2409
2408
2409
2408
2423
2419
2423
2426
2426
2426
2426
2426
2412
2409
2406
2402
2412
2406
2403
2403
2400
2403
2409
2408
2408
2408
2408
2415
2409
2409
2401
2403
2401
2400
2400
2401
2414
2419
2410
2411
2421
2406
2417
2420
2420
2420
2421
2420
2420
2420
2420
2420
2418
2418
2418
2418
2417
2416
2420
2417
2419
2419
2424
2426
2419
2428
2428
2430
2428
2429
2429
2428
2431
2432
2431
2431
2426
2426
2427
2428
2428
2427
2428
2427
2427
2427
2427
2427
2418
2418
2419
2419
2419
2417
2417
2420
2421
2421
2421
2420
2421
2421
2421
2420
2419
2419
2419
2419
2419
2419
2419
2419
2422
2422
2422
2422
2422
2422
2422
2422
2422
2422
2422
2422
2421
2421
2421
2421
2421
2421
2421
2421
2421
2405
2404
2404
2419
2419
2419
2419
2419
2419
2419
2419
2419
2419
2419
2419
2423
2423
2423
2423
2423
2423
2423
2423
2423
2423
2423
2423
2423
2423
2423
2423
2423
2423
2423
2423
2423
2423
2423
2423
2419
2419
2419
2419
2419
2419
2419
2419
2419
2419
2419
2427
2434
2434
2444
2435
2439
2447
2452
2450
2449
2450
2450
2452
2452
2452
2452
2459
2458
2470
2475
2485
2484
2486
2471
2485
2484
2479
2490
2484
2487
2486
2486
2486
2489
2487
2491
2484
2503
2499
2493
2507
2491
2508
2510
2510
2510
2513
2519
2518
2515
2511
2522
2520
2523
2528
2527
2530
2530
2521
2533
2533
2545
2545
2546
2551
2539
2539
2541
2564
2562
2563
2563
2567
2556
2572
2572
2572
2572
2571
2567
2582
2582
2582
2586
2586
2575
2589
2595
2595
2581
2597
2604
2604
2603
2596
2598
2598
2604
2605
2606
2601
2602
2600
2605
2603
2605
2616
2622
2626
2637
2647
2652
2665
2668
2670
2674
2678
2677
2677
2677
2677
2681
2692
2699
2699
2703
2696
2696
2696
2693
2694
2693
2694
2684
2684
2684
2684
2684
2684
2684
2684
2685
2685
2685
2685
2674
2674
2674
2674
2674
2674
2674
2674
2674
2674
2674
2674
2680
2685
2681
2686
2687
2691
2688
2697
2696
2695
2699
2698
2697
2698
2701
2705
2706
2706
2710
2716
2713
2734
2739
2753
2761
2758
2759
2757
2757
2757
2757
2757
2757
2764
2770
2772
2772
2770
2774
2775
2774
2776
2775
2780
2776
2784
2786
2786
2788
2785
2799
2803
2805
2804
2806
2823
2803
2818
2820
2831
2829
2832
2846
2857
2852
2852
2853
2853
2857
2870
2878
2885
2884
2877
2879
2881
2882
2888
2892
2892
2902
2916
2916
2916
2932
2932
2932
2934
2944
2945
2942
2949
2945
2952
2964
2964
2938
2939
2941
2944
2959
2957
2969
2972
2975
2969
2964
2973
2975
2982
2982
2985
2986
2990
2998
3003
3015
3026
3027
3025
3026
3020
3040
3046
3048
3042
3045
3049
3058
3063
3064
3066
3094
3108
3109
3116
3122
3118
3114
3115
3116
3114
3127
3123
3131
3128
3138
3138
3136
3136
3144
3146
3147
3158
3155
3165
3146
3142
3168
3161
3163
3162
3165
3158
3156
3156
3156
3157
3158
3158
3158
3158
3158
3158
3160
3162
3162
3162
3162
3162
3162
3162
3162
3162
3162
3162
3162
3162
3163
3163
3161
3161
3158
3158
3158
3158
3158
3158
3158
3158
3158
3158
3158
3158
3159
3159
3161
3164
3162
3161
3161
3161
3162
3165
3165
3164
3178
3173
3173
3173
3173
3173
3173
3174
3175
3175
3175
3175
3181
3181
3175
3175
3175
3176
3177
3179
3180
3179
3179
3179
3179
3179
3179
3178
3178
3178
3178
3178
3178
3178
3178
3178
3183
3184
3183
3177
3177
3177
3178
3175
3180
3178
3179
3179
3183
3183
3183
3183
3183
3183
3183
3183
3183
3182
3182
3182
3165
3165
3166
3166
3165
3168
3168
3168
3168
3170
3175
3179
3195
3201
3191
3188
3203
3202
3205
3204
3204
3204
3204
3204
3203
3205
3208
3214
3210
3217
3222
3222
3222
3236
3245
3248
3246
3255
3256
3254
3271
3269
3278
3278
3279
3280
3280
3280
3268
3268
3268
3275
3284
3294
3294
3294
3293
3303
3298
3299
3306
3301
3306
3307
3304
3304
3305
3307
3308
3308
3307
3308
3307
3313
3306
3310
3318
3318
3318
3319
3320
3319
3320
3318
3333
3330
3327
3330
3341
3334
3337
3337
3346
3356
3354
3363
3358
3371
3369
3367
3369
3370
3366
3369
3380
3376
3394
3418
3393
3397
3395
3394
3391
3393
3393
3392
3391
3396
3395
3395
3394
3400
3409
3408
3408
3408
3414
3421
3420
3430
3427
3428
3438
3438
3438
3439
3458
3453
3451
3459
3453
3461
3463
3460
3462
3476
3482
3476
3476
3476
3476
3476
3476
3476
3480
3488
3497
3493
3507
3506
3506
3509
3525
3529
3523
3522
3523
3525
3512
3520
3524
3525
3524
3526
3528
3536
3540
3533
3535
3535
3541
3541
3541
3541
3541
3543
3543
3546
3552
3552
3550
3550
3558
3561
3558
3558
3565
3569
3579
3579
3580
3587
3587
3588
3584
3583
3584
3589
3589
3592
3600
3615
3625
3624
3629
3628
3623
3623
3623
3620
3620
3629
3625
3631
3633
3635
3634
3636
3622
3626
3621
3626
3651
3639
3638
3640
3643
3653
3648
3653
3657
3657
3662
3669
3664
3669
3669
3675
3691
3680
3694
3695
3709
3713
3712
3712
3709
3708
3708
3707
3708
3708
3707
3707
3710
3710
3710
3704
3702
3702
3702
3702
3702
3702
3702
3702
3688
3688
3688
3689
3690
3694
3689
3695
3697
3700
3706
3706
3729
3729
3732
3737
3747
3744
3750
3749
3751
3753
3753
3753
3748
3748
3749
3750
3749
3750
3748
3748
3749
3748
3748
3746
3771
3774
3781
3788
3783
3786
3785
3808
3807
3806
3809
3812
3825
3831
3826
3827
3818
3834
3825
3830
3830
3832
3832
3834
3824
3841
3848
3854
3855
3856
3849
3858
3861
3855
3862
3861
3863
3865
3863
3871
3878
3892
3901
3901
3896
3894
3897
3896
3887
3896
3898
3909
3898
3903
3907
3907
3914
3914
3924
3924
3925
3927
3927
3933
3946
3969
3975
3973
3979
3976
3976
3976
3999
3998
3999
3994
3994
3994
3994
3994
3994
3994
3994
3994
3988
3988
3988
3988
3988
3991
3992
4015
4014
4012
4013
4013
4020
4024
4035
4026
4023
4023
4023
4023
4027
4028
4027
4036
4033
4037
4044
4046
4044
4044
4049
4049
4052
4054
4054
4053
4054
4054
4054
4055
4054
4056
4083
4073
4081
4082
4076
4085
4090
4090
4092
4094
4100
4100
4103
4103
4104
4109
4105
4109
4094
4095
4097
4098
4114
4103
4098
4103
4110
4111
4115
4127
4119
4122
4122
4136
4127
4138
4138
4138
4138
4142
4148
4148
4141
4138
4146
4149
4149
4163
4176
4177
4177
4177
4177
4178
4154
4157
4153
4160
4159
4168
4172
4199
4204
4206
4201
4202
4202
4202
4203
4206
4209
4205
4220
4222
4243
4247
4254
4260
4265
4265
4279
4268
4268
4268
4268
4276
4276
4276
4276
4276
4270
4280
4271
4288
4292
4294
4300
4305
4312
4307
4312
4312
4350
4348
4353
4350
4362
4362
4373
4384
4387
4391
4389
4395
4384
4375
4375
4369
4381
4382
4382
4382
4382
4382
4382
4382
4380
4380
4380
4390
4377
4393
4391
4385
4386
4386
4389
4382
4390
4390
4390
4395
4393
4393
4392
4392
4392
4392
4392
4392
4389
4389
4389
4389
4389
4389
4389
4389
4389
4390
4389
4390
4390
4390
4390
4390
4390
4389
4387
4388
4387
4387
4393
4389
4399
4397
4397
4397
4397
4397
4397
4397
4397
4397
4397
4397
4394
4394
4394
4393
4393
4393
4393
4393
4392
4392
4392
4392
4394
4394
4393
4393
4393
4393
4394
4394
4394
4394
4394
4394
4396
4396
4396
4396
4396
4396
4396
4396
4396
4396
4396
4396
4397
4397
4397
4397
4397
4397
4397
4397
4397
4397
4397
4397
4386
4378
4378
4378
4378
4378
4378
4378
4379
4379
4379
4379
4391
4390
4390
4390
4390
4390
4390
4390
4390
4390
4390
4390
4389
4390
4390
4390
4390
4390
4391
4390
4390
4390
4390
4390
4386
4386
4386
4386
4386
4386
4386
4386
4386
4390
4390
4390
4381
4381
4381
4382
4382
4382
4382
4382
4382
4381
4381
4381
4380
4380
4380
4380
4380
4380
4380
4380
4380
4380
4380
4380
4380
4380
4380
4380
4380
4381
4381
4381
4381
4380
4378
4367
4391
4393
4393
4393
4390
4392
4390
4391
4392
4393
4393
4393
4392
4392
4392
4392
4392
4392
4392
4392
4396
4398
4397
4401
4394
4389
4386
4386
4386
4387
4387
4390
4390
4390
4390
4388
4384
4384
4384
4384
4384
4384
4384
4384
4384
4384
4384
4384
4384
4384
4384
4383
4394
4389
4386
4387
4391
4403
4397
4403
4397
4394
4393
4393
4397
4401
4391
4393
4392
4393
4399
4395
4402
4398
4403
4400
4399
4402
4402
4405
4410
4404
4398
4405
4400
4399
4396
4403
4403
4407
4411
4406
4406
4406
4406
4407
4392
4391
4398
4399
4398
4396
4397
4396
4396
4397
4397
4396
4396
4396
4392
4396
4397
4397
4397
4401
4403
4400
4397
4404
4405
4406
4405
4408
4402
4408
4400
4406
4411
4409
4407
4402
4405
4404
4402
4400
4405
4402
4406
4401
4398
4409
4409
4411
4385
4396
4395
4396
4393
4390
4386
4386
4387
4388
4390
4387
4404
4403
4406
4403
4407
4403
4404
4405
4407
4408
4409
4410
4408
4411
4419
4418
4419
4414
4413
4414
4424
4419
4412
4413
4421
4422
4422
4422
4437
4436
4425
4424
4424
4424
4438
4439
4402
4391
4391
4391
4391
4407
4407
4407
4395
4396
4396
4406
4393
4396
4395
4394
4396
4396
4399
4397
4397
4394
4401
4400
4384
4389
4396
4392
4394
4393
4393
4393
4383
4380
4396
4402
4408
4405
4403
4407
4416
4417
4419
4415
4404
4407
4413
4414
4433
4434
4429
4431
4437
4436
4424
4421
4420
4418
4417
4415
4377
4377
4377
4377
4380
4364
4379
4381
4379
4383
4385
4383
4381
4387
4384
4381
4380
4382
4380
4380
4379
4379
4379
4376
4380
4380
4377
4377
4389
4390
4396
4401
4397
4388
4390
4390
4395
4395
4392
4380
4380
4381
4394
4395
4397
4396
4395
4382
4395
4395
4413
4407
4405
4402
4395
4394
4395
4399
4401
4399
4399
4398
4399
4399
4400
4400
4399
4399
4401
4399
4399
4399
4394
4394
4394
4394
4394
4394
4394
4394
4394
4394
4394
4394
4394
4394
4394
4394
4394
4394
4397
4396
4396
4397
4398
4398
4395
4395
4396
4394
4394
4394
4394
4394
4394
4394
4394
4394
4395
4398
4398
4410
4407
4404
4408
4405
4407
4407
4404
4404
4377
4376
4378
4375
4375
4375
4375
4375
4375
4372
4372
4369
4393
4392
4403
4397
4401
4400
4399
4399
4399
4399
4400
4398
4398
4398
4398
4398
4398
4398
4398
4398
4398
4398
4398
4398
4399
4399
4399
4399
4399
4399
4399
4399
4399
4399
4399
4399
4377
4377
4377
4377
4377
4377
4067
4373
4102
4158
4208
4258
4378
4380
4386
4384
3808
3623
3630
2514
2719
2854
2861
2867
3035
3035
3035
3035
3035
3043
3062
3066
3069
3069
3069
3073
3131
3130
3131
3131
2927
2930
2931
2932
2938
2820
2821
2823
2956
2954
2930
2890
2917
2930
2929
2929
2930
2630
2697
1775
1911
1909
1836
1843
1842
1466
1674
1674
1635
1589
1619
1621
1791
1789
1789
1789
1794
1789
1794
1793
1798
1808
1809
1810
1856
1856
1856
1856
1856
1856
1856
1856
1856
1856
1856
1856
1869
1868
1868
1868
1868
1868
1868
1868
1869
1898
1898
1906
1990
1990
1988
1978
1974
1971
1971
1971
1971
1971
1971
1971
1954
1954
1954
1954
1954
1954
1959
1958
1958
1958
1958
1958
1974
1974
1974
1974
1974
1974
1974
1974
1974
1974
1974
1974
1974
1974
1974
1974
1974
1974
1974
1974
1974
1974
1974
1974
1974
1974
1974
1974
1974
1974
1974
1974
1974
1974
1974
1974
1974
1974
1974
1982
1982
1982
1982
1982
1982
1982
1983
1981
1971
1971
1971
1971
1971
1971
1972
1972
1972
1972
1972
1972
1966
1966
1966
1966
1966
1966
1966
1966
1966
1966
1966
1966
1965
1965
1965
1965
1965
1965
1965
1965
1965
1965
1965
1965
1963
1967
1970
1971
1969
1976
1970
1970
1970
1970
1970
1970
1967
1967
1967
1958
1956
1956
1956
1956
1956
1956
1956
1956
1960
1960
1960
1960
1960
1960
1960
1960
1960
1960
1960
1960
1961
1961
1960
1960
1960
1960
1960
1960
1960
1960
1960
1960
1963
1963
1963
1963
1963
1963
1963
1963
1963
1963
1963
1963
1960
1960
1960
1960
1960
1960
1960
1960
1960
1960
1960
1960
1962
1962
1962
1962
1962
1962
1962
1962
1962
1962
1962
1962
1962
1962
1967
1971
1973
1970
1983
1980
1988
1988
1986
1991
1994
1989
1999
2000
2007
2007
2007
2014
2021
2022
2023
2021
2027
2027
2027
2029
2027
2031
2033
2042
2041
2042
2042
2042
2056
2057
2061
2062
2063
2063
2063
2063
2068
2069
2072
2085
2095
2087
2094
2102
2094
2106
2092
2116
2116
2120
2126
2132
2123
2098
2118
2121
2104
2109
2132
2135
2135
2114
2138
2143
2150
2151
2151
2151
2129
2153
2154
2153
2153
2153
2157
2154
2158
2174
2170
2184
2172
2176
2155
2181
2181
2181
2170
2192
2185
2166
2194
2196
2195
2195
2204
2204
2206
2210
2199
2195
2232
2231
2241
2241
2241
2241
2241
2240
2240
2241
2241
2252
2247
2247
2247
2247
2247
2247
2248
2253
2250
2262
2257
2243
2262
2263
2248
2266
2275
2275
2276
2278
2262
2281
2281
2283
2277
2280
2284
2278
2269
2298
2298
2297
2309
2310
2308
2314
2307
2314
2317
2333
2331
2336
2337
2335
2349
2349
2350
2332
2342
2354
2366
2365
2363
2362
2372
2371
2370
2375
2397
2387
2400
2427
2420
2432
2441
2437
2443
2444
2444
2443
2446
2449
2452
2461
2460
2455
2460
2478
2476
2477
2477
2475
2475
2474
2466
2465
2476
2490
2490
2489
2489
2489
2493
2496
2500
2486
2503
2526
2532
2534
2532
2521
2536
2555
2556
2555
2557
2554
2564
2564
2574
2571
2568
2600
2607
2602
2596
2596
2600
2615
2592
2592
2592
2592
2592
2592
2593
2593
2593
2593
2593
2593
2587
2588
2588
2589
2590
2590
2590
2590
2589
2596
2597
2596
2609
2609
2609
2609
2609
2609
2609
2630
2611
2634
2634
2634
2628
2628
2628
2628
2628
2628
2628
2628
2628
2628
2628
2628
2626
2626
2626
2626
2626
2626
2626
2625
2626
2650
2657
2650
2659
2636
2652
2657
2658
2658
2658
2657
2663
2670
2670
2676
2679
2681
2692
2695
2694
2695
2696
2696
2696
2700
2700
2700
2691
2692
2693
2700
2701
2700
2707
2706
2708
2709
2714
2715
2721
2725
2716
2716
2717
2744
2756
2755
2756
2757
2758
2758
2760
2760
2760
2759
2760
2760
2760
2745
2758
2758
2758
2758
2759
2759
2759
2759
2765
2764
2755
2773
2777
2779
2780
2778
2785
2792
2795
2798
2810
2808
2808
2810
2815
2816
2829
2828
2840
2840
2850
2838
2852
2844
2854
2849
2849
2865
2868
2873
2867
2876
2870
2882
2883
2883
2883
2892
2902
2901
2899
2905
2921
2924
2925
2923
2934
2935
2937
2943
2948
2951
2951
2952
2966
2968
2968
2968
2974
2975
2975
2989
2989
2990
2996
2997
2985
2984
2989
3000
3000
3000
3000
3000
3001
3001
3001
3001
3005
3004
3004
3004
3004
3004
3004
3004
3004
3004
3004
3004
3005
3005
3010
3017
3010
3027
3028
3030
3037
3039
3041
3043
3049
3055
3057
3063
3059
3065
3076
3071
3069
3082
3079
3086
3113
3110
3109
3121
3115
3120
3137
3142
3142
3140
3151
3162
3173
3179
3179
3181
3188
3190
3205
3206
3213
3214
3221
3222
3226
3237
3247
3245
3246
3248
3259
3254
3269
3273
3273
3276
3282
3285
3275
3292
3292
3294
3294
3294
3294
3294
3295
3301
3321
3322
3321
3334
3336
3336
3343
3347
3351
3356
3364
3363
3383
3381
3388
3406
3406
3413
3423
3422
3423
3432
3432
3429
3409
3428
3429
3432
3437
3436
3446
3455
3463
3463
3459
3459
3464
3465
3465
3465
3465
3465
3465
3465
3465
3465
3465
3465
3464
3464
3461
3469
3468
3470
3463
3463
3460
3474
3475
3474
3471
3460
3473
3475
3463
3467
3477
3473
3480
3483
3483
3483
3465
3465
3465
3465
3465
3478
3477
3477
3477
3477
3463
3463
3455
3455
3455
3455
3455
3455
3455
3455
3455
3455
3455
3455
3454
3454
3454
3454
3454
3454
3454
3455
3455
3455
3455
3455
3464
3464
3464
3464
3474
3476
3476
3476
3476
3476
3476
3476
3480
3480
3480
3483
3483
3483
3483
3483
3483
3483
3483
3483
3470
3470
3470
3486
3488
3485
3487
3487
3493
3499
3498
3512
3509
3531
3532
3528
3544
3542
3540
3541
3550
3549
3547
3548
3555
3565
3565
3569
3571
3572
3578
3578
3586
3591
3588
3581
3595
3600
3600
3602
3609
3613
3613
3627
3638
3627
3644
3652
3662
3673
3680
3687
3687
3690
3697
3707
3703
3702
3714
3725
3734
3733
3735
3754
3754
3749
3757
3760
3765
3781
3781
3781
3784
3784
3784
3794
3790
3794
3803
3810
3804
3800
3805
3815
3817
3822
3821
3820
3834
3837
3839
3849
3849
3851
3858
3856
3867
3867
3871
3896
3905
3907
3908
3916
3916
3918
3917
3927
3930
3937
3941
3948
3947
3949
3949
3949
3946
3947
3960
3961
3967
3974
3994
3994
3994
3995
3991
3990
3999
3993
3989
3987
3987
3978
3979
3978
3979
3984
3991
3992
3992
3993
3993
3993
3988
3988
3988
3994
4002
3991
4000
3996
4011
4012
4027
4032
4038
4049
4038
4047
4063
4073
4069
4082
4081
4082
4082
4091
4101
4107
4122
4128
4130
4126
4129
4133
4131
4148
4148
4147
4144
4144
4151
4147
4154
4169
4165
4171
4170
4178
4177
4176
4176
4175
4186
4185
4185
4190
4200
4201
4199
4205
4205
4210
4231
4229
4235
4236
4245
4246
4245
4245
4247
4252
4251
4248
4249
4249
4253
4249
4253
4254
4274
4282
4282
4288
4290
4304
4313
4312
4316
4320
4311
4312
4312
4312
4316
4312
4337
4346
4373
4373
4373
4369
4367
4377
4377
4376
4377
4377
4377
4377
4369
4370
4378
4378
4378
4378
4378
4378
4377
4379
4379
4379
4380
4380
4380
4380
4380
4377
4379
4379
4379
4379
4379
4380
4393
4393
4393
4393
4393
4393
4393
4393
4393
4393
4393
4393
4394
4394
4394
4396
4396
4392
4391
4405
4405
4405
4405
4410
4419
4425
4422
4422
4423
4432
4441
4447
4448
4457
4456
4456
4462
4471
4478
4488
4495
4495
4494
4495
4492
4492
4499
4506
4517
4514
4533
4535
4540
4533
4538
4537
4546
4544
4546
4546
4539
4544
4543
4532
4532
4543
4548
4558
4568
4576
4577
4577
4582
4587
4587
4587
4587
4586
4586
4586
4587
4586
4586
4586
4592
4592
4592
4592
4592
4591
4591
4588
4590
4590
4590
4591
4591
4591
4591
4591
4589
4588
4600
4600
4600
4598
4597
4597
4597
4597
4597
4597
4597
4597
4601
4607
4602
4606
4607
4614
4629
4633
4631
4637
4644
4644
4649
4672
4679
4683
4683
4683
4685
4687
4685
4684
4686
4688
4694
4695
4707
4708
4712
4737
4766
4760
4770
4771
4770
4772
4775
4774
4774
4774
4774
4774
4780
4794
4805
4810
4810
4810
4810
4810
4810
4813
4812
4823
4814
4814
4814
4814
4814
4814
4815
4825
4829
4829
4854
4853
4870
4879
4890
4887
4896
4888
4892
4891
4892
4898
4899
4899
4902
4916
4916
4916
4916
4916
4916
4929
4958
4988
4984
4985
4988
4988
4988
4988
4988
4988
4986
4986
4989
4994
4990
4986
5000
5000
4987
4989
4992
4998
5001
5000
4986
4996
4997
5006
5017
5015
5018
5013
5019
5017
5012
5008
5011
5017
5016
5018
5000
5012
5001
4998
4998
5000
4999
5001
5001
5001
4998
5001
5002
4998
5003
5003
5012
5005
5004
5006
5006
5009
4998
4999
5004
4998
5004
5000
4999
5000
5001
5001
5003
5002
4996
4996
4990
4990
4991
4995
4996
5001
4996
5000
4996
4997
4989
4989
4987
4992
4983
4986
4984
4987
4986
4988
4984
4988
4987
4989
4989
4989
4994
4986
4996
5000
4987
4990
4991
4993
4989
4991
4984
4983
4983
4981
4981
4985
4986
4989
4985
4985
4984
4986
4991
4988
4988
5000
4992
4990
4988
4985
4988
4965
4965
4990
4984
4987
4986
4985
4985
4985
4984
4985
4983
4988
4978
4980
4983
4984
4989
4985
4992
4983
4984
4984
4989
4985
4988
4987
4984
4984
4986
4986
4986
4987
4981
4990
4989
4990
4977
4977
4982
4982
4982
4981
4981
4981
4981
4981
4981
4981
4981
4981
4984
4984
4984
4984
4984
4984
4999
4999
4999
4999
4999
4999
4982
4979
4982
4985
4982
4985
4986
4982
4984
4983
4983
4988
4981
4986
4983
4988
4983
4966
4986
4983
4988
4995
4985
4983
4994
4994
4994
4996
4994
5000
4992
4995
4992
5000
4996
5001
5001
4997
4999
5001
4994
4992
4990
4989
4989
4985
4989
4993
5006
5004
4999
4996
5000
5000
4999
5001
5000
5000
4999
4998
4996
4996
4996
4996
4996
4996
4996
4997
4999
5009
5008
5008
5008
5008
5008
5008
4993
4993
4993
4993
4993
4993
4993
4993
4994
4994
4994
4994
4994
4994
4994
4994
4994
4994
4994
4994
4994
4994
4994
4990
4947
4917
4510
4696
4363
4448
4476
4630
4896
4801
4809
4490
4511
4505
4574
4667
4563
4264
4404
4434
4653
4257
4317
4175
3964
3960
3965
3970
3976
3964
3974
3972
4064
4079
4079
4068
4079
4079
4085
4080
4083
4079
4079
4079
4069
4069
4069
4069
4069
4069
4069
4069
4069
4069
4069
4069
4067
4067
4067
4062
4062
4061
4061
4061
4061
4061
4061
4061
4029
4029
4030
4033
4043
4043
4043
4043
4043
4043
4043
4043
4042
4042
4042
4042
4042
4042
4042
4042
4042
4042
4042
4042
4044
4044
4044
4044
4044
4059
4069
4079
4087
4100
4101
4105
4166
4171
4171
4171
4171
4173
4179
4191
4197
4197
4201
4202
4197
4194
4195
4227
4236
4236
4246
4247
4248
4249
4250
4249
4245
4243
4245
4258
4266
4261
4277
4277
4275
4281
4281
4281
4282
4284
4282
4284
4287
4288
4287
4291
4294
4296
4307
4308
4312
4315
4330
4334
4335
4328
4330
4339
4349
4352
4363
4378
4373
4383
4383
4384
4384
4387
4385
4385
4389
4403
4398
4408
4403
4406
4406
4409
4418
4418
4423
4446
4451
4453
4453
4453
4438
4438
4438
4438
4435
4430
4431
4439
4437
4443
4442
4442
4454
4455
4453
4454
4454
4454
4454
4454
4455
4456
4456
4460
4466
4466
4464
4469
4468
4477
4478
4478
4478
4478
4478
4478
4478
4478
4478
4478
4478
4484
4486
4493
4496
4493
4503
4492
4515
4516
4516
4528
4528
4524
4535
4545
4543
4553
4554
4556
4566
4566
4563
4566
4566
4573
4564
4571
4584
4578
4589
4597
4596
4600
4605
4605
4605
4605
4610
4637
4633
4642
4637
4647
4646
4646
4646
4647
4647
4647
4647
4647
4647
4647
4647
4656
4649
4649
4649
4649
4649
4649
4649
4652
4654
4652
4658
4661
4665
4666
4659
4678
4675
4688
4688
4688
4690
4711
4711
4712
4723
4728
4728
4729
4729
4730
4730
4729
4724
4734
4733
4742
4748
4747
4762
4763
4771
4775
4775
4775
4773
4774
4774
4774
4774
4799
4816
4821
4821
4821
4821
4821
4824
4823
4827
4823
4833
4833
4832
4842
4843
4839
4840
4840
4836
4838
4847
4849
4852
4857
4861
4868
4867
4864
4877
4876
4877
4881
4895
4906
4911
4911
4911
4911
4921
4920
4921
4921
4921
4921
4920
4922
4927
4928
4928
4927
4932
4930
4935
4934
4932
4935
4937
4950
4934
4935
4939
4948
4950
4944
4943
4939
4939
4954
4939
4938
4938
4930
4931
4933
4931
4939
4931
4934
4935
4933
4941
4941
4940
4940
4940
4937
4932
4943
4943
4943
4943
4943
4942
4942
4957
4957
4957
4957
4958
4958
4958
4958
4958
4944
4944
4944
4942
4942
4942
4942
4942
4942
4942
4942
4942
4942
4942
4942
4945
4945
4945
4945
4945
4945
4945
4945
4945
4959
4949
4961
4947
4947
4953
4951
4946
4947
4947
4948
4949
4949
4949
4949
4959
4959
4958
4959
4958
4958
4958
4958
4958
4958
4958
4958
4948
4948
4948
4948
4948
4948
4948
4948
4948
4948
4948
4948
4952
4952
4952
4952
4952
4952
4952
4952
4952
4952
4953
4953
4936
4936
4936
4936
4936
4936
4940
4941
4937
4939
4951
4951
4953
4953
4955
4958
4958
4958
4958
4956
4972
4972
4971
4971
4971
4983
4982
4983
4983
4984
4983
4974
4973
4981
4980
4974
4985
4985
4986
4987
4993
4993
4992
4994
4999
5000
5001
5000
4991
4991
4993
4993
4994
4994
4988
4987
4999
4995
4999
4999
5002
5000
5003
5010
5009
4996
5010
5009
5009
5009
5009
5009
5011
5011
5011
5011
5011
5011
5011
5011
5011
5011
5011
5011
5009
5009
5005
5002
5002
5002
5003
5002
5003
4999
4999
4999
4997
4997
4997
4997
4995
5007
5007
5007
5007
5000
4999
4990
4992
5000
4992
4998
4998
4993
4993
4993
4993
4992
4993
4993
4987
5002
5002
5002
5001
5003
5003
5003
5003
5003
5003
5003
5018
5018
5018
5018
5018
5018
5018
5018
5018
5018
5018
5018
5018
5018
5018
5019
5019
5019
5019
5019
5019
5019
5019
5019
5017
5017
5017
5017
5021
5021
5016
5022
5018
5014
5023
5024
5025
5015
5024
5023
5014
5025
5027
5025
5024
5024
5024
5025
5006
5006
5006
5006
5007
5008
5008
5008
5009
5009
5009
5009
5012
5012
5012
5012
5012
5012
5012
5012
5012
5012
5012
5012
5012
5012
5012
5012
5012
5012
5012
5012
5012
5012
5012
5012
5009
5009
5009
5009
5009
5009
5013
5013
5013
5013
5014
5013
5008
5014
5008
5011
5011
5012
5012
5012
5012
5012
5012
5021
5022
5022
5021
5021
5021
5021
5022
5021
5032
5033
5033
5033
5036
5036
5036
5036
5036
5050
5044
5045
5047
5047
5047
5048
5053
5053
5052
5051
5051
5051
5051
5049
5051
5039
5051
5049
5031
5028
5028
5038
5027
5028
5028
5032
5043
5045
5045
5045
5038
5038
5026
5035
5035
5035
5035
5035
5036
5034
5034
5038
5036
5034
5036
5036
5036
5036
5031
5030
5037
5036
5027
5027
5025
5034
5034
5032
5033
5037
5037
5038
5038
5039
5041
5043
5043
5038
5045
5046
5045
5045
5045
5035
5048
5047
5048
5049
5053
5053
5055
5055
5054
5053
5052
5053
5053
5053
5053
5053
5045
5051
5050
5050
5037
5044
5044
5053
5053
5045
5046
5040
5062
5061
5060
5065
5064
5057
5061
5062
5062
5064
5064
5064
5059
5058
5058
5057
5056
5054
5055
5056
5055
5054
5054
5054
5052
5052
5052
5054
5055
5057
5055
5053
5064
5062
5063
5063
5063
5066
5067
5067
5067
5067
5069
5066
5065
5064
5063
5063
5043
5045
5045
5049
5044
5039
5039
5041
5038
5049
5038
5049
5048
5048
5051
5052
5042
5048
5049
5038
5034
5042
5042
5042
5046
5039
5052
5051
5047
5039
5050
5039
5040
5043
5045
5049
5043
5050
5048
5053
5049
5045
5042
5046
5051
5042
5039
5042
5049
5045
5037
5038
5042
5045
5047
5046
5040
5049
5051
5052
5049
5050
5051
5050
5050
5050
5050
5052
5050
5046
5051
5049
5049
5047
5050
5050
5052
5048
5044
5044
5045
5045
5053
5053
5047
5051
5059
5060
5060
5060
5060
5060
5060
5060
5060
5060
5060
5060
5060
5056
5057
5057
5047
5059
5059
5059
5055
5066
5060
5060
5060
5060
5060
5059
5058
5058
5058
5058
5058
5058
5055
5055
5056
5056
5057
5057
5057
5057
5057
5057
5061
5061
5065
5067
5067
5064
5066
5066
5068
5071
5071
5070
5069
5070
5073
5074
5074
5069
5075
5077
5086
5089
5100
5093
5092
5103
5108
5107
5106
5103
5099
5115
5121
5124
5125
5133
5130
5129
5119
5119
5119
5117
5116
5125
5121
5132
5132
5132
5132
5130
5143
5149
5149
5149
5149
5149
5149
5149
5139
5122
5136
5146
5144
5142
5145
5145
5146
5147
5132
5133
5135
5138
5146
5147
5138
5148
5148
5148
5148
5148
5148
5148
5157
5150
5150
5150
5152
5152
5152
5155
5154
5154
5154
5154
5154
5154
5154
5154
5142
5141
5143
5142
5143
5142
5143
5143
5143
5143
5143
5143
5130
5130
5130
5130
5130
5130
5130
5130
5130
5129
5129
5129
5135
5135
5135
5135
5135
5135
5135
5135
5135
5135
5135
5135
5126
5126
5126
5126
5117
5126
5126
5126
5119
5126
5125
5121
5111
5132
5116
5119
5113
5111
5122
5123
5122
5124
5125
5128
5141
5132
5142
5139
5141
5130
5135
5135
5135
5118
5120
5115
5130
5131
5140
5141
5141
5138
5131
5143
5148
5138
5135
5138
5138
5133
5129
5131
5129
5133
5133
5130
5128
5140
5141
5145
5117
5114
5112
5124
5125
5125
5125
5125
5124
5120
5118
5127
5130
5130
5130
5131
5129
5133
5129
5135
5132
5136
5133
5132
5141
5141
5141
5141
5141
5141
5130
5134
5135
5134
5134
5135
5129
5129
5129
5129
5129
5129
5129
5129
5129
5128
5128
5128
5128
5128
5128
5128
5129
5131
5133
5133
5134
5134
5134
5132
5141
5141
5141
5141
5141
5141
5141
5141
5141
5141
5141
5141
5140
5140
5140
5141
5141
5141
5139
5141
5141
5141
5141
5141
5147
5151
5147
5150
5147
5153
5138
5135
5147
5146
5146
5146
5146
5146
5146
5146
5146
5146
5146
5146
5146
5144
5144
5144
5145
5145
5145
5145
5145
5145
5145
5145
5145
5145
5145
5145
5129
5129
5129
5129
5129
5129
5129
5134
5136
5133
5133
5135
5145
5146
5140
5138
5142
5147
5147
5147
5148
5148
5148
5149
5145
5144
5135
5145
5145
5145
5145
5147
5147
5149
5160
5158
5158
5158
5160
5149
5165
5165
5166
5165
5166
5167
5167
5169
5160
5159
5151
5162
5163
5164
5170
5170
5170
5170
5170
5170
5173
5173
5173
5173
5175
5173
5175
5174
5163
5175
5176
5178
5179
5178
5175
5179
5181
5184
5186
5187
5186
5186
5189
5190
5201
5200
5202
5199
5201
5203
5204
5207
5208
5210
5210
5210
5209
5206
5210
5214
5207
5209
5211
5215
5205
5205
5217
5217
5211
5218
5217
5216
5217
5219
5219
5222
5233
5234
5233
5236
5230
5220
5233
5234
5235
5233
5237
5242
5242
5242
5243
5243
5246
5247
5244
5255
5255
5257
5258
5253
5246
5258
5259
5256
5257
5260
5259
5261
5263
5261
5264
5266
5264
5266
5269
5277
5279
5280
5285
5289
5290
5288
5290
5289
5283
5280
5281
5281
5266
5266
5266
5266
5266
5266
5266
5266
5266
5266
5266
5266
5268
5268
5268
5268
5268
5268
5268
5268
5268
5268
5268
5268
5268
5268
5268
5145
4942
4707
4510
4404
4187
3947
3904
3851
3996
3652
3697
3703
3717
3730
3867
3862
3873
3876
3887
3888
4053
4051
4049
4049
4049
4049
4049
4049
4049
4054
4056
4056
4087
4087
4087
4087
4087
4083
4105
4114
4119
4132
4130
4125
4082
4082
4082
4082
4082
4082
4082
4082
4082
4082
4082
4082
4077
4076
4076
4083
4083
4083
4085
4085
4084
4083
4083
4087
4107
4101
4110
4110
4120
4120
4113
4115
4121
4125
4130
4130
4086
4086
4090
4091
4097
4101
4098
4102
4103
4103
4110
4111
4114
4114
4114
4114
4114
4114
4116
4111
4120
4125
4124
4124
4126
4131
4133
4134
4132
4134
4136
4140
4147
4158
4165
4166
4177
4177
4177
4181
4183
4185
4185
4191
4194
4187
4192
4196
4187
4202
4200
4209
4210
4208
4224
4235
4237
4235
4240
4240
4229
4229
4239
4236
4242
4243
4243
4243
4243
4250
4247
4252
4242
4248
4263
4264
4263
4263
4272
4270
4275
4278
4283
4287
4294
4307
4307
4311
4312
4318
4325
4327
4327
4327
4331
4333
4327
4335
4335
4334
4336
4335
4335
4337
4337
4336
4337
4339
4347
4347
4348
4348
4353
4355
4357
4357
4365
4364
4363
4377
4373
4371
4371
4371
4371
4378
4379
4385
4385
4386
4386
4386
4391
4392
4397
4395
4402
4401
4408
4419
4421
4425
4429
4439
4437
4437
4442
4456
4457
4457
4461
4460
4463
4457
4459
4470
4467
4467
4467
4465
4466
4466
4466
4491
4497
4512
4510
4512
4525
4533
4545
4541
4544
4544
4547
4551
4602
4657
4658
4659
4654
4669
4668
4674
4680
4674
4678
4680
4700
4708
4709
4707
4695
4691
4694
4695
4694
4703
4708
4713
4714
4725
4725
4719
4741
4747
4742
4747
4739
4740
4745
4741
4740
4741
4747
4744
4744
4740
4742
4738
4744
4745
4739
4738
4738
4740
4742
4742
4750
4748
4748
4748
4748
4748
4749
4749
4749
4753
4731
4746
4749
4750
4750
4753
4752
4751
4750
4754
4757
4751
4751
4751
4743
4745
4754
4754
4754
4754
4746
4743
4752
4752
4753
4755
4754
4760
4754
4760
4760
4760
4760
4758
4758
4753
4752
4754
4753
4750
4756
4752
4755
4752
4750
4758
4750
4753
4729
4755
4733
4736
4737
4743
4749
4739
4714
4736
4737
4734
4734
4735
4743
4738
4743
4743
4743
4743
4743
4743
4743
4743
4744
4744
4739
4739
4739
4739
4739
4739
4739
4739
4739
4739
4739
4739
4737
4737
4737
4737
4737
4737
4740
4742
4742
4739
4751
4760
4768
4777
4781
4779
4780
4780
4780
4780
4780
4782
4778
4786
4771
4772
4773
4779
4778
4777
4779
4786
4784
4788
4788
4794
4800
4800
4799
4802
4808
4809
4814
4814
4819
4818
4820
4820
4818
4820
4819
4819
4819
4819
4820
4820
4822
4826
4826
4829
4827
4829
4829
4836
4838
4839
4840
4840
4840
4840
4840
4851
4847
4848
4848
4860
4861
4860
4870
4870
4870
4870
4868
4869
4884
4883
4885
4887
4891
4891
4890
4891
4892
4892
4894
4906
4901
4902
4909
4909
4912
4913
4918
4918
4925
4927
4926
4921
4911
4911
4918
4918
4915
4919
4924
4930
4931
4937
4944
4944
4932
4932
4930
4930
4936
4936
4936
4936
4927
4929
4930
4931
4933
4935
4935
4926
4931
4925
4934
4923
4933
4920
4926
4924
4939
4938
4939
4929
4939
4939
4929
4935
4942
4942
4942
4942
4945
4945
4946
4945
4944
4947
4944
4944
4935
4937
4942
4943
4935
4934
4934
4934
4934
4934
4934
4934
4934
4934
4934
4934
4942
4942
4942
4942
4942
4942
4942
4942
4942
4942
4942
4942
4943
4943
4943
4943
4942
4942
4941
4945
4945
4945
4947
4949
4949
4949
4948
4949
4949
4949
4950
4951
4950
4951
4944
4955
4939
4939
4939
4939
4939
4933
4934
4933
4933
4933
4933
4933
4934
4934
4934
4934
4934
4934
4935
4935
4935
4935
4935
4935
4934
4934
4934
4934
4934
4934
4934
4934
4934
4934
4934
4934
4931
4841
4839
4865
4871
4876
4877
4877
4877
4877
4877
4877
4930
4931
4931
4931
4931
4931
4929
4929
4929
4929
4929
4929
4936
4936
4653
4687
4698
4586
4446
4313
4064
4080
3861
3160
3415
3376
3298
3355
3288
2770
2447
2386
2397
2402
2402
2403
2473
2473
1601
1579
1546
1557
1288
902
607
615
590
557
379
379
254
230
0
0
0
0
0
0
0
0
0
0
0
0
0
0
0
0
0
0
0
0
0
0
0
0
0
0
0
0
0
0
0
0
0
0
0
0
0
0
0
0
0
0
0
0
0
0
0
0
0
0
0
0
0
0
0
0
0
0
0
0
0
0
0
0
0
0
0
0
0
0
0
8
10
21
8
20
19
20
20
21
17
28
30
22
38
38
38
47
47
49
49
53
56
71
72
73
73
72
63
71
77
83
86
85
96
97
100
91
101
96
96
100
115
109
110
111
116
106
129
127
131
129
139
137
151
159
158
159
171
177
169
180
179
189
188
197
198
196
201
210
209
210
214
218
216
221
222
224
220
223
227
230
227
228
228
226
242
251
251
251
251
251
251
252
254
260
262
268
266
274
282
277
287
292
294
293
295
294
295
299
299
300
301
304
303
303
307
307
308
309
309
309
309
312
313
313
314
319
321
322
322
323
323
322
326
327
327
332
336
333
335
335
329
333
333
332
338
345
346
345
349
358
374
380
402
434
435
436
437
437
437
437
437
437
437
439
458
476
491
520
529
545
574
595
629
667
705
731
768
784
769
772
772
772
773
772
772
772
772
774
790
786
800
800
801
801
800
800
802
802
801
801
804
804
804
804
804
804
804
804
804
804
804
804
804
804
804
804
804
804
804
804
802
800
799
799
798
798
797
797
798
798
814
808
806
807
813
824
824
824
822
828
835
839
843
844
849
844
847
852
852
855
857
871
872
875
875
868
874
876
871
883
886
883
888
888
891
906
896
914
914
914
914
914
912
912
912
918
927
929
929
929
935
937
940
943
951
952
957
978
985
973
992
996
1001
1003
1007
1002
998
1003
1014
1002
1015
1016
1015
1021
1027
1027
1025
1035
1034
1033
1038
1044
1051
1055
1053
1056
1059
1063
1075
1081
1083
1080
1079
1081
1084
1092
1096
1099
1100
1111
1104
1105
1115
1118
1117
1119
1133
1139
1133
1143
1142
1142
1142
1142
1141
1141
1147
1145
1155
1163
1171
1176
1176
1178
1177
1181
1174
1177
1177
1180
1178
1188
1211
1209
1209
1209
1209
1209
1209
1209
1225
1234
1234
1234
1240
1235
1238
1264
1275
1283
1299
1302
1306
1305
1307
1313
1316
1320
1328
1330
1323
1332
1328
1337
1342
1346
1349
1350
1362
1362
1367
1372
1366
1366
1372
1380
1382
1383
1389
1391
1397
1410
1412
1418
1412
1413
1409
1420
1419
1418
1418
1420
1431
1429
1432
1439
1444
1446
1448
1448
1448
1448
1448
1448
1448
1448
1448
1452
1450
1450
1451
1451
1451
1451
1451
1450
1451
1452
1453
1453
1453
1452
1449
1449
1449
1449
1449
1449
1453
1458
1458
1458
1458
1462
1466
1469
1466
1464
1467
1467
1466
1467
1470
1470
1470
1473
1473
1478
1478
1478
1478
1478
1478
1478
1478
1478
1478
1478
1479
1479
1479
1479
1479
1479
1479
1479
1479
1479
1479
1479
1478
1478
1478
1478
1478
1478
1478
1478
1478
1478
1478
1478
1479
1479
1479
1479
1479
1479
1484
1495
1490
1490
1493
1501
1501
1499
1496
1503
1505
1518
1513
1526
1524
1524
1524
1524
1529
1530
1530
1531
1531
1534
1542
1544
1542
1545
1546
1552
1553
1556
1556
1558
1559
1564
1578
1563
1574
1579
1579
1579
1581
1581
1586
1582
1589
1589
1598
1610
1606
1607
1609
1609
1618
1637
1636
1636
1636
1636
1636
1636
1636
1636
1638
1644
1650
1650
1650
1648
1651
1654
1643
1652
1678
1681
1683
1683
1684
1684
1684
1685
1682
1693
1693
1701
1706
1709
1708
1713
1711
1711
1712
1704
1707
1713
1713
1724
1732
1731
1714
1738
1742
1742
1744
1756
1750
1747
1765
1758
1754
1767
1768
1775
1784
1780
1779
1791
1799
1801
1797
1816
1818
1808
1825
1822
1830
1830
1836
1837
1831
1848
1841
1848
1830
1838
1844
1842
1860
1861
1857
1872
1860
1878
1884
1884
1884
1891
1881
1895
1883
1886
1902
1894
1895
1903
1895
1897
1899
1906
1903
1905
1916
1916
1916
1919
1925
1915
1921
1916
1916
1917
1917
1917
1906
1906
1906
1906
1908
1908
1908
1917
1930
1927
1933
1933
1925
1936
1933
1935
1953
1947
1950
1954
1963
1973
1975
1974
1975
1974
1966
1981
1986
1987
1988
1977
1981
1984
1998
2000
1995
2007
2024
2027
2027
2038
2019
2022
2020
2036
2036
2036
2039
2039
2039
2039
2039
2037
2040
2040
2040
2040
2040
2043
2038
2038
2062
2054
2060
2073
2071
2071
2076
2076
2080
2081
2098
2099
2085
2103
2102
2102
2102
2102
2110
2120
2120
2120
2122
2121
2114
2113
2130
2128
2125
2123
2122
2122
2122
2122
2126
2126
2126
2126
2126
2126
2126
2126
2126
2127
2127
2131
2131
2120
2127
2131
2130
2151
2152
2155
2149
2165
2171
2170
2173
2175
2178
2191
2179
2178
2180
2186
2185
2195
2195
2210
2213
2213
2213
2217
2217
2217
2217
2217
2217
2206
2210
2218
2219
2219
2235
2243
2237
2239
2235
2237
2255
2259
2259
2259
2261
2260
2266
2260
2262
2270
2284
2284
2283
2292
2294
2284
2291
2290
2302
2292
2297
2297
2316
2319
2324
2324
2339
2343
2339
2344
2357
2351
2348
2367
2367
2367
2367
2372
2356
2371
2384
2384
2384
2382
2382
2382
2382
2385
2380
2384
2397
2397
2405
2413
2418
2426
2425
2416
2437
2442
2443
2443
2443
2452
2442
2459
2448
2452
2448
2456
2454
2472
2472
2472
2478
2475
2472
2489
2489
2490
2489
2489
2490
2489
2488
2490
2482
2497
2499
2499
2499
2499
2499
2499
2499
2499
2498
2500
2500
2511
2519
2524
2523
2535
2535
2535
2536
2541
2550
2548
2551
2552
2549
2551
2554
2538
2555
2553
2553
2556
2560
2572
2578
2568
2591
2591
2598
2608
2623
2614
2610
2608
2613
2613
2612
2612
2606
2616
2604
2621
2611
2608
2609
2608
2608
2618
2611
2614
2620
2610
2613
2610
2620
2608
2628
2628
2608
2607
2627
2616
2631
2630
2633
2634
2634
2634
2634
2634
2634
2634
2634
2634
2632
2631
2632
2631
2632
2631
2631
2631
2631
2631
2631
2631
2631
2631
2631
2632
2618
2636
2635
2636
2647
2648
2647
2647
2644
2639
2656
2640
2658
2641
2659
2658
2660
2660
2666
2664
2666
2674
2674
2674
2674
2674
2674
2674
2674
2674
2674
2674
2673
2673
2673
2672
2672
2674
2673
2678
2680
2683
2690
2696
2692
2715
2714
2714
2703
2717
2734
2738
2738
2742
2744
2736
2772
2770
2760
2764
2770
2769
2784
2784
2783
2785
2789
2803
2805
2803
2824
2824
2826
2820
2828
2829
2837
2826
2835
2833
2845
2853
2865
2866
2884
2888
2888
2890
2900
2907
2906
2922
2924
2924
2924
2923
2924
2925
2933
2933
2914
2926
2927
2928
2931
2931
2931
2931
2943
2943
2942
2943
2942
2956
2955
2955
2945
2944
2944
2944
2944
2944
2944
2944
2944
2944
2944
2944
2944
2943
2943
2943
2943
2943
2943
2943
2943
2943
2943
2949
2952
2949
2945
2947
2949
2943
2955
2970
2969
2976
2989
2992
2993
2992
2992
2992
2993
2998
3004
3005
3011
3013
3013
3010
3012
3011
3011
3010
3010
3010
3011
3011
3011
3011
3011
3011
3007
3007
3007
3007
3012
3004
3020
3021
3034
3031
3029
3030
3030
3035
3042
3043
3045
3061
3061
3061
3061
3061
3079
3080
3081
3079
3099
3083
3101
3101
3101
3101
3101
3101
3101
3101
3101
3101
3100
3101
3101
3107
3107
3111
3112
3099
3116
3114
3106
3124
3128
3128
3131
3143
3144
3147
3141
3150
3151
3151
3160
3161
3166
3169
3168
3168
3168
3168
3169
3169
3170
3174
3176
3182
3183
3185
3171
3184
3182
3200
3200
3200
3217
3220
3229
3229
3228
3228
3230
3236
3243
3240
3232
3239
3248
3255
3258
3276
3278
3276
3277
3290
3297
3304
3304
3304
3307
3316
3308
3328
3330
3327
3326
3320
3332
3327
3346
3347
3353
3354
3364
3381
3381
3381
3381
3381
3381
3382
3383
3392
3379
3387
3413
3413
3414
3414
3414
3414
3410
3414
3411
3416
3413
3430
3437
3438
3441
3449
3456
3460
3460
3462
3464
3470
3487
3487
3489
3490
3490
3487
3492
3493
3496
3495
3504
3504
3510
3517
3520
3533
3531
3534
3551
3549
3547
3547
3547
3558
3583
3575
3575
3575
3575
3575
3575
3580
3586
3582
3585
3586
3589
3586
3594
3587
3584
3594
3606
3594
3589
3589
3587
3595
3609
3598
3592
3583
3586
3590
3586
3582
3602
3587
3585
3603
3588
3589
3601
3600
3599
3596
3595
3597
3592
3594
3597
3615
3597
3598
3593
3598
3608
3595
3614
3614
3614
3614
3617
3613
3613
3613
3616
3610
3606
3620
3616
3619
3612
3619
3588
3592
3593
3598
3599
3596
3603
3600
3601
3604
3602
3603
3602
3601
3602
3605
3604
3599
3600
3602
3616
3597
3600
3600
3603
3608
3607
3612
3610
3611
3612
3608
3607
3607
3601
3606
3607
3606
3608
3609
3612
3612
3612
3609
3608
3609
3610
3612
3612
3612
3612
3612
3609
3609
3609
3609
3609
3604
3609
3606
3606
3620
3597
3605
3599
3600
3600
3596
3596
3599
3603
3599
3601
3600
3600
3600
3599
3598
3597
3605
3603
3599
3597
3599
3617
3598
3605
3601
3601
3600
3600
3599
3599
3599
3599
3600
3603
3602
3599
3599
3597
3597
3597
3600
3599
3599
3600
3601
3604
3604
3621
3621
3604
3608
3603
3623
3622
3622
3617
3625
3626
3626
3625
3625
3598
3618
3619
3618
3620
3620
3620
3620
3604
3602
3599
3599
3587
3583
3580
3601
3602
3585
3589
3587
3603
3587
3588
3590
3588
3584
3581
3586
3601
3594
3590
3586
3592
3594
3589
3588
3586
3580
3599
3605
3608
3603
3588
3593
3590
3588
3590
3609
3590
3593
3593
3592
3607
3592
3605
3589
3591
3593
3591
3587
3605
3611
3616
3618
3618
3611
3614
3616
3612
3612
3611
3614
3605
3593
3592
3598
3599
3600
3596
3598
3601
3597
3599
3596
3596
3596
3595
3593
3593
3593
3596
3594
3591
3611
3596
3609
3623
3623
3605
3613
3604
3613
3604
3619
3619
3619
3619
3619
3621
3604
3600
3600
3600
3600
3600
3600
3600
3600
3600
3600
3599
3599
3599
3599
3599
3599
3599
3599
3599
3599
3599
3599
3586
3606
3606
3606
3606
3606
3606
3606
3607
3607
3607
3607
3612
3612
3611
3611
3594
3591
3608
3609
3620
3614
3610
3610
3616
3607
3612
3600
3611
3613
3585
3594
3601
3605
3605
3605
3606
3587
3593
3589
3605
3605
3605
3605
3604
3606
3606
3606
3612
3609
3610
3608
3606
3606
3612
3610
3612
3612
3612
3612
3595
3589
3589
3591
3592
3603
3600
3595
3593
3594
3599
3596
3598
3600
3596
3603
3602
3602
3591
3593
3596
3595
3596
3598
3599
3619
3608
3606
3606
3605
3606
3601
3604
3604
3604
3604
3592
3591
3594
3595
3595
3596
3597
3600
3598
3598
3599
3597
3594
3592
3584
3584
3605
3590
3585
3585
3589
3588
3604
3601
3593
3593
3586
3589
3583
3584
3590
3584
3582
3578
3588
3585
3588
3595
3596
3598
3584
3584
3584
3584
3584
3584
3584
3584
3584
3584
3584
3584
3580
3583
3582
3582
3587
3599
3598
3598
3586
3584
3589
3585
3586
3590
3591
3591
3593
3598
3597
3596
3593
3598
3588
3587
3602
3592
3593
3596
3592
3597
3595
3594
3593
3585
3598
3593
3581
3599
3599
3599
3585
3583
3583
3583
3584
3583
3586
3599
3593
3595
3595
3587
3593
3585
3589
3585
3593
3593
3593
3593
3593
3598
3599
3599
3599
3595
3591
3594
3596
3588
3589
3591
3602
3602
3602
3592
3592
3586
3586
3598
3609
3609
3597
3609
3609
3610
3592
3595
3608
3609
3609
3611
3618
3595
3614
3614
3614
3614
3614
3614
3614
3614
3614
3614
3614
3615
3615
3614
3614
3614
3614
3614
3614
3614
3614
3614
3611
3611
3611
3611
3611
3611
3612
3612
3612
3612
3612
3612
3607
3607
3607
3607
3607
3607
3607
3607
3607
3607
3607
3607
3607
3607
3607
3607
3607
3607
3607
3607
3607
3607
3607
3607
3607
3607
3607
3607
3607
3607
3607
3607
3607
3607
3607
3607
3613
3613
3613
3613
3609
3591
3597
3595
3593
3594
3598
3599
3596
3592
3604
3589
3600
3591
3587
3607
3607
3607
3607
3586
3611
3611
3611
3611
3611
3592
3594
3608
3609
3609
3609
3609
3609
3609
3606
3604
3604
3604
3601
3593
3589
3589
3593
3607
3606
3590
3598
3591
3589
3593
3601
3600
3589
3590
3593
3592
3592
3613
3595
3595
3593
3595
3612
3591
3593
3594
3603
3593
3605
3600
3602
3608
3600
3615
3614
3599
3600
3600
3600
3600
3586
3586
3586
3586
3602
3595
3605
3592
3593
3592
3592
3586
3590
3594
3601
3601
3592
3592
3595
3595
3589
3600
3601
3602
3594
3585
3593
3592
3587
3592
3593
3589
3592
3592
3591
3592
3593
3591
3604
3595
3597
3594
3592
3594
3591
3594
3590
3591
3594
3592
3606
3601
3601
3602
3598
3598
3601
3602
3601
3601
3602
3602
3601
3600
3600
3600
3601
3601
3602
3600
3601
3603
3594
3592
3592
3611
3597
3599
3612
3603
3597
3595
3595
3597
3607
3607
3607
3607
3607
3607
3607
3607
3607
3607
3607
3607
3606
3606
3606
3608
3608
3608
3608
3608
3608
3608
3608
3608
3602
3602
3602
3602
3602
3602
3602
3602
3602
3602
3602
3602
3602
3602
3602
3602
3602
3602
3602
3602
3602
3602
3602
3602
3602
3602
3602
3602
3602
3602
3602
3602
3602
3602
3602
3602
3612
3612
3612
3612
3612
3612
3612
3612
3612
3612
3612
3612
3609
3609
3609
3608
3608
3608
3608
3608
3608
3608
3608
3608
3603
3603
3603
3603
3603
3603
3603
3603
3603
3603
3603
3603
3603
3603
3603
3603
3603
3603
3603
3603
3603
3604
3604
3604
3603
3603
3603
3603
3603
3603
3603
3603
3603
3603
3603
3603
3602
3602
3602
3602
3602
3584
3585
3584
3600
3602
3602
3602
3605
3605
3605
3606
3606
3606
3606
3606
3606
3606
3606
3606
3595
3595
3595
3595
3595
