0
190
762
1197
692
0
0
0
0
0
0
0
5113
0
215
2042
416
0
0
0
0
0
0
0
5321
0
0
0
0
0
749
570
0
0
0
0
5399
0
0
0
0
0
0
0
0
0
0
0
0
0
0
0
0
0
0
0
0
0
0
0
5792
0
0
0
0
0
0
0
0
0
0
0
118
0
0
0
248
29
32
0
0
0
0
0
2397
0
0
0
0
424
173
217
0
0
0
0
2029
216
0
0
0
0
0
0
0
172
0
0
677
0
0
0
0
0
0
0
0
0
0
0
1840
0
0
0
32
567
55
289
223
160
0
93
1370
45
223
180
41
76
33
0
40
112
111
46
1001
47
55
44
46
57
0
248
191
32
0
0
2686
0
38
105
41
39
0
36
487
350
52
103
1920
0
0
0
48
0
40
142
120
128
0
0
2688
0
0
0
54
184
343
249
225
323
568
883
1200
38
411
495
298
82
68
501
277
294
264
454
846
89
321
292
715
526
722
522
85
86
188
102
985
265
353
275
211
283
315
145
196
2235
285
358
6168
0
115
122
0
100
337
307
102
90
85
357
4044
244
417
317
76
449
449
328
300
436
231
236
1197
225
825
1202
369
202
47
71
0
43
47
48
3674
112
220
405
418
319
442
330
334
206
288
29
1723
112
69
201
280
359
340
308
175
2008
318
398
7346
348
341
235
276
609
641
296
641
563
173
292
4066
319
466
207
413
415
350
331
164
0
109
245
3575
234
865
1804
1086
560
283
465
282
66
219
614
5066
128
315
426
376
255
1610
620
185
566
502
153
3877
722
536
255
241
318
246
381
393
2182
268
348
6405
44
0
0
0
28
57
45
70
49
53
98
2208
50
42
51
90
121
193
185
238
161
220
234
513
131
354
659
963
951
491
441
419
563
428
388
5583
290
261
222
270
732
1526
446
258
186
341
383
5877
689
203
266
259
253
330
419
417
2410
432
349
7514
446
395
392
434
413
401
374
318
306
326
423
1080
364
256
362
351
311
197
207
272
319
356
254
827
132
233
565
363
220
366
344
376
338
314
225
1769
345
454
427
229
43
2694
975
1231
1055
802
659
10676
103
376
419
378
692
576
511
1372
2410
384
138
6465
206
0
38
46
43
48
0
44
56
47
34
5265
138
35
0
38
49
50
47
52
64
0
0
746
89
20
157
122
120
275
332
232
251
359
723
1668
985
810
378
353
760
3153
677
292
248
226
33
11696
192
152
141
208
387
494
593
584
1012
966
890
5870
405
137
303
311
351
447
253
202
310
326
969
6165
423
184
201
281
358
307
261
301
328
287
172
1169
267
0
1049
64
0
0
40
48
0
48
32
4220
218
112
58
50
46
1099
356
285
345
464
386
5983
297
288
352
327
402
425
245
188
581
312
0
1749
0
0
42
42
36
256
366
317
387
370
538
6874
414
285
87
0
0
0
89
208
285
321
369
3990
205
738
1433
583
140
388
418
345
277
195
247
6109
375
449
646
206
313
2022
230
45
41
90
95
7438
262
337
268
131
326
361
339
300
837
418
405
2282
274
220
292
252
126
252
280
244
255
316
371
1335
295
227
298
316
345
309
205
308
201
367
296
988
263
72
3595
1190
1168
1592
568
975
888
312
293
15326
0
225
345
236
1248
2510
549
345
182
136
84
8876
298
491
381
280
357
54
143
465
1709
914
516
7573
291
254
180
915
850
431
311
92
0
99
374
2896
0
896
731
773
217
43
164
534
514
489
384
1706
880
703
4698
622
39
270
73
0
0
0
305
16018
0
0
293
495
447
1134
1244
1455
631
468
353
8507
542
362
402
203
142
134
266
830
1963
438
337
8385
0
85
72
23
53
163
124
41
0
0
33
5639
0
110
47
97
111
227
334
291
112
45
69
935
0
0
2271
207
0
0
0
0
0
0
0
9369
0
0
0
0
0
0
0
0
0
0
0
709
0
0
0
0
0
0
0
0
957
521
156
6945
165
0
0
0
0
0
0
0
0
0
604
6589
272
31
0
91
89
111
42
89
192
119
43
508
344
192
1563
291
42
0
0
0
44
44
73
9214
58
52
42
0
25
0
0
0
0
51
166
357
0
289
427
366
387
293
374
373
375
239
283
605
156
177
251
197
370
365
319
461
333
324
330
16727
386
743
961
395
398
252
285
231
263
397
690
6029
440
1247
2296
1024
813
369
262
421
401
242
140
9598
904
718
432
366
217
995
357
237
764
707
394
6445
833
388
436
777
369
395
631
354
786
228
256
2015
814
245
219
193
226
725
637
257
170
314
526
18237
304
355
316
315
542
549
532
396
322
205
80
2366
121
90
1549
1226
1558
947
1013
718
709
386
458
10298
569
599
645
474
1082
2752
479
36
38
0
0
9294
637
334
438
391
330
225
146
300
1585
228
37
6132
0
0
32
32
0
0
44
191
105
44
0
9427
132
109
76
46
0
24
30
44
34
30
67
6962
1175
1200
1944
474
376
241
326
292
289
325
322
9698
284
346
362
347
496
1230
319
183
467
537
514
5013
193
118
146
0
0
31
69
241
762
627
558
2453
248
262
352
359
219
228
374
487
389
337
380
9624
204
331
251
225
300
267
538
1039
1444
465
475
8608
495
513
1919
736
410
234
191
125
393
577
525
9576
420
231
194
226
373
1334
243
432
452
428
155
5702
123
122
174
341
374
162
466
443
3017
867
331
11082
268
200
242
320
463
440
528
566
460
304
610
1978
402
402
346
322
456
431
387
414
396
391
305
1139
395
466
919
498
303
264
299
376
337
389
1385
9613
996
394
310
439
1129
2696
890
391
247
354
407
10747
347
443
278
228
237
773
234
347
2868
832
347
8651
497
438
411
110
312
495
283
309
256
30
222
939
144
71
30
183
101
131
192
59
60
0
0
315
0
0
0
0
0
0
0
117
225
142
66
789
0
0
0
0
0
38
0
0
0
0
0
460
0
634
851
462
234
0
0
585
4769
436
296
21914
179
67
31
0
0
0
184
87
61
0
31
8686
0
187
27
173
70
27
213
159
169
67
54
547
51
42
181
37
39
0
0
0
0
31
31
864
389
393
350
179
423
1253
509
442
370
74
0
2568
47
47
0
31
50
51
36
47
3552
142
0
21771
144
51
47
81
417
432
180
140
341
357
619
9109
396
653
577
500
452
403
263
70
68
30
34
1595
422
279
1104
494
435
361
437
432
703
562
512
5869
275
222
292
549
281
2523
460
360
152
0
0
9596
0
45
379
361
464
442
449
291
741
500
361
1984
201
374
483
521
338
362
280
218
47
206
206
1542
472
332
193
361
471
308
190
1109
1500
431
666
9914
399
510
1994
552
344
276
157
363
454
505
445
10751
722
396
520
381
170
2699
563
481
492
635
491
11031
203
498
305
204
109
227
103
341
1515
295
65
5364
294
258
189
210
114
400
465
206
408
379
567
4644
200
103
176
310
305
280
369
390
384
358
357
1733
573
523
817
121
191
32
0
111
49
306
1452
13480
956
265
229
370
936
8301
1132
295
261
452
287
29602
357
431
428
418
281
260
404
384
2122
571
194
12433
210
0
40
89
321
221
277
338
278
174
193
1697
490
255
232
467
389
361
546
556
406
290
34
1425
452
182
806
353
227
188
306
309
299
318
302
2750
330
0
488
462
547
6448
588
368
377
363
486
30578
339
1122
1919
1283
909
454
466
1397
2735
1100
518
11493
334
346
373
381
427
87
435
720
489
493
365
7592
470
288
252
188
220
85
89
147
147
174
215
1893
162
170
3743
230
27
0
39
45
60
26
0
14610
0
129
128
149
351
603
494
360
424
542
441
2309
245
328
372
456
384
354
193
373
889
145
0
1467
110
187
38
186
931
857
253
217
66
0
176
9153
175
145
291
396
284
414
642
521
508
483
472
2005
374
307
3131
1242
476
480
465
360
198
455
531
13136
488
434
402
546
317
943
477
596
718
343
277
2942
366
494
374
396
482
504
513
531
1253
517
281
2796
286
169
400
392
572
443
293
583
325
445
542
2715
434
467
444
598
804
521
778
1914
1933
565
462
11919
301
506
8643
1184
0
0
0
36
36
32
32
34420
178
92
154
117
238
1588
362
391
311
299
440
12958
445
417
478
361
229
178
276
604
1123
448
441
1788
510
564
426
489
524
429
373
240
292
160
345
2702
187
27
193
317
339
382
291
234
326
440
552
992
191
214
7740
1216
282
272
335
192
400
618
1893
37785
992
412
365
561
1016
2388
553
454
362
449
529
18407
301
265
377
282
314
280
34
261
1977
312
227
9966
474
409
568
433
408
570
404
402
234
0
134
18620
422
312
342
377
619
722
724
886
533
445
401
3097
122
324
1545
390
280
527
414
489
458
429
411
3845
407
452
398
262
149
1404
288
178
69
18
124
3511
498
1934
2752
1000
484
479
534
1237
3375
1270
460
15965
678
512
413
471
542
325
461
513
553
479
612
20397
618
486
276
350
336
198
145
82
153
346
169
2401
432
453
1000
970
763
526
707
400
60
229
313
5966
147
40
225
145
417
1783
254
32
45
30
0
7603
144
37
45
31
46
41
61
51
755
430
404
5380
239
121
173
454
776
1091
709
598
433
632
964
43703
363
159
250
166
74
78
32
32
32
74
32
3578
159
58
2050
291
32
32
32
208
32
32
32
15477
159
95
58
77
99
528
97
32
32
32
32
2409
212
32
85
32
32
32
32
32
106
66
72
926
182
32
85
32
32
32
32
32
32
32
32
43297
77
0
44
47
49
85
66
322
793
35
61
10007
262
203
1130
40
0
0
0
71
78
75
45
14785
217
43
40
41
43
244
276
58
60
69
33
6656
74
0
0
0
0
0
0
0
2205
23
0
14784
88
0
111
24
0
0
0
157
69
72
0
2028
71
32
39
0
0
25
46
73
0
0
0
269
142
101
169
50
164
26
31
0
46
235
947
11455
834
136
119
155
385
671
40
224
228
66
135
12588
97
39
44
45
56
0
102
275
1288
350
233
9585
344
340
85
72
79
86
147
85
235
90
223
2390
178
56
38
44
67
34
104
0
110
120
65
522
237
46
449
152
341
448
367
286
288
425
633
3895
327
195
253
217
477
1584
307
346
267
484
446
6691
425
884
847
975
525
502
648
648
9821
1317
358
42482
365
435
373
71
264
262
227
273
54
0
502
17719
309
349
451
568
360
176
74
183
105
144
71
2834
152
300
1134
513
188
132
378
440
351
365
322
9301
493
431
516
382
652
2250
838
584
651
716
552
7735
487
527
685
495
506
495
574
634
8957
1104
522
42339
498
315
308
605
731
1378
701
537
384
238
716
17460
540
649
638
292
522
338
347
206
251
220
197
4561
468
368
1896
570
485
485
440
500
458
437
420
14433
496
218
111
339
249
6402
474
296
74
327
110
24487
310
110
135
382
332
219
46
325
542
369
478
3468
302
406
355
250
117
332
420
284
686
695
623
7535
676
592
194
208
138
37
623
1426
1558
1352
542
14632
523
810
3096
1023
526
581
524
612
446
386
400
21080
565
550
491
372
592
6725
948
489
437
465
378
23989
37
27
203
376
787
1004
621
489
1781
500
276
4577
368
276
397
31
55
274
44
307
23
353
338
3341
37
224
25
425
510
455
388
404
418
229
204
1698
191
259
787
308
186
370
385
333
217
150
1072
14769
780
446
356
329
565
9211
1349
526
586
420
345
43050
413
219
51
76
68
132
173
184
1758
254
31
14265
302
0
40
37
145
33
0
0
0
0
25
3573
451
45
21
22
68
298
407
244
380
98
86
2823
300
99
737
33
0
0
0
0
44
44
0
5018
622
581
456
494
644
9540
1370
290
108
193
68
42715
241
624
712
96
93
0
132
287
1678
335
238
14410
380
405
527
643
398
74
42
0
34
60
394
10334
133
0
0
0
0
0
0
0
0
0
0
533
133
0
6230
425
0
0
0
0
0
0
0
26415
0
0
0
0
0
57359
54234
60598
52891
53974
14708
61977
8560
2853
2835
55639
52600
9299
60127
46977
33525
12318
3553
48867
471
141
0
130
6330
16512
6514
3037
1511
266
5673
46235
1694
223
176
50145
9519
2041
485
2455
48252
10730
2802
47850
457
49322
49433
51508
10621
2669
808
1186
46182
44618
54614
44179
4280
37475
39416
38334
38435
42461
9928
35238
35287
12300
5447
35210
1122
167
0
303
562
455
295
1870
14942
2511
1315
31578
369
28
28
28
28
28
28
28
28
28
28
24450
1049
126
244
28
28
28
166
7350
12681
5639
3592
29478
509
2991
25290
4638
690
372
350
349
350
320
285
32917
449
232
128
232
192
4482
569
24
143
0
0
24335
470
64
0
33
33
0
38
38
0
0
0
342
396
90
0
37
101
64
64
64
0
28
28
307
307
33
114
88
40
40
0
64
64
95
0
406
375
32
10899
795
108
0
0
0
27
290
839
31270
253
175
0
0
0
842
44
0
0
46
45
9752
40
0
0
0
0
0
0
31
119
37
30
2903
168
27
40
45
31
0
0
30
167
176
33
5351
575
384
476
327
491
178
123
30
30
0
0
3468
93
27
1318
217
0
0
0
0
0
0
0
3424
40
0
0
0
0
160
0
0
0
0
0
3134
330
371
134
36
0
0
35
35
466
0
64
4657
151
120
64
0
64
41
49
55
38
48
0
7955
356
0
0
0
0
0
0
0
0
0
0
885
93
0
0
0
0
0
0
0
0
0
0
260
168
96
156
178
218
685
570
590
603
305
286
761
482
369
321
354
187
123
225
314
544
948
703
1171
305
163
458
453
1382
1114
542
362
313
158
564
28237
412
183
224
193
227
232
273
351
385
232
361
2173
331
464
720
576
1023
847
519
353
387
506
366
8598
691
657
222
784
579
975
425
96
708
678
396
1746
353
327
190
761
811
312
251
338
889
569
329
1809
410
279
447
364
297
791
753
237
306
860
784
30479
1059
745
418
270
275
388
373
1194
1503
1217
645
9145
414
675
2694
359
79
36
62
53
125
119
158
11896
324
0
176
0
136
995
201
258
209
189
698
7052
277
722
689
487
168
287
135
692
2963
562
469
9146
395
398
560
821
784
541
459
460
347
426
713
2544
366
369
762
317
385
356
351
399
222
237
782
1643
807
469
909
572
101
274
445
916
487
983
1736
10603
1071
498
364
401
1181
2554
512
412
249
394
293
12660
452
286
765
729
558
438
189
327
3047
517
269
9012
287
266
315
213
362
280
197
227
250
291
837
2062
746
265
266
258
775
784
531
285
269
327
647
1727
302
560
876
741
700
604
332
940
782
1295
645
3419
96
0
174
0
212
996
0
0
0
0
0
2608
272
859
1185
471
203
0
0
707
7600
916
32
34320
88
0
0
0
0
0
468
567
564
184
41
11364
230
60
60
60
60
95
125
110
101
111
151
692
290
172
106
105
124
178
784
804
590
519
515
1592
998
819
417
217
288
632
385
377
498
400
426
1868
540
297
289
265
281
487
362
628
6201
890
405
35305
257
288
374
284
858
612
597
305
389
268
742
10317
451
872
584
424
830
841
791
713
538
444
278
2781
138
212
1301
229
82
189
573
427
229
314
34
6406
151
101
38
163
254
2823
1006
324
292
383
446
10614
613
634
552
495
431
495
592
578
840
672
614
2376
489
447
539
529
621
640
676
404
723
454
588
1922
446
814
677
420
287
330
621
1312
1360
986
713
9184
282
346
3064
600
676
356
720
285
423
251
677
11461
286
238
346
345
355
2902
506
235
242
380
383
11851
230
408
678
258
74
45
33
205
767
353
148
2043
409
132
96
224
91
170
0
0
0
28
59
2202
157
166
207
610
628
356
761
476
777
470
364
1992
449
865
1592
564
504
448
369
805
666
912
1741
13736
764
626
922
491
931
9721
1370
272
467
941
687
40035
492
188
180
170
604
799
805
633
1563
832
326
12357
813
531
459
374
348
392
714
730
420
348
675
2660
738
663
389
253
137
201
115
40
40
627
390
1783
933
505
1337
559
367
344
354
354
355
689
304
3675
843
821
292
234
319
7417
724
144
304
324
703
42197
727
1518
2283
1261
737
781
296
1813
4598
1312
40
14374
441
0
0
0
0
0
0
0
0
0
0
10220
531
484
661
438
324
679
391
525
700
179
197
3878
774
549
4678
1100
874
574
828
652
187
30
30
17487
40
0
0
0
331
930
246
26
90
333
0
7319
40
0
0
0
0
0
0
0
96
31
0
1386
40
0
0
24
474
900
146
0
0
0
254
8691
40
0
0
525
214
78
54
64
32
66
65
1664
105
0
3048
452
55
55
17
17
17
17
17
18417
111
57
220
185
583
376
229
282
354
387
309
1195
698
359
519
507
231
225
321
400
528
625
353
1330
635
342
298
300
430
336
247
230
309
703
727
1629
888
372
307
644
183
149
385
1204
976
535
349
11187
440
473
9960
802
719
394
377
445
422
311
585
44288
332
739
736
392
781
1333
343
336
339
332
250
13065
503
851
488
468
514
492
814
598
1164
576
490
1924
589
433
711
698
518
456
751
202
186
322
847
2658
449
705
488
468
481
593
834
751
495
722
425
1748
454
353
7111
634
117
243
737
328
327
919
1938
46462
759
710
492
233
651
2539
346
706
507
534
554
20699
795
665
524
327
407
636
284
401
2001
459
102
8626
335
60
157
109
178
675
671
428
728
493
348
14506
1078
634
568
448
602
312
638
149
182
108
332
3969
448
455
892
330
358
290
290
305
562
311
97
2011
40
116
217
243
621
603
648
589
520
207
568
1891
379
1184
1445
702
680
489
282
578
2493
1334
446
9091
425
394
361
704
435
215
130
120
414
273
889
12060
336
287
564
415
559
431
363
351
306
336
474
3036
286
356
923
821
287
318
134
279
340
606
769
1778
137
17
287
449
692
982
322
239
188
172
66
3225
550
609
234
180
59
47
57
249
866
136
46
3681
252
17
17
151
844
738
109
145
17
17
278
47260
280
64
0
24
0
0
0
34
43
55
0
3600
160
92
629
125
518
284
586
99
0
30
143
12145
672
324
51
297
365
542
421
396
609
198
75
1798
364
778
568
286
295
161
221
825
738
467
365
1703
685
361
437
615
286
747
462
316
364
465
285
48197
932
307
554
238
468
224
582
1631
1201
490
292
13921
631
229
2230
380
186
207
224
142
193
47
46
16025
410
17
177
153
152
368
732
601
253
155
125
6407
229
17
166
600
267
495
251
81
1434
58
17
10981
115
17
17
51
70
192
182
173
684
337
371
2246
375
287
308
560
563
375
359
275
310
180
317
1988
317
312
686
371
599
549
575
458
379
540
1117
14534
657
781
279
94
464
2195
318
0
0
512
154
16791
259
280
276
189
31
40
0
90
1338
442
667
9287
475
17
61
25
49
268
617
345
344
451
205
1835
763
422
671
660
385
378
285
342
430
306
266
1497
899
418
468
85
111
171
343
451
687
291
132
2034
411
17
17
17
17
599
418
459
463
553
619
2387
665
1586
1891
809
748
318
199
1232
11173
1612
534
50077
379
449
307
238
373
490
434
414
481
450
497
15622
982
401
746
239
320
564
524
593
873
668
625
3477
607
351
1025
670
580
794
654
658
374
683
798
3621
768
657
901
892
744
1646
957
577
461
447
183
3522
345
450
601
639
754
674
592
825
8383
839
404
49303
724
410
388
556
1169
870
363
392
473
579
640
15447
714
641
760
728
415
585
498
584
467
439
545
2523
598
339
1225
269
243
242
262
337
357
395
462
8962
757
434
849
638
542
2492
717
372
980
317
716
14879
513
361
287
247
120
259
399
461
1146
562
663
2298
808
523
569
505
665
575
589
500
502
489
718
2016
388
270
135
17
91
270
758
858
785
523
257
12522
498
94
1993
79
17
17
17
17
17
17
17
16502
751
17
17
17
17
2125
174
55
133
151
50
14428
837
449
582
699
589
669
700
698
1512
658
371
4147
604
384
459
393
706
821
483
637
253
716
591
4308
813
601
519
591
453
477
484
382
373
313
321
2054
624
301
826
365
267
510
614
532
522
666
1162
17167
1254
345
293
314
410
9942
1357
278
188
91
112
49688
109
74
295
134
85
73
268
344
1768
146
56
13290
85
20
20
341
0
0
0
0
0
0
0
3036
67
0
0
0
0
0
0
0
0
0
0
375
67
0
6267
67134
72733
73685
64509
72916
29329
27241
64145
64901
67407
23387
63643
22409
12506
44200
63456
63872
62008
59490
25037
68454
63663
26486
64173
54905
21191
7721
2243
11228
35654
9594
1530
55146
418
121
540
378
256
257
439
411
509
220
180
26158
287
0
0
0
0
0
0
0
0
0
0
1123
221
36
21305
1510
101
20
20
20
20
20
20
50191
622
125
186
393
181
174
37
53
16
16
16
1761
686
111
16
16
16
16
16
16
16
16
16
1130
622
111
16
524
10900
19652
9756
3864
1020
141
11717
52591
1331
617
193
233
533
654
605
432
397
378
578
9352
725
207
24529
3573
506
604
287
493
266
112
325
50976
185
515
490
375
458
1042
256
344
253
221
37
1610
472
338
413
299
192
620
384
501
1061
772
397
1730
290
292
300
223
378
358
401
426
374
697
841
1734
397
106
39
42
110
176
1328
1504
1047
693
377
10720
496
592
13216
1734
242
256
423
458
295
79
34
51268
0
0
0
102
684
1690
601
219
128
86
219
11936
201
103
136
30
69
43
0
155
446
181
210
1528
0
617
528
595
486
163
84
0
0
0
93
1006
0
110
56
104
166
211
333
253
201
248
440
1069
480
437
5717
665
348
265
272
424
360
892
1719
45359
1308
465
284
269
854
2551
840
659
288
354
529
19564
546
322
293
178
101
707
837
793
1351
845
686
6512
465
47
250
320
225
185
185
107
488
474
192
13829
333
64
29
29
0
0
178
147
218
359
166
2105
297
527
429
390
554
310
139
275
411
415
322
1835
362
267
237
160
228
569
246
527
524
664
397
1759
1352
1626
831
675
345
173
72
469
1932
422
238
12950
476
369
352
331
233
42
72
703
453
415
619
14531
443
185
333
185
580
597
425
661
448
454
264
2278
478
483
854
572
352
646
341
73
456
424
675
1738
161
193
318
446
251
882
291
109
21
34
154
2112
270
531
321
484
296
311
240
357
544
662
701
2846
1096
458
566
978
1434
1478
827
469
526
719
912
46736
1178
416
203
457
276
375
346
293
372
543
82
3300
303
38
1907
833
625
150
250
206
126
149
66
12358
211
0
89
166
30
801
128
48
262
48
48
3990
239
68
68
68
68
68
68
68
191
0
0
3638
55
0
0
0
0
0
0
0
223
473
438
47038
578
186
389
274
155
60
542
667
814
186
40
13454
323
167
1941
273
115
135
141
161
116
86
195
17312
260
196
89
198
138
749
0
54
49
40
29
9401
142
51
42
45
49
33
0
0
3383
314
0
24427
88
0
110
176
87
183
175
227
243
366
354
496
263
241
335
279
153
76
249
375
201
229
131
1169
679
304
667
417
151
182
422
180
523
993
1326
16437
1102
209
253
398
397
1483
337
299
362
235
270
18953
145
354
493
562
249
775
250
828
1164
565
248
11561
280
235
407
390
601
410
139
33
0
24
188
1540
264
29
110
139
0
0
0
0
0
30
70
674
330
519
974
164
632
622
383
114
381
241
160
1359
152
28
150
414
534
331
75
131
308
459
758
1516
1628
1604
1218
381
806
202
31
277
7266
530
0
46211
735
148
101
461
252
310
64
156
46
34
266
10706
0
39
47
36
44
43
0
38
44
41
0
350
92
169
143
144
146
124
135
180
110
166
72
903
68
270
192
238
233
401
362
761
360
504
225
1874
574
538
418
526
511
184
198
75
5941
559
280
45941
139
46
225
951
1000
557
246
118
0
0
153
12083
227
0
110
139
0
31
41
0
57
52
47
365
145
64
324
139
0
31
42
44
22
0
66
5361
145
0
188
230
115
1728
297
0
0
171
234
17043
429
553
307
0
530
165
96
0
331
20
363
859
309
74
106
44
55
214
400
449
384
296
279
899
116
0
0
0
362
353
966
1106
706
600
262
11846
224
292
999
193
22
86
421
276
433
454
533
13124
605
562
696
713
679
2454
479
777
230
160
94
19979
327
489
568
159
221
134
154
317
821
267
326
2699
492
314
84
33
105
494
360
543
216
568
112
2045
883
98
388
265
326
372
397
273
348
359
339
1195
748
581
473
233
40
0
465
428
135
864
1240
17178
1240
425
35
38
332
7459
1089
0
0
32
125
49485
689
153
33
424
471
254
517
417
1779
327
435
11148
412
256
313
415
370
431
321
401
371
343
339
3025
322
283
336
233
277
224
177
306
214
110
49
1012
265
45
374
242
556
510
549
446
343
166
0
1981
443
165
104
0
0
6151
824
333
298
211
36
46885
1072
1095
793
686
507
501
482
714
1863
1151
459
14127
250
406
423
640
634
298
459
358
566
520
425
6814
691
403
292
318
589
636
600
529
529
396
612
1299
600
587
1481
631
400
434
376
607
577
376
395
13675
634
418
378
588
356
710
393
415
473
256
415
1170
214
40
148
211
29
112
93
223
733
505
311
1349
346
97
184
1054
1595
827
376
148
718
385
458
13488
537
556
360
271
0
36
233
44
44
48
32
1096
190
0
1918
406
207
507
481
98
353
594
487
13817
203
28
171
139
119
433
0
0
0
0
40
963
88
68
147
350
266
158
132
106
275
196
158
987
275
131
347
417
257
337
173
212
194
200
64
912
361
271
591
370
441
247
1207
1387
676
1153
649
13000
229
443
8310
1244
722
414
577
284
311
306
219
48233
0
0
47
278
403
1442
629
192
138
96
339
11630
231
169
117
0
0
0
68
559
1624
814
561
3901
153
205
119
243
253
485
560
381
306
507
355
7073
788
201
107
55
246
300
168
455
420
150
188
2587
68
145
7626
817
156
95
159
166
86
956
1839
52227
1163
266
245
193
210
1696
177
0
39
36
0
22608
198
0
110
194
39
54
56
36
884
184
0
9128
191
0
157
247
0
0
0
0
0
85
112
20880
364
118
101
469
429
378
129
261
427
89
477
3133
712
688
863
352
348
564
340
143
244
485
490
3982
381
298
540
511
727
1801
458
293
584
530
1090
7546
1385
1453
725
512
360
531
417
413
2441
431
398
16812
621
296
389
849
509
91
444
805
736
421
779
21700
818
619
879
385
30
0
0
243
307
364
363
4666
230
40
906
309
358
296
359
480
367
365
380
7250
116
380
352
390
485
1574
373
222
239
193
140
6268
158
65
46
35
37
78
42
62
401
51
0
3976
116
0
0
740
1164
686
368
440
147
96
175
51399
767
0
35
46
90
62
29
24
51
27
26
3036
619
64
1359
177
120
219
527
362
227
61
0
13710
606
272
218
537
644
1565
246
480
320
72
79
4124
361
0
0
0
0
0
31
38
466
404
0
3819
491
93
42
186
0
86
130
81
0
46
46
50969
333
55
26
53
76
96
1017
1126
723
330
414
13725
383
482
1461
434
370
266
198
222
73
311
394
15594
581
590
563
272
388
1337
452
336
356
356
255
7650
303
325
683
621
237
242
259
375
3132
710
373
19105
393
519
559
387
208
270
237
178
0
0
129
2299
262
214
300
327
220
215
256
617
580
406
251
1114
255
353
818
485
230
284
266
292
40
980
1756
19369
1574
443
342
350
808
2642
425
178
239
141
207
23062
410
278
414
444
227
267
318
637
2774
835
525
18166
524
200
550
563
336
570
741
543
249
269
356
2475
763
642
531
566
287
299
402
357
219
184
180
1472
378
747
1449
677
255
184
207
550
538
213
197
2878
383
268
339
427
303
543
438
568
414
672
571
2899
1183
1611
1858
1337
457
239
244
1248
10459
1416
100
53498
203
0
0
0
0
0
0
0
0
0
0
14932
0
0
0
0
0
0
0
0
0
0
0
302
0
110
77595
81023
81493
77146
66257
75751
75055
72645
62219
59480
55194
20275
9019
2462
9432
31325
9284
2296
868
671
295
47419
411
79
0
0
0
0
0
0
20575
1970
29
43068
423
0
0
440
8404
15966
7568
2498
1054
292
10824
45114
783
143
119
150
133
175
111
82
114
135
82
7079
439
79
7617
864
71
160
221
349
381
85
204
38520
797
896
870
634
303
13405
1333
250
317
216
205
44555
475
174
182
331
298
349
386
837
1135
667
343
2054
478
76
44
152
173
806
340
756
351
240
301
2060
550
393
209
238
411
458
964
1829
1801
793
930
10640
283
516
1801
1166
287
808
844
678
817
368
798
12907
931
554
836
381
370
2701
419
898
925
429
169
16984
997
718
356
251
236
202
199
224
867
391
201
2450
502
439
361
157
175
310
306
309
329
372
442
2076
574
243
861
448
368
793
386
300
221
345
269
1947
530
444
733
287
201
448
197
256
237
788
1925
13820
680
436
275
143
1560
7466
749
213
237
855
425
39792
191
74
0
230
169
287
312
177
1416
324
284
9052
337
264
897
519
349
385
350
387
365
764
598
2015
331
234
292
413
598
483
244
368
917
571
779
2741
174
28
976
114
0
62
318
689
621
538
201
4564
1408
960
559
657
196
6007
809
1293
982
820
560
42359
1852
2064
1842
1188
1234
701
585
1285
4365
878
411
16639
397
567
702
403
592
923
627
674
1063
421
1153
11329
773
854
414
656
1068
719
630
1060
985
573
532
3384
491
1096
4224
975
1040
685
467
483
481
174
29
17704
365
177
343
366
310
972
86
45
360
932
761
4015
227
121
260
194
315
287
404
1164
733
247
26
3897
608
814
260
479
981
1322
476
526
284
170
696
19279
886
419
191
134
299
53
94
220
776
536
873
4277
567
819
6430
1099
588
717
1125
720
1095
1150
1111
27380
1095
507
521
546
552
1865
1298
681
417
284
302
4358
1131
867
268
64
24
24
24
130
528
255
98
2590
366
65
68
74
66
68
72
66
82
88
24
1606
297
56
24
24
107
187
549
909
522
588
434
11738
454
711
7264
1092
276
205
239
110
121
798
747
43339
341
201
265
298
381
1068
255
211
962
792
547
12955
742
281
347
379
332
276
184
291
577
380
214
1439
530
105
38
155
158
225
258
273
1016
611
266
2118
666
286
352
227
334
355
343
362
237
901
698
1600
566
305
6118
528
509
368
283
188
112
1013
2151
45209
1586
954
255
298
725
2553
559
209
827
722
266
19323
594
263
229
252
237
231
933
696
1801
329
343
9092
490
845
475
423
828
973
684
1116
610
926
516
15046
740
723
436
726
99
142
12
807
502
578
561
6298
487
190
1585
336
760
695
881
698
655
1158
607
8267
622
842
643
374
344
1718
1288
787
320
12
35
9551
670
862
777
996
693
353
780
1399
5296
1297
579
20485
130
98
34
0
0
0
0
35
85
0
0
27860
702
45
65
42
32
0
0
108
0
0
49
2815
378
107
220
131
112
711
815
319
244
303
241
2574
378
232
212
301
177
557
220
170
441
923
872
2611
260
54
0
33
626
100
55
0
299
37
0
3930
230
0
0
531
738
485
146
0
25
0
0
44895
283
0
0
0
0
0
0
0
0
0
0
3423
65425
21370
39222
10857
1299
378
169
151
78
78
86
63517
156
36
42
44
51
6915
272
84
0
0
0
48611
0
66648
13681
8055
60607
58307
60855
66505
59881
56718
60846
49672
49570
48813
52736
45451
48940
46431
32129
11430
4335
1007
3075
34659
92
41211
31587
33055
5776
32678
24298
22480
17849
12193
12383
11915
49
8985
5429
3576
0
0
0
0
0
0
0
124
30
62
32
32
65
33
0
0
0
0
0
0
0
0
0
0
0
0
0
0
0
0
0
0
0
0
0
0
0
0
0
0
0
0
0
0
0
0
0
0
0
39
45
64
0
30
43
41
58
29
31
64
66
66
33
0
0
0
30
105
104
41
153
176
358
400
391
253
310
333
425
489
521
394
506
492
323
306
284
181
682
773
829
884
626
526
270
246
117
512
538
936
882
427
311
1235
268
429
812
745
787
441
431
856
442
193
313
1188
898
928
920
668
412
387
419
565
455
272
220
2227
377
262
461
572
558
837
484
287
216
389
452
2088
686
1143
1285
695
753
467
367
870
2554
1025
558
3256
176
256
799
844
663
407
206
0
0
44
257
2994
275
265
419
847
358
715
806
715
333
238
326
1105
444
259
724
303
259
409
336
260
255
308
346
1933
420
268
368
150
233
282
222
229
305
214
229
1265
366
185
306
267
307
309
405
394
1722
444
217
4595
300
225
238
257
376
847
784
245
256
363
937
4140
804
486
423
238
191
0
0
0
0
32
391
2818
895
913
2400
987
886
759
781
578
801
659
615
5885
351
565
408
302
187
3430
331
0
0
0
359
6801
552
854
253
39
0
48
0
97
866
285
62
3247
0
0
0
0
32
49
29
31
29
87
79
943
109
64
0
0
0
0
77
1146
1188
517
87
4718
93
290
2020
441
102
340
461
461
410
398
383
6251
321
593
592
575
355
3470
449
270
261
242
218
7722
260
427
449
352
221
210
254
419
557
870
807
1870
181
248
206
694
674
500
320
203
78
62
226
1901
68
155
212
300
296
339
106
437
387
395
432
1233
139
1008
1129
746
774
717
431
365
389
558
1325
4030
799
516
888
807
788
3403
1010
482
275
413
351
9034
216
285
330
415
315
345
297
421
1034
362
224
3637
280
274
236
396
309
339
221
206
439
402
415
1772
337
558
1131
953
685
336
345
207
193
0
34
1758
117
339
1502
965
515
399
453
343
360
309
647
2811
396
315
413
325
565
3834
691
242
115
139
109
11561
312
1365
1400
856
407
399
756
1484
3205
1135
505
6771
247
891
626
265
533
289
362
335
367
342
477
6480
490
308
479
422
800
644
293
369
474
602
467
1913
617
342
2507
577
295
240
293
540
494
428
369
9947
839
372
225
159
423
1004
886
350
811
334
302
3150
290
221
157
186
190
78
157
189
721
339
266
2629
157
29
29
43
653
774
498
149
125
105
749
6288
114
42
0
87
84
302
394
215
67
188
336
1057
301
397
2261
578
39
163
344
369
223
95
397
7421
405
79
0
0
334
555
139
0
0
0
0
1138
132
64
0
0
0
0
0
30
172
32
44
1066
196
0
0
0
0
0
0
40
30
84
30
509
196
0
64
0
125
256
468
630
423
380
327
3332
873
427
3185
1408
311
430
737
506
56
189
40
14622
358
236
376
320
957
1627
663
401
410
368
454
4543
559
192
321
403
480
353
391
643
836
272
31
2075
171
163
200
296
161
286
349
433
507
426
552
2352
659
338
253
0
84
74
121
282
250
261
298
1333
106
392
3125
445
257
743
307
706
369
506
1600
17444
533
63
212
804
877
1646
571
237
256
182
304
8013
333
286
695
310
316
373
729
428
1077
803
700
5261
232
293
556
443
871
791
480
868
338
423
720
9788
459
874
655
819
900
502
745
326
875
823
653
2903
508
316
890
823
750
423
382
845
436
302
321
2985
917
467
726
808
841
760
236
216
403
813
723
2811
1258
2048
1458
772
499
383
379
1106
2042
1114
862
7631
244
413
526
513
383
313
436
321
72
0
492
10228
101
0
46
82
205
808
500
729
579
482
392
2456
531
395
709
978
917
635
518
980
500
410
240
3618
370
754
716
315
257
655
1011
505
350
866
452
2237
665
973
765
560
1013
874
464
926
2045
444
40
3382
200
0
33
140
980
981
445
82
132
149
444
20545
682
703
644
301
728
520
42
363
967
800
378
3345
378
898
1750
285
0
231
144
326
298
159
129
7449
169
709
515
718
434
641
196
75
78
78
46
2124
212
104
76
100
164
76
204
245
356
365
215
1559
823
389
287
311
702
370
284
983
728
343
326
22807
436
220
340
871
415
271
498
881
763
889
919
7164
129
59
1425
406
172
44
77
166
715
483
807
7235
399
795
595
241
219
1290
414
716
353
358
338
5638
410
466
908
542
462
903
412
261
2062
384
317
9626
394
341
859
380
420
898
967
443
572
912
852
2106
344
415
809
444
838
217
185
185
145
828
977
2964
57
34
713
259
159
25
178
628
379
891
1802
7487
600
949
460
465
1174
2405
1011
414
174
148
289
9205
750
830
461
435
470
425
769
304
2972
780
851
10969
798
218
158
282
200
170
207
235
185
867
838
2262
289
81
39
32
165
33
141
716
698
231
210
1458
985
392
869
241
188
211
293
266
266
222
218
2388
355
209
795
777
838
684
593
411
510
459
532
2298
463
1509
1904
1194
1080
483
616
1121
4161
1231
332
25691
1007
778
847
995
310
248
274
229
814
734
552
8947
410
212
219
231
384
750
351
656
500
822
700
2920
406
132
953
280
37
92
64
29
52
51
62
5527
323
146
127
139
147
509
104
43
0
72
73
3963
155
36
105
725
678
782
357
858
4792
226
181
27405
953
859
1064
1147
1616
1106
631
408
580
251
661
13233
575
86
0
0
0
0
0
0
0
0
33
1280
109
42
1040
118
226
334
365
71
224
199
792
9079
887
477
149
648
561
3405
877
120
383
288
819
16575
351
896
392
334
534
900
648
472
849
578
977
3191
429
607
281
306
840
796
458
545
802
422
503
2366
370
546
683
816
310
216
493
1812
2173
1183
1213
8609
147
314
1736
95
110
193
274
784
447
188
179
9820
0
0
135
818
174
3052
379
324
374
294
239
12876
207
0
0
32
55
0
56
46
306
68
43
958
266
0
0
35
0
0
0
0
0
0
163
1083
347
246
197
229
896
546
493
553
458
753
513
1431
284
178
474
143
459
316
191
448
180
505
1225
10108
517
113
178
309
394
3943
431
158
59
143
125
30664
123
73
177
247
848
889
1132
858
1439
842
404
7154
495
505
349
328
680
391
406
150
130
529
1157
2523
600
812
819
753
563
305
22
22
33
97
0
1911
335
152
386
144
237
222
376
323
846
939
529
3913
1089
536
340
366
434
4728
528
983
910
340
465
31858
917
1495
987
818
226
211
31
710
1982
576
223
11177
464
224
355
695
849
879
796
372
333
517
412
7547
328
352
305
429
358
396
403
866
443
420
509
1945
787
322
2200
439
319
277
369
201
207
205
350
16116
1193
425
773
492
420
919
489
652
390
307
1026
2990
789
186
25
0
0
0
291
305
972
836
378
3721
264
46
30
495
1174
1599
1052
1020
459
357
1377
13105
428
754
391
726
410
321
316
1003
405
750
357
2694
367
236
2873
734
195
400
805
518
415
429
426
14961
577
472
525
827
399
515
201
260
404
524
974
2198
381
189
85
110
318
478
633
660
1606
525
554
3597
513
431
438
879
804
1068
646
451
526
876
1427
6436
736
529
681
535
495
737
1011
1520
1947
1772
834
12542
575
807
6791
1107
619
548
662
433
798
1099
755
36463
447
881
911
844
618
2689
475
443
477
232
223
12999
617
265
289
324
343
623
476
996
1136
719
363
3851
515
382
419
256
414
392
354
405
193
245
408
2655
463
127
245
741
1150
595
335
303
315
300
591
2148
254
188
5508
267
113
446
335
230
168
504
1827
36586
314
105
379
289
350
2205
371
0
0
0
0
16157
64
0
0
0
150
375
608
511
1539
959
498
7681
527
386
468
356
297
248
228
406
128
83
0
16987
199
250
299
134
371
418
547
876
911
386
428
4365
415
353
620
45
0
0
88
296
285
385
351
2111
101
0
267
137
178
327
171
231
461
924
436
3222
769
1384
1343
739
127
493
399
529
2507
457
70
15345
669
269
404
385
298
260
0
630
527
583
704
20843
600
416
801
370
814
449
291
853
903
344
414
4358
618
466
977
946
895
316
317
331
290
288
267
3477
499
688
602
521
848
1887
625
504
411
575
873
6149
639
399
374
996
824
956
836
557
1301
485
299
6343
617
332
264
213
1199
755
870
463
409
413
761
37641
1823
500
308
500
356
566
580
547
409
340
401
5767
274
137
1717
197
154
221
387
516
1029
975
944
12740
330
884
1182
991
456
1624
1101
243
167
34
0
4916
876
150
0
0
0
0
0
0
351
0
0
3519
262
0
0
0
0
0
0
0
0
0
0
36784
677
99
55
94
28
28
134
778
617
123
85
12073
243
315
1161
910
483
728
243
227
551
695
279
13353
249
365
558
347
402
2146
1213
441
507
384
186
8672
768
365
302
702
315
286
260
416
3083
170
40
16620
636
333
272
433
362
236
225
218
132
35
36
4636
544
510
518
599
912
901
374
499
533
316
385
2301
504
444
1156
524
430
692
548
622
436
770
1274
14742
1428
822
376
473
971
2027
720
362
326
217
268
18076
404
334
376
253
252
177
177
228
2995
616
265
16071
440
257
433
780
817
588
357
415
388
616
805
4181
357
788
332
196
367
362
381
391
321
263
263
1146
940
434
719
970
306
39
0
0
0
0
0
4310
132
0
0
326
511
1132
377
754
858
319
235
4271
568
947
1117
685
323
338
233
642
6899
808
291
36436
439
342
424
1042
798
431
312
455
417
294
383
12016
936
906
391
666
620
241
299
746
360
257
304
2304
362
245
1364
696
248
120
257
826
874
292
267
3908
126
0
0
26
219
578
150
76
321
307
159
2205
327
38
135
719
424
450
744
205
5423
312
785
36146
132
746
669
369
879
1603
726
766
140
110
658
12588
962
745
118
95
40
82
107
45
83
79
88
2022
264
158
634
189
32
21
70
162
70
114
95
5836
180
209
175
56
39
1859
225
122
120
30
0
12480
242
87
0
91
90
95
24
0
38
0
0
496
228
0
0
0
0
85
77
58
54
114
97
382
101
0
138
47
29
0
244
732
395
107
26
9035
253
103
711
308
777
475
533
515
497
428
350
11471
557
935
850
870
1131
3142
950
325
102
213
712
13899
309
220
248
161
781
496
855
447
761
275
85
3908
267
318
220
90
241
261
925
433
549
427
826
3388
1019
788
728
446
290
882
710
965
397
614
627
2915
1060
795
1100
499
550
776
664
443
358
672
1256
12653
669
290
348
417
750
4780
998
158
26
0
0
36209
95
0
27
718
775
727
676
484
2035
1000
727
10139
534
735
269
721
186
285
87
276
738
468
507
3042
700
327
454
612
301
176
261
300
130
290
343
1915
719
520
1327
973
1100
601
528
492
488
399
498
2937
898
840
598
373
191
6078
336
692
315
315
80
35330
567
785
739
349
199
56
0
178
1193
153
136
10702
462
430
849
676
190
572
539
868
664
559
587
7197
183
82
81
132
144
288
196
112
64
108
0
990
90
32
1841
177
80
108
0
46
55
0
0
12020
189
57
119
55
0
0
0
54
0
43
44
1479
132
89
36
0
0
0
0
0
98
0
0
328
214
0
55
210
495
361
422
102
102
64
374
10014
211
0
0
0
90
0
0
0
0
0
0
912
167
0
1481
75
0
0
0
0
89
0
131
12015
132
145
163
35
72
200
0
35
88
94
41
490
132
192
0
166
461
205
76
256
402
43
0
7650
64
0
0
79
42
40
81
46
94
0
57
3231
226
51
101
48
778
349
433
891
223
55
0
1832
196
0
1158
168
0
0
0
0
0
0
36
8191
132
0
0
113
