1306
1306
1309
1307
1305
1305
1305
1305
1305
1305
1305
1305
1305
1305
1305
1305
1307
1307
1307
1307
1307
1307
1307
1307
1307
1307
1307
1307
1307
1307
1306
1303
1303
1303
1303
1303
1303
1303
1303
1303
1303
1303
1303
1303
1303
1303
1303
1303
1303
1303
1303
1303
1303
1303
1303
1303
1303
1303
1303
1303
1302
1302
1302
1302
1302
1302
1302
1302
1302
1302
1302
1302
1302
1302
1302
1302
1303
1303
1303
1303
1303
1303
1303
1303
1303
1303
1303
1303
1303
1303
1302
1302
1302
1302
1302
1302
1302
1302
1302
1302
1302
1302
1302
1302
1302
1302
1302
1302
1302
1302
1302
1302
1302
1302
1302
1302
1302
1302
1302
1302
1302
1302
1302
1302
1303
1302
1306
1304
1302
1303
1307
1303
1307
1310
1304
1306
1306
1306
1309
1309
1306
1309
1305
1312
1314
1310
1309
1308
1306
1314
1315
1313
1311
1308
1309
1309
1309
1309
1313
1314
1308
1307
1307
1314
1310
1313
1307
1304
1304
1304
1304
1304
1304
1307
1303
1311
1305
1301
1301
1301
1302
1302
1302
1302
1302
1318
1345
1355
1364
1363
1367
1366
1370
1372
1369
1365
1360
1360
1360
1371
1369
1368
1370
1372
1380
1380
1378
1381
1388
1381
1379
1379
1383
1383
1380
1383
1379
1391
1397
1410
1413
1415
1422
1423
1414
1414
1423
1423
1419
1420
1419
1430
1431
1441
1442
1432
1433
1437
1436
1440
1443
1450
1461
1465
1465
1465
1477
1477
1472
1488
1491
1490
1489
1490
1488
1493
1493
1493
1493
1499
1488
1500
1493
1500
1498
1497
1500
1527
1539
1544
1547
1550
1551
1546
1554
1550
1545
1555
1557
1552
1561
1557
1565
1563
1562
1560
1571
1574
1587
1577
1582
1584
1583
1582
1596
1596
1592
1596
1603
1595
1593
1598
1599
1598
1626
1650
1657
1658
1658
1658
1658
1665
1661
1657
1658
1653
1653
1655
1656
1660
1659
1660
1656
1652
1656
1659
1658
1659
1657
1658
1660
1661
1660
1658
1659
1657
1656
1661
1660
1660
1665
1657
1657
1670
1664
1647
1647
1652
1659
1662
1651
1660
1661
1655
1661
1657
1657
1655
1655
1654
1653
1662
1657
1654
1659
1660
1667
1664
1669
1670
1664
1672
1662
1677
1695
1718
1706
1707
1706
1705
1714
1713
1720
1729
1728
1732
1733
1736
1743
1746
1746
1746
1743
1752
1748
1757
1763
1761
1756
1766
1778
1779
1785
1794
1791
1800
1798
1799
1813
1811
1821
1814
1827
1818
1818
1821
1822
1833
1843
1841
1845
1851
1851
1845
1847
1849
1855
1849
1862
1871
1864
1869
1865
1868
1865
1877
1874
1891
1887
1887
1894
1892
1896
1902
1908
1916
1921
1924
1931
1931
1918
1926
1933
1947
1944
1946
1946
1947
1961
1958
1979
1969
1976
1984
1981
1974
1974
1974
1982
1983
1982
1983
1974
1974
1980
1982
1976
1983
1982
1981
1985
1987
1988
1980
1988
1988
1980
1980
1988
1988
1988
1988
1987
1987
1981
1993
1997
2001
2003
1999
2005
1999
2007
2009
2024
2022
2025
2027
2049
2047
2039
2045
2041
2039
2042
2042
2043
2050
2059
2058
2069
2083
2091
2098
2091
2095
2103
2100
2105
2103
2104
2104
2104
2114
2119
2124
2128
2134
2140
2153
2148
2152
2156
2156
2170
2172
2173
2174
2175
2173
2170
2173
2177
2174
2174
2177
2174
2170
2179
2174
2174
2174
2173
2171
2179
2174
2173
2172
2180
2174
2175
2195
2206
2209
2222
2230
2224
2231
2232
2238
2234
2236
2237
2235
2237
2242
2243
2242
2242
2238
2248
2243
2242
2246
2238
2239
2241
2238
2241
2244
2242
2243
2243
2250
2245
2241
2243
2243
2263
2262
2266
2280
2275
2282
2273
2280
2294
2293
2289
2303
2300
2304
2311
2312
2310
2332
2330
2333
2329
2332
2334
2334
2334
2337
2334
2333
2339
2359
2356
2361
2355
2367
2375
2379
2385
2385
2386
2388
2387
2387
2389
2389
2393
2393
2397
2404
2402
2401
2399
2405
2406
2415
2413
2414
2417
2424
2430
2426
2424
2423
2429
2439
2447
2445
2449
2454
2456
2464
2467
2473
2489
2489
2489
2494
2491
2491
2489
2499
2495
2496
2496
2496
2497
2501
2503
2504
2501
2501
2498
2506
2497
2507
2499
2500
2502
2495
2504
2503
2504
2496
2494
2494
2503
2494
2498
2496
2497
2497
2497
2505
2504
2503
2506
2493
2505
2504
2504
2504
2502
2497
2500
2507
2505
2501
2505
2498
2497
2501
2495
2495
2495
2495
2495
2498
2504
2505
2505
2497
2500
2493
2493
2502
2497
2499
2500
2502
2500
2510
2507
2501
2508
2509
2508
2507
2508
2494
2502
2504
2499
2500
2498
2498
2498
2498
2503
2501
2502
2503
2503
2503
2512
2512
2503
2503
2509
2507
2504
2501
2512
2502
2506
2502
2502
2502
2502
2498
2498
2498
2498
2498
2498
2498
2498
2498
2498
2498
2498
2498
2498
2498
2498
2498
2498
2498
2498
2498
2498
2498
2498
2498
2498
2498
2498
2498
2498
2496
2497
2495
2496
2497
2497
2497
2497
2497
2497
2497
2497
2501
2497
2501
2498
2494
2504
2501
2501
2498
2493
2495
2497
2497
2503
2504
2497
2501
2503
2503
2504
2504
2504
2504
2504
2504
2501
2498
2498
2495
2503
2497
2497
2497
2497
2497
2497
2497
2503
2506
2518
2519
2521
2525
2528
2519
2529
2526
2533
2533
2533
2535
2534
2533
2540
2548
2546
2550
2553
2564
2559
2562
2566
2563
2567
2572
2569
2570
2567
2567
2566
2577
2573
2576
2580
2582
2584
2588
2592
2587
2583
2584
2590
2586
2585
2595
2597
2598
2600
2608
2609
2609
2610
2605
2612
2621
2623
2615
2627
2626
2635
2638
2635
2634
2633
2632
2639
2645
2649
2646
2644
2646
2650
2657
2649
2655
2656
2659
2668
2675
2677
2677
2682
2682
2684
2683
2689
2687
2696
2693
2702
2703
2706
2702
2702
2708
2704
2705
2702
2703
2701
2707
2713
2722
2722
2729
2741
2744
2758
2769
2775
2797
2794
2797
2795
2796
2795
2796
2795
2796
2794
2792
2797
2799
2806
2798
2796
2803
2797
2795
2793
2802
2797
2799
2805
2791
2797
2796
2805
2803
2798
2801
2804
2801
2787
2784
2784
2781
2784
2784
2788
2780
2784
2780
2788
2787
2789
2793
2788
2799
2801
2801
2805
2800
2806
2811
2804
2807
2813
2814
2809
2810
2811
2814
2829
2831
2828
2836
2848
2859
2862
2864
2867
2864
2864
2866
2865
2875
2870
2871
2876
2881
2886
2886
2889
2885
2893
2892
2888
2888
2890
2900
2908
2911
2913
2914
2924
2923
2917
2927
2929
2933
2935
2943
2948
2948
2953
2958
2975
2981
2985
2979
2979
2984
2990
2994
3000
3009
3012
3014
3018
3022
3028
3025
3032
3041
3043
3056
3063
3058
3063
3058
3058
3063
3068
3078
3080
3073
3078
3057
3068
3067
3071
3076
3076
3085
3087
3089
3102
3102
3108
3109
3111
3108
3129
3129
3122
3138
3142
3147
3147
3146
3165
3175
3170
3168
3172
3173
3184
3199
3204
3201
3203
3208
3215
3219
3216
3229
3255
3253
3254
3265
3268
3275
3262
3272
3274
3273
3277
3280
3281
3283
3282
3295
3298
3299
3300
3290
3295
3300
3300
3300
3302
3304
3320
3313
3313
3313
3318
3316
3318
3318
3318
3318
3317
3316
3316
3316
3313
3313
3317
3317
3317
3317
3317
3317
3317
3317
3317
3318
3318
3318
3318
3318
3321
3323
3313
3313
3313
3313
3313
3313
3313
3313
3315
3315
3315
3315
3315
3315
3321
3323
3326
3326
3325
3325
3325
3325
3322
3334
3334
3334
3333
3335
3335
3335
3335
3335
3335
3330
3335
3336
3336
3336
3338
3338
3338
3338
3336
3336
3336
3340
3339
3332
3339
3333
3336
3333
3328
3335
3332
3336
3340
3332
3331
3335
3332
3328
3332
3335
3331
3328
3329
3333
3331
3329
3333
3328
3333
3333
3329
3333
3333
3333
3333
3335
3335
3333
3333
3319
3319
3319
3319
3329
3323
3324
3330
3332
3330
3330
3331
3334
3335
3347
3339
3342
3351
3350
3357
3349
3350
3349
3351
3354
3346
3347
3355
3356
3359
3362
3365
3364
3382
3382
3384
3390
3395
3397
3413
3423
3424
3423
3429
3436
3434
3436
3433
3440
3440
3438
3442
3435
3432
3441
3452
3459
3460
3463
3463
3473
3476
3485
3482
3479
3477
3480
3481
3483
3488
3478
3497
3498
3496
3498
3489
3488
3491
3492
3495
3508
3509
3499
3506
3506
3503
3507
3519
3518
3511
3500
3498
3504
3504
3506
3504
3515
3522
3523
3522
3535
3531
3532
3537
3538
3534
3542
3557
3560
3558
3583
3579
3584
3581
3588
3584
3581
3584
3581
3592
3600
3600
3598
3592
3599
3607
3605
3607
3615
3621
3628
3638
3631
3635
3635
3637
3639
3638
3638
3653
3650
3653
3659
3660
3660
3660
3668
3671
3673
3680
3682
3684
3687
3682
3687
3685
3687
3697
3704
3703
3710
3706
3712
3705
3709
3704
3711
3707
3711
3715
3710
3712
3725
3720
3720
3722
3727
3731
3735
3738
3753
3748
3748
3740
3749
3748
3741
3741
3749
3753
3755
3760
3749
3753
3754
3760
3764
3766
3763
3767
3791
3780
3782
3786
3806
3804
3800
3799
3800
3793
3800
3803
3811
3814
3822
3829
3830
3828
3830
3826
3831
3829
3825
3836
3838
3831
3835
3833
3832
3843
3841
3848
3855
3859
3854
3863
3856
3859
3867
3864
3856
3859
3867
3864
3873
3872
3875
3880
3881
3881
3888
3900
3903
3902
3903
3914
3917
3914
3914
3916
3917
3916
3919
3916
3927
3921
3914
3917
3922
3918
3916
3915
3912
3919
3911
3914
3908
3908
3908
3912
3917
3916
3917
3918
3925
3923
3923
3923
3925
3932
3944
3953
3953
3958
3966
3973
3978
3981
3981
3989
3981
3981
3984
3981
3981
3978
3988
3984
3994
3996
3984
3992
3989
3988
3995
3988
3985
4005
3998
3999
4007
4006
4022
4018
4025
4027
4033
4035
4045
4048
4052
4047
4049
4052
4052
4054
4054
4055
4060
4070
4074
4081
4088
4085
4091
4087
4091
4097
4097
4102
4107
4109
4103
4119
4123
4124
4133
4139
4140
4142
4131
4141
4137
4139
4151
4160
4159
4157
4160
4156
4161
4165
4166
4173
4177
4172
4178
4179
4185
4205
4233
4235
4234
4239
4235
4239
4233
4231
4237
4235
4219
4219
4219
4219
4219
4220
4219
4224
4219
4226
4218
4215
4227
4231
4231
4242
4255
4249
4254
4256
4252
4259
4257
4265
4257
4254
4258
4257
4261
4264
4270
4274
4278
4273
4271
4277
4280
4284
4283
4284
4291
4299
4302
4296
4301
4293
4300
4294
4295
4301
4317
4323
4322
4329
4326
4330
4330
4335
4333
4342
4321
4327
4333
4325
4324
4329
4329
4341
4339
4342
4337
4340
4348
4358
4358
4362
4363
4364
4365
4374
4377
4374
4371
4378
4385
4383
4393
4395
4395
4391
4408
4404
4402
4403
4411
4409
4421
4430
4441
4447
4445
4444
4444
4446
4446
4460
4462
4465
4469
4475
4481
4486
4506
4512
4510
4506
4510
4509
4513
4511
4527
4532
4524
4529
4535
4558
4560
4567
4573
4572
4579
4583
4596
4593
4595
4586
4590
4584
4586
4582
4590
4588
4592
4606
4616
4610
4610
4626
4625
4624
4626
4627
4635
4633
4628
4634
4644
4644
4652
4659
4668
4666
4673
4668
4679
4677
4681
4687
4693
4689
4692
4695
4695
4693
4698
4692
4694
4692
4697
4695
4690
4690
4697
4695
4700
4695
4700
4699
4701
4701
4701
4700
4703
4704
4707
4697
4706
4702
4700
4693
4698
4697
4702
4702
4704
4704
4706
4698
4703
4699
4696
4696
4691
4690
4696
4698
4698
4691
4693
4695
4699
4704
4694
4702
4701
4681
4680
4685
4689
4680
4686
4676
4681
4680
4683
4688
4689
4681
4682
4679
4689
4690
4690
4690
4690
4685
4685
4685
4685
4685
4685
4687
4686
4686
4695
4694
4694
4694
4694
4694
4694
4687
4687
4687
4687
4687
4687
4687
4687
4687
4687
4687
4691
4690
4690
4690
4690
4690
4690
4690
4690
4690
4690
4690
4691
4697
4699
4698
4692
4691
4692
4693
4696
4695
4692
4691
4691
4687
4691
4695
4698
4697
4698
4697
4698
4697
4692
4692
4691
4696
4697
4697
4699
4691
4692
4693
4694
4692
4688
4687
4688
4684
4685
4684
4688
4694
4695
4695
4696
4690
4685
4687
4686
4687
4686
4687
4687
4688
4687
4688
4687
4688
4695
4696
4695
4695
4687
4687
4694
4694
4694
4694
4688
4689
4689
4689
4689
4689
4689
4686
4687
4688
4692
4693
4692
4692
4689
4689
4685
4689
4687
4687
4683
4686
4686
4691
4690
4688
4687
4691
4687
4687
4695
4691
4692
4688
4688
4688
4695
4686
4694
4685
4692
4689
4687
4687
4682
4683
4692
4687
4691
4693
4689
4698
4696
4695
4693
4694
4694
4689
4684
4685
4687
4687
4687
4689
4684
4686
4693
4687
4695
4690
4685
4688
4687
4696
4693
4688
4693
4691
4696
4696
4690
4690
4700
4693
4690
4688
4698
4692
4692
4700
4687
4692
4693
4687
4694
4694
4695
4699
4683
4683
4685
4681
4688
4690
4681
4681
4687
4690
4689
4695
4691
4694
4690
4677
4680
4682
4684
4684
4688
4693
4694
4688
4689
4689
4689
4689
4690
4686
4692
4691
4689
4691
4689
4697
4693
4703
4706
4710
4704
4703
4706
4702
4706
4705
4704
4704
4705
4705
4697
4700
4700
4705
4700
4706
4696
4703
4699
4697
4685
4684
4686
4690
4690
4694
4690
4698
4696
4694
4693
4695
4700
4700
4697
4697
4700
4700
4698
4703
4701
4707
4701
4711
4707
4707
4709
4708
4710
4711
4706
4709
4704
4703
4709
4719
4715
4721
4729
4735
4726
4730
4731
4728
4728
4684
4690
4691
4691
4685
4686
4683
4688
4686
4687
4683
4689
4689
4689
4691
4693
4687
4687
4686
4686
4688
4693
4694
4690
4689
4691
4691
4695
4690
4683
4690
4684
4683
4685
4683
4685
4684
4683
4689
4686
4690
4688
4689
4693
4691
4697
4702
4706
4705
4700
4704
4703
4704
4704
4709
4704
4708
4703
4714
4712
4703
4700
4695
4698
4696
4696
4695
4696
4695
4696
4696
4696
4698
4702
4703
4697
4696
4695
4700
4697
4694
4705
4704
4706
4704
4702
4702
4703
4696
4700
4701
4703
4701
4703
4700
4699
4701
4712
4707
4701
4701
4703
4705
4706
4702
4706
4708
4707
4701
4703
4705
4707
4706
4710
4712
4711
4710
4702
4701
4697
4688
4687
4686
4687
4690
4686
4690
4692
4692
4689
4698
4698
4697
4690
4690
4701
4690
4693
4691
4693
4691
4694
4692
4701
4699
4701
4699
4701
4699
4701
4701
4702
4696
4697
4694
4695
4691
4692
4694
4696
4694
4696
4690
4691
4691
4691
4690
4691
4690
4700
4690
4695
4694
4695
4690
4696
4693
4705
4702
4702
4698
4698
4698
4699
4703
4700
4705
4696
4703
4703
4704
4703
4704
4703
4703
4705
4704
4699
4697
4705
4700
4706
4699
4704
4697
4706
4702
4702
4698
4698
4700
4700
4699
4700
4699
4700
4699
4700
4699
4700
4699
4700
4699
4700
4700
4682
4683
4683
4683
4683
4683
4683
4683
4683
4683
4683
4683
4683
4683
4685
4407
4842
4603
4608
4645
4690
4690
4700
4711
4707
4293
4063
4072
3007
3178
3312
3317
3315
3313
3313
3314
3313
3317
3348
3416
3419
3419
3420
3420
3417
3410
3409
3406
3402
3255
3263
3268
3266
3278
3208
3214
3214
3214
3213
3224
3158
3160
3182
3185
3185
3191
3049
3118
2216
2155
2156
2120
2128
2107
1903
1988
1990
1958
1951
1990
1999
2006
2008
2008
2008
2011
2013
2014
2024
2024
2071
2069
2070
2065
2078
2070
2068
2068
2071
2069
2071
2069
2070
2075
2076
2092
2098
2099
2099
2099
2099
2099
2098
2147
2200
2193
2194
2192
2192
2212
2148
2148
2144
2145
2144
2145
2145
2152
2142
2141
2146
2150
2147
2146
2142
2187
2192
2186
2185
2189
2189
2185
2190
2188
2183
2187
2187
2186
2187
2183
2191
2185
2193
2189
2195
2186
2189
2190
2190
2185
2185
2185
2187
2181
2187
2185
2186
2185
2188
2185
2187
2186
2188
2187
2189
2185
2187
2190
2188
2181
2179
2177
2181
2176
2183
2179
2176
2179
2175
2173
2178
2184
2186
2186
2186
2181
2184
2185
2184
2181
2182
2173
2178
2178
2172
2176
2178
2180
2181
2180
2182
2180
2176
2174
2176
2176
2176
2184
2183
2180
2176
2179
2173
2179
2180
2186
2176
2178
2175
2181
2177
2181
2177
2174
2171
2173
2171
2173
2171
2172
2169
2169
2169
2169
2169
2169
2169
2169
2169
2169
2169
2169
2169
2169
2169
2172
2172
2172
2172
2172
2172
2176
2180
2173
2173
2176
2184
2180
2184
2175
2183
2184
2179
2180
2184
2175
2178
2181
2178
2185
2178
2186
2186
2174
2174
2177
2176
2178
2176
2178
2176
2178
2176
2178
2176
2178
2176
2178
2176
2178
2176
2178
2176
2178
2176
2178
2176
2178
2176
2181
2188
2191
2201
2205
2208
2205
2214
2211
2219
2218
2213
2215
2220
2223
2233
2230
2225
2228
2230
2243
2252
2245
2244
2246
2255
2255
2248
2254
2253
2258
2263
2263
2273
2272
2266
2264
2276
2277
2271
2272
2277
2287
2290
2293
2286
2288
2309
2319
2317
2321
2328
2327
2332
2332
2335
2334
2344
2343
2353
2346
2349
2350
2359
2356
2359
2366
2359
2359
2365
2370
2377
2378
2378
2375
2381
2380
2387
2388
2385
2385
2395
2393
2401
2403
2404
2412
2414
2419
2418
2412
2418
2419
2428
2428
2433
2431
2433
2442
2449
2444
2445
2455
2456
2461
2471
2478
2473
2480
2489
2476
2480
2474
2477
2474
2478
2477
2480
2486
2485
2484
2492
2492
2485
2486
2482
2487
2493
2505
2501
2503
2501
2506
2512
2515
2524
2515
2519
2524
2533
2531
2538
2526
2535
2538
2535
2533
2544
2545
2563
2557
2571
2576
2579
2582
2583
2584
2594
2595
2601
2602
2595
2602
2604
2613
2611
2617
2616
2621
2623
2630
2626
2630
2632
2641
2647
2654
2662
2669
2668
2662
2677
2684
2687
2696
2691
2697
2694
2694
2702
2700
2710
2706
2717
2728
2724
2726
2730
2729
2725
2728
2733
2729
2727
2726
2743
2754
2760
2765
2765
2758
2763
2771
2774
2771
2777
2787
2796
2802
2806
2812
2812
2816
2824
2824
2831
2829
2839
2845
2847
2839
2862
2857
2875
2887
2889
2886
2888
2891
2890
2883
2886
2883
2886
2883
2886
2878
2880
2878
2880
2878
2880
2878
2879
2882
2885
2890
2889
2889
2889
2890
2884
2888
2886
2888
2886
2888
2886
2888
2886
2888
2890
2889
2891
2892
2890
2891
2885
2890
2893
2899
2897
2891
2887
2893
2887
2893
2892
2899
2892
2895
2892
2897
2890
2893
2908
2918
2915
2926
2928
2930
2922
2934
2928
2929
2929
2926
2932
2946
2946
2951
2952
2961
2954
2958
2960
2971
2966
2968
2971
2972
2975
2969
2977
2971
2977
2987
2985
2988
2986
2985
2995
2989
2998
2994
2995
3003
3014
3015
3016
3018
3046
3039
3044
3043
3039
3045
3047
3042
3041
3043
3038
3038
3038
3038
3039
3040
3034
3046
3034
3038
3046
3043
3038
3050
3059
3055
3051
3057
3058
3060
3059
3074
3084
3079
3078
3094
3094
3100
3097
3107
3108
3124
3120
3118
3125
3133
3134
3139
3136
3136
3146
3149
3160
3159
3159
3163
3168
3172
3169
3175
3175
3182
3187
3198
3201
3201
3204
3214
3209
3215
3210
3223
3222
3230
3232
3233
3228
3233
3245
3255
3249
3250
3252
3257
3268
3263
3267
3262
3260
3277
3278
3280
3279
3284
3286
3285
3286
3292
3286
3291
3294
3292
3291
3295
3289
3290
3294
3288
3292
3287
3297
3297
3291
3293
3294
3292
3291
3292
3307
3304
3316
3324
3327
3334
3331
3328
3329
3340
3342
3353
3353
3357
3349
3371
3369
3373
3375
3382
3381
3397
3395
3393
3396
3408
3409
3431
3447
3448
3447
3451
3458
3468
3462
3465
3475
3481
3490
3501
3509
3512
3521
3518
3525
3523
3532
3546
3551
3551
3552
3561
3560
3571
3575
3573
3574
3584
3588
3580
3586
3585
3588
3591
3586
3585
3590
3595
3603
3618
3625
3622
3630
3633
3644
3650
3644
3660
3664
3670
3672
3685
3686
3692
3709
3706
3716
3707
3708
3706
3714
3728
3720
3722
3729
3731
3740
3748
3748
3762
3767
3775
3772
3772
3773
3773
3773
3773
3773
3773
3773
3773
3773
3773
3773
3773
3773
3777
3775
3769
3768
3767
3774
3775
3774
3774
3774
3784
3773
3777
3776
3779
3771
3764
3773
3778
3779
3777
3784
3773
3779
3773
3775
3773
3775
3773
3777
3778
3774
3774
3774
3774
3774
3774
3774
3774
3774
3774
3774
3774
3774
3774
3772
3772
3772
3772
3772
3772
3772
3772
3770
3770
3774
3774
3774
3774
3771
3774
3774
3774
3774
3780
3778
3773
3781
3774
3777
3778
3773
3773
3783
3777
3776
3773
3772
3770
3771
3777
3778
3778
3779
3778
3771
3772
3790
3800
3799
3803
3804
3807
3815
3812
3827
3822
3837
3845
3844
3848
3854
3853
3847
3865
3867
3862
3865
3868
3866
3877
3872
3884
3883
3882
3889
3904
3904
3903
3904
3917
3915
3914
3919
3925
3917
3915
3933
3952
3952
3959
3963
3971
3983
3990
3997
4000
4012
4017
4023
4019
4019
4030
4033
4034
4036
4048
4050
4055
4060
4066
4077
4081
4080
4086
4080
4092
4096
4103
4109
4108
4110
4121
4125
4126
4115
4122
4132
4129
4137
4137
4140
4150
4153
4153
4153
4152
4158
4175
4170
4172
4179
4188
4212
4219
4222
4224
4233
4230
4231
4234
4241
4243
4247
4249
4249
4244
4256
4251
4260
4253
4258
4265
4266
4272
4284
4301
4305
4306
4306
4303
4305
4310
4306
4305
4302
4309
4311
4305
4303
4306
4310
4307
4306
4308
4315
4306
4304
4308
4310
4309
4321
4330
4332
4329
4328
4333
4341
4359
4365
4361
4356
4359
4360
4381
4392
4393
4399
4396
4396
4402
4402
4418
4424
4440
4445
4448
4443
4446
4448
4448
4456
4457
4457
4458
4465
4472
4473
4485
4492
4485
4493
4493
4497
4491
4497
4498
4497
4501
4508
4521
4517
4516
4517
4521
4523
4533
4536
4545
4542
4548
4551
4552
4546
4550
4550
4556
4561
4570
4564
4578
4574
4577
4575
4581
4580
4601
4607
4609
4612
4617
4628
4636
4634
4640
4645
4635
4633
4636
4634
4641
4633
4655
4668
4701
4699
4701
4693
4696
4691
4695
4692
4697
4694
4695
4698
4698
4695
4702
4693
4695
4693
4702
4699
4692
4692
4690
4694
4694
4695
4694
4692
4702
4696
4692
4698
4703
4697
4696
4699
4700
4710
4709
4706
4707
4706
4703
4706
4708
4709
4704
4705
4709
4708
4709
4715
4709
4711
4711
4711
4714
4723
4711
4733
4733
4738
4735
4736
4737
4750
4754
4762
4763
4761
4763
4762
4772
4781
4794
4802
4796
4804
4803
4809
4807
4807
4813
4819
4834
4830
4845
4848
4857
4859
4851
4850
4860
4857
4861
4862
4869
4867
4869
4859
4861
4858
4872
4878
4893
4900
4905
4905
4904
4899
4900
4904
4906
4899
4903
4897
4899
4899
4900
4899
4897
4896
4897
4898
4904
4902
4908
4904
4914
4902
4914
4915
4917
4916
4917
4914
4909
4905
4906
4910
4912
4915
4916
4916
4912
4908
4910
4911
4911
4917
4916
4929
4934
4931
4929
4939
4953
4961
4957
4962
4961
4960
4973
4992
5001
5001
5009
5001
5002
5007
5010
5015
5011
5019
5020
5029
5039
5040
5044
5062
5077
5075
5075
5078
5074
5071
5074
5079
5085
5078
5078
5090
5095
5120
5130
5136
5136
5136
5136
5136
5136
5137
5132
5144
5135
5143
5134
5138
5136
5138
5145
5158
5160
5162
5185
5187
5199
5209
5219
5227
5226
5222
5220
5222
5221
5231
5229
5231
5230
5244
5242
5240
5241
5242
5235
5252
5284
5324
5314
5318
5317
5319
5317
5319
5317
5318
5316
5318
5318
5327
5318
5313
5315
5319
5313
5310
5318
5321
5316
5321
5311
5317
5314
5324
5323
5321
5325
5319
5323
5320
5320
5316
5320
5324
5323
5324
5318
5322
5322
5319
5320
5317
5319
5318
5321
5319
5317
5321
5322
5317
5324
5321
5330
5318
5322
5324
5326
5326
5317
5317
5325
5317
5324
5317
5318
5316
5321
5324
5325
5323
5318
5317
5318
5317
5320
5326
5325
5328
5322
5326
5323
5314
5299
5303
5305
5314
5303
5309
5305
5304
5305
5311
5307
5312
5310
5309
5310
5309
5317
5308
5312
5308
5308
5312
5311
5316
5316
5314
5310
5309
5309
5306
5306
5309
5310
5313
5311
5310
5308
5309
5310
5307
5309
5313
5317
5312
5321
5312
5316
5309
5311
5318
5314
5317
5315
5313
5314
5312
5314
5315
5314
5319
5308
5306
5309
5311
5316
5309
5317
5305
5307
5305
5312
5304
5309
5309
5313
5311
5315
5314
5316
5314
5311
5308
5300
5303
5301
5301
5301
5301
5301
5303
5303
5303
5303
5303
5303
5303
5303
5303
5303
5303
5303
5303
5303
5303
5319
5310
5312
5314
5312
5314
5316
5311
5315
5317
5315
5314
5317
5310
5312
5310
5314
5314
5313
5314
5311
5315
5312
5312
5314
5316
5317
5315
5319
5312
5315
5316
5317
5318
5320
5322
5315
5317
5312
5320
5319
5324
5329
5320
5325
5321
5320
5317
5316
5312
5315
5311
5317
5315
5315
5320
5313
5310
5317
5317
5326
5334
5328
5324
5323
5325
5323
5325
5324
5323
5324
5325
5324
5327
5330
5328
5330
5328
5327
5324
5330
5330
5323
5324
5323
5324
5323
5324
5323
5324
5323
5324
5323
5324
5323
5324
5323
5324
5323
5324
5323
5324
5323
5324
5323
5234
5260
5248
5102
5167
4915
4995
5041
5139
5154
5131
5165
5002
5019
5024
4998
5074
4946
4813
4927
4955
4957
4710
4791
4579
4291
4321
4327
4326
4327
4302
4306
4305
4306
4312
4310
4313
4315
4312
4315
4314
4313
4310
4316
4308
4314
4316
4316
4316
4316
4316
4316
4316
4316
4316
4316
4316
4316
4316
4316
4283
4285
4284
4285
4284
4285
4284
4285
4284
4285
4284
4286
4288
4284
4283
4286
4287
4284
4284
4295
4287
4295
4287
4288
4295
4296
4295
4296
4295
4296
4295
4296
4295
4296
4295
4296
4295
4304
4368
4395
4407
4411
4428
4435
4441
4430
4427
4431
4433
4430
4430
4442
4443
4453
4453
4456
4448
4448
4444
4446
4467
4479
4479
4482
4487
4481
4480
4485
4491
4517
4514
4526
4537
4543
4541
4546
4547
4545
4549
4551
4543
4546
4548
4553
4557
4568
4566
4560
4564
4568
4571
4584
4585
4587
4594
4593
4599
4596
4603
4598
4612
4624
4623
4639
4648
4656
4653
4654
4649
4648
4647
4661
4662
4672
4682
4684
4686
4697
4698
4699
4660
4656
4657
4659
4683
4698
4699
4699
4699
4699
4699
4699
4699
4702
4691
4697
4703
4695
4698
4702
4697
4702
4692
4696
4696
4696
4698
4698
4699
4702
4707
4709
4708
4714
4713
4713
4716
4716
4712
4716
4716
4718
4724
4724
4724
4720
4720
4725
4724
4714
4734
4726
4749
4742
4734
4745
4760
4765
4769
4763
4776
4777
4776
4786
4800
4795
4793
4796
4805
4809
4805
4807
4803
4806
4813
4813
4824
4833
4826
4838
4846
4849
4850
4847
4851
4849
4845
4863
4878
4887
4892
4888
4889
4888
4887
4889
4887
4897
4901
4905
4898
4896
4897
4898
4898
4894
4896
4895
4896
4895
4896
4891
4904
4908
4906
4911
4913
4910
4923
4915
4935
4933
4935
4931
4939
4943
4966
4973
4970
4984
4977
4979
4981
4978
4987
4977
4981
4984
4995
4993
5002
5006
5012
5023
5029
5023
5028
5026
5028
5024
5033
5032
5030
5031
5062
5077
5089
5088
5090
5088
5090
5090
5092
5092
5091
5099
5097
5095
5106
5105
5106
5109
5112
5102
5109
5118
5121
5121
5128
5132
5141
5136
5134
5134
5133
5138
5150
5166
5181
5186
5186
5186
5183
5189
5181
5187
5190
5190
5190
5190
5185
5204
5202
5200
5198
5205
5202
5206
5215
5212
5214
5208
5206
5205
5206
5205
5210
5203
5212
5205
5206
5200
5204
5202
5201
5209
5208
5208
5209
5209
5215
5209
5212
5210
5214
5213
5210
5206
5207
5212
5214
5214
5220
5223
5217
5217
5217
5213
5221
5216
5211
5215
5212
5222
5218
5216
5215
5215
5211
5211
5211
5211
5211
5211
5211
5211
5211
5211
5211
5211
5211
5212
5211
5212
5211
5212
5211
5212
5211
5212
5211
5212
5222
5220
5212
5213
5207
5215
5209
5212
5214
5217
5217
5216
5219
5217
5217
5214
5212
5213
5211
5207
5205
5212
5209
5210
5210
5210
5212
5216
5216
5214
5213
5213
5208
5211
5211
5216
5217
5212
5212
5208
5213
5210
5216
5216
5213
5217
5217
5217
5208
5209
5208
5209
5208
5206
5204
5201
5213
5216
5212
5213
5217
5218
5226
5228
5231
5232
5224
5229
5228
5229
5230
5244
5242
5243
5252
5246
5248
5249
5248
5256
5255
5251
5249
5250
5255
5252
5254
5257
5250
5253
5246
5247
5254
5256
5255
5259
5260
5265
5255
5262
5260
5268
5259
5262
5261
5272
5269
5274
5279
5276
5278
5279
5279
5280
5281
5275
5276
5279
5278
5285
5278
5287
5286
5286
5280
5287
5274
5279
5278
5279
5286
5287
5279
5279
5275
5281
5278
5279
5283
5284
5278
5284
5284
5285
5277
5283
5282
5274
5273
5275
5274
5275
5283
5282
5275
5277
5278
5278
5281
5283
5283
5289
5276
5277
5284
5285
5285
5286
5283
5283
5283
5283
5284
5286
5284
5281
5284
5276
5282
5284
5277
5280
5275
5278
5278
5280
5280
5280
5284
5286
5286
5286
5279
5278
5278
5286
5279
5282
5281
5286
5278
5278
5280
5287
5279
5284
5289
5285
5285
5289
5281
5288
5282
5279
5280
5290
5282
5286
5290
5290
5282
5282
5287
5281
5287
5285
5284
5284
5276
5276
5276
5276
5284
5276
5284
5278
5287
5277
5284
5284
5283
5284
5286
5287
5285
5281
5277
5279
5284
5279
5277
5279
5279
5287
5285
5279
5277
5287
5270
5272
5274
5284
5282
5277
5275
5277
5274
5280
5278
5282
5283
5284
5286
5288
5289
5288
5289
5281
5284
5286
5286
5287
5293
5292
5299
5301
5302
5301
5300
5299
5293
5288
5300
5291
5293
5292
5299
5301
5299
5313
5314
5313
5315
5318
5319
5318
5319
5318
5324
5317
5315
5323
5317
5313
5312
5316
5318
5322
5321
5313
5315
5311
5309
5307
5313
5314
5322
5316
5316
5317
5313
5309
5317
5304
5303
5310
5315
5310
5311
5310
5312
5311
5317
5310
5317
5318
5316
5316
5320
5311
5312
5311
5320
5312
5313
5312
5314
5321
5319
5328
5328
5316
5317
5317
5324
5324
5325
5322
5326
5335
5335
5334
5339
5331
5339
5337
5334
5336
5331
5332
5336
5334
5327
5327
5324
5330
5333
5333
5334
5328
5334
5327
5329
5325
5325
5325
5329
5328
5328
5334
5334
5334
5331
5332
5339
5337
5335
5335
5341
5340
5332
5335
5336
5333
5341
5338
5332
5338
5339
5339
5340
5340
5340
5335
5334
5336
5334
5332
5333
5333
5334
5330
5330
5330
5330
5330
5330
5328
5329
5332
5330
5334
5331
5337
5337
5338
5338
5339
5339
5339
5339
5339
5339
5337
5333
5333
5332
5330
5331
5328
5333
5331
5335
5328
5326
5325
5329
5324
5327
5323
5331
5331
5330
5320
5321
5327
5325
5323
5326
5320
5322
5326
5325
5329
5325
5324
5330
5335
5327
5331
5327
5325
5331
5330
5336
5325
5332
5333
5332
5328
5323
5320
5325
5323
5320
5319
5318
5330
5332
5321
5319
5324
5325
5331
5329
5331
5324
5326
5330
5325
5327
5328
5329
5330
5329
5333
5332
5328
5327
5323
5329
5332
5331
5333
5332
5336
5335
5328
5330
5334
5323
5331
5329
5332
5335
5332
5332
5336
5331
5338
5340
5342
5334
5339
5335
5342
5340
5342
5328
5329
5331
5325
5323
5326
5336
5336
5343
5332
5336
5335
5335
5335
5341
5342
5334
5335
5334
5342
5334
5335
5341
5340
5339
5332
5342
5344
5343
5344
5337
5346
5340
5346
5347
5348
5350
5347
5351
5356
5352
5354
5358
5356
5355
5354
5356
5350
5360
5365
5373
5375
5381
5391
5392
5391
5384
5390
5384
5391
5383
5384
5397
5402
5411
5413
5419
5416
5416
5416
5416
5416
5417
5414
5421
5418
5420
5416
5425
5423
5423
5421
5415
5423
5423
5418
5423
5424
5419
5419
5420
5419
5415
5421
5418
5416
5427
5425
5417
5418
5416
5418
5421
5422
5418
5421
5423
5419
5420
5419
5420
5430
5423
5426
5424
5419
5423
5421
5423
5423
5425
5431
5421
5429
5426
5433
5422
5433
5434
5425
5423
5430
5430
5437
5434
5427
5425
5427
5433
5435
5433
5435
5433
5435
5433
5432
5425
5426
5425
5427
5426
5428
5425
5429
5426
5429
5434
5437
5434
5437
5434
5437
5434
5428
5428
5412
5421
5420
5414
5413
5416
5408
5413
5413
5420
5416
5414
5407
5417
5414
5418
5412
5410
5408
5411
5410
5409
5410
5413
5420
5413
5422
5419
5424
5415
5417
5419
5411
5407
5411
5414
5418
5421
5423
5417
5421
5425
5416
5420
5421
5421
5416
5419
5417
5426
5420
5425
5422
5427
5423
5426
5417
5418
5417
5424
5407
5407
5401
5407
5406
5413
5406
5414
5405
5407
5408
5408
5408
5408
5408
5406
5411
5406
5408
5414
5408
5415
5411
5413
5414
5414
5414
5415
5417
5413
5413
5402
5406
5414
5406
5414
5413
5409
5410
5409
5407
5411
5414
5410
5412
5410
5411
5411
5411
5411
5411
5411
5412
5415
5408
5411
5413
5407
5406
5408
5403
5403
5403
5403
5402
5402
5401
5397
5407
5401
5400
5401
5401
5401
5400
5403
5401
5404
5405
5398
5399
5402
5409
5403
5403
5403
5408
5403
5402
5410
5413
5408
5408
5406
5404
5409
5404
5407
5412
5407
5404
5405
5408
5408
5416
5419
5415
5414
5419
5419
5414
5412
5416
5415
5420
5412
5419
5411
5419
5419
5419
5421
5419
5420
5413
5411
5410
5421
5422
5417
5421
5421
5419
5420
5425
5432
5433
5423
5425
5431
5425
5435
5423
5430
5436
5435
5433
5439
5436
5434
5432
5434
5442
5448
5448
5456
5458
5454
5457
5452
5465
5462
5459
5457
5463
5450
5455
5450
5458
5445
5451
5455
5452
5462
5459
5458
5466
5465
5456
5458
5457
5456
5459
5459
5470
5463
5462
5460
5466
5469
5477
5476
5476
5474
5470
5473
5483
5487
5483
5480
5480
5478
5482
5492
5497
5488
5495
5491
5496
5502
5499
5497
5500
5498
5508
5502
5504
5512
5512
5511
5519
5514
5519
5507
5512
5500
5511
5511
5501
5511
5508
5515
5518
5521
5525
5532
5533
5534
5533
5538
5536
5535
5549
5544
5542
5541
5553
5551
5547
5549
5549
5556
5555
5552
5565
5558
5565
5568
5563
5565
5560
5571
5566
5566
5569
5571
5582
5570
5573
5577
5580
5587
5588
5588
5597
5602
5607
5606
5610
5600
5599
5590
5595
5596
5601
5581
5583
5582
5582
5578
5578
5578
5578
5578
5578
5578
5578
5578
5578
5578
5583
5583
5583
5583
5583
5583
5583
5583
5583
5583
5583
5583
5583
5583
5583
5538
5318
5207
4978
4815
4617
4309
4259
4166
4165
4049
4086
4097
4101
4122
4224
4227
4235
4235
4233
4231
4233
4232
4229
4230
4229
4230
4229
4230
4226
4274
4273
4274
4273
4274
4273
4274
4275
4293
4292
4295
4297
4301
4297
4318
4269
4269
4271
4270
4269
4266
4269
4275
4274
4278
4277
4278
4276
4274
4272
4276
4279
4268
4275
4273
4277
4275
4275
4281
4285
4285
4293
4296
4301
4295
4261
4257
4269
4268
4269
4272
4280
4272
4280
4279
4291
4291
4298
4299
4297
4305
4310
4301
4303
4303
4306
4298
4308
4304
4311
4301
4316
4315
4328
4323
4324
4321
4334
4330
4338
4330
4337
4340
4355
4362
4365
4362
4370
4369
4369
4381
4385
4391
4394
4390
4393
4392
4394
4401
4410
4410
4411
4415
4415
4422
4429
4435
4444
4438
4442
4444
4446
4440
4450
4451
4457
4447
4458
4456
4456
4463
4462
4456
4466
4482
4488
4477
4480
4481
4493
4494
4498
4498
4496
4514
4516
4518
4527
4523
4528
4534
4539
4537
4547
4537
4547
4552
4549
4553
4555
4550
4559
4553
4557
4556
4559
4556
4565
4558
4561
4565
4569
4560
4576
4570
4567
4573
4578
4566
4582
4589
4586
4584
4581
4585
4586
4595
4601
4605
4604
4610
4612
4619
4619
4617
4613
4619
4622
4624
4631
4638
4642
4650
4659
4653
4656
4660
4671
4679
4688
4690
4694
4690
4687
4684
4686
4685
4695
4693
4685
4689
4688
4697
4696
4716
4738
4765
4767
4765
4770
4772
4775
4783
4774
4776
4775
4771
4830
4888
4899
4896
4890
4892
4894
4912
4918
4920
4921
4914
4926
4936
4938
4948
4942
4937
4943
4941
4941
4951
4968
4973
4967
4976
4972
4968
4977
4986
4977
4978
4985
4977
4979
4977
4975
4980
4982
4980
4979
4980
4982
4978
4978
4988
4976
4978
4972
4982
4979
4983
4979
4981
4978
4984
4978
4982
4982
4986
4981
4986
4980
4978
4974
4978
4975
4982
4979
4982
4975
4982
4980
4986
4976
4983
4971
4974
4980
4981
4976
4975
4981
4988
4978
4978
4981
4979
4981
4983
4981
4987
4984
4991
4984
4986
4983
4985
4979
4987
4982
4982
4988
4977
4975
4975
4968
4974
4975
4972
4976
4976
4969
4972
4969
4977
4977
4971
4959
4967
4970
4968
4966
4968
4971
4975
4976
4973
4969
4977
4976
4972
4965
4970
4967
4968
4972
4972
4973
4970
4975
4977
4967
4970
4972
4970
4964
4967
4976
4967
4964
4967
4964
4967
4990
4997
4993
4996
4984
4996
4996
5007
5009
5017
5019
5019
5019
5021
5016
5019
5017
5028
5032
5035
5030
5031
5032
5034
5033
5036
5040
5040
5048
5051
5051
5052
5044
5059
5057
5063
5066
5070
5073
5065
5068
5070
5058
5062
5068
5064
5062
5064
5074
5076
5074
5078
5074
5081
5078
5080
5081
5089
5088
5089
5084
5091
5096
5087
5089
5093
5099
5094
5096
5095
5098
5103
5104
5104
5105
5109
5106
5117
5120
5124
5126
5134
5121
5132
5145
5144
5146
5146
5157
5159
5161
5156
5154
5160
5162
5166
5167
5166
5175
5166
5160
5166
5161
5164
5162
5162
5170
5169
5180
5181
5182
5186
5189
5194
5187
5183
5187
5184
5184
5188
5185
5184
5183
5185
5180
5185
5186
5188
5192
5186
5193
5182
5190
5182
5185
5184
5187
5184
5193
5194
5191
5190
5194
5190
5201
5192
5200
5196
5200
5196
5200
5197
5201
5202
5200
5202
5202
5199
5205
5200
5198
5199
5201
5202
5200
5202
5200
5201
5195
5200
5200
5200
5199
5204
5185
5185
5188
5178
5188
5186
5189
5186
5181
5178
5181
5178
5185
5180
5181
5177
5181
5179
5181
5187
5185
5188
5183
5184
5192
5181
5185
5179
5183
5182
5188
5186
5189
5177
5179
5185
5181
5178
5191
5182
5182
5177
5180
5178
5180
5177
5181
5177
5181
5177
5181
5177
5180
5178
5180
5176
5180
5177
5180
5176
5186
5186
5187
5186
5187
5186
5187
5186
5187
5186
5187
5186
5187
5167
5190
5181
5181
5182
5181
5182
5181
5182
5181
5182
5181
5182
5181
5182
5181
5182
5200
5200
5200
5200
5200
5200
5200
5200
4992
5028
5042
4880
4706
4613
4445
4482
4215
3502
3591
3598
3626
3628
3514
3061
2700
2602
2606
2609
2608
2611
2614
2614
1837
1799
1768
1769
1479
1092
745
763
658
632
415
415
329
257
0
0
0
0
0
0
0
0
0
2
9
9
3
0
4
9
0
0
0
0
0
0
0
0
0
0
0
0
0
0
0
0
0
0
0
0
0
0
0
0
0
0
0
0
0
0
4
4
0
4
0
12
6
4
0
5
0
4
12
9
5
11
12
11
5
4
7
4
1
4
4
14
24
23
31
35
25
28
34
40
39
47
45
43
47
46
45
61
62
71
69
70
76
82
78
80
73
74
85
91
95
92
94
93
102
105
116
110
113
113
116
121
119
127
127
122
123
127
145
147
146
148
160
165
168
182
182
183
186
187
190
196
203
212
213
206
207
217
216
219
224
217
219
231
225
232
228
234
234
241
241
248
251
244
245
253
274
273
266
266
266
270
278
273
270
279
282
298
295
301
314
306
307
305
318
312
314
317
314
317
316
318
325
320
327
323
324
329
324
327
336
329
338
337
336
339
339
339
339
345
345
345
345
348
356
358
362
364
365
354
352
354
363
364
375
365
367
370
375
378
380
382
399
419
433
455
464
456
456
456
452
457
455
456
456
464
479
512
521
546
560
571
594
622
656
689
731
763
790
816
810
812
814
815
820
820
820
820
820
824
825
826
828
833
827
824
830
833
829
831
831
825
824
824
822
822
829
820
824
824
827
826
832
824
831
823
823
823
824
831
825
824
827
830
824
829
828
829
830
829
830
836
849
854
860
857
859
867
869
872
874
873
874
881
882
890
893
890
886
889
892
905
911
904
914
918
915
915
911
918
921
931
929
922
919
935
936
945
952
949
955
957
951
953
946
961
958
970
966
962
974
973
978
988
986
985
990
996
1016
1013
1026
1024
1044
1040
1040
1039
1053
1057
1052
1059
1057
1058
1059
1066
1066
1074
1078
1079
1082
1084
1084
1093
1097
1099
1106
1104
1111
1103
1110
1116
1118
1134
1138
1137
1130
1135
1135
1137
1142
1150
1154
1159
1168
1170
1170
1169
1173
1176
1187
1188
1188
1185
1188
1188
1189
1187
1194
1194
1199
1201
1216
1216
1223
1227
1222
1224
1231
1230
1237
1231
1232
1235
1238
1244
1256
1257
1258
1259
1262
1265
1264
1269
1280
1288
1297
1297
1300
1303
1309
1323
1338
1355
1375
1377
1383
1379
1385
1375
1382
1395
1395
1400
1398
1409
1404
1408
1416
1413
1425
1427
1431
1424
1428
1435
1437
1441
1455
1450
1459
1436
1435
1448
1453
1461
1468
1475
1481
1482
1482
1486
1487
1482
1480
1493
1503
1515
1514
1518
1519
1520
1520
1517
1517
1518
1516
1523
1516
1520
1519
1522
1516
1518
1525
1528
1520
1519
1525
1522
1529
1524
1523
1523
1523
1525
1524
1523
1524
1525
1522
1528
1528
1524
1523
1528
1527
1536
1540
1537
1541
1538
1540
1541
1533
1535
1541
1542
1540
1543
1543
1544
1543
1544
1550
1552
1553
1547
1552
1544
1547
1548
1554
1555
1554
1555
1554
1555
1552
1552
1551
1546
1545
1553
1545
1546
1552
1553
1544
1553
1545
1546
1551
1546
1548
1554
1544
1547
1548
1541
1544
1545
1553
1560
1559
1557
1569
1571
1569
1576
1571
1571
1578
1590
1585
1583
1584
1580
1586
1584
1597
1592
1597
1600
1605
1602
1598
1602
1605
1613
1615
1611
1614
1614
1614
1615
1628
1631
1634
1633
1644
1650
1644
1640
1644
1644
1653
1654
1663
1657
1663
1674
1686
1686
1687
1688
1695
1694
1696
1707
1701
1700
1706
1701
1708
1703
1711
1710
1717
1720
1711
1716
1726
1724
1729
1734
1746
1743
1749
1745
1753
1749
1747
1766
1768
1765
1777
1776
1781
1791
1787
1796
1794
1790
1794
1799
1802
1808
1806
1811
1817
1812
1812
1823
1835
1828
1835
1844
1847
1846
1853
1853
1857
1871
1865
1868
1869
1867
1876
1889
1895
1897
1896
1901
1909
1905
1916
1914
1913
1916
1925
1932
1929
1929
1940
1933
1931
1941
1946
1947
1951
1958
1957
1959
1957
1968
1973
1963
1970
1980
1978
1983
1981
1990
2000
1995
1999
2005
1996
1997
1999
2003
2004
2002
2003
2003
2000
2004
2008
2002
2009
2001
2008
2017
2015
2007
1990
1995
1997
1998
2006
2003
2011
2019
2019
2015
2022
2021
2026
2036
2036
2033
2043
2047
2051
2052
2056
2056
2059
2060
2073
2072
2069
2075
2076
2079
2085
2082
2086
2094
2089
2087
2100
2112
2130
2134
2133
2139
2134
2135
2133
2131
2127
2125
2135
2127
2131
2126
2134
2142
2133
2142
2142
2142
2142
2141
2156
2162
2171
2175
2180
2185
2185
2185
2189
2200
2205
2203
2203
2209
2206
2207
2211
2212
2214
2210
2224
2233
2233
2233
2233
2235
2237
2235
2232
2233
2230
2233
2226
2228
2228
2235
2228
2236
2228
2224
2224
2224
2232
2228
2228
2238
2243
2250
2250
2241
2250
2251
2256
2261
2256
2265
2274
2284
2286
2283
2271
2283
2289
2293
2296
2293
2299
2302
2305
2309
2312
2310
2307
2309
2309
2309
2319
2310
2311
2316
2316
2318
2325
2326
2330
2330
2345
2345
2346
2354
2351
2354
2357
2364
2358
2365
2379
2373
2384
2381
2383
2395
2396
2395
2393
2406
2410
2411
2403
2407
2403
2414
2417
2419
2432
2442
2444
2444
2445
2450
2448
2459
2468
2475
2471
2475
2472
2481
2483
2489
2483
2488
2489
2497
2494
2499
2493
2490
2497
2501
2505
2507
2510
2513
2522
2530
2524
2525
2527
2535
2545
2546
2550
2550
2555
2560
2568
2578
2576
2578
2574
2581
2580
2581
2588
2583
2591
2595
2600
2606
2598
2607
2598
2606
2607
2613
2606
2617
2607
2610
2610
2609
2604
2610
2608
2611
2610
2616
2624
2627
2620
2631
2640
2650
2655
2648
2649
2649
2656
2673
2671
2670
2665
2678
2670
2670
2674
2670
2680
2686
2683
2688
2691
2702
2707
2699
2703
2700
2718
2736
2740
2745
2743
2739
2747
2733
2734
2738
2737
2743
2733
2731
2737
2734
2736
2736
2734
2739
2735
2736
2738
2728
2731
2728
2740
2729
2729
2730
2729
2731
2735
2737
2740
2732
2735
2736
2741
2743
2740
2741
2736
2738
2743
2736
2744
2743
2743
2744
2737
2736
2729
2739
2729
2729
2740
2740
2737
2745
2746
2749
2739
2741
2757
2755
2756
2762
2763
2766
2767
2772
2782
2774
2782
2774
2785
2773
2775
2782
2789
2783
2795
2791
2786
2791
2796
2791
2793
2799
2797
2791
2791
2794
2790
2796
2795
2794
2796
2805
2810
2813
2808
2816
2820
2836
2827
2845
2841
2844
2842
2859
2856
2856
2857
2862
2869
2872
2894
2891
2896
2895
2900
2900
2899
2894
2901
2908
2909
2936
2936
2933
2934
2938
2957
2953
2951
2952
2950
2958
2966
2964
2971
2980
2993
2994
3001
2996
2997
2999
3018
3036
3038
3037
3043
3038
3036
3042
3050
3052
3046
3056
3048
3063
3064
3064
3064
3064
3064
3064
3069
3072
3074
3075
3074
3075
3082
3074
3077
3077
3078
3079
3082
3075
3076
3077
3075
3075
3080
3079
3075
3074
3075
3074
3081
3081
3075
3074
3075
3074
3075
3084
3084
3089
3098
3089
3090
3091
3108
3118
3118
3124
3124
3125
3130
3123
3122
3127
3129
3135
3149
3148
3150
3142
3144
3149
3143
3150
3145
3147
3150
3150
3146
3141
3147
3147
3140
3136
3137
3142
3142
3148
3149
3155
3166
3173
3181
3181
3178
3178
3179
3185
3197
3197
3198
3203
3198
3195
3193
3198
3219
3232
3233
3231
3236
3234
3233
3238
3241
3235
3238
3246
3243
3239
3238
3241
3239
3248
3241
3249
3247
3257
3250
3253
3268
3268
3264
3273
3264
3271
3270
3292
3302
3301
3306
3305
3306
3306
3314
3313
3318
3318
3317
3320
3322
3318
3323
3317
3321
3323
3340
3332
3333
3332
3335
3344
3349
3348
3357
3356
3369
3374
3378
3382
3378
3382
3389
3389
3397
3394
3396
3405
3409
3418
3427
3427
3429
3429
3428
3440
3446
3450
3451
3456
3453
3471
3477
3493
3491
3496
3493
3491
3502
3496
3498
3500
3515
3526
3531
3531
3531
3538
3534
3541
3531
3545
3543
3547
3548
3557
3563
3562
3567
3565
3563
3569
3570
3580
3588
3592
3590
3591
3597
3603
3615
3624
3624
3614
3617
3621
3639
3647
3653
3649
3649
3651
3654
3658
3650
3664
3659
3670
3675
3677
3687
3693
3702
3715
3713
3713
3714
3712
3706
3710
3705
3732
3750
3757
3756
3759
3757
3758
3756
3759
3766
3764
3770
3768
3764
3768
3775
3768
3762
3774
3773
3766
3766
3770
3762
3771
3772
3774
3773
3763
3764
3772
3764
3764
3763
3765
3758
3769
3764
3768
3774
3775
3769
3765
3765
3769
3766
3770
3771
3767
3769
3768
3765
3769
3770
3766
3768
3771
3766
3766
3765
3773
3772
3772
3766
3767
3771
3771
3770
3768
3761
3770
3763
3764
3765
3771
3769
3764
3769
3770
3770
3770
3768
3770
3772
3772
3772
3773
3770
3768
3768
3772
3769
3765
3771
3767
3769
3774
3775
3778
3778
3778
3779
3772
3774
3775
3771
3777
3777
3777
3781
3782
3780
3781
3782
3780
3782
3781
3774
3774
3774
3774
3774
3774
3774
3774
3774
3774
3775
3768
3775
3771
3767
3769
3767
3774
3770
3774
3770
3768
3766
3771
3773
3770
3771
3772
3771
3771
3763
3764
3767
3771
3772
3768
3765
3763
3772
3767
3775
3767
3767
3766
3766
3766
3767
3766
3767
3767
3769
3767
3765
3763
3764
3763
3765
3771
3773
3773
3774
3773
3778
3773
3772
3774
3771
3778
3775
3778
3772
3776
3781
3783
3773
3771
3776
3771
3767
3770
3769
3773
3768
3765
3774
3767
3768
3768
3763
3766
3766
3761
3763
3765
3768
3765
3769
3765
3769
3768
3769
3769
3773
3769
3762
3760
3760
3767
3766
3759
3767
3765
3760
3759
3764
3760
3760
3758
3761
3756
3760
3764
3762
3762
3761
3770
3763
3766
3763
3764
3765
3764
3768
3765
3769
3771
3768
3763
3765
3765
3771
3770
3769
3765
3769
3768
3769
3774
3763
3765
3766
3762
3761
3766
3767
3771
3767
3774
3771
3769
3773
3763
3766
3766
3766
3764
3764
3765
3770
3769
3766
3763
3767
3766
3765
3768
3771
3768
3762
3775
3769
3766
3772
3766
3773
3766
3766
3766
3762
3762
3762
3762
3762
3762
3762
3760
3759
3760
3759
3760
3759
3760
3759
3760
3759
3760
3759
3760
3759
3760
3757
3758
3763
3762
3763
3762
3767
3762
3768
3762
3762
3761
3764
3763
3763
3766
3766
3764
3766
3768
3774
3770
3769
3777
3775
3766
3772
3769
3773
3772
3761
3764
3766
3766
3770
3768
3774
3764
3770
3767
3769
3768
3769
3774
3772
3769
3767
3768
3765
3766
3766
3763
3759
3761
3766
3765
3767
3768
3767
3768
3768
3762
3760
3764
3765
3767
3771
3766
3765
3764
3767
3764
3767
3770
3761
3774
3769
3772
3761
3765
3769
3773
3773
3770
3767
3777
3777
3772
3777
3775
3773
3769
3769
3769
3769
3770
3770
3767
3769
3773
3772
3775
3775
3775
3776
3766
3765
3765
3768
3771
3759
3760
3763
3769
3760
3763
3766
3767
3766
3770
3766
3766
3766
3770
3764
3764
3768
3768
3765
3760
3767
3766
3768
3761
3767
3762
3764
3764
3763
3765
3764
3765
3764
3765
3764
3765
3764
3765
3760
3763
3754
3754
3758
3754
3757
3753
3758
3753
3759
3762
3764
3767
3767
3767
3768
3762
3764
3763
3762
3765
3754
3753
3762
3758
3758
3764
3762
3761
3761
3760
3759
3753
3753
3763
3750
3759
3754
3755
3756
3755
3753
3754
3753
3753
3751
3764
3764
3766
3765
3756
3759
3757
3759
3757
3755
3757
3756
3757
3757
3761
3764
3764
3763
3758
3758
3759
3758
3755
3754
3755
3760
3760
3759
3756
3755
3767
3767
3773
3771
3773
3768
3772
3773
3775
3766
3769
3762
3763
3768
3766
3773
3768
3768
3766
3775
3778
3778
3771
3770
3774
3769
3766
3771
3770
3770
3768
3767
3771
3765
3768
3765
3773
3772
3773
3772
3767
3766
3767
3773
3773
3763
3764
3765
3771
3772
3771
3772
3771
3765
3764
3772
3770
3773
3772
3773
3772
3773
3772
3773
3770
3772
3771
3772
3771
3763
3767
3769
3768
3765
3764
3770
3771
3766
3766
3771
3771
3772
3771
3772
3774
3774
3774
3767
3762
3765
3773
3766
3763
3768
3762
3761
3760
3763
3765
3770
3762
3760
3763
3765
3761
3758
3767
3767
3770
3772
3760
3766
3771
3771
3764
3766
3764
3766
3769
3767
3766
3770
3773
3776
3773
3768
3763
3764
3764
3772
3765
3765
3761
3768
3763
3770
3762
3766
3763
3764
3766
3767
3768
3761
3763
3767
3768
3768
3775
3768
3769
3768
3767
3771
3767
3768
3767
3774
3769
3772
3767
3772
3775
3769
3773
3769
3767
3768
3766
3767
3766
3767
3766
3767
3766
3772
3772
3767
3766
3772
3767
3765
3763
3763
3768
3768
3770
3764
3764
3769
3767
3763
3767
3765
3768
3767
3758
3769
3767
3763
3764
3766
3762
3766
3766
3765
3766
3761
3758
3773
3762
3762
3763
3762
3764
3761
3764
3760
3761
3764
3760
3762
3758
3759
3757
3770
3770
3774
3772
3770
3766
3766
3766
3767
3771
3772
3769
3769
3768
3770
3769
3769
3768
3773
3770
3769
3780
3773
3774
3779
3779
3770
3767
3771
3773
3768
3766
3768
3762
3768
3766
3769
3764
3774
3766
3774
3768
3770
3767
3769
3771
3765
3775
3765
3767
3770
3774
3772
3774
3772
3775
3765
3767
3765
3767
3766
3767
3770
3772
3769
3766
3760
3767
3772
3774
3772
3774
3772
3774
3772
3774
3772
3774
3772
3766
3764
3763
3766
3766
3766
3766
3773
3774
3773
3774
3774
3775
3774
3775
3774
3767
3766
3767
3766
3774
3773
3774
3773
3774
3774
3771
3772
3774
3772
3774
3772
3772
3770
3770
3768
3770
3768
3771
3766
3775
3773
3775
3773
3767
3765
3765
3761
3763
3770
3772
3772
3772
3772
3773
3775
3771
3768
3771
3768
3771
3768
3767
3774
3777
3767
3775
3773
3777
3767
3769
3774
3775
3766
3770
3766
3768
3766
3767
3770
3770
3764
3770
3768
3770
3769
3764
3764
3768
3769
3772
3764
3766
3771
3773
3768
3774
3772
3773
3772
