15	18
96	99
125	128
129	131
132	140
165	168
185	198
199	202
204	214
218	238
239	243
244	252
254	257
267	271
272	300
302	345
346	351
359	363
365	384
385	451
452	469
480	483
495	514
519	530
531	532
533	558
564	567
571	581
587	591
594	604
607	631
633	634
638	661
662	664
665	694
696	702
709	718
719	727
728	742
750	752
753	762
764	773
783	799
804	807
828	831
840	843
875	884
886	890
891	902
903	926
927	946
947	952
955	995
996	1007
1016	1019
1032	1062
1065	1069
1071	1203
1206	1210
1220	1227
1236	1252
1255	1259
1260	1262
1265	1272
1284	1292
1293	1295
1296	1299
1311	1312
1313	1316
1317	1330
1334	1378
1381	1390
1392	1398
1400	1410
1412	1458
1462	1491
1493	1542
1544	1570
1572	1579
1587	1591
1592	1613
1617	1625
1627	1630
1631	1690
1692	1698
1709	1715
1716	1723
1724	1784
1785	1798
1799	1830
1831	1834
1838	1864
1865	1868
1875	1877
1878	1893
1905	1907
1908	1910
1918	1924
1944	1949
1950	1953
1956	1959
1968	1971
1988	1991
1992	1996
2006	2008
2010	2014
2025	2034
2057	2060
2065	2079
2084	2088
2093	2098
2116	2124
2128	2151
2152	2158
2159	2169
2170	2171
2176	2197
2201	2203
2206	2233
2234	2260
2261	2271
2273	2286
2291	2319
2320	2329
2330	2382
2384	2391
2406	2409
2410	2415
2424	2432
2433	2439
2448	2457
2458	2459
2472	2475
2492	2499
2506	2511
2513	2524
2527	2540
2546	2549
2551	2562
2563	2571
2580	2584
2588	2600
2610	2614
2616	2619
2655	2658
2662	2663
2670	2673
2702	2709
2724	2727
2736	2738
2748	2751
2772	2775
2786	2827
2828	2879
2880	2885
2886	2897
2902	2907
2910	2973
2974	2984
2990	3011
3012	3027
3030	3033
3039	3043
3045	3051
3055	3063
3081	3143
3144	3147
3148	3163
3164	3172
3173	3176
3177	3222
3224	3227
3228	3232
3240	3303
3304	3308
3310	3352
3363	3387
3389	3393
3415	3418
3420	3423
3424	3428
3432	3438
3447	3580
3581	3659
3662	3664
3665	3695
3698	3701
3706	3711
3715	3717
3719	3723
3732	3742
3743	3747
3749	3785
3786	3796
3800	3807
3813	3818
3822	3829
3834	3837
3838	3874
3876	3882
3885	3891
3894	3916
3919	3927
3932	4043
4044	4059
4065	4078
4079	4098
4104	4107
4110	4113
4119	4121
4122	4126
4127	4130
4131	4171
4172	4173
4183	4189
4200	4203
4223	4227
4230	4232
4235	4237
4243	4263
4287	4291
4308	4311
4313	4324
4325	4359
4360	4407
4411	4420
4421	4422
4424	4437
4445	4481
4482	4494
4499	4503
4507	4531
4534	4546
4547	4548
4549	4554
4556	4587
4588	4593
4596	4599
4600	4640
4644	4647
4648	4651
4668	4671
4677	4680
4683	4691
4692	4696
4716	4719
4726	4731
4734	4746
4748	4763
4765	4771
4772	4798
4800	4803
4818	4820
4829	4832
4837	4844
4847	4853
4854	4856
4860	4863
4875	4878
4888	4911
4912	4919
4920	4923
4950	4953
4954	4960
4961	4964
4967	4970
4974	4983
4985	4998
5003	5022
5024	5025
5027	5033
5037	5074
5078	5123
5124	5129
5130	5147
5148	5198
5199	5202
5203	5213
5217	5226
5240	5247
5259	5263
5266	5314
5316	5320
5327	5344
5348	5359
5367	5369
5371	5373
5388	5391
5406	5467
5471	5476
5477	5487
5493	5495
5512	5523
5535	5542
5544	5556
5568	5571
5587	5610
5611	5624
5625	5637
5640	5643
5644	5646
5647	5667
5669	5684
5686	5733
5734	5751
5760	5763
5788	5801
5805	5811
5814	5823
5835	5871
5874	5924
5925	5956
5957	5958
5959	5980
5981	6017
6018	6072
6077	6088
6090	6101
6103	6113
6117	6123
6124	6126
6132	6161
6166	6171
6186	6197
6198	6199
6201	6202
6203	6228
6230	6231
6234	6249
6251	6261
6264	6307
6311	6330
6332	6335
6336	6341
6342	6346
6347	6352
6360	6363
6372	6375
6379	6393
6408	6411
6414	6417
6436	6441
6444	6448
6456	6458
6470	6472
6478	6481
6567	6593
6596	6606
6608	6656
6659	6688
6689	6699
6700	6706
6707	6727
6731	6754
6755	6762
6764	6771
6797	6838
6843	6868
6869	6911
6914	6924
6927	6934
6938	6972
6973	6999
7005	7007
7009	7011
7015	7023
7026	7030
7031	7048
7056	7059
7080	7083
7086	7103
7104	7138
7139	7145
7150	7196
7198	7202
7203	7263
7264	7285
7288	7293
7294	7311
7315	7317
7319	7339
7340	7355
7356	7359
7365	7398
7403	7433
7434	7448
7449	7458
7459	7494
7495	7503
7510	7568
7571	7578
7599	7624
7637	7655
7656	7665
7666	7707
7708	7712
7713	7720
7739	7745
7746	7765
7770	7773
7780	7788
7789	7796
7798	7807
7816	7825
7826	7833
7834	7843
7844	7900
7903	7913
7916	7958
7961	8011
8012	8017
8020	8035
8039	8074
8083	8098
8103	8105
8108	8118
8119	8130
8131	8136
8139	8146
8150	8155
8163	8250
8251	8254
8256	8261
8282	8284
8288	8291
8292	8323
8326	8339
8344	8347
8350	8375
8379	8387
8392	8410
8411	8419
8430	8457
8458	8459
8463	8487
8489	8525
8533	8535
8550	8553
8592	8595
8602	8614
8617	8619
8624	8627
8639	8675
8680	8683
8689	8736
8737	8738
8742	8745
8747	8759
8760	8763
8775	8778
8820	8823
8865	8871
8888	8898
