2	8
15	20
75	80
123	156
157	171
172	224
226	351
352	360
361	372
373	488
489	635
636	686
687	691
692	699
700	782
785	788
789	799
829	833
836	860
866	871
873	906
907	970
971	991
998	1152
1153	1193
1194	1210
1214	1226
1229	1234
1235	1253
1257	1263
1267	1303
1309	1328
1329	1526
1527	1739
1744	1923
1924	1944
1945	1954
1966	1972
1978	1999
2004	2011
2019	2035
2036	2052
2056	2060
2069	2085
2093	2133
2134	2221
2222	2286
2287	2385
2386	2397
2399	2411
2418	2457
2461	2465
2473	2480
2488	2499
2507	2541
2554	2576
2577	2658
2659	2719
2729	2734
2735	2740
2741	2765
2783	2995
2996	3028
3037	3050
3054	3152
3153	3251
3252	3351
3359	3395
3415	3435
3440	3570
3571	3691
3692	3852
3853	3883
3884	3967
3968	4085
4094	4099
4109	4129
4134	4196
4223	4238
4244	4265
4279	4280
4285	4288
4291	4303
4311	4405
4407	4503
4504	4614
4619	4657
4665	4669
4676	4679
4684	4724
4733	4857
4861	4900
4901	4971
4973	5107
5116	5128
5137	5219
5220	5256
5257	5307
5308	5333
5337	5377
5385	5395
5408	5420
5421	5448
5449	5507
5508	5510
5511	5544
5546	5556
5557	5619
5620	5646
5648	5705
5706	5728
5729	5743
5744	5753
5759	5764
5788	5802
5804	5809
5811	5871
5872	5932
5934	6134
6140	6304
6305	6316
6322	6342
6343	6409
6413	6417
6418	6425
6435	6440
6449	6454
6471	6472
6479	6481
6504	6516
6541	6669
6670	6892
6893	7021
7024	7060
7068	7069
7070	7308
7309	7516
7518	7623
7624	7632
7633	7706
7707	7744
7745	7777
7778	7788
7789	8005
8006	8008
8009	8035
8036	8043
8044	8066
8067	8074
8079	8185
8190	8240
8244	8262
8282	8418
8419	8423
8434	8444
8453	8468
8474	8566
8572	8591
8595	8608
8611	8622
8623	8641
8645	8661
8662	8677
8679	8720
8724	8760
8765	8802
8813	8869
8872	8887
8888	8894
