654
654
654
654
654
654
654
654
654
656
654
654
655
655
655
655
655
655
655
655
655
654
654
654
657
657
657
657
657
657
657
655
655
655
655
654
652
652
652
652
652
654
652
651
653
653
652
651
655
655
655
651
652
653
653
653
650
650
652
652
653
653
653
653
651
654
655
655
652
652
656
655
655
655
655
655
652
652
652
652
652
652
652
652
653
653
655
652
653
653
653
653
653
653
653
657
655
655
655
653
653
653
651
652
655
658
652
651
653
653
653
653
653
653
653
653
653
653
655
656
657
654
654
654
653
655
655
655
652
651
651
651
654
655
655
655
655
655
655
655
655
655
655
656
657
652
653
652
652
652
652
652
652
652
652
653
655
655
654
654
654
654
654
654
651
651
651
651
652
652
655
655
655
655
656
656
656
656
656
656
654
654
654
654
654
654
654
654
654
654
654
654
654
654
654
654
654
654
654
654
654
654
654
654
656
656
655
655
655
655
655
655
655
655
654
654
657
657
657
657
657
657
657
657
657
657
657
657
657
657
657
657
657
657
657
655
654
654
654
654
653
654
654
654
654
654
654
654
654
654
654
654
657
657
657
653
652
652
652
652
652
652
652
652
653
653
653
655
655
655
655
655
655
655
655
655
656
656
656
656
656
656
656
656
656
656
656
656
656
656
656
656
656
656
656
656
653
653
653
653
653
653
653
654
654
653
656
655
653
652
652
652
652
652
652
652
655
655
655
652
654
654
653
652
652
652
652
652
652
655
654
654
654
654
650
652
656
653
655
655
656
656
656
656
656
654
651
653
655
655
655
655
655
655
655
653
653
653
653
653
657
657
657
654
654
654
654
654
654
654
654
653
654
654
654
655
655
655
655
655
655
655
655
654
657
657
657
657
654
652
649
650
650
650
650
650
651
651
652
653
655
652
652
652
652
652
652
652
652
656
656
656
656
656
656
656
656
656
656
656
655
655
654
652
652
651
651
651
651
651
651
651
654
654
654
654
654
654
654
654
654
654
654
654
654
654
654
654
654
654
654
654
654
652
652
652
654
654
654
654
654
654
654
654
654
655
655
655
655
652
652
654
653
653
653
653
653
653
653
653
654
654
654
654
654
654
655
654
651
652
652
652
652
652
652
652
652
652
652
652
657
654
654
654
653
653
653
653
653
653
653
653
656
656
651
653
657
653
653
651
652
652
652
652
652
652
655
652
653
652
655
654
653
656
654
653
656
654
655
655
656
656
655
655
656
653
654
652
650
651
654
654
654
654
654
654
654
654
654
654
654
654
654
654
653
653
653
653
656
653
657
652
655
656
654
654
649
653
652
652
652
652
647
649
653
649
648
654
654
651
654
651
649
652
655
654
647
653
645
646
653
651
656
655
653
650
647
654
653
656
656
656
652
651
651
656
654
654
654
656
657
651
651
651
657
653
653
653
655
655
655
655
655
655
655
655
655
651
654
652
659
665
670
673
673
676
675
673
678
684
686
691
692
689
688
694
693
696
693
691
697
693
697
695
693
694
697
701
712
711
710
712
722
722
720
722
723
726
720
724
729
729
732
729
732
729
730
728
733
733
739
745
753
754
755
757
760
758
756
761
761
762
763
774
780
784
790
793
790
783
788
787
788
795
795
801
807
806
807
807
802
807
815
818
820
819
821
824
823
826
827
830
842
837
837
836
830
836
836
846
850
855
858
857
859
862
865
864
871
878
883
883
886
888
888
892
888
887
888
889
893
893
891
890
894
896
904
908
911
917
915
917
913
912
915
913
916
916
916
926
927
930
933
938
938
939
937
947
946
944
945
946
957
963
969
971
970
971
970
970
971
971
978
979
984
982
986
985
984
984
984
984
984
984
984
984
984
984
984
994
1000
1001
1002
1001
1003
1005
1010
1013
1015
1015
1017
1019
1019
1016
1020
1021
1024
1027
1027
1032
1029
1027
1028
1027
1028
1027
1027
1029
1028
1030
1032
1032
1031
1031
1031
1031
1032
1030
1034
1038
1043
1045
1046
1056
1054
1054
1052
1052
1053
1049
1060
1062
1067
1072
1074
1077
1078
1077
1076
1076
1076
1076
1078
1078
1080
1080
1080
1081
1078
1083
1084
1089
1098
1094
1104
1105
1109
1110
1110
1112
1106
1107
1109
1115
1118
1117
1118
1119
1123
1124
1128
1127
1130
1131
1131
1131
1131
1131
1131
1134
1133
1133
1132
1137
1135
1132
1135
1135
1134
1133
1131
1131
1131
1131
1131
1131
1133
1131
1134
1132
1132
1134
1131
1132
1134
1137
1137
1130
1133
1131
1131
1127
1128
1129
1130
1132
1136
1137
1130
1131
1138
1135
1140
1134
1137
1139
1139
1138
1138
1134
1137
1136
1136
1137
1134
1137
1135
1135
1138
1138
1138
1137
1137
1140
1140
1141
1140
1139
1138
1139
1139
1136
1139
1139
1140
1139
1139
1139
1140
1140
1140
1140
1140
1140
1139
1142
1142
1151
1158
1161
1160
1175
1173
1175
1181
1182
1184
1184
1184
1181
1183
1189
1185
1187
1186
1184
1185
1185
1185
1186
1185
1185
1183
1188
1199
1205
1208
1209
1212
1212
1212
1212
1212
1217
1218
1225
1230
1239
1239
1239
1241
1235
1234
1241
1249
1259
1262
1262
1262
1263
1263
1264
1272
1280
1288
1289
1289
1288
1289
1287
1292
1298
1303
1305
1305
1308
1309
1308
1310
1308
1309
1311
1309
1309
1308
1309
1309
1307
1308
1309
1310
1310
1311
1311
1311
1313
1311
1313
1321
1330
1332
1336
1339
1340
1341
1341
1341
1341
1344
1347
1347
1347
1347
1346
1345
1347
1350
1350
1350
1360
1369
1376
1377
1380
1380
1381
1381
1391
1396
1406
1412
1411
1411
1413
1408
1414
1426
1429
1429
1429
1432
1439
1445
1456
1460
1465
1465
1464
1465
1463
1470
1478
1482
1485
1488
1488
1492
1488
1491
1490
1492
1491
1490
1490
1492
1490
1491
1492
1491
1491
1491
1492
1490
1493
1499
1506
1516
1512
1528
1534
1535
1535
1539
1545
1545
1546
1546
1546
1547
1547
1547
1547
1547
1545
1548
1551
1548
1555
1553
1552
1553
1553
1554
1558
1553
1557
1555
1556
1555
1557
1552
1553
1557
1553
1550
1549
1550
1551
1550
1549
1553
1556
1550
1554
1559
1556
1557
1558
1548
1552
1547
1547
1547
1547
1547
1557
1561
1561
1561
1560
1562
1559
1560
1562
1557
1560
1559
1559
1558
1558
1560
1555
1555
1558
1560
1559
1560
1559
1557
1559
1556
1558
1559
1558
1559
1560
1559
1558
1560
1558
1559
1559
1557
1558
1558
1560
1562
1563
1567
1567
1567
1567
1570
1576
1573
1573
1575
1578
1577
1576
1582
1584
1586
1589
1589
1587
1597
1594
1595
1598
1601
1598
1602
1607
1607
1606
1609
1608
1607
1609
1612
1612
1612
1610
1610
1610
1610
1610
1617
1617
1621
1622
1619
1623
1623
1625
1622
1626
1624
1623
1624
1623
1625
1622
1622
1624
1623
1622
1622
1623
1624
1626
1625
1624
1623
1624
1624
1622
1622
1625
1629
1636
1636
1637
1636
1636
1639
1641
1640
1642
1639
1639
1637
1642
1642
1644
1646
1647
1650
1651
1648
1655
1658
1661
1660
1660
1662
1664
1664
1660
1665
1669
1674
1675
1676
1676
1676
1676
1678
1679
1679
1679
1678
1678
1678
1679
1682
1684
1682
1682
1681
1687
1689
1693
1695
1695
1695
1692
1692
1692
1693
1693
1693
1693
1699
1699
1700
1700
1697
1696
1696
1697
1698
1697
1698
1699
1700
1697
1699
1696
1696
1697
1694
1697
1697
1696
1698
1696
1698
1697
1700
1698
1698
1698
1698
1698
1698
1696
1698
1697
1699
1695
1698
1697
1697
1695
1698
1698
1697
1693
1690
1688
1688
1688
1687
1687
1687
1687
1687
1687
1687
1687
1687
1689
1697
1699
1700
1702
1702
1702
1702
1701
1700
1701
1698
1698
1701
1698
1702
1697
1698
1701
1700
1700
1701
1699
1699
1700
1700
1700
1700
1699
1698
1698
1698
1698
1698
1700
1703
1705
1707
1712
1711
1710
1710
1712
1712
1709
1712
1715
1714
1714
1712
1712
1713
1713
1713
1711
1714
1715
1716
1716
1716
1716
1718
1718
1718
1718
1717
1719
1719
1718
1718
1717
1717
1718
1718
1718
1719
1718
1718
1717
1717
1717
1717
1719
1719
1723
1724
1730
1727
1726
1725
1726
1726
1729
1728
1728
1728
1728
1728
1726
1725
1725
1728
1735
1734
1734
1734
1734
1735
1736
1737
1740
1743
1745
1747
1747
1748
1749
1749
1749
1747
1747
1747
1747
1744
1746
1746
1756
1756
1757
1757
1754
1756
1756
1760
1758
1759
1756
1758
1758
1757
1758
1758
1757
1758
1758
1758
1758
1759
1758
1758
1758
1759
1761
1761
1759
1759
1759
1763
1764
1772
1777
1776
1773
1775
1775
1774
1774
1779
1779
1779
1779
1778
1778
1780
1774
1783
1786
1787
1788
1790
1791
1786
1789
1790
1790
1789
1790
1791
1789
1789
1789
1789
1789
1789
1788
1795
1797
1798
1798
1798
1797
1800
1794
1801
1805
1808
1807
1810
1808
1808
1812
1810
1812
1812
1810
1811
1811
1809
1809
1812
1813
1812
1820
1820
1819
1820
1819
1823
1819
1823
1822
1827
1825
1825
1827
1823
1826
1826
1827
1827
1825
1828
1828
1825
1825
1826
1829
1828
1829
1829
1829
1829
1829
1829
1829
1827
1827
1827
1827
1827
1827
1827
1827
1827
1827
1827
1828
1829
1829
1829
1829
1833
1832
1832
1832
1832
1831
1831
1830
1833
1833
1834
1834
1837
1836
1836
1836
1841
1843
1843
1839
1838
1833
1837
1837
1837
1837
1837
1837
1837
1837
1841
1840
1839
1839
1839
1839
1839
1839
1839
1839
1839
1839
1839
1838
1838
1836
1836
1834
1836
1838
1840
1842
1837
1835
1834
1834
1839
1837
1838
1839
1839
1836
1837
1842
1843
1843
1838
1842
1836
1836
1832
1839
1839
1832
1833
1838
1842
1838
1842
1839
1840
1841
1838
1842
1839
1839
1838
1839
1841
1841
1837
1837
1840
1840
1839
1839
1836
1836
1840
1841
1841
1841
1841
1841
1840
1840
1840
1840
1842
1842
1842
1842
1842
1838
1839
1839
1840
1840
1840
1840
1840
1840
1840
1840
1839
1840
1841
1839
1840
1840
1840
1840
1840
1840
1840
1840
1839
1842
1846
1846
1847
1848
1849
1850
1850
1852
1853
1855
1855
1854
1855
1853
1856
1856
1853
1853
1853
1853
1853
1853
1851
1856
1854
1855
1860
1860
1861
1864
1859
1860
1860
1861
1862
1866
1864
1862
1865
1865
1865
1865
1865
1863
1865
1865
1866
1869
1867
1870
1868
1865
1867
1869
1869
1869
1866
1868
1865
1864
1869
1869
1868
1865
1866
1867
1862
1862
1866
1868
1869
1868
1868
1868
1870
1867
1868
1867
1866
1867
1867
1867
1867
1867
1867
1870
1870
1867
1865
1868
1869
1869
1871
1872
1872
1872
1872
1868
1870
1870
1870
1870
1870
1870
1870
1870
1871
1876
1877
1881
1881
1884
1884
1884
1884
1884
1884
1881
1883
1884
1889
1889
1887
1884
1884
1884
1884
1885
1884
1888
1890
1889
1889
1891
1891
1895
1893
1893
1893
1895
1897
1899
1897
1898
1898
1899
1899
1899
1897
1897
1897
1897
1897
1897
1897
1897
1897
1897
1892
1892
1892
1892
1893
1894
1894
1894
1894
1894
1892
1892
1894
1894
1894
1892
1893
1893
1893
1892
1893
1895
1896
1896
1893
1893
1893
1891
1893
1893
1893
1893
1893
1893
1895
1895
1897
1897
1894
1895
1896
1897
1898
1896
1898
1897
1898
1897
1898
1898
1896
1896
1896
1896
1896
1896
1897
1896
1897
1897
1899
1899
1897
1897
1897
1897
1897
1897
1899
1898
1898
1898
1899
1898
1900
1900
1900
1900
1899
1897
1900
1898
1900
1900
1902
1901
1902
1903
1903
1903
1902
1904
1902
1902
1903
1901
1902
1905
1902
1907
1908
1907
1905
1907
1906
1907
1907
1909
1911
1911
1906
1907
1907
1908
1905
1903
1906
1906
1908
1909
1908
1907
1909
1908
1908
1906
1906
1906
1906
1906
1906
1904
1907
1907
1907
1907
1907
1907
1907
1907
1906
1906
1910
1910
1910
1908
1908
1908
1908
1907
1907
1906
1906
1906
1906
1906
1908
1908
1908
1908
1908
1907
1908
1908
1908
1908
1908
1908
1909
1909
1909
1909
1909
1909
1909
1909
1909
1909
1909
1909
1909
1909
1908
1908
1907
1905
1906
1905
1906
1908
1908
1905
1908
1907
1906
1907
1906
1907
1906
1908
1904
1906
1905
1908
1906
1906
1906
1906
1907
1908
1908
1906
1906
1906
1906
1905
1905
1905
1905
1904
1904
1904
1904
1904
1904
1904
1904
1904
1905
1904
1904
1904
1904
1904
1904
1907
1905
1906
1904
1907
1906
1906
1907
1909
1909
1908
1908
1908
1908
1908
1912
1912
1913
1916
1915
1915
1915
1915
1916
1916
1916
1916
1916
1916
1918
1918
1917
1920
1920
1918
1919
1920
1923
1925
1929
1929
1933
1935
1937
1939
1939
1939
1945
1946
1948
1950
1950
1950
1950
1950
1951
1957
1954
1952
1951
1951
1952
1952
1951
1951
1956
1956
1952
1954
1954
1954
1957
1954
1954
1954
1956
1955
1952
1952
1953
1952
1951
1953
1952
1952
1955
1954
1954
1954
1955
1954
1950
1951
1951
1952
1951
1951
1951
1949
1949
1949
1950
1950
1951
1951
1953
1953
1953
1957
1959
1960
1963
1963
1964
1969
1968
1971
1971
1972
1974
1975
1975
1975
1977
1977
1978
1976
1980
1983
1983
1984
1983
1982
1983
1981
1982
1983
1982
1981
1983
1984
1984
1977
1981
1980
1983
1980
1980
1980
1981
1983
1983
1986
1982
1980
1983
1981
1981
1980
1980
1980
1981
1981
1981
1981
1982
1989
1988
1992
1995
1996
1996
1996
1996
1996
1997
1995
2000
1998
2000
2001
1997
1998
1998
1998
1996
1996
1999
2002
2002
2002
2002
2004
2006
2003
2005
2004
2006
2009
2009
2008
2009
2008
2007
2008
2011
2009
2007
2010
2009
2006
2009
2009
2008
2010
2009
2007
2008
2008
2010
2009
2009
2010
2011
2012
2012
2012
2011
2011
2011
2011
2010
2011
2011
2013
2014
2015
2022
2021
2022
2023
2023
2024
2021
2021
2023
2022
2025
2025
2025
2022
2023
2022
2021
2021
2021
2021
2026
2023
2024
2023
2023
2022
2021
2021
2021
2023
2030
2027
2041
2042
2042
2042
2041
2045
2046
2052
2051
2055
2054
2056
2061
2058
2060
2058
2056
2054
2058
2053
2056
2055
2058
2058
2060
2060
2060
2056
2059
2059
2054
2058
2058
2055
2056
2055
2058
2057
2059
2058
2057
2056
2060
2057
2059
2059
2059
2059
2057
2057
2054
2055
2058
2059
2060
2056
2056
2055
2056
2055
2059
2059
2059
2059
2058
2051
2051
2052
2052
2055
2055
2055
2059
2059
2056
2053
2053
2052
2054
2056
2054
2056
2057
2055
2056
2056
2056
2059
2059
2059
2059
2054
2054
2054
2055
2054
2058
2058
2058
2058
2058
2058
2059
2060
2060
2060
2060
2060
2059
2059
2059
2059
2059
2059
2059
2056
2056
2056
2056
2056
2056
2056
2056
2056
2056
2056
2061
2061
2061
2061
2061
2061
2058
2058
2058
2058
2058
2058
2058
2058
2058
2058
2058
2058
2058
2058
2058
2058
2058
2056
2059
2059
2060
2060
2061
2061
2057
2056
2056
2056
2060
2060
2060
2060
2060
2056
2059
2059
2060
2060
2059
2060
2059
2061
2061
2061
2061
2061
2061
2061
2062
2062
2062
2063
2062
2063
2059
2060
2062
2061
2060
2061
2063
2063
2063
2060
2060
2061
2060
2060
2061
2061
2062
2058
2062
2057
2059
2064
2061
2058
2062
2061
2060
2060
2061
2061
2062
2063
2062
2061
2061
2061
2061
2061
2061
2061
2061
2061
2063
2063
2062
2064
2062
2063
2062
2062
2062
2061
2063
2062
2060
2060
2061
2064
2064
2061
2063
2060
2062
2061
2062
2062
2062
2062
2060
2062
2059
2062
2060
2062
2061
2062
2062
2064
2065
2062
2062
2062
2062
2062
2062
2062
2062
2062
2061
2059
2062
2062
2062
2062
2062
2060
2060
2060
2060
2060
2060
2060
2060
2060
2062
2063
2062
2062
2068
2071
2072
2075
2079
2079
2085
2086
2086
2087
2086
2089
2090
2090
2090
2092
2091
2091
2090
2091
2093
2102
2103
2103
2108
2109
2109
2111
2111
2111
2116
2116
2115
2118
2114
2114
2118
2118
2119
2121
2116
2113
2116
2118
2119
2115
2118
2117
2118
2119
2120
2119
2119
2120
2116
2117
2115
2119
2116
2117
2120
2119
2119
2118
2114
2114
2115
2114
2113
2115
2111
2116
2113
2114
2114
2113
2111
2113
2118
2112
2117
2118
2114
2116
2117
2115
2116
2117
2114
2114
2114
2117
2117
2116
2113
2117
2114
2114
2114
2116
2115
2117
2118
2118
2118
2118
2114
2121
2120
2126
2131
2134
2138
2141
2149
2150
2152
2154
2157
2157
2157
2154
2158
2155
2158
2157
2159
2161
2160
2159
2157
2157
2159
2159
2160
2159
2156
2157
2161
2156
2157
2158
2159
2158
2158
2159
2162
2159
2159
2161
2160
2158
2158
2157
2157
2158
2159
2159
2158
2159
2161
2160
2161
2162
2162
2154
2159
2159
2162
2157
2163
2161
2154
2154
2150
2150
2150
2150
2150
2150
2150
2150
2150
2150
2150
2150
2150
2150
2150
2150
2150
2150
2150
2150
2150
2150
2150
2150
2150
2150
2150
2150
2150
2150
2150
2150
2150
2150
2150
2150
2150
2150
2150
2150
2150
2150
2150
2159
2171
2188
2187
2183
2171
2171
2183
2184
2186
2182
2186
2187
2186
2176
2179
2183
2186
2182
2184
2183
2183
2177
2156
2156
2158
2158
2148
2141
2137
2137
2136
2134
2138
2137
2138
2133
2126
2117
2118
2119
2118
2117
2117
2118
2116
2116
2117
2115
2114
2115
2116
2117
2118
2117
2117
2118
2117
2116
2119
2119
2116
2116
2113
2119
2116
2119
2118
2118
2119
2144
2141
2143
2143
2145
2141
2144
2147
2141
2144
2140
2142
2140
2107
2107
2107
2107
2107
2107
2107
2107
2107
2107
2107
2107
2107
2107
2107
2107
2107
2107
2107
2107
2107
2107
2107
2107
2107
2107
2107
2107
2107
2107
2107
2107
2107
2107
2107
2107
2107
2107
2107
2107
2107
2107
2107
2107
2107
2107
2107
2107
2107
2107
2117
2119
2119
2118
2119
2118
2118
2116
2120
2122
2118
2118
2118
2118
2120
2121
2121
2121
2116
2119
2120
2120
2118
2118
2118
2118
2120
2120
2118
2120
2117
2120
2119
2119
2119
2120
2120
2118
2121
2119
2120
2120
2120
2118
2118
2118
2118
2118
2118
2118
2118
2118
2117
2118
2119
2119
2118
2120
2118
2117
2119
2120
2119
2118
2117
2119
2121
2117
2119
2118
2120
2119
2117
2118
2120
2120
2117
2117
2121
2117
2117
2117
2119
2117
2120
2118
2118
2117
2120
2118
2116
2117
2114
2119
2119
2117
2118
2118
2118
2117
2117
2117
2116
2117
2114
2114
2116
2117
2117
2114
2115
2116
2117
2117
2118
2117
2118
2114
2118
2115
2116
2116
2115
2117
2115
2116
2117
2116
2115
2116
2117
2116
2116
2116
2118
2110
2120
2111
2115
2114
2118
2116
2114
2115
2111
2121
2114
2113
2114
2120
2114
2112
2113
2113
2112
2117
2110
2108
2112
2112
2120
2115
2114
2118
2119
2120
2120
2118
2123
2118
2116
2118
2117
2118
2118
2117
2116
2117
2117
2114
2114
2117
2116
2118
2117
2118
2118
2118
2118
2120
2117
2113
2117
2119
2117
2118
2116
2117
2114
2119
2117
2115
2116
2118
2115
2113
2116
2115
2117
2115
2115
2115
2115
2119
2115
2115
2114
2114
2114
2114
2119
2119
2119
2119
2119
2119
2117
2121
2119
2121
2122
2122
2122
2122
2122
2124
2125
2128
2129
2124
2127
2127
2128
2125
2124
2124
2124
2124
2123
2123
2123
2123
2123
2123
2126
2128
2132
2131
2131
2133
2132
2137
2137
2140
2138
2139
2139
2138
2138
2139
2140
2137
2138
2137
2138
2138
2141
2141
2137
2138
2136
2136
2137
2138
2138
2139
2138
2141
2148
2149
2153
2159
2161
2162
2164
2165
2169
2165
2165
2170
2168
2168
2170
2170
2173
2173
2169
2171
2168
2168
2167
2167
2170
2168
2172
2172
2172
2172
2172
2172
2173
2174
2174
2168
2170
2174
2174
2171
2175
2174
2174
2174
2172
2175
2174
2174
2173
2175
2172
2174
2171
2169
2171
2171
2171
2169
2170
2170
2171
2171
2173
2172
2173
2173
2173
2173
2172
2172
2169
2170
2170
2168
2169
2173
2169
2167
2172
2168
2169
2168
2163
2164
2169
2167
2169
2170
2169
2168
2170
2171
2169
2167
2167
2170
2172
2169
2169
2169
2171
2172
2169
2167
2168
2168
2168
2169
2170
2168
2169
2169
2168
2168
2168
2170
2170
2170
2170
2171
2170
2171
2171
2171
2175
2175
2170
2170
2170
2172
2172
2172
2172
2172
2179
2181
2183
2183
2190
2202
2201
2209
2207
2204
2206
2208
2209
2208
2208
2211
2207
2207
2213
2217
2215
2218
2220
2219
2223
2225
2227
2232
2234
2241
2239
2240
2243
2245
2244
2248
2247
2253
2260
2261
2262
2262
2264
2262
2262
2263
2262
2260
2259
2264
2267
2267
2266
2270
2272
2271
2269
2271
2274
2273
2273
2269
2277
2274
2279
2283
2285
2289
2288
2289
2286
2291
2290
2290
2288
2288
2283
2287
2290
2292
2293
2290
2296
2296
2296
2295
2294
2294
2294
2294
2293
2290
2298
2301
2303
2306
2305
2307
2304
2306
2311
2313
2306
2314
2309
2313
2315
2318
2322
2319
2320
2322
2327
2324
2328
2329
2329
2330
2334
2335
2331
2341
2348
2348
2344
2350
2350
2350
2350
2350
2350
2350
2350
2348
2349
2350
2350
2351
2353
2359
2360
2360
2362
2361
2360
2362
2365
2364
2367
2365
2366
2368
2371
2367
2366
2368
2367
2369
2364
2365
2366
2365
2376
2378
2381
2385
2391
2398
2399
2405
2409
2409
2411
2403
2412
2411
2410
2410
2412
2411
2408
2406
2408
2408
2411
2411
2412
2409
2408
2409
2409
2410
2411
2411
2409
2407
2411
2410
2409
2409
2412
2412
2412
2412
2412
2411
2409
2414
2415
2411
2409
2409
2409
2412
2412
2413
2413
2412
2411
2408
2408
2410
2407
2410
2408
2404
2403
2402
2406
2405
2406
2407
2406
2409
2407
2406
2407
2407
2408
2407
2410
2408
2410
2406
2406
2406
2409
2408
2408
2407
2407
2407
2407
2408
2409
2409
2407
2408
2405
2408
2408
2408
2408
2405
2406
2406
2406
2407
2407
2407
2407
2407
2409
2409
2409
2406
2406
2406
2406
2406
2406
2409
2409
2409
2409
2407
2406
2406
2406
2406
2406
2406
2406
2406
2406
2406
2406
2406
2406
2406
2406
2406
2406
2406
2406
2406
2405
2408
2405
2408
2409
2409
2405
2410
2408
2411
2407
2407
2407
2407
2407
2407
2410
2406
2406
2408
2408
2408
2407
2407
2407
2407
2407
2405
2405
2405
2405
2405
2406
2410
2415
2419
2420
2420
2423
2423
2424
2423
2426
2428
2426
2425
2426
2424
2424
2425
2429
2430
2439
2445
2447
2447
2449
2450
2450
2451
2450
2450
2450
2450
2450
2450
2450
2452
2451
2451
2451
2451
2451
2451
2451
2449
2449
2453
2454
2454
2452
2451
2451
2451
2451
2451
2453
2450
2449
2449
2451
2449
2455
2452
2451
2452
2449
2450
2441
2440
2440
2440
2440
2440
2439
2439
2439
2439
2439
2439
2439
2439
2439
2439
2439
2439
2439
2439
2439
2439
2439
2439
2439
2439
2439
2439
2439
2439
2439
2439
2439
2439
2439
2439
2439
2439
2439
2447
2465
2480
2471
2476
2478
2475
2475
2472
2477
2474
2479
2476
2476
2472
2471
2470
2468
2469
2448
2452
2450
2448
2448
2446
2445
2443
2438
2440
2441
2438
2437
2433
2430
2433
2424
2425
2423
2424
2422
2416
2415
2415
2413
2412
2410
2410
2412
2412
2410
2408
2409
2405
2405
2405
2407
2408
2407
2407
2407
2406
2406
2406
2406
2406
2406
2434
2440
2433
2435
2433
2409
2397
2397
2397
2396
2396
2396
2396
2396
2396
2396
2396
2396
2396
2396
2396
2396
2396
2396
2396
2396
2396
2396
2396
2396
2396
2396
2396
2396
2396
2396
2396
2396
2396
2396
2396
2396
2404
2408
2408
2407
2407
2409
2409
2406
2405
2406
2406
2409
2410
2407
2409
2408
2407
2407
2406
2406
2406
2407
2408
2406
2406
2406
2407
2406
2406
2406
2406
2406
2406
2406
2406
2406
2406
2406
2406
2407
2407
2407
2407
2409
2407
2410
2411
2413
2415
2416
2417
2418
2420
2420
2423
2425
2426
2427
2430
2430
2431
2428
2429
2433
2431
2433
2429
2432
2433
2433
2433
2433
2433
2433
2432
2433
2433
2433
2433
2430
2431
2434
2431
2435
2434
2437
2436
2437
2437
2437
2437
2436
2435
2435
2435
2436
2435
2435
2436
2440
2442
2441
2441
2441
2441
2441
2441
2441
2447
2442
2443
2442
2442
2442
2442
2443
2443
2442
2445
2445
2451
2455
2453
2450
2451
2451
2451
2452
2454
2451
2453
2452
2452
2452
2454
2455
2454
2452
2453
2452
2451
2449
2449
2449
2449
2454
2452
2453
2459
2462
2464
2465
2465
2465
2465
2463
2466
2470
2474
2477
2477
2481
2480
2482
2479
2482
2480
2485
2481
2483
2483
2482
2482
2481
2483
2484
2484
2483
2483
2482
2486
2491
2492
2520
2528
2529
2532
2538
2540
2538
2542
2537
2539
2543
2542
2541
2540
2542
2541
2543
2542
2541
2540
2540
2539
2543
2544
2548
2551
2551
2551
2553
2554
2558
2558
2563
2564
2566
2568
2568
2569
2573
2572
2574
2576
2577
2584
2585
2589
2590
2591
2592
2593
2594
2594
2594
2594
2594
2594
2594
2594
2594
2594
2591
2591
2591
2591
2591
2591
2591
2590
2592
2594
2591
2591
2591
2591
2592
2592
2590
2590
2593
2591
2593
2593
2594
2594
2594
2595
2598
2598
2599
2601
2600
2600
2599
2599
2600
2601
2603
2600
2602
2604
2607
2611
2611
2612
2613
2616
2616
2613
2613
2615
2614
2618
2619
2620
2624
2624
2624
2623
2622
2621
2626
2626
2632
2637
2637
2635
2637
2636
2635
2637
2636
2638
2640
2643
2644
2646
2645
2648
2649
2652
2654
2654
2654
2655
2655
2657
2661
2661
2664
2664
2667
2668
2668
2667
2668
2669
2670
2670
2670
2670
2670
2666
2668
2671
2670
2672
2672
2678
2674
2675
2683
2683
2683
2681
2682
2685
2685
2686
2686
2686
2688
2689
2690
2691
2691
2691
2690
2688
2691
2692
2692
2693
2692
2689
2690
2692
2692
2691
2692
2689
2691
2693
2691
2691
2690
2692
2693
2691
2691
2690
2692
2691
2690
2689
2691
2691
2690
2690
2691
2692
2692
2692
2692
2692
2692
2692
2692
2692
2692
2692
2692
2693
2695
2695
2699
2700
2704
2709
2710
2710
2711
2711
2712
2715
2712
2718
2723
2722
2726
2729
2731
2731
2732
2732
2734
2740
2739
2737
2737
2740
2739
2740
2739
2740
2740
2740
2738
2734
2738
2740
2741
2748
2745
2748
2747
2747
2746
2746
2746
2745
2747
2747
2746
2753
2753
2753
2751
2751
2751
2751
2751
2751
2754
2752
2759
2761
2763
2764
2763
2770
2768
2768
2769
2768
2767
2768
2770
2771
2771
2774
2774
2774
2775
2777
2778
2778
2781
2779
2782
2785
2785
2784
2789
2791
2797
2802
2801
2800
2804
2803
2804
2804
2802
2801
2806
2806
2806
2807
2806
2806
2806
2806
2805
2807
2806
2807
2809
2809
2810
2813
2814
2815
2815
2815
2817
2818
2817
2820
2819
2819
2820
2815
2816
2816
2816
2816
2820
2818
2822
2820
2817
2819
2819
2819
2818
2816
2822
2822
2828
2831
2832
2831
2835
2835
2839
2839
2840
2841
2842
2839
2839
2839
2838
2838
2839
2841
2842
2843
2843
2843
2843
2843
2843
2842
2845
2844
2841
2842
2844
2840
2844
2844
2844
2842
2846
2842
2844
2843
2844
2842
2843
2843
2845
2845
2845
2845
2844
2843
2843
2843
2843
2843
2843
2843
2843
2843
2846
2845
2847
2847
2847
2847
2847
2847
2845
2845
2845
2845
2845
2844
2845
2845
2845
2845
2845
2845
2841
2841
2840
2840
2840
2840
2840
2841
2839
2839
2839
2839
2841
2840
2840
2840
2840
2840
2840
2841
2840
2842
2841
2841
2839
2840
2842
2838
2840
2840
2841
2843
2840
2840
2840
2840
2842
2840
2842
2841
2842
2842
2841
2839
2841
2843
2842
2842
2840
2839
2840
2841
2842
2840
2842
2842
2840
2840
2840
2843
2842
2841
2840
2840
2840
2844
2840
2843
2841
2840
2840
2841
2840
2840
2840
2842
2842
2841
2842
2842
2842
2842
2840
2841
2845
2847
2847
2849
2849
2852
2855
2853
2852
2855
2857
2856
2857
2855
2856
2856
2855
2856
2855
2855
2855
2855
2855
2855
2855
2855
2855
2855
2855
2855
2857
2857
2857
2858
2861
2867
2865
2867
2867
2865
2864
2864
2865
2864
2865
2861
2864
2864
2867
2864
2864
2866
2865
2865
2865
2867
2864
2867
2867
2864
2865
2866
2866
2866
2865
2866
2865
2865
2865
2865
2865
2866
2866
2866
2865
2867
2864
2867
2866
2865
2867
2864
2864
2864
2866
2865
2867
2867
2864
2866
2867
2866
2864
2864
2864
2865
2866
2867
2867
2867
2867
2867
2864
2865
2865
2863
2866
2868
2866
2864
2866
2866
2866
2866
2866
2866
2866
2866
2866
2866
2867
2866
2865
2865
2867
2865
2866
2866
2865
2865
2866
2866
2866
2865
2864
2865
2865
2867
2867
2866
2867
2867
2867
2865
2866
2863
2866
2867
2866
2865
2865
2867
2866
2866
2865
2867
2864
2867
2866
2864
2865
2866
2867
2867
2868
2866
2867
2867
2866
2866
2866
2863
2867
2866
2866
2863
2867
2867
2865
2863
2865
2866
2867
2867
2864
2864
2865
2865
2866
2866
2868
2867
2866
2868
2867
2864
2862
2866
2867
2867
2868
2866
2867
2867
2867
2865
2868
2866
2868
2862
2865
2867
2868
2866
2867
2868
2868
2867
2867
2869
2869
2869
2867
2869
2866
2868
2869
2869
2868
2868
2868
2868
2868
2868
2866
2866
2870
2863
2869
2866
2866
2867
2867
2867
2867
2866
2866
2867
2869
2868
2868
2869
2866
2869
2865
2869
2869
2869
2864
2864
2867
2870
2868
2868
2869
2869
2869
2869
2870
2871
2870
2873
2867
2875
2880
2875
2885
2886
2887
2888
2889
2889
2889
2889
2888
2888
2889
2884
2887
2895
2894
2898
2899
2902
2901
2907
2907
2907
2908
2909
2909
2909
2909
2911
2912
2915
2914
2913
2913
2916
2914
2916
2914
2913
2915
2914
2916
2914
2915
2915
2915
2916
2915
2916
2914
2914
2915
2914
2914
2918
2920
2926
2926
2924
2923
2925
2924
2923
2926
2927
2929
2927
2927
2926
2927
2932
2932
2930
2933
2935
2933
2944
2948
2953
2954
2952
2953
2951
2959
2960
2962
2961
2962
2962
2967
2962
2963
2963
2962
2962
2961
2966
2966
2969
2969
2970
2969
2970
2972
2970
2972
2972
2972
2969
2975
2976
2973
2975
2975
2975
2974
2975
2972
2978
2987
2995
3011
3017
3026
3026
3037
3041
3044
3046
3046
3046
3046
3046
3043
3048
3049
3048
3048
3050
3048
3048
3044
3049
3048
3049
3046
3046
3046
3046
3045
3054
3057
3062
3062
3063
3063
3063
3068
3064
3064
3063
3063
3071
3077
3074
3074
3080
3082
3083
3085
3086
3093
3094
3094
3095
3098
3098
3098
3098
3098
3099
3097
3103
3105
3104
3104
3102
3108
3106
3104
3107
3107
3107
3106
3105
3106
3106
3111
3114
3119
3117
3116
3116
3120
3118
3124
3123
3122
3122
3122
3119
3119
3124
3122
3118
3123
3122
3123
3123
3123
3123
3122
3126
3132
3135
3138
3138
3139
3138
3138
3142
3140
3140
3140
3141
3144
3143
3143
3148
3147
3145
3151
3155
3155
3154
3153
3153
3160
3161
3161
3168
3169
3166
3166
3172
3167
3170
3169
3171
3171
3167
3166
3167
3169
3172
3174
3173
3173
3173
3171
3174
3173
3170
3175
3175
3174
3182
3182
3181
3180
3181
3181
3181
3181
3181
3185
3187
3186
3187
3189
3190
3194
3195
3197
3195
3195
3193
3197
3196
3195
3194
3198
3201
3195
3199
3197
3194
3197
3197
3197
3197
3198
3198
3200
3199
3197
3197
3200
3194
3195
3201
3196
3199
3198
3197
3199
3198
3197
3198
3200
3201
3197
3200
3201
3200
3198
3199
3198
3196
3198
3199
3198
3197
3198
3198
3198
3197
3194
3196
3198
3195
3198
3195
3195
3198
3197
3192
3192
3197
3196
3194
3198
3198
3194
3194
3192
3195
3193
3195
3196
3197
3195
3197
3197
3201
3199
3193
3199
3199
3199
3197
3197
3197
3198
3197
3197
3198
3199
3199
3198
3198
3198
3198
3198
3195
3198
3201
3198
3193
3196
3196
3195
3193
3200
3196
3198
3196
3198
3195
3200
3201
3200
3198
3197
3198
3191
3195
3194
3196
3198
3196
3197
3197
3193
3195
3196
3192
3194
3197
3194
3198
3200
3201
3197
3197
3197
3196
3196
3200
3200
3200
3200
3198
3199
3199
3199
3199
3197
3195
3196
3195
3193
3194
3195
3193
3192
3196
3193
3196
3196
3197
3197
3196
3199
3199
3196
3196
3198
3196
3198
3200
3195
3195
3198
3198
3198
3198
3198
3195
3196
3195
3195
3195
3192
3198
3193
3198
3198
3198
3197
3196
3197
3197
3196
3196
3196
3198
3198
3198
3198
3198
3198
3198
3198
3198
3198
3198
3196
3200
3198
3195
3200
3197
3200
3198
3196
3196
3196
3196
3197
3197
3197
3197
3196
3198
3198
3198
3197
3197
3197
3199
3199
3199
3199
3198
3198
3198
3198
3198
3198
3198
3199
3199
3199
3199
3199
3199
3199
3196
3197
3195
3199
3198
3197
3195
3193
3193
3197
3194
3195
3196
3200
3199
3199
3196
3193
3191
3194
3198
3193
3195
3195
3195
3196
3199
3198
3198
3194
3193
3196
3194
3191
3193
3195
3198
3196
3197
3198
3196
3191
3191
3191
3191
3191
3191
3191
3191
3191
3194
3194
3194
3194
3194
3195
3193
3195
3192
3195
3193
3193
3195
3195
3199
3197
3191
3198
3198
3195
3195
3198
3198
3198
3198
3202
3202
3201
3197
3199
3199
3196
3198
3198
3200
3200
3200
3200
3200
3198
3198
3198
3198
3198
3198
3198
3198
3198
3190
3193
3189
3192
3194
3196
3194
3194
3198
3196
3197
3196
3194
3192
3196
3195
3194
3195
3195
3196
3201
3201
3199
3199
3196
3197
3197
3198
3195
3195
3195
3196
3199
3199
3199
3199
3199
3199
3199
3194
3197
3198
3190
3194
3193
3194
3196
3198
3198
3198
3198
3197
3194
3193
3195
3197
3197
3194
3196
3192
3192
3192
3194
3191
3188
3194
3196
3193
3194
3198
3196
3196
3197
3197
3193
3198
3196
3196
3196
3194
3197
3193
3196
3195
3193
3192
3194
3196
3194
3194
3193
3193
3197
3196
3198
3198
3196
3196
3197
3198
3198
3198
3198
3198
3198
3200
3200
3197
3199
3196
3194
3193
3194
3195
3195
3193
3192
3194
3190
3191
3191
3192
3196
3195
3191
3192
3194
3194
3194
3195
3194
3193
3194
3192
3195
3198
3198
3198
3194
3198
3195
3197
3188
3195
3189
3194
3191
3192
3195
3195
3191
3196
3192
3191
3187
3191
3192
3193
3191
3194
3191
3192
3191
3194
3193
3192
3192
3195
3192
3188
3194
3197
3194
3194
3191
3194
3191
3195
3194
3194
3196
3195
3195
3193
3194
3194
3192
3192
3195
3189
3193
3196
3196
3197
3197
3198
3194
3193
3197
3195
3199
3189
3198
3197
3197
3194
3196
3198
3199
3199
3199
3199
3197
3198
3200
3201
3197
3199
3198
3199
3199
3199
3197
3199
3197
3198
3198
3198
3198
3198
3197
3200
3198
3198
3200
3201
3200
3198
3199
3199
3199
3200
3200
3199
3200
3198
3200
3193
3192
3200
3200
3198
3199
3194
3195
3199
3199
3194
3196
3195
3196
3196
3196
3195
3194
3192
3197
3198
3196
3196
3192
3191
3194
3197
3196
3198
3195
3198
3196
3194
3197
3195
3193
3193
3189
3189
3195
3195
3194
3191
3190
3196
3197
3191
3195
3194
3194
3194
3194
3194
3194
3195
3198
3194
3189
3190
3189
3192
3192
3191
3194
3192
3193
3192
3195
3197
3196
3197
3197
3193
3193
3195
3195
3195
3195
3195
3195
3193
3199
3197
3199
3194
3192
3193
3192
3193
3193
3193
3200
3200
3202
3196
3196
3195
3198
3195
3188
3190
3192
3193
3194
3187
3190
3195
3195
3194
3197
3194
3196
3194
3195
3194
3194
3192
3190
3196
3192
3196
3193
3197
3195
3195
3193
3194
3194
3193
3193
3196
3193
3191
3194
3194
3196
3191
3189
3192
3188
3193
3192
3190
3194
3191
3193
3194
3195
3198
3198
3198
3197
3200
3200
3200
3200
3200
3201
3199
3200
3200
3200
3202
3200
3197
3198
3198
3198
3197
3199
3203
3202
3202
3202
3201
3198
3200
3198
3198
3200
3200
3199
3199
3199
3199
3200
3198
3199
3198
3198
3199
3199
3199
3198
3197
3198
3198
3198
3198
3198
3196
3196
3198
3196
3190
3190
3195
3197
3195
3197
3194
3197
3197
3197
3198
3195
3198
3197
3195
3198
3200
3198
3198
3200
3201
3199
3199
3199
3199
3199
3199
3197
3196
3195
3198
3199
3199
3199
3198
3197
3200
3198
3197
3198
3197
3197
3198
3198
3197
3196
3200
3194
3197
3195
3195
3199
3199
3198
3198
3200
3199
3199
3200
3200
3200
3200
3200
3200
3200
3200
3200
3200
3200
3200
3200
3200
3200
3200
3200
3200
3200
3200
3200
3200
3198
3198
3201
3203
3204
3206
3207
3206
3208
3208
3210
3216
3217
3219
3219
3218
3218
3224
3219
3222
3223
3220
3225
3222
3222
3227
3223
3224
3224
3223
3223
3222
3222
3221
3224
3223
3224
3226
3226
3226
3222
3227
3244
3253
3259
3259
3258
3258
3264
3264
3265
3266
3266
3265
3264
3260
3271
3281
3285
3284
3284
3283
3298
3307
3307
3308
3317
3330
3341
3339
3340
3339
3343
3342
3356
3366
3366
3367
3364
3379
3389
3391
3395
3392
3405
3413
3413
3415
3415
3418
3417
3415
3415
3418
3413
3415
3412
3412
3412
3412
3412
3415
3424
3425
3442
3458
3461
3461
3461
3464
3465
3467
3467
3467
3467
3467
3471
3470
3472
3473
3476
3473
3470
3474
3472
3472
3474
3473
3469
3469
3473
3470
3469
3474
3474
3475
3475
3476
3486
3488
3491
3496
3497
3512
3524
3528
3528
3530
3532
3545
3547
3554
3559
3575
3576
3576
3574
3571
3579
3595
3596
3597
3604
3603
3601
3602
3604
3605
3603
3603
3603
3599
3602
3601
3600
3602
3601
3603
3604
3620
3619
3640
3652
3659
3664
3664
3664
3666
3667
3667
3668
3667
3663
3663
3663
3662
3668
3679
3694
3697
3703
3702
3705
3705
3707
3707
3707
3707
3703
3705
3707
3709
3707
3708
3706
3705
3705
3706
3708
3709
3707
3711
3707
3711
3711
3710
3711
3709
3714
3713
3711
3713
3713
3712
3710
3707
3709
3709
3713
3709
3710
3710
3708
3706
3707
3706
3707
3704
3708
3706
3707
3708
3706
3706
3709
3707
3706
3707
3710
3709
3708
3707
3707
3711
3711
3708
3706
3707
3708
3707
3707
3706
3708
3708
3707
3706
3707
3707
3706
3706
3706
3706
3705
3705
3705
3705
3705
3705
3705
3707
3706
3712
3713
3718
3718
3717
3716
3718
3723
3722
3723
3723
3724
3724
3731
3733
3733
3735
3733
3734
3736
3734
3736
3736
3737
3738
3738
3738
3737
3738
3739
3741
3743
3746
3749
3748
3748
3748
3749
3750
3750
3748
3747
3747
3748
3748
3747
3751
3752
3752
3753
3753
3756
3756
3755
3762
3766
3769
3769
3767
3771
3773
3773
3773
3780
3780
3782
3781
3787
3791
3792
3792
3792
3791
3796
3798
3798
3799
3799
3802
3805
3802
3801
3801
3802
3802
3805
3805
3802
3803
3803
3804
3803
3801
3802
3801
3802
3804
3804
3803
3805
3801
3806
3805
3803
3803
3806
3804
3803
3803
3803
3806
3805
3802
3802
3803
3805
3802
3803
3804
3804
3805
3803
3803
3803
3802
3804
3804
3802
3800
3801
3801
3802
3802
3807
3814
3825
3825
3826
3831
3829
3827
3828
3829
3826
3826
3827
3831
3834
3838
3840
3843
3840
3847
3852
3852
3853
3852
3855
3852
3853
3856
3859
3858
3859
3856
3858
3858
3856
3856
3856
3856
3856
3857
3857
3861
3862
3863
3866
3869
3870
3872
3875
3878
3880
3880
3880
3880
3882
3884
3883
3889
3891
3893
3889
3892
3894
3894
3896
3898
3898
3897
3896
3896
3896
3896
3896
3896
3896
3896
3896
3896
3896
3896
3899
3902
3908
3911
3911
3914
3913
3912
3912
3912
3920
3920
3918
3918
3918
3919
3917
3917
3916
3918
3918
3915
3917
3917
3917
3917
3915
3916
3917
3915
3919
3915
3916
3917
3917
3916
3915
3916
3919
3919
3918
3917
3915
3914
3916
3915
3917
3919
3919
3917
3918
3917
3917
3917
3916
3916
3916
3916
3919
3922
3927
3928
3931
3934
3934
3932
3930
3931
3936
3935
3935
3933
3935
3934
3934
3934
3935
3930
3935
3941
3941
3943
3942
3944
3946
3945
3945
3945
3943
3942
3944
3945
3944
3944
3944
3944
3944
3944
3944
3944
3944
3944
3944
3949
3952
3952
3955
3954
3958
3962
3961
3960
3962
3964
3963
3964
3959
3962
3963
3963
3960
3962
3962
3961
3962
3963
3963
3960
3962
3962
3961
3963
3965
3962
3959
3962
3963
3963
3964
3962
3963
3963
3965
3963
3964
3964
3964
3962
3961
3961
3961
3961
3962
3962
3973
3973
3974
3974
3975
3974
3975
3977
3978
3977
3978
3978
3978
3976
3973
3977
3982
3984
3985
3989
3990
3990
3990
3990
3991
3988
3992
3992
3990
3991
3992
3989
3992
3992
3993
3993
3993
3993
3991
3992
3991
3992
3992
3992
3992
3992
3992
3992
3992
3991
3990
3996
4000
4001
4001
4002
4006
4005
4007
4006
4005
4008
4007
4004
4007
4006
4006
4006
4006
4006
4007
4007
4007
4007
4008
4008
4008
4007
4007
4007
4007
4007
4007
4007
4007
4006
4005
4004
4004
4000
4003
4003
4003
4006
4005
4005
4005
4005
4007
4004
4005
4005
4005
4005
4005
4005
4005
4004
4004
4004
4005
4006
4005
4005
4005
4005
4005
4005
4005
4005
4005
4005
4006
4006
4006
4006
4006
4006
4006
4006
4006
4006
4006
4004
4004
4004
4004
4004
4004
4004
4004
4005
4005
4005
4005
4005
4005
4005
4006
4005
4005
4005
4006
4005
4005
4005
4003
4003
4005
4003
4004
4005
4003
4005
4006
4003
4003
4004
4005
4000
4002
4003
4003
4007
4002
4001
4004
4006
4004
4005
4006
4007
4002
4008
4006
4008
4003
4005
4006
4007
4008
4007
4007
4008
4004
4003
4005
4007
4003
4004
4002
4005
4003
4009
4007
4007
4004
4004
4000
4004
4005
4005
4000
4002
4000
4004
4007
4005
4007
4001
4009
4006
4007
4009
4005
4008
4006
4003
4008
4009
4007
4009
4008
4004
4007
4007
4006
4008
4007
4006
4009
4009
4008
4010
4011
4008
4010
4009
4010
4010
4008
4009
4010
4009
4008
4010
4009
4008
4006
4005
4006
4007
4005
4005
4005
4005
4009
4008
4005
4006
4007
4007
4008
4008
4010
4007
4010
4010
4011
4007
4007
4007
4009
4009
4009
4009
4009
4006
4002
4008
4006
4007
4004
4005
4007
4007
4008
4006
4006
4004
4003
4005
4006
4007
4007
4009
4008
4009
4009
4008
4008
4008
4009
4009
4009
4009
4009
4007
4007
4007
4007
4007
4007
4007
4007
4009
4005
4007
4006
4006
4005
4002
4003
4003
4003
4003
4003
4003
4002
4002
4002
4002
4002
4002
4002
4002
4002
4002
4002
4002
4002
4002
4002
4002
3998
3999
4006
4004
4002
4004
4003
3999
4001
4004
4002
4002
4004
4002
4005
4002
4006
4006
4003
4001
4000
3999
4002
3998
4001
4001
4001
4001
4001
4001
4001
4001
4001
4007
4003
4004
4005
4003
4003
4002
3999
3998
4006
4004
4006
4001
4007
4002
4001
4006
4007
4002
4001
4000
4004
4003
4005
4003
4002
3999
4000
3999
4002
4001
4000
4006
4006
4000
3999
3997
3997
4003
4001
4004
4002
4005
4005
4002
4003
4002
4007
4005
4004
4002
4003
4004
4004
4004
4004
4004
4004
4004
4007
4007
4007
4007
4007
4007
4007
4007
4007
4005
4004
4004
4004
4011
4006
4006
4005
4005
4005
4005
4004
4004
4004
4004
4000
3999
3998
4000
4001
4000
4000
3999
4004
4001
4006
4005
4007
4004
4005
4006
4005
4005
4005
4006
4006
4005
4006
4004
4005
4005
4005
4005
4006
4007
4005
4006
4007
4007
4005
4005
4006
4006
4006
4005
4004
4010
4012
4015
4021
4019
4020
4020
4019
4019
4019
4021
4018
4019
4024
4028
4029
4029
4030
4029
4033
4037
4036
4038
4038
4036
4038
4036
4036
4036
4035
4035
4033
4035
4040
4040
4054
4055
4059
4063
4062
4062
4064
4062
4066
4065
4065
4065
4065
4066
4066
4066
4066
4066
4066
4065
4066
4068
4072
4072
4070
4071
4076
4076
4075
4075
4081
4080
4083
4082
4083
4083
4088
4093
4092
4094
4093
4092
4093
4095
4091
4097
4093
4094
4094
4095
4094
4096
4097
4094
4099
4094
4098
4098
4099
4095
4096
4097
4095
4095
4092
4092
4092
4096
4099
4105
4110
4112
4110
4115
4117
4115
4112
4112
4118
4117
4116
4116
4116
4116
4112
4118
4119
4123
4122
4124
4124
4125
4128
4126
4129
4129
4124
4128
4126
4126
4125
4128
4128
4126
4127
4127
4125
4128
4127
4126
4129
4127
4128
4128
4128
4128
4128
4129
4128
4128
4127
4128
4128
4124
4126
4128
4132
4135
4136
4139
4138
4138
4138
4139
4139
4139
4136
4139
4138
4138
4142
4141
4142
4141
4141
4140
4138
4140
4141
4142
4141
4141
4141
4141
4139
4140
4152
4153
4154
4155
4155
4155
4154
4157
4162
4171
4170
4178
4179
4179
4179
4182
4183
4181
4182
4181
4178
4178
4179
4178
4179
4180
4178
4180
4180
4177
4176
4179
4176
4178
4180
4179
4184
4178
4178
4181
4183
4181
4182
4181
4178
4176
4179
4178
4181
4177
4180
4175
4177
4181
4177
4181
4181
4181
4181
4182
4182
4183
4181
4180
4181
4181
4182
4179
4182
4181
4183
4182
4183
4181
4179
4181
4181
4181
4181
4183
4182
4182
4183
4184
4184
4182
4181
4181
4181
4181
4181
4181
4181
4181
4181
4181
4181
4181
4181
4181
4181
4181
4181
4181
4182
4185
4185
4185
4186
4186
4188
4189
4190
4189
4189
4191
4190
4195
4195
4195
4195
4195
4195
4195
4194
4197
4197
4197
4197
4197
4197
4197
4197
4197
4194
4198
4199
4200
4201
4205
4206
4205
4204
4205
4207
4206
4204
4207
4205
4205
4205
4205
4206
4200
4206
4209
4212
4213
4214
4215
4215
4215
4216
4212
4220
4221
4221
4221
4221
4228
4227
4230
4229
4230
4229
4228
4227
4227
4228
4230
4236
4244
4247
4250
4254
4253
4251
4254
4257
4257
4256
4261
4259
4260
4257
4256
4256
4256
4257
4255
4260
4261
4261
4262
4264
4265
4267
4267
4270
4270
4271
4272
4273
4275
4272
4277
4279
4283
4283
4285
4282
4282
4280
4284
4280
4279
4276
4278
4281
4280
4280
4283
4284
4284
4284
4280
4279
4281
4282
4281
4282
4280
4279
4281
4279
4278
4280
4280
4280
4280
4281
4280
4280
4280
4280
4280
4280
4281
4280
4280
4280
4280
4279
4280
4282
4280
4279
4278
4281
4279
4279
4278
4279
4279
4279
4279
4280
4277
4276
4279
4277
4275
4276
4276
4281
4279
4277
4281
4278
4278
4282
4279
4281
4280
4278
4279
4277
4276
4275
4277
4272
4277
4280
4280
4277
4275
4277
4281
4281
4280
4282
4279
4279
4277
4279
4280
4281
4282
4280
4284
4283
4285
4282
4284
4283
4281
4281
4281
4284
4282
4282
4284
4284
4284
4284
4281
4282
4281
4281
4281
4281
4281
4281
4281
4278
4279
4278
4280
4277
4278
4278
4278
4278
4279
4280
4280
4279
4277
4280
4280
4280
4280
4280
4280
4280
4280
4280
4280
4280
4280
4280
4279
4279
4278
4282
4282
4282
4278
4278
4278
4279
4279
4279
4279
4279
4279
4279
4279
4278
4280
4280
4279
4279
4278
4280
4276
4276
4278
4279
4278
4278
4281
4281
4281
4279
4277
4276
4276
4276
4276
4276
4276
4280
4278
4280
4278
4277
4277
4277
4277
4277
4277
4277
4278
4277
4279
4278
4278
4279
4279
4278
4279
4281
4277
4279
4283
4280
4275
4281
4280
4283
4276
4281
4276
4276
4276
4280
4283
4282
4281
4284
4284
4281
4280
4283
4284
4284
4284
4281
4280
4283
4284
4281
4280
4279
4279
4283
4278
4280
4282
4282
4282
4282
4282
4283
4282
4281
4280
4277
4277
4277
4281
4283
4281
4275
4276
4281
4282
4281
4282
4284
4284
4283
4283
4283
4282
4281
4281
4281
4282
4283
4281
4276
4278
4279
4281
4279
4282
4282
4284
4276
4275
4280
4282
4279
4282
4282
4280
4275
4276
4282
4282
4281
4284
4285
4284
4280
4280
4280
4283
4284
4281
4281
4281
4281
4280
4284
4284
4278
4278
4280
4281
4282
4279
4282
4280
4282
4281
4282
4284
4283
4281
4281
4281
4280
4284
4285
4280
4275
4279
4280
4280
4277
4277
4277
4280
4280
4280
4280
4280
4280
4280
4277
4279
4280
4279
4277
4281
4283
4283
4281
4282
4282
4283
4283
4283
4283
4283
4276
4277
4287
4282
4291
4293
4297
4304
4311
4311
4315
4323
4323
4319
4321
4325
4322
4321
4320
4322
4322
4319
4322
4325
4331
4332
4333
4338
4343
4341
4341
4341
4344
4341
4344
4347
4350
4354
4358
4356
4355
4355
4354
4359
4362
4363
4366
4367
4366
4364
4365
4366
4368
4371
4373
4373
4374
4368
4373
4375
4374
4379
4378
4384
4387
4382
4387
4385
4389
4391
4389
4393
4398
4399
4402
4405
4412
4414
4414
4418
4421
4415
4420
4422
4423
4422
4430
4433
4436
4439
4443
4442
4440
4442
4440
4433
4442
4451
4456
4463
4463
4463
4461
4462
4461
4459
4463
4461
4464
4467
4473
4475
4473
4473
4471
4473
4479
4479
4478
4478
4478
4478
4479
4478
4478
4478
4481
4488
4488
4488
4495
4496
4501
4506
4503
4511
4510
4509
4509
4504
4508
4518
4517
4524
4528
4527
4527
4530
4528
4530
4527
4532
4538
4536
4539
4539
4540
4542
4541
4541
4541
4541
4541
4540
4539
4548
4555
4558
4558
4560
4558
4566
4571
4571
4573
4570
4572
4572
4570
4579
4579
4580
4578
4581
4582
4582
4581
4583
4593
4587
4587
4586
4586
4588
4588
4588
4593
4596
4603
4604
4607
4611
4610
4615
4616
4615
4613
4615
4624
4627
4637
4640
4641
4644
4648
4648
4648
4645
4642
4644
4644
4646
4651
4653
4654
4664
4663
4667
4667
4668
4667
4669
4665
4672
4672
4675
4678
4682
4678
4682
4687
4685
4687
4687
4689
4692
4696
4696
4694
4693
4689
4689
4690
4692
4690
4691
4691
4690
4687
4687
4690
4692
4691
4693
4691
4691
4694
4694
4693
4692
4690
4690
4690
4688
4688
4687
4687
4687
4686
4686
4686
4687
4689
4689
4690
4693
4685
4687
4686
4687
4686
4686
4686
4686
4688
4688
4691
4689
4689
4684
4686
4689
4696
4690
4695
4688
4694
4693
4694
4694
4694
4692
4694
4696
4692
4694
4690
4696
4696
4695
4697
4695
4695
4696
4697
4697
4696
4697
4697
4697
4697
4697
4700
4699
4695
4696
4698
4697
4697
4697
4696
4695
4696
4696
4695
4697
4691
4697
4696
4695
4696
4696
4697
4700
4699
4698
4697
4698
4698
4693
4693
4694
4693
4697
4696
4697
4698
4698
4697
4697
4697
4697
4697
4697
4697
4697
4697
4697
4697
4697
4696
4696
4696
4696
4696
4696
4696
4696
4696
4696
4696
4696
4696
4696
4696
4696
4696
4696
4696
4696
4693
4693
4695
4695
4696
4696
4696
4696
4696
4696
4696
4696
4694
4694
4698
4698
4694
4701
4702
4707
4708
4712
4719
4723
4728
4732
4744
4744
4748
4750
4756
4764
4771
4778
4774
4793
4796
4802
4809
4821
4827
4832
4839
4838
4853
4856
4867
4867
4877
4884
4889
4893
4894
4898
4902
4909
4911
4912
4914
4915
4916
4915
4920
4922
4922
4921
4922
4920
4917
4923
4920
4919
4923
4920
4920
4919
4919
4922
4922
4920
4921
4921
4921
4925
4924
4925
4924
4927
4925
4925
4930
4930
4943
4948
4951
4955
4955
4958
4958
4958
4956
4955
4958
4959
4959
4958
4960
4962
4965
4964
4977
4978
4979
4982
4984
4983
4991
5006
5008
5009
5010
5005
5011
5028
5036
5036
5034
5034
5036
5037
5053
5063
5071
5073
5070
5084
5095
5097
5098
5098
5094
5100
5102
5100
5110
5118
5120
5120
5118
5122
5118
5126
5133
5136
5141
5141
5143
5146
5143
5147
5146
5144
5146
5148
5146
5146
5146
5146
5149
5160
5168
5168
5172
5169
5170
5175
5177
5176
5174
5176
5175
5172
5178
5175
5176
5178
5179
5175
5178
5176
5177
5176
5177
5178
5175
5174
5171
5172
5172
5170
5169
5168
5169
5168
5171
5175
5178
5184
5186
5192
5197
5198
5203
5206
5205
5205
5203
5201
5205
5207
5213
5213
5213
5213
5212
5215
5215
5228
5228
5232
5233
5234
5237
5247
5261
5265
5263
5260
5278
5281
5285
5287
5287
5291
5291
5290
5293
5317
5317
5319
5322
5317
5326
5333
5343
5340
5345
5345
5348
5348
5353
5355
5361
5363
5363
5367
5367
5366
5366
5371
5375
5377
5378
5382
5382
5384
5385
5383
5385
5384
5386
5387
5384
5385
5385
5382
5381
5380
5390
5399
5407
5410
5416
5421
5424
5427
5429
5429
5431
5431
5431
5430
5436
5434
5439
5436
5437
5435
5435
5436
5438
5436
5438
5438
5436
5438
5427
5426
5427
5426
5427
5427
5427
5429
5429
5426
5426
5425
5428
5425
5429
5430
5431
5429
5430
5436
5439
5447
5454
5469
5486
5490
5504
5505
5527
5528
5537
5549
5557
5566
5572
5583
5583
5595
5599
5601
5607
5611
5617
5620
5623
5624
5627
5629
5632
5635
5637
5640
5643
5644
5643
5648
5650
5651
5650
5649
5651
5649
5648
5652
5657
5658
5658
5657
5658
5660
5658
5657
5656
5655
5656
5657
5661
5662
5656
5657
5655
5655
5655
5655
5656
5654
5657
5658
5653
5653
5653
5654
5654
5654
5654
5654
5655
5655
5653
5656
5658
5659
5664
5665
5666
5666
5666
5665
5666
5668
5667
5669
5669
5669
5671
5668
5668
5669
5666
5667
5670
5670
5670
5673
5673
5673
5671
5670
5670
5669
5674
5670
5670
5669
5668
5669
5671
5672
5672
5672
5672
5672
5672
5672
5672
5672
5673
5668
5668
5670
5670
5668
5672
5673
5673
5670
5669
5669
5669
5669
5669
5669
5669
5669
5669
5669
5672
5671
5672
5672
5671
5672
5671
5673
5669
5670
5666
5666
5667
5664
5667
5667
5669
5672
5670
5664
5673
5666
5668
5666
5668
5667
5672
5669
5671
5676
5673
5676
5677
5680
5678
5677
5676
5676
5677
5680
5677
5677
5677
5677
5677
5677
5677
5679
5679
5680
5678
5677
5677
5676
5676
5676
5676
5676
5676
5676
5676
5676
5676
5674
5684
5684
5688
5687
5693
5690
5694
5696
5694
5694
5700
5697
5698
5699
5698
5698
5698
5698
5695
5697
5702
5701
5700
5703
5699
5696
5698
5695
5695
5695
5696
5696
5698
5697
5698
5698
5698
5698
5697
5695
5696
5695
5695
5695
5695
5696
5697
5702
5707
5706
5705
5703
5703
5703
5703
5703
5703
5702
5703
5709
5708
5705
5712
5717
5716
5715
5712
5714
5717
5718
5717
5714
5714
5717
5715
5717
5715
5716
5715
5716
5718
5719
5719
5719
5716
5719
5715
5715
5716
5716
5716
5716
5716
5715
5716
5716
5714
5714
5716
5717
5717
5716
5716
5712
5717
5715
5718
5719
5720
5720
5720
5720
5721
5722
5723
5722
5718
5724
5732
5734
5734
5734
5734
5734
5733
5733
5733
5733
5733
5733
5735
5737
5739
5742
5742
5744
5746
5745
5746
5746
5747
5749
5752
5751
5752
5752
5749
5747
5751
5751
5750
5752
5751
5751
5750
5750
5750
5750
5750
5750
5751
5750
5750
5753
5760
5758
5759
5761
5759
5764
5761
5759
5759
5755
5757
5759
5760
5765
5766
5765
5763
5764
5764
5763
5762
5766
5763
5763
5767
5766
5765
5765
5765
5765
5765
5765
5764
5764
5764
5764
5763
5767
5768
5767
5767
5767
5767
5768
5767
5766
5764
5768
5768
5768
5766
5768
5767
5768
5768
5770
5776
5778
5779
5777
5777
5775
5777
5776
5775
5775
5775
5773
5776
5780
5784
5788
5787
5789
5790
5790
5788
5792
5792
5792
5791
5792
5791
5793
5795
5792
5789
5789
5790
5791
5788
5788
5788
5790
5790
5790
5787
5787
5790
5790
5790
5790
5790
5791
5792
5790
5794
5796
5800
5800
5795
5796
5798
5797
5798
5798
5803
5805
5799
5805
5803
5802
5803
5802
5806
5807
5807
5807
5804
5804
5804
5804
5804
5805
5807
5807
5805
5805
5803
5802
5803
5802
5800
5800
5800
5799
5798
5798
5798
5791
5799
5802
5802
5804
5806
5800
5805
5807
5805
5804
5806
5805
5807
5807
5804
5805
5805
5806
5807
5804
5806
5803
5806
5806
5806
5804
5806
5804
5804
5804
5804
5807
5807
5807
5805
5805
5805
5805
5805
5805
5805
5808
5813
5815
5815
5815
5816
5816
5818
5817
5812
5817
5817
5815
5816
5820
5816
5811
5812
5812
5812
5814
5815
5816
5813
5815
5820
5819
5822
5819
5823
5823
5824
5827
5824
5825
5825
5824
5825
5825
5828
5824
5823
5823
5823
5823
5823
5823
5823
5823
5828
5827
5827
5827
5828
5829
5829
5830
5830
5833
5833
5833
5829
5830
5830
5835
5835
5838
5839
5840
5844
5840
5845
5845
5845
5842
5842
5840
5843
5842
5840
5840
5840
5842
5843
5844
5845
5844
5845
5845
5845
5844
5843
5842
5843
5843
5843
5843
5843
5843
5840
5846
5845
5849
5851
5853
5853
5852
5855
5854
5854
5854
5851
5851
5851
5853
5850
5852
5862
5862
5861
5860
5860
5864
5861
5862
5863
5866
5863
5863
5864
5856
5860
5864
5864
5862
5863
5864
5864
5864
5863
5863
5864
5864
5863
5865
5865
5862
5861
5863
5861
5864
5864
5863
5864
5864
5864
5864
5866
5870
5869
5871
5870
5871
5872
5872
5873
5872
5873
5874
5876
5875
5874
5874
5873
5872
5875
5877
5878
5879
5881
5881
5883
5883
5885
5881
5882
5882
5883
5883
5883
5883
5883
5883
5882
5882
5883
5883
5884
5884
5884
5883
5886
5888
5888
5889
5889
5894
5895
5894
5893
5894
5896
5894
5895
5896
5896
5895
5895
5895
5894
5894
5895
5901
5901
5904
5904
5904
5904
5904
5903
5902
5913
5914
5915
5916
5916
5912
5914
5915
5918
5913
5918
5916
5916
5916
5918
5910
5917
5916
5916
5917
5917
5919
5917
5919
5920
5920
5918
5919
5918
5914
5920
5919
5921
5919
5921
5918
5911
5909
5909
5918
5919
5920
5916
5917
5920
5915
5918
5919
5920
5919
5918
5919
5918
5918
5918
5920
5918
5917
5919
5921
5916
5922
5917
5920
5918
5921
5918
5918
5918
5920
5920
5920
5918
5918
5923
5918
5918
5915
5922
5922
5922
5922
5920
5921
5930
5930
5927
5933
5933
5932
5933
5933
5930
5925
5926
5929
5935
5933
5933
5933
5932
5925
5934
5935
5940
5941
5939
5942
5941
5940
5938
5942
5942
5944
5942
5939
5941
5941
5940
5943
5941
5944
5941
5941
5941
5941
5941
5941
5940
5942
5940
5941
5942
5946
5944
5944
5944
5945
5945
5949
5951
5950
5951
5951
5949
5951
5950
5953
5952
5950
5952
5951
5950
5949
5950
5951
5954
5954
5951
5950
5952
5952
5953
5952
5943
5951
5950
5950
5952
5954
5956
5962
5965
5965
5970
5970
5970
5970
5970
5972
5971
5976
5978
5983
5984
5985
5988
5988
5988
5987
5987
5983
5988
5985
5983
5983
5986
5986
5986
5986
5985
5986
5986
5984
5988
5986
5988
5988
5981
5981
5985
5984
5985
5989
5986
5988
5988
5988
5988
5988
5988
5988
5988
5988
5989
5988
5986
5986
5986
5986
5986
5986
5986
5986
5986
5986
5984
5985
5988
5988
5989
5989
5989
5991
5992
5991
5997
5997
6000
6002
6002
6001
6006
6009
6004
6002
6002
6000
6000
5999
5999
5999
5999
6005
6008
6010
6011
6010
6013
6015
6014
6015
6019
6021
6021
6022
6021
6018
6019
6019
6019
6019
6021
6022
6022
6026
6028
6030
6033
6034
6034
6034
6033
6031
6030
6030
6030
6030
6032
6034
6038
6038
6039
6039
6038
6038
6041
6040
6042
6040
6043
6041
6044
6042
6042
6042
6044
6042
6042
6041
6040
6040
6040
6040
6044
6044
6043
6043
6043
6041
6045
6047
6051
6056
6056
6056
6058
6055
6056
6057
6058
6058
6058
6057
6058
6058
6058
6060
6061
6061
6064
6064
6065
6069
6072
6076
6072
6072
6073
6073
6072
6072
6072
6072
6073
6077
6074
6074
6078
6080
6084
6084
6086
6086
6086
6083
6083
6085
6082
6083
6083
6085
6085
6087
6086
6087
6084
6086
6091
6091
6089
6091
6090
6091
6091
6094
6095
6097
6097
6097
6097
6097
6097
6098
6095
6095
6095
6097
6097
6100
6097
6096
6099
6099
6098
6098
6098
6102
6103
6102
6101
6099
6099
6104
6102
6104
6103
6102
6102
6105
6104
6101
6106
6106
6108
6106
6104
6104
6110
6106
6109
6109
6109
6109
6107
6106
6106
6108
6109
6108
6108
6108
6108
6108
6108
6108
6107
6112
6112
6110
6110
6110
6110
6110
6109
6110
6110
6110
6110
6110
6110
6110
6111
6109
6107
6106
6106
6106
6106
6106
6108
6108
6108
6108
6107
6106
6106
6103
6105
6104
6107
6105
6108
6109
6108
6110
6108
6103
6103
6102
6107
6108
6109
6109
6111
6109
6110
6112
6109
6109
6109
6111
6111
6112
6109
6110
6110
6109
6111
6109
6111
6109
6110
6107
6108
6109
6112
6109
6111
6113
6112
6114
6109
6112
6113
6112
6111
6114
6113
6113
6113
6110
6111
6112
6111
6113
6112
6107
6103
6107
6107
6109
6111
6109
6112
6114
6109
6113
6111
6114
6114
6112
6107
6113
6111
6105
6114
6114
6114
6109
6109
6112
6112
6112
6116
6115
6111
6111
6115
6114
6111
6112
6110
6110
6112
6109
6112
6107
6106
6111
6112
6113
6110
6113
6108
6111
6110
6115
6114
6115
6110
6110
6113
6106
6114
6112
6115
6115
6112
6110
6111
6112
6111
6112
6112
6112
6112
6111
6112
6112
6114
6113
6114
6109
6110
6106
6108
6108
6108
6106
6109
6111
6105
6110
6110
6108
6108
6107
6110
6107
6101
6109
6106
6109
6108
6105
6107
6109
6106
6108
6103
6105
6107
6109
6107
6111
6111
6110
6109
6114
6113
6110
6109
6111
6109
6110
6107
6105
6106
6107
6103
6109
6108
6110
6106
6104
6109
6108
6103
6107
6106
6104
6105
6107
6110
6104
6110
6109
6101
6106
6107
6104
6102
6105
6102
6105
6106
6109
6109
6111
6107
6106
6108
6107
6107
6107
6108
6103
6109
6111
6109
6110
6109
6106
6106
6103
6106
6104
6108
6105
6107
6104
6104
6105
6103
6103
6103
6106
6107
6108
6108
6111
6108
6111
6113
6114
6112
6111
6112
6104
6108
6106
6109
6107
6104
6108
6107
6106
6108
6108
6106
6106
6110
6108
6108
6107
6114
6112
6110
6111
6110
6109
6104
6104
6112
6107
6110
6116
6112
6106
6107
6107
6106
6103
6108
6109
6107
6110
6109
6115
6112
6110
6109
6110
6110
6110
6110
6113
6114
6112
6112
6104
6111
6113
6111
6112
6114
6109
6111
6114
6112
6112
6110
6110
6110
6110
6110
6110
6110
6112
6110
6110
6112
6109
6111
6111
6114
6114
6112
6112
6109
6110
6113
6112
6111
6111
6111
6109
6110
6111
6112
6115
6114
6113
6116
6116
6114
6108
6116
6112
6112
6112
6112
6114
6112
6111
6111
6114
6117
6114
6116
6113
6118
6113
6111
6114
6115
6108
6113
6107
6112
6114
6114
6114
6111
6107
6107
6107
6109
6109
6110
6111
6107
6107
6108
6110
6110
6111
6110
6110
6110
6111
6111
6112
6111
6107
6110
6107
6111
6111
6110
6109
6107
6107
6107
6107
6107
6108
6110
6112
6112
6112
6112
6114
6106
6110
6109
6109
6106
6108
6110
6106
6112
6107
6107
6110
6110
6107
6109
6109
6109
6109
6107
6110
6110
6105
6111
6111
6112
6111
6109
6109
6108
6110
6107
6106
6107
6107
6107
6110
6109
6109
6109
6109
6110
6112
6111
6110
6111
6107
6106
6106
6107
6107
6112
6112
6110
6107
6109
6109
6108
6108
6108
6108
6108
6108
6108
6108
6108
6108
6108
6108
6108
6108
6108
6108
6108
6108
6108
6108
6108
6108
6108
6108
6108
6108
6108
6108
6108
6108
6116
6120
6129
6134
6131
6136
6139
6133
6134
6134
6134
6137
6137
6137
6137
6134
6132
6135
6139
6137
6141
6145
6152
6151
6153
6155
6156
6156
6156
6158
6159
6155
6160
6160
6159
6159
6161
6160
6160
6158
6158
6158
6158
6158
6158
6167
6166
6169
6168
6169
6171
6167
6168
6171
6168
6168
6168
6171
6173
6167
6175
6172
6177
6179
6179
6180
6180
6181
6184
6181
6181
6184
6182
6183
6182
6180
6186
6185
6190
6193
6196
6199
6200
6201
6197
6195
6200
6202
6205
6200
6200
6204
6205
6205
6203
6203
6204
6203
6203
6200
6202
6202
6202
6202
6203
6207
6203
6209
6206
6205
6203
6203
6201
6208
6216
6213
6219
6213
6216
6215
6215
6213
6216
6214
6218
6216
6214
6216
6215
6214
6219
6219
6219
6218
6218
6218
6218
6216
6219
6218
6225
6233
6231
6234
6229
6236
6237
6240
6239
6242
6247
6245
6258
6251
6256
6263
6263
6265
6268
6267
6275
6283
6284
6286
6283
6285
6285
6286
6290
6290
6290
6290
6284
6288
6288
6288
6289
6292
6292
6292
6293
6296
6296
6296
6295
6293
6298
6297
6301
6307
6308
6308
6305
6305
6306
6309
6307
6312
6323
6319
6327
6329
6326
6329
6328
6328
6331
6333
6338
6342
6343
6347
6349
6345
6348
6348
6348
6347
6347
6350
6352
6351
6351
6356
6356
6359
6356
6360
6359
6362
6366
6359
6362
6365
6371
6371
6369
6368
6367
6370
6372
6371
6371
6371
6371
6371
6372
6372
6372
6372
6373
6371
6389
6404
6417
6427
6433
6442
6444
6447
6443
6444
6443
6444
6444
6445
6452
6453
6450
6455
6448
6452
6450
6452
6451
6455
6455
6455
6456
6451
6456
6466
6461
6465
6462
6464
6468
6469
6471
6474
6480
6479
6478
6484
6483
6489
6493
6494
6496
6495
6500
6501
6506
6505
6505
6506
6506
6504
6501
6509
6510
6512
6511
6516
6521
6517
6516
6520
6515
6514
6516
6522
6517
6520
6524
6524
6527
6536
6534
6532
6531
6534
6534
6532
6534
6532
6537
6534
6542
6540
6542
6543
6546
6541
6545
6547
6554
6554
6554
6557
6556
6557
6557
6561
6557
6559
6560
6563
6564
6565
6566
6571
6571
6573
6573
6573
6571
6571
6576
6580
6580
6582
6585
6584
6584
6584
6584
6584
6582
6582
6582
6588
6588
6589
6592
6589
6589
6589
6585
6594
6593
6594
6598
6599
6597
6598
6598
6604
6604
6601
6600
6597
6604
6599
6600
6603
6604
6602
6601
6600
6597
6601
6602
6603
6605
6605
6599
6604
6600
6599
6597
6593
6593
6604
6602
6598
6606
6605
6606
6607
6607
6608
6602
6603
6607
6608
6605
6608
6607
6606
6605
6604
6607
6604
6598
6601
6602
6604
6603
6607
6602
6606
6604
6606
6604
6608
6606
6609
6605
6608
6608
6609
6601
6603
6603
6603
6603
6599
6601
6603
6601
6601
6602
6603
6602
6602
6604
6604
6604
6604
6604
6604
6604
6601
6603
6603
6603
6603
6605
6605
6603
6603
6603
6603
6603
6601
6602
6602
6605
6605
6605
6605
6605
6602
6603
6603
6603
6606
6604
6604
6604
6606
6600
6604
6601
6602
6603
6602
6605
6602
6603
6602
6603
6603
6601
6603
6601
6602
6602
6602
6603
6602
6602
6605
6604
6604
6604
6602
6602
6602
6601
6601
6601
6603
6604
6603
6603
6601
6603
6602
6599
6599
6600
6600
6600
6600
6600
6600
6603
6609
6606
6610
6611
6613
6614
6617
6618
6619
6621
6621
6624
6626
6624
6627
6626
6627
6625
6627
6627
6630
6630
6628
6627
6628
6628
6623
6629
6629
6629
6628
6631
6632
6633
6629
6632
6629
6631
6629
6629
6627
6629
6632
6629
6631
6631
6627
6630
6636
6638
6638
6638
6639
6640
6641
6639
6639
6640
6640
6643
6640
6640
6640
6641
6642
6642
6642
6642
6642
6642
6642
6642
6640
6643
6643
6645
6645
6645
6644
6644
6644
6642
6647
6647
6643
6643
6643
6643
6643
6643
6644
6646
6647
6650
6651
6650
6652
6652
6653
6654
6656
6654
6654
6652
6654
6655
6656
6657
6657
6658
6658
6655
6657
6655
6654
6654
6652
6652
6651
6652
6652
6654
6655
6660
6664
6664
6666
6666
6666
6667
6667
6669
6669
6669
6671
6668
6670
6671
6679
6680
6679
6680
6683
6685
6690
6690
6688
6692
6687
6686
6686
6690
6691
6691
6691
6686
6687
6686
6686
6687
6686
6685
6688
6688
6688
6685
6684
6683
6683
6683
6683
6683
6683
6683
6683
6683
6685
6687
6683
6686
6687
6685
6685
6685
6686
6687
6686
6688
6688
6687
6686
6687
6684
6694
6700
6704
6708
6708
6708
6710
6709
6711
6711
6714
6710
6712
6710
6711
6711
6710
6710
6710
6710
6722
6726
6726
6726
6728
6727
6726
6726
6728
6728
6729
6735
6736
6737
6738
6739
6739
6741
6742
6738
6744
6745
6744
6748
6750
6749
6753
6756
6760
6760
6760
6764
6763
6763
6763
6763
6763
6761
6764
6766
6771
6770
6769
6771
6774
6773
6771
6774
6774
6772
6774
6773
6772
6773
6770
6772
6773
6771
6772
6772
6771
6771
6775
6775
6774
6773
6773
6773
6771
6772
6772
6772
6772
6772
6772
6773
6773
6773
6772
6773
6777
6775
6776
6775
6774
6774
6774
6773
6774
6775
6775
6777
6774
6773
6773
6773
6775
6771
6775
6775
6775
6775
6775
6774
6775
6773
6772
6774
6774
6775
6774
6774
6774
6773
6773
6775
6771
6771
6773
6773
6773
6775
6775
6780
6780
6782
6782
6782
6784
6785
6787
6788
6785
6787
6787
6785
6788
6787
6784
6786
6786
6785
6785
6785
6785
6785
6787
6787
6787
6787
6787
6787
6787
6787
6787
6787
6787
6787
6787
6787
6787
6787
6787
6787
6787
6787
6787
6787
6787
6787
6787
6787
6787
6787
6787
6787
6787
6787
6787
6787
6787
6787
6787
6787
6787
6787
6787
6787
6786
6784
6787
6788
6789
6789
6790
6790
6791
6791
6792
6790
6790
6790
6793
6793
6794
6791
6791
6791
6796
6796
6796
6796
6796
6796
6796
6796
6795
6798
6796
6800
6800
6803
6803
6801
6800
6799
6799
6800
6800
6801
6801
6799
6800
6803
6801
6801
6802
6800
6802
6805
6799
6799
6800
6801
6801
6802
6801
6801
6799
6800
6799
6799
6798
6800
6799
6798
6799
6801
6801
6801
6800
6801
6801
6801
6801
6801
6802
6802
6802
6802
6802
6802
6802
6802
6802
6802
6802
6802
6802
6802
6802
6802
6798
6801
6801
6806
6808
6809
6815
6815
6815
6818
6822
6820
6820
6818
6821
6823
6823
6824
6822
6827
6829
6823
6826
6826
6826
6826
6821
6823
6823
6823
6823
6823
6825
6825
6825
6827
6827
6825
6827
6827
6829
6827
6831
6831
6828
6832
6829
6829
6830
6827
6831
6829
6829
6829
6829
6829
6832
6830
6832
6830
6833
6829
6829
6828
6828
6827
6828
6828
6829
6827
6827
6827
6827
6830
6840
6845
6845
6843
6842
6843
6844
6847
6848
6848
6848
6855
6855
6861
6864
6870
6870
6871
6871
6874
6871
6875
6877
6880
6880
6880
6880
6880
6879
6878
6883
6885
6883
6881
6881
6881
6881
6886
6886
6885
6887
6887
6886
6883
6887
6884
6890
6891
6892
6892
6889
6888
6894
6896
6899
6901
6900
6904
6904
6905
6909
6909
6914
6913
6913
6914
6916
6915
6916
6915
6917
6919
6923
6923
6925
6924
6925
6925
6926
6923
6924
6923
6924
6925
6928
6930
6934
6934
6934
6934
6938
6942
6942
6942
6944
6942
6944
6942
6947
6947
6946
6945
6948
6942
6945
6948
6948
6944
6944
6945
6947
6958
6970
6972
6981
6987
6995
7000
7008
7011
7012
7013
7013
7013
7013
7013
7015
7014
7016
7016
7017
7016
7016
7017
7014
7016
7016
7014
7017
7017
7017
7018
7020
7016
7016
7017
7017
7018
7016
7020
7029
7026
7026
7026
7028
7034
7035
7037
7043
7040
7045
7047
7050
7050
7052
7050
7053
7054
7061
7062
7063
7067
7067
7064
7063
7068
7069
7070
7071
7072
7073
7076
7076
7075
7075
7075
7077
7077
7077
7077
7077
7077
7082
7084
7085
7085
7088
7088
7087
7087
7088
7085
7089
7089
7100
7102
7103
7105
7105
7105
7099
7100
7102
7109
7113
7110
7112
7111
7110
7110
7113
7113
7112
7116
7118
7120
7122
7123
7125
7126
7126
7127
7129
7128
7131
7138
7140
7141
7142
7142
7142
7143
7143
7141
7138
7138
7142
7143
7144
7145
7148
7146
7152
7155
7155
7152
7153
7157
7155
7159
7156
7157
7161
7160
7157
7161
7157
7160
7155
7156
7158
7159
7158
7163
7162
7159
7160
7160
7160
7160
7159
7160
7159
7161
7160
7160
7159
7161
7159
7162
7160
7159
7160
7158
7156
7158
7158
7159
7156
7156
7156
7162
7160
7160
7161
7160
7166
7163
7162
7162
7160
7161
7162
7161
7162
7159
7154
7159
7161
7161
7161
7161
7160
7162
7161
7162
7161
7162
7162
7163
7164
7162
7160
7163
7162
7166
7164
7166
7165
7161
7160
7161
7161
7162
7163
7163
7169
7163
7166
7163
7166
7166
7166
7170
7168
7168
7167
7168
7167
7166
7167
7167
7167
7166
7166
7167
7167
7174
7177
7181
7184
7185
7184
7184
7186
7191
7189
7187
7186
7186
7186
7185
7190
7195
7194
7196
7201
7201
7200
7197
7197
7199
7202
7199
7199
7200
7200
7200
7199
7199
7206
7208
7210
7210
7211
7213
7208
7210
7212
7212
7220
7217
7224
7227
7230
7229
7234
7233
7234
7235
7240
7243
7244
7250
7255
7252
7252
7252
7251
7251
7251
7251
7254
7257
7257
7259
7260
7262
7264
7265
7262
7264
7265
7266
7266
7264
7265
7267
7264
7265
7264
7265
7266
7266
7264
7264
7266
7265
7266
7268
7265
7265
7267
7265
7264
7264
7265
7264
7264
7264
7266
7266
7267
7266
7266
7265
7266
7266
7266
7266
7265
7266
7266
7267
7266
7266
7266
7265
7265
7265
7264
7265
7265
7265
7265
7265
7264
7264
7264
7264
7264
7264
7264
7264
7265
7264
7268
7268
7269
7269
7269
7269
7272
7271
7274
7275
7276
7275
7274
7274
7274
7274
7275
7273
7275
7280
7280
7283
7282
7284
7286
7285
7287
7287
7287
7286
7287
7285
7285
7285
7288
7289
7289
7288
7286
7285
7284
7285
7285
7284
7284
7284
7284
7284
7284
7285
7284
7286
7286
7293
7299
7298
7300
7302
7305
7307
7308
7309
7307
7308
7307
7307
7307
7308
7309
7309
7307
7307
7310
7311
7310
7310
7307
7307
7309
7310
7310
7310
7311
7311
7311
7311
7308
7311
7310
7312
7312
7313
7313
7312
7314
7313
7311
7311
7313
7313
7312
7311
7311
7312
7311
7310
7310
7310
7310
7314
7321
7324
7325
7328
7328
7329
7328
7330
7326
7326
7327
7327
7328
7330
7329
7331
7333
7336
7334
7339
7340
7345
7345
7347
7345
7345
7348
7349
7354
7355
7350
7355
7357
7355
7356
7356
7355
7357
7356
7356
7356
7356
7356
7356
7356
7356
7356
7356
7356
7356
7357
7357
7357
7359
7360
7360
7360
7360
7361
7361
7355
7357
7358
7361
7362
7358
7362
7368
7368
7370
7370
7370
7369
7375
7376
7378
7378
7379
7381
7379
7380
7381
7379
7379
7380
7380
7380
7380
7380
7382
7380
7382
7393
7401
7403
7412
7419
7433
7437
7439
7449
7449
7452
7452
7449
7450
7450
7446
7452
7453
7452
7453
7453
7448
7450
7451
7451
7450
7452
7452
7451
7451
7453
7453
7456
7459
7463
7466
7470
7468
7467
7467
7467
7465
7475
7474
7477
7484
7485
7490
7489
7496
7492
7498
7510
7507
7508
7507
7506
7506
7509
7509
7509
7520
7515
7516
7514
7518
7517
7518
7517
7517
7518
7518
7519
7521
7527
7529
7529
7527
7529
7529
7529
7529
7526
7529
7528
7534
7536
7536
7537
7537
7537
7535
7538
7541
7544
7545
7543
7544
7543
7544
7545
7545
7544
7547
7549
7550
7552
7551
7555
7559
7556
7564
7562
7561
7562
7568
7569
7569
7576
7577
7580
7583
7582
7586
7585
7587
7589
7589
7589
7586
7588
7586
7587
7588
7592
7590
7593
7592
7592
7596
7595
7596
7596
7596
7600
7602
7604
7604
7607
7607
7608
7606
7606
7606
7607
7607
7606
7609
7607
7602
7602
7603
7609
7604
7605
7607
7609
7609
7605
7606
7605
7604
7604
7603
7604
7604
7604
7604
7602
7603
7602
7601
7604
7607
7605
7610
7601
7603
7604
7601
7607
7610
7608
7609
7606
7608
7609
7609
7607
7598
7601
7607
7605
7608
7606
7605
7604
7606
7609
7612
7608
7608
7606
7608
7610
7605
7604
7608
7606
7609
7606
7608
7610
7608
7602
7607
7606
7605
7606
7609
7607
7610
7609
7606
7609
7612
7609
7608
7614
7612
7614
7614
7614
7611
7607
7606
7608
7613
7614
7609
7608
7611
7608
7607
7607
7607
7610
7607
7609
7607
7609
7608
7608
7608
7607
7609
7611
7610
7610
7613
7605
7606
7606
7606
7606
7608
7608
7605
7599
7602
7601
7605
7608
7606
7607
7611
7610
7606
7607
7607
7608
7607
7609
7609
7607
7611
7611
7606
7607
7608
7607
7608
7608
7608
7608
7607
7608
7608
7608
7608
7608
7612
7609
7607
7608
7607
7605
7605
7605
7608
7611
7612
7609
7608
7606
7611
7610
7609
7608
7608
7609
7613
7610
7609
7608
7608
7613
7613
7614
7611
7611
7612
7612
7614
7612
7614
7614
7612
7618
7613
7612
7616
7617
7616
7617
7617
7617
7617
7618
7618
7618
7617
7619
7618
7613
7614
7616
7615
7616
7617
7616
7620
7619
7616
7616
7616
7616
7619
7615
7618
7619
7618
7617
7617
7617
7617
7618
7617
7617
7619
7617
7616
7617
7615
7616
7616
7617
7617
7617
7618
7616
7616
7616
7617
7614
7613
7616
7618
7618
7619
7615
7613
7613
7613
7609
7609
7609
7609
7609
7613
7613
7615
7613
7615
7613
7610
7609
7612
7612
7611
7611
7612
7611
7613
7613
7613
7612
7609
7599
7598
7600
7604
7601
7603
7600
7601
7599
7606
7615
7609
7605
7605
7605
7605
7605
7608
7604
7606
7604
7604
7603
7605
7606
7607
7604
7604
7604
7604
7604
7604
7604
7604
7607
7606
7609
7607
7607
7607
7610
7610
7609
7609
7613
7617
7617
7618
7605
7606
7605
7606
7604
7600
7605
7601
7606
7605
7605
7605
7605
7603
7605
7604
7604
7604
7604
7604
7604
7606
7605
7604
7608
7605
7605
7605
7605
7605
7605
7605
7605
7602
7602
7604
7605
7604
7604
7604
7605
7604
7604
7604
7604
7604
7606
7603
7604
7604
7604
7604
7604
7603
7603
7604
7604
7604
7604
7604
7604
7605
7605
7604
7604
7604
7604
7606
7606
7605
7606
7606
7602
7602
7602
7602
7602
7602
7602
7602
7602
7602
7602
7602
7602
7602
7602
7602
7602
7602
7603
7604
7604
7604
7604
7603
7603
7601
7603
7603
7605
7604
7606
7603
7602
7599
7603
7603
7603
7601
7601
7602
7603
7602
7601
7600
7603
7602
7603
7601
7602
7602
7602
7602
7602
7603
7603
7601
7601
7602
7603
7601
7602
7605
7603
7604
7603
7602
7602
7602
7600
7602
7604
7601
7605
7602
7601
7601
7603
7602
7602
7603
7603
7602
7603
7604
7608
7605
7600
7599
7601
7602
7602
7602
7602
7602
7605
7604
7605
7600
7603
7602
7601
7603
7604
7603
7603
7603
7602
7604
7603
7604
7604
7602
7601
7603
7604
7603
7603
7603
7605
7605
7604
7602
7604
7601
7604
7600
7600
7600
7601
7601
7602
7602
7602
7602
7603
7601
7601
7604
7603
7603
7603
7603
7603
7603
7603
7601
7601
7601
7601
7601
7601
7601
7601
7601
7601
7601
7600
7600
7600
7600
7600
7600
7600
7600
7600
7600
7600
7600
7600
7600
7600
7600
7600
7600
7600
7600
7600
7600
7600
7600
7600
7600
7600
7600
7600
7600
7600
7603
7604
7608
7612
7612
7624
7628
7636
7645
7649
7655
7662
7668
7668
7671
7669
7670
7672
7673
7679
7678
7678
7678
7678
7678
7678
7678
7678
7678
7679
7679
7680
7681
7692
7700
7701
7714
7718
7718
7720
7721
7721
7721
7721
7721
7721
7721
7721
7721
7722
7724
7726
7729
7731
7731
7732
7733
7733
7738
7753
7759
7762
7762
7761
7782
7785
7785
7784
7784
7794
7800
7800
7803
7813
7822
7827
7827
7827
7827
7837
7844
7842
7846
7856
7865
7868
7872
7870
7875
7878
7884
7882
7882
7882
7884
7884
7884
7885
7883
7887
7903
7923
7923
7935
7940
7940
7941
7940
7942
7947
7948
7946
7944
7946
7943
7946
7947
7947
7946
7943
7946
7941
7940
7940
7941
7942
7942
7942
7942
7942
7943
7942
7944
7959
7974
7975
7993
8010
8024
8030
8032
8032
8034
8034
8034
8035
8038
8038
8048
8060
8068
8068
8074
8074
8074
8074
8080
8077
8079
8092
8104
8102
8100
8107
8120
8124
8122
8131
8139
8137
8158
8155
8158
8169
8175
8177
8179
8187
8187
8196
8196
8199
8209
8210
8210
8208
8208
8213
8228
8229
8238
8248
8259
8265
8265
8265
8264
8266
8265
8269
8269
8269
8269
8271
8266
8268
8269
8270
8266
8267
8268
8266
8266
8268
8266
8267
8268
8268
8269
8269
8269
8271
8269
8269
8270
8270
8270
8269
8269
8267
8300
8299
8299
8322
8322
8336
8345
8352
8366
8377
8377
8380
8389
8391
8401
8412
8414
8420
8427
8428
8430
8432
8432
8433
8433
8433
8433
8434
8434
8434
8434
8434
8434
8434
8434
8434
8434
8434
8434
8435
8439
8441
8441
8441
8441
8445
8439
8437
8443
8442
8442
8445
8442
8444
8443
8443
8443
8443
8443
8443
8443
8443
8443
8447
8447
8447
8447
8447
8448
8450
8449
8449
8446
8446
8446
8448
8448
8448
8448
8448
8450
8450
8450
8450
8446
8446
8446
8447
8447
8445
8445
8437
8446
8445
8448
8441
8449
8445
8448
8448
8448
8447
8447
8448
8445
8444
8444
8447
8445
8450
8445
8447
8447
8447
8447
8445
8443
8444
8446
8446
8448
8446
8446
8447
8448
8448
8446
8446
8449
8445
8448
8450
8449
8449
8450
8450
8445
8448
8443
8448
8446
8447
8448
8444
8449
8450
8450
8449
8449
8449
8449
8449
8445
8445
8444
8444
8444
8444
8444
8445
8446
8447
8452
8457
8461
8463
8465
8463
8466
8468
8465
8469
8467
8468
8466
8472
8467
8468
8471
8472
8470
8469
8470
8474
8474
8469
8470
8470
8470
8470
8469
8472
8470
8473
8473
8475
8475
8475
8469
8476
8484
8482
8482
8480
8480
8480
8475
8474
8474
8474
8474
8474
8474
8474
8479
8483
8480
8487
8488
8486
8488
8489
8493
8494
8495
8491
8496
8492
8492
8491
8495
8490
8489
8488
8491
8493
8488
8488
8486
8493
8492
8489
8492
8494
8496
8492
8492
8492
8492
8492
8493
8499
8501
8507
8507
8508
8509
8507
8515
8511
8510
8510
8507
8509
8516
8521
8520
8526
8524
8522
8527
8524
8523
8521
8524
8523
8523
8522
8522
8524
8525
8526
8526
8526
8526
8526
8526
8526
8526
8525
8527
8530
8532
8533
8536
8537
8539
8540
8536
8539
8539
8537
8541
8534
8536
8537
8536
8534
8536
8537
8535
8535
8535
8535
8542
8546
8545
8552
8552
8553
8553
8553
8553
8552
8555
8549
8561
8565
8567
8567
8568
8569
8572
8571
8571
8573
8571
8572
8565
8570
8571
8569
8570
8569
8569
8569
8570
8570
8567
8568
8569
8569
8565
8566
8567
8569
8571
8567
8569
8565
8569
8569
8569
8570
8570
8570
8570
8570
8570
8570
8570
8570
8570
8570
8569
8570
8571
8564
8562
8562
8562
8567
8566
8568
8565
8569
8568
8568
8569
8564
8563
8563
8563
8563
8565
8565
8565
8565
8565
8566
8566
8566
8566
8566
8566
8567
8565
8565
8568
8568
8566
8566
8567
8562
8561
8561
8567
8562
8563
8561
8567
8567
8569
8574
8573
8575
8576
8573
8574
8575
8573
8574
8576
8572
8575
8576
8576
8577
8572
8577
8574
8573
8573
8573
8573
8573
8573
8572
8578
8579
8579
8578
8578
8580
8582
8588
8589
8590
8591
8592
8593
8593
8593
8594
8595
8599
8597
8600
8601
8597
8597
8596
8596
8599
8598
8601
8602
8605
8606
8608
8609
8610
8610
8612
8610
8611
8607
8610
8610
8610
8610
8609
8610
8610
8608
8610
8610
8610
8619
8616
8621
8621
8622
8624
8623
8624
8623
8622
8625
8627
8629
8629
8629
8629
8632
8633
8633
8633
8635
8639
8639
8640
8640
8646
8643
8646
8646
8646
8647
8644
8650
8648
8647
8649
8649
8648
8646
8648
8645
8649
8648
8649
8648
8647
8647
8647
8646
8646
8646
8645
8643
8645
8657
8659
8660
8663
8663
8664
8661
8663
8662
8660
8662
8668
8666
8667
8672
8674
8678
8678
8680
8680
8685
8688
8686
8686
8686
8687
8686
8690
8691
8686
8690
8690
8690
8690
8689
8689
8689
8690
8690
8690
8690
8689
8689
8689
8689
8690
8693
8695
8695
8694
8697
8697
8703
8705
8706
8706
8709
8710
8709
8710
8711
8714
8716
8714
8717
8718
8721
8723
8722
8720
8727
8727
8728
8731
8734
8732
8732
8732
8732
8732
8732
8732
8733
8737
8738
8739
8742
8740
8742
8742
8742
8742
8744
8743
8742
8745
8743
8743
8743
8743
8741
8742
8742
8743
8745
8740
8743
8745
8742
8745
8745
8750
8749
8748
8747
8749
8747
8748
8750
8749
8746
8743
8743
8739
8742
8739
8745
8747
8746
8749
8740
8743
8743
8741
8744
8746
8744
8743
8743
8743
8743
8744
8748
8748
8753
8753
8750
8747
8747
8748
8748
8747
8747
8748
8748
8748
8748
8748
8745
8742
8742
8742
8742
8742
8742
8742
8742
8742
8744
8749
8753
8751
8747
8746
8747
8747
8750
8750
8750
8750
8750
8750
8750
8750
8752
8754
8754
8754
8756
8757
8757
8758
8758
8754
8755
8757
8761
8760
8760
8759
8760
8754
8754
8756
8757
8756
8758
8754
8755
8758
8757
8757
8762
8762
8762
8762
8757
8757
8757
8762
8760
8761
8761
8761
8762
8762
8759
8759
8759
8758
8757
8755
8756
8757
8753
8753
8752
8752
8753
8752
8755
8755
8752
8754
8755
8753
8759
8755
8755
8761
8759
8757
8758
8758
8760
8761
8761
8761
8758
8761
8758
8762
8762
8761
8761
8761
8761
8761
8762
8762
8760
8760
8761
8762
8762
8762
8762
8762
8762
8761
8761
8762
8761
8762
8762
8762
8761
8764
8765
8768
8769
8771
8769
8774
8774
8774
8774
8774
8774
8775
8772
8779
8781
8783
8783
8780
8787
8781
8781
8779
8779
8784
8780
8784
8784
8783
8785
8785
8781
8784
8786
8781
8783
8786
8788
8789
8789
8791
8791
8789
8788
8787
8787
8788
8790
8790
8786
8790
8792
8796
8797
8798
8800
8800
8799
8802
8798
8799
8801
8807
8804
8805
8805
8808
8811
8808
8807
8810
8811
8811
8811
8810
8810
8813
8813
8813
8811
8810
8810
8810
8810
8810
8810
8810
8810
8814
8812
8819
8820
8821
8824
8821
8822
8826
8827
8828
8827
8825
8825
8824
8824
8825
8832
8832
8829
8830
8830
8830
8830
8831
8831
8833
8832
8834
8831
8834
8833
8832
8834
8831
8832
8833
8835
8836
8834
8834
8833
8831
8834
8837
8832
8838
8838
8833
8836
8834
8836
8836
8836
8834
8834
8836
8836
8836
8836
8836
8836
8836
8836
8836
8836
8836
8835
8834
8835
8835
8832
8833
8833
8833
8833
8833
8833
8840
8839
8837
8841
8838
8839
8837
8837
8837
8837
8837
8837
8837
8837
8841
8836
8843
8840
8839
8839
8842
8842
8846
8844
8847
8845
8848
8844
8848
8845
8849
8851
8852
8852
8846
8848
8851
8851
8846
8846
8848
8848
8847
8849
8850
8857
8858
8856
8856
8857
8860
8860
8860
8859
8859
8860
8865
8866
8864
8864
8864
8864
8861
8866
8870
8871
8869
8871
8868
8872
8876
8874
8873
8872
8872
8874
8872
8872
8874
8874
8871
8873
8875
8873
8877
8881
8883
8883
8881
8884
8883
8884
8887
8888
8891
8894
8899
8905
8901
8902
8900
8902
8904
8902
8901
8900
8905
8905
8904
8903
8906
8906
8906
8902
8903
8903
8903
8906
8901
8907
8912
8911
8914
8913
8918
8915
8921
8922
8921
8924
8924
8924
8923
8924
8925
8927
8924
8925
8920
8919
8917
8919
8922
8922
8921
8922
8919
8921
8919
8919
8916
8922
8922
8920
8917
8911
8918
8922
8915
8917
8920
8919
8917
8917
8922
8920
8922
8919
8918
8917
8917
8917
8919
8919
8920
8919
8917
8921
8917
8921
8915
8918
8918
8918
8921
8917
8917
8919
8918
8923
8921
8919
8919
8921
8921
8922
8925
8923
8916
8917
8916
8916
8918
8919
8918
8919
8917
8909
8909
8913
8915
8916
8914
8918
8918
8914
8918
8915
8917
8914
8913
8914
8910
8911
8915
8911
8912
8913
8915
8910
8905
8909
8906
8915
8910
8908
8907
8909
8908
8907
8907
8909
8912
8909
8910
8908
8905
8904
8910
8911
8914
8909
8910
8904
8914
8907
8907
8902
8918
8918
8914
8916
8913
8916
8917
8918
8920
8916
8917
8915
8916
8914
8917
8915
8916
8916
8917
8917
8917
8916
8916
8915
8915
8916
8910
8913
8914
8913
8912
8913
8913
8910
8905
8913
8917
8917
8912
8915
8906
8912
8912
8909
8909
8907
8913
8910
8910
8913
8912
8918
8917
8917
8917
8917
8917
8917
8917
8917
8920
8922
8920
8920
8919
8920
8918
8916
8917
8912
8913
8911
8913
8916
8918
8918
8916
8917
8916
8915
8914
8915
8915
8917
8917
8916
8917
8916
8916
8918
8915
8916
8916
8915
8914
8916
8913
8916
8918
8919
8919
8917
8917
8913
8916
8918
8917
8913
8915
8915
8917
8914
8916
8910
8916
8917
8916
8916
8916
8916
8919
8918
8919
8916
8914
8918
8919
8913
8920
8918
8919
8919
8922
8917
8920
8919
8923
8923
8922
8922
8921
8922
8921
8920
8919
8923
8921
8922
8920
8919
8915
8915
8915
8919
8918
8918
8921
8920
8919
8914
8923
8918
8914
8917
8917
8918
8917
8918
8920
8919
8918
8921
8919
8917
8915
8914
8918
8919
8919
8919
8920
8920
8920
8920
8920
8920
8920
8920
8919
8918
8918
8918
8916
8916
8921
8920
8919
8919
8920
8920
8920
8919
8919
8919
8921
8922
8922
8922
8920
8919
8919
8918
8921
8921
8922
8919
8924
8919
8923
8919
8921
8923
8922
8921
8921
8919
8918
8921
8924
8920
8918
8921
8921
8923
8921
8917
8923
8917
8919
8920
8924
8925
8923
8919
8921
8922
8923
8923
8922
8921
8924
8920
8920
8924
8916
8916
8927
8925
8925
8921
8918
8916
8922
8922
8926
8923
8919
8924
8921
8924
8927
8924
8921
8921
8922
8918
8922
8923
8926
8921
8923
8924
8922
8922
8922
8922
8922
8923
8923
8921
8919
8922
8918
8919
8918
8919
8921
8923
8915
8912
8916
8924
8924
8924
8925
8922
8922
8925
8924
8924
8915
8920
8927
8928
8929
8929
8931
8930
8932
8930
8931
8930
8927
8930
8928
8926
8924
8925
8927
8928
8929
8926
8926
8927
8929
8929
8928
8927
8926
8928
8928
8929
8927
8923
8931
8926
8929
8928
8927
8928
8924
8927
8929
8931
8929
8928
8929
8931
8927
8930
8920
8923
8921
8921
8921
8921
8922
8922
8924
8924
8920
8920
8920
8920
8920
8920
8920
8920
8920
8920
8920
8920
8920
8920
8922
8921
8921
8923
8922
8922
8922
8921
8921
8921
8921
8921
8922
8923
8923
8923
8923
8923
8923
8921
8924
8921
8920
8921
8922
8917
8915
8918
8918
8912
8923
8918
8916
8916
8916
8916
8918
8918
8918
8919
8919
8917
8916
8918
8920
8918
8919
8920
8921
8920
8917
8921
8922
8921
8921
8921
8922
8920
8919
8919
8919
8919
8921
8920
8920
8920
8920
8921
8920
8919
8919
8918
8923
8919
8920
8920
8928
8926
8926
8913
8921
8920
8925
8923
8923
8923
8923
8924
8922
8922
8923
8924
8925
8927
8926
8926
8924
8924
8921
8919
8914
8911
8916
8917
8920
8917
8915
8917
8923
8919
8922
8916
8919
8919
8919
8919
8919
8919
8919
8919
8922
8922
8909
8909
8909
8909
8909
8909
8909
8909
8909
8909
8909
8909
8909
8909
8909
8909
8909
8909
8909
8909
8909
8909
8909
8909
8909
8909
8909
8909
8909
8909
8909
8909
8909
8909
8909
8909
8909
8909
9280
9280
9280
9280
9280
9280
9280
9280
9274
9274
9274
9274
9274
9274
9274
9274
9274
9274
9274
9274
9274
9274
9274
9274
9274
9274
9274
9274
9274
9274
9274
9274
9274
9274
