0
1
2
3
4
5
6
7
8
9
10
11
12
13
14
15
16
17
18
19
20
21
22
23
24
25
26
27
28
29
30
31
32
33
34
35
36
48
52
53
54
55
56
57
58
60
68
70
71
72
73
74
75
76
77
78
79
80
84
85
86
87
88
89
90
91
95
96
106
107
108
109
110
111
112
113
120
121
124
128
129
130
131
132
133
134
135
136
137
145
146
147
148
149
150
151
152
153
154
155
156
157
158
159
160
161
162
164
165
166
167
168
169
170
171
172
173
174
175
176
177
178
179
180
181
182
183
184
185
186
187
188
189
190
191
192
193
194
195
196
197
198
199
200
201
202
203
204
205
206
207
208
209
210
211
212
213
214
215
216
217
218
219
220
221
222
223
224
225
226
227
228
229
230
231
232
233
234
235
236
237
238
239
240
241
242
243
244
245
246
247
252
253
254
255
256
257
258
259
260
261
262
263
264
265
266
267
268
269
270
271
272
273
274
275
276
277
278
279
280
281
282
283
284
285
286
287
288
289
290
291
292
293
294
295
296
297
298
299
300
306
307
308
309
310
311
312
319
320
321
322
323
324
325
326
336
337
338
339
346
347
348
349
350
351
352
353
354
355
360
361
362
363
364
365
366
367
368
369
370
371
372
373
374
375
376
377
378
379
380
388
389
390
391
392
393
398
399
400
401
402
403
404
405
406
407
408
409
410
411
412
413
414
415
416
417
418
419
420
421
422
423
424
425
426
427
428
429
430
431
432
433
434
435
436
437
438
439
440
441
442
443
444
445
446
447
448
449
450
451
452
453
454
455
456
457
458
459
460
461
462
463
464
465
466
467
468
469
470
471
472
473
474
475
476
477
478
479
480
481
482
483
484
485
486
487
488
489
490
491
492
493
500
501
502
503
504
505
506
517
518
519
520
536
537
538
547
548
549
550
551
552
553
554
555
556
557
558
559
560
561
624
625
626
627
628
629
630
794
805
806
807
808
809
810
811
847
848
849
850
874
875
876
877
878
879
880
910
911
912
913
914
915
926
927
928
929
930
975
978
979
983
991
992
993
994
995
996
997
998
999
1023
1024
1025
1082
1084
1085
1086
1087
1088
1089
1104
1105
1164
1165
1183
1184
1185
1186
1187
1309
1310
1333
1341
1382
1383
1384
1385
1386
1387
1388
1389
1403
1404
1405
1406
1414
1418
1419
1438
1439
1440
1441
1442
1459
1460
1461
1462
1463
1464
1465
1466
1474
1475
1476
1477
1478
1491
1492
1493
1494
1495
1496
1497
1498
1499
1500
1501
1519
1520
1528
1529
1530
1531
1532
1533
1534
1535
1536
1537
1538
1539
1540
1541
1542
1543
1544
1545
1546
1547
1548
1549
1561
1562
1563
1564
1565
1566
1567
1575
1576
1584
1585
1586
1587
1588
1589
1609
1610
1611
1612
1613
1614
1615
1616
1617
1618
1619
1620
1621
1622
1636
1638
1655
1656
1657
1658
1659
1660
1716
1717
1718
1719
1720
1721
1722
1723
1724
1725
1726
1727
1728
1729
1730
1731
1732
1733
1734
1735
1736
1737
1739
1740
1741
1742
1743
1744
1745
1746
1747
1748
1752
1765
1766
1767
1768
1769
1770
1771
1772
1773
1774
1775
1776
1777
1778
1779
1780
1781
1782
1783
1784
1840
1841
1842
1843
1844
1845
1846
1847
1848
1849
1850
1852
1853
1854
1855
1856
1857
1858
1859
1860
1861
1862
1863
1864
1865
1866
1867
1868
1869
1870
1871
1872
1873
1874
1882
1895
1896
1897
1920
1921
1957
1958
1959
1960
1961
1962
1971
1975
1976
1977
1978
1979
1980
1981
1982
1991
1992
1993
1994
2002
2022
2023
2024
2025
2026
2027
2028
2029
2030
2031
2032
2033
2034
2035
2036
2037
2040
2041
2042
2043
2044
2045
2046
2047
2048
2050
2051
2052
2053
2055
2056
2064
2065
2066
2067
2068
2069
2070
2084
2085
2086
2087
2088
2089
2090
2091
2092
2093
2094
2096
2097
2098
2099
2100
2101
2102
2103
2104
2105
2106
2108
2109
2110
2111
2112
2122
2123
2124
2126
2127
2160
2161
2162
2163
2164
2165
2166
2167
2168
2169
2170
2171
2172
2173
2174
2175
2176
2177
2180
2181
2182
2183
2184
2185
2186
2187
2188
2189
2190
2191
2192
2193
2194
2195
2196
2197
2198
2199
2200
2201
2202
2203
2204
2205
2206
2207
2208
2209
2210
2211
2212
2213
2214
2215
2216
2217
2218
2219
2220
2243
2244
2245
2246
2247
2248
2249
2250
2251
2252
2253
2254
2255
2256
2257
2258
2259
2260
2261
2262
2263
2264
2265
2266
2267
2268
2269
2270
2279
2280
2281
2282
2283
2284
2285
2290
2291
2292
2293
2294
2295
2296
2297
2298
2299
2300
2301
2322
2323
2332
2352
2357
2358
2366
2367
2368
2369
2370
2371
2372
2373
2374
2375
2391
2392
2393
2394
2430
2431
2432
2433
2443
2444
2491
2492
2493
2494
2495
2496
2497
2498
2499
2500
2501
2502
2503
2504
2522
2523
2524
2533
2534
2588
2626
2627
2631
2635
2636
2637
2638
2639
2640
2641
2642
2643
2644
2645
2646
2647
2648
2649
2650
2651
2652
2653
2654
2655
2656
2657
2658
2659
2660
2661
2662
2663
2664
2665
2666
2667
2668
2670
2671
2672
2673
2674
2675
2676
2677
2678
2679
2680
2681
2682
2683
2684
2685
2686
2687
2688
2689
2690
2696
2700
2701
2710
2711
2712
2713
2714
2715
2716
2717
2718
2719
2720
2721
2722
2736
2737
2738
2739
2754
2755
2756
2757
2758
2759
2760
2761
2762
2763
2764
2765
2766
2767
2768
2776
2778
2791
2792
2805
2806
2807
2808
2809
2810
2811
2812
2813
2814
2815
2816
2817
2819
2820
2821
2822
2823
2824
2825
2826
2827
2828
2829
2830
2845
2849
2850
2884
2934
2935
2936
2985
2987
2988
2989
2990
2991
3010
3011
3012
3013
3014
3015
3016
3017
3018
3019
3020
3021
3022
3023
3024
3025
3026
3027
3028
3029
3030
3031
3032
3033
3034
3035
3036
3037
3038
3039
3040
3041
3042
3043
3044
3045
3046
3047
3094
3095
3103
3104
3105
3106
3138
3139
3140
3141
3142
3143
3144
3145
3146
3147
3148
3149
3150
3151
3152
3153
3154
3155
3156
3157
3158
3159
3160
3161
3162
3163
3164
3165
3166
3167
3168
3169
3170
3171
3172
3173
3174
3175
3176
3177
3178
3179
3180
3198
3206
3207
3208
3209
3210
3226
3227
3228
3229
3230
3231
3232
3233
3234
3235
3236
3237
3238
3281
3282
3283
3284
3285
3286
3297
3313
3314
3315
3359
3361
3369
3370
3402
3403
3404
3405
3406
3408
3415
3416
3417
3418
3428
3429
3430
3431
3432
3433
3434
3435
3436
3451
3466
3467
3500
3501
3502
3503
3529
3530
3531
3533
3534
3535
3536
3537
3538
3539
3540
3541
3579
3580
3581
3582
3583
3584
3585
3586
3587
3588
3589
3590
3591
3592
3602
3692
3693
3694
3734
3735
3736
3737
3738
3739
3740
3797
3806
3807
3808
3809
3819
3820
3821
3823
3853
3854
3855
3856
3857
3858
3859
3860
3869
3870
3871
3872
3873
3874
3875
3876
3877
3878
3879
3880
3881
3882
3883
3884
3885
3886
3887
3888
3889
3890
3891
3892
3893
3894
3895
3896
3897
3898
3899
3900
3901
3902
3903
3904
3905
3906
3907
3908
3909
3910
3933
3934
3935
3936
3937
3938
3939
3940
3941
3970
3971
3972
3973
3974
3975
3976
3977
3978
3979
3980
3981
3982
3983
3984
3985
3986
3993
3994
3995
3996
3997
3998
4014
4015
4016
4017
4018
4019
4020
4021
4022
4023
4024
4025
4026
4027
4028
4029
4030
4031
4032
4033
4034
4035
4036
4037
4038
4039
4040
4041
4042
4043
4044
4045
4105
4106
4107
4108
4109
4110
4111
4125
4126
4127
4128
4129
4130
4131
4132
4133
4134
4135
4136
4137
4138
4139
4140
4141
4142
4143
4144
4145
4146
4147
4148
4149
4150
4151
4152
4153
4174
4175
4176
4177
4178
4179
4180
4181
4182
4183
4184
4185
4186
4187
4188
4189
4190
4191
4192
4193
4194
4195
4196
4197
4198
4227
4228
4229
4230
4231
4232
4233
4234
4244
4245
4246
4247
4248
4249
4250
4251
4252
4260
4261
4262
4270
4271
4272
4273
4298
4330
4331
4332
4333
4389
4390
4391
4392
4393
4394
4395
4396
4397
4398
4399
4400
4401
4402
4403
4404
4405
4406
4412
4413
4414
4415
4422
4424
4425
4430
4431
4432
4433
4494
4495
4496
4497
4498
4519
4520
4521
4522
4523
4524
4554
4555
4556
4557
4558
4559
4560
4561
4562
4563
4564
4565
4566
4567
4568
4569
4570
4603
4616
4617
4618
4619
4627
4628
4629
4630
4678
4679
4680
4681
4682
4690
4693
4728
4730
4731
4733
4734
4735
4736
4737
4738
4739
4740
4741
4742
4761
4762
4763
4764
4765
4766
4767
4768
4769
4770
4771
4772
4773
4774
4775
4776
4777
4778
4779
4780
4781
4782
4783
4784
4785
4786
4787
4788
4789
4790
4791
4792
4793
4794
4795
4796
4797
4798
4799
4800
4801
4802
4803
4804
4805
4806
4807
4808
4809
4810
4811
4812
4813
4814
4815
4816
4828
4856
4857
4867
4868
4869
4870
4871
4872
4873
4874
4875
4876
4896
4897
4898
4899
4900
4901
4902
4903
4904
4905
4906
4907
4908
4909
4910
4911
4921
4941
4943
4944
4945
4946
4947
4948
4949
4950
4951
4952
4973
4974
4975
4976
4977
4978
4979
4980
4981
4982
4991
4992
4993
4994
4995
4996
4997
4998
4999
5000
5001
5006
5008
5009
5010
5011
5012
5013
5014
5015
5016
5017
5018
5019
5020
5021
5030
5031
5044
5045
5046
5047
5064
5065
5066
5068
5069
5081
5082
5095
5097
5098
5099
5108
5109
5110
5111
5112
5113
5122
5123
5124
5125
5126
5127
5128
5144
5145
5146
5147
5148
5160
5161
5162
5163
5179
5180
5181
5200
5201
5202
5203
5205
5301
5330
5331
5332
5333
5348
5435
5436
5437
5465
5466
5467
5468
5497
5498
5536
5537
5538
5539
5540
5541
5542
5543
5544
5545
5546
5592
5593
5597
5598
5599
5601
5602
5630
5632
5633
5634
5645
5646
5647
5648
5649
5650
5651
5652
5653
5654
5655
5656
5657
5658
5659
5660
5672
5673
5674
5675
5676
5677
5678
5679
5680
5681
5682
5683
5684
5685
5686
5687
5688
5689
5690
5691
5692
5693
5694
5695
5696
5697
5698
5699
5700
5701
5702
5747
5748
5749
5750
5751
5752
5753
5754
5755
5756
5757
5774
5788
5789
5790
5791
5792
5793
5794
5795
5796
5797
5829
5833
5834
5835
5836
5837
5848
5849
5898
5899
5900
5901
5902
5903
5904
5905
5929
5930
5931
5983
5985
6011
6012
6013
6027
6028
6029
6030
6031
6039
6040
6041
6042
6043
6062
6063
6098
6099
6100
6122
6123
6124
6125
6174
6200
6201
6202
6203
6204
6205
6206
6207
6228
6229
6230
6231
6232
6233
6234
6235
6236
6237
6238
6239
6240
6241
6242
6243
6244
6245
6246
6247
6248
6273
6274
6275
6276
6277
6278
6292
6293
6294
6307
6308
6309
6310
6311
6312
6313
6314
6315
6316
6317
6318
6319
6320
6321
6322
6323
6324
6325
6326
6327
6328
6329
6330
6331
6362
6363
6442
6443
6444
6520
6536
6602
6603
6604
6605
6606
6607
6608
6609
6610
6611
6612
6613
6614
6615
6616
6617
6618
6619
6646
6647
6648
6649
6650
6659
6660
6661
6662
6663
6664
6665
6673
6743
6744
6745
6746
6752
6791
6792
6793
6794
6795
6822
6823
6824
6825
6826
6827
6828
6829
6830
6831
6832
6833
6834
6850
6851
6852
6853
6861
6862
6886
6887
6888
6889
6890
6891
6908
6909
6928
6929
6930
6931
6932
6933
6934
6935
6936
6979
6982
6983
6984
6985
6986
6994
6999
7025
7026
7027
7028
7029
7030
7031
7032
7033
7034
7035
7036
7037
7057
7058
7059
7060
7061
7062
7063
7064
7065
7066
7067
7068
7069
7070
7071
7072
7073
7074
7075
7084
7085
7088
7089
7090
7091
7092
7093
7094
7095
7096
7097
7098
7099
7100
7101
7102
7103
7104
7105
7106
7107
7108
7109
7110
7111
7112
7113
7114
7115
7116
7117
7118
7119
7120
7121
7122
7123
7124
7125
7126
7127
7128
7129
7130
7131
7132
7133
7134
7135
7136
7137
7138
7139
7140
7141
7142
7143
7144
7145
7252
7272
7273
7274
7295
7296
7297
7298
7299
7300
7301
7302
7303
7304
7305
7306
7307
7308
7309
7310
7311
7312
7313
7321
7322
7323
7324
7325
7326
7327
7328
7329
7330
7331
7332
7333
7334
7335
7336
7337
7338
7339
7340
7341
7342
7371
7372
7373
7374
7429
7430
7431
7432
7433
7434
7435
7436
7437
7438
7439
7440
7441
7442
7443
7444
7445
7454
7455
7456
7457
7458
7477
7478
7479
7480
7481
7482
7483
7484
7485
7486
7487
7488
7489
7490
7494
7495
7496
7497
7508
7547
7548
7549
7550
7551
7552
7553
7554
7649
7650
7651
7652
7653
7654
7655
7667
7668
7669
7686
7687
7688
7750
7751
7752
7753
7754
7755
7770
7771
7772
7773
7775
7776
7777
7778
7779
7780
7781
7782
7783
7784
7785
7786
7787
7788
7789
7790
7791
7792
7793
7794
7795
7796
7797
7798
7801
7802
7803
7811
7812
7813
7814
7815
7816
7817
7818
7819
7820
7821
7822
7823
7867
7939
7940
7941
7942
7943
7944
7945
7946
7947
7948
7949
7950
7951
7952
7953
7954
7964
7965
7966
7967
8025
8027
8028
8029
8030
8031
8032
8033
8034
8035
8043
8044
8045
8046
8050
8051
8052
8053
8054
8055
8056
8057
8058
8059
8060
8061
8062
8063
8064
8065
8070
8071
8072
8073
8074
8075
8076
8077
8078
8079
8080
8081
8082
8097
8098
8099
8100
8101
8102
8109
8110
8111
8112
8113
8114
8115
8116
8117
8118
8119
8120
8121
8163
8164
8165
8166
8182
8183
8184
8185
8186
8187
8188
8189
8190
8256
8257
8258
8259
8260
8261
8262
8263
8273
8274
8275
8276
8400
8401
8402
8403
8438
8439
8440
8441
8550
8551
8552
8553
8554
8555
8556
8557
8558
8559
8560
8561
8570
8571
8572
8573
8604
8605
8606
8607
8608
8609
8610
8618
8619
8620
8621
8622
8647
8648
8649
8650
8651
8652
8653
8654
8655
8656
8657
8658
8659
8660
8661
8662
8663
8664
8665
8666
8667
8668
8669
8670
8671
8672
8673
8674
8675
8676
8677
8678
8679
8680
8681
8682
8683
8684
8685
8686
8687
8688
8689
8690
8691
8692
8759
9000
9001
9003
9004
9078
9087
9088
9089
9090
9091
9092
9102
9103
9120
9121
9131
9132
9133
9134
9135
9136
9137
9138
9139
9140
9141
9152
9153
9154
9155
9156
9157
9158
9159
9160
9161
9162
9163
9204
9205
9206
9207
9208
9209
9210
9211
9213
9214
9215
9216
9217
9218
9219
9220
9221
9222
9240
9241
9257
9258
9259
9260
9261
9262
9263
9264
9265
9266
9267
9268
9269
9278
9279
9280
9281
9306
9315
9316
9317
9318
9319
9320
9321
9323
9324
9325
9335
9336
9337
9338
9348
9349
9350
9351
9352
9353
9354
9355
9378
9379
9380
9381
9382
9383
9384
9385
9386
9416
9417
9418
9419
9420
9421
9422
9423
9424
9431
9432
9433
9441
9453
9482
9484
9487
9488
9489
9490
9491
9492
9518
9519
9520
9521
9522
9523
9524
9532
9533
9534
9535
9566
9567
9570
9571
9572
9573
9574
9575
9576
9577
9578
9586
9624
9625
9626
9627
9628
9629
9630
9634
9635
9636
9637
9638
9664
9667
9668
9669
9670
9671
9672
9673
9674
9675
9676
9677
9692
9717
9718
9719
9720
9721
9722
9723
9734
9735
9745
9746
9768
9769
9770
9771
9772
9773
9774
9775
9776
9777
9778
9779
9796
9797
9798
9799
9807
9808
9862
9863
9864
9882
9936
9937
9938
9939
9940
9999
10009
10010
10011
10012
10029
10030
10031
10032
10033
10034
10035
10036
10037
10038
10039
10040
10041
10042
10043
10044
10045
10046
10047
10048
10054
10070
10071
10089
10090
10093
10104
10105
10106
10107
10116
10129
10130
10131
10132
10133
10134
10135
10136
10137
10153
10154
10155
10156
10157
10158
10160
10171
10172
10173
10174
10209
10210
10211
10212
10213
10214
10215
10216
10217
10255
10256
10257
10260
10261
10262
10263
10264
10265
10266
10267
10273
10274
10275
10276
10277
10278
10279
10280
10281
10282
10283
10284
10285
10286
10287
10288
10289
10290
10291
10292
10293
10294
10295
10296
10424
10425
10426
10427
10428
10429
10430
10431
10597
10599
10615
10616
10617
10618
10619
10620
10621
10638
10639
10655
10688
10689
10690
10691
10692
10693
10704
10705
10706
10707
10708
10709
10710
10711
10750
10751
10752
10753
10755
10756
10757
10772
10773
10774
10775
10776
10777
10778
10779
10780
10781
10782
10783
10784
10785
10786
10787
10788
10789
10790
10791
10792
10793
10794
10795
10796
10797
10798
10813
10814
10838
10839
10840
10841
10842
10843
10897
10902
10903
10935
10936
10937
10979
10983
11044
11045
11046
11047
11048
11049
11050
11175
11176
11177
11178
11179
11276
11277
11278
11279
11280
11281
11282
11283
11284
11285
11286
11289
11290
11291
11292
11293
11294
11295
11296
11297
11298
11299
11300
11301
11302
11304
11305
11309
11331
11332
11333
11334
11335
11337
11338
11339
11340
11341
11342
11343
11344
11345
11346
11354
11355
11356
11357
11414
11415
11416
11424
11425
11426
11427
11428
11429
11430
11431
11432
11437
11438
11439
11447
11448
11449
11450
11468
11478
11479
11489
11490
11491
11492
11522
11527
11528
11529
11530
11531
11532
11533
11534
11535
11544
11546
11547
11569
11570
11579
11580
11606
11607
11609
11638
11640
11641
11642
11643
11644
11645
11646
11647
11648
11649
11650
11658
11659
11660
11661
11662
11675
11676
11677
11683
11684
11685
11686
11715
11716
11717
11718
11719
11720
11721
11722
11723
11724
11725
11726
11727
11728
11729
11730
11731
11732
11733
11734
11735
11736
11737
11738
11739
11740
11741
11742
11743
11744
11745
11746
11747
11748
11749
11750
11751
11752
11753
11754
11755
11756
11757
11758
11759
11760
11761
11768
11769
11770
11771
11772
11774
11783
11784
11785
11786
11787
11788
11789
11799
11800
11801
11802
11803
11818
11819
11820
11821
11822
11823
11831
11832
11833
11834
11835
11836
11837
11838
11839
11840
11841
11842
11843
11844
11845
11846
11847
11848
11849
11850
11851
11852
11853
11886
11887
11888
11889
11890
11892
11921
11922
11923
11924
11925
11926
11955
11956
12052
12053
12054
12055
12056
12057
12060
12112
12114
12115
12116
12117
12118
12127
12169
12170
12172
12207
12208
12209
12210
12211
12212
12251
12252
12253
12257
12288
12289
12290
12291
12292
12293
12326
12358
12359
12382
12396
12397
12398
12399
12400
12401
12402
12403
12404
12405
12406
12407
12408
12409
12410
12411
12412
12413
12414
12415
12416
12417
12418
12419
12420
12421
12422
12423
12424
12425
12426
12427
12428
12429
12430
12431
12432
12433
12434
12438
12440
12448
12449
12450
12451
12465
12466
12475
12477
12478
12479
12480
12481
12482
12483
12484
12485
12499
12500
12501
12502
12503
12504
12514
12516
12517
12518
12519
12535
12536
12537
12538
12539
12540
12541
12583
12584
12585
12586
12587
12588
12589
12590
12591
12592
12593
12594
12595
12596
12597
12598
12599
12600
12601
12602
12629
12630
12631
12632
12633
12634
12664
12665
12666
12695
12707
12708
12716
12788
12790
12791
12810
12811
12812
12813
12814
12815
12816
12903
12912
12939
12940
12941
12942
12943
12944
12945
12946
12993
12994
12995
12996
12997
12998
13020
13021
13022
13023
13024
13025
13032
13033
13034
13035
13036
13037
13038
13052
13053
13056
13069
13070
13071
13103
13104
13105
13106
13107
13108
13116
13136
13137
13138
13139
13140
13141
13142
13143
13144
13152
13153
13154
13155
13156
13157
13161
13162
13163
13164
13165
13166
13167
13168
13169
13170
13171
13172
13173
13174
13175
13176
13177
13178
13179
13180
13181
13182
13183
13184
13185
13186
13187
13188
13189
13190
13191
13192
13195
13196
13197
13198
13199
13200
13201
13202
13203
13204
13205
13206
13207
13208
13209
13210
13211
13212
13213
13214
13215
13216
13217
13218
13219
13220
13234
13235
13244
13245
13246
13247
13248
13249
13250
13251
13273
13274
13275
13276
13286
13287
13288
13289
13298
13299
13301
13302
13303
13312
13313
13314
13324
13325
13326
13327
13328
13329
13330
13334
13335
13336
13337
13338
13339
13340
13341
13342
13343
13344
13345
13346
13347
13348
13349
13350
13351
13352
13353
13354
13355
13356
13357
13358
13359
13360
13361
13362
13363
13364
13365
13366
13367
13368
13369
13370
13371
13372
13373
13374
13375
13376
13377
13378
13379
13380
13381
13406
13407
13408
13409
13410
13411
13412
13424
13425
13426
13427
13428
13429
13430
13431
13477
13478
13508
13509
13510
13511
13512
13527
13600
13601
13602
13603
13604
13605
13606
13607
13608
13609
13635
13636
13637
13638
13639
13640
13641
13642
13643
13644
13645
13646
13647
13648
13649
13650
13668
13669
13670
13671
13672
13673
13674
13675
13676
13677
13678
13680
13681
13686
13687
13688
13689
13690
13691
13692
13693
13694
13695
13696
13697
13698
13715
13716
13735
13737
13761
13762
13763
13764
13765
13766
13767
13768
13769
13770
13771
13820
13821
13822
13823
13824
13891
13892
13893
13894
13895
13896
13897
13898
13899
13900
13901
13934
13956
13957
13958
13959
13960
13961
13976
13977
13978
13979
13980
13981
13982
13983
13984
13985
13986
14006
14007
14008
14009
14010
14011
14012
14013
14014
14015
14016
14017
14018
14019
14056
14057
14072
14073
14074
14103
14104
14105
14106
14107
14126
14127
14128
14156
14157
14158
14159
14160
14161
14198
14199
14200
14201
14202
14203
14204
14205
14206
14207
14208
14210
14242
14243
14244
14245
14246
14256
14264
14265
14266
14303
14305
14315
14316
14317
14318
14319
14320
14322
14323
14324
14325
14326
14327
14328
14329
14330
14341
14342
14343
14344
14345
14346
14347
14348
14349
14350
14353
14354
14389
14390
14391
14392
14395
14403
14419
14429
14430
14431
14432
14433
14434
14435
14436
14437
14438
14439
14440
14441
14442
14443
14444
14445
14446
14447
14448
14461
14462
14494
14524
14526
14527
14528
14530
14531
14532
14533
14534
14535
14536
14537
14538
14552
14553
14561
14562
14563
14564
14565
14594
14595
14596
14597
14598
14599
14600
14601
14602
14603
14604
14605
14606
14607
14608
14611
14612
14613
14614
14625
14626
14627
14628
14629
14669
14670
14789
14790
14791
14894
14895
14896
14897
14898
14931
14932
14933
14934
14957
14958
14959
14960
14961
14994
14995
15016
15017
15055
15056
15057
15058
15059
15060
15061
15062
15063
15064
15065
15066
15074
15075
15076
15077
15078
15079
15080
15081
15082
15083
15084
15159
15160
15161
15162
15163
15211
15214
15240
15241
15242
15246
15247
15248
15249
15250
15251
15252
15253
15254
15255
15256
15257
15258
15259
15260
15261
15262
15263
15264
15265
15266
15267
15268
15269
15270
15271
15272
15273
15274
15275
15276
15277
15295
15296
15297
15298
15299
15300
15315
15316
15317
15318
15319
15320
15321
15322
15323
15324
15325
15326
15327
15328
15346
15347
15348
15349
15352
15375
15376
15377
15378
15386
15387
15388
15389
15390
15391
15392
15393
15394
15395
15396
15397
15398
15399
15400
15401
15402
15403
15404
15405
15406
15407
15408
15409
15410
15411
15412
15413
15414
15415
15416
15424
15425
15426
15427
15428
15429
15430
15431
15432
15433
15434
15435
15436
15437
15438
15439
15440
15441
15442
15443
15444
15445
15446
15447
15448
15449
