164590
270454
106108
80776
78980
18518
69289
59059
55845
20129
71206
20838
62993
66519
309391
83833
75222
70289
19076
73347
57872
77963
68861
96070
61069
69453
65693
62214
75286
316777
80938
60715
72684
18976
62665
68875
65553
81834
77264
66278
72083
55987
52405
51848
103918
82163
70260
76115
73656
69476
71460
64586
56756
48048
49188
51178
67594
13725
61741
292318
64227
65163
60230
55975
22838
53172
58240
15667
54039
71641
16664
66087
66846
16132
108055
85876
65734
58716
70456
77533
65184
56833
55040
76891
74296
68238
62419
63543
76959
104989
60486
80497
60224
57030
79772
79368
71113
15864
70066
77170
57807
49462
15553
73415
105370
58318
16948
56908
15174
72660
79331
68283
77669
14309
73139
69146
78157
75409
55553
214111
66412
62116
58917
76076
62158
73860
65897
73022
59894
19831
69121
74835
55968
18464
106812
86010
68285
17956
79911
22767
70420
15955
71930
67680
71128
67116
55774
73740
14604
106263
64557
82496
73311
60735
15220
54778
70771
65276
65422
64426
54785
53526
56228
15577
101119
84586
75525
78375
78088
82824
57231
54460
76518
71453
67502
70325
62108
72625
63352
161498
66402
60847
52244
71750
75210
62421
70138
66104
55134
17404
71126
74453
15836
53543
101417
74161
59192
69863
55968
55672
54521
15548
50291
71968
64107
53521
66522
60463
54272
105508
61732
81907
68119
57958
51473
63799
53706
68908
65858
71272
65761
64749
63283
49422
102967
13162
70777
65127
57154
66179
77504
76731
73611
59950
53005
47209
49922
47805
48336
157923
64237
71872
80754
63803
58104
52181
50199
50295
11384
4285
48249
49435
11530
69334
102478
57774
72887
64543
57057
16155
55344
12684
50283
78490
76654
61435
55041
50449
49368
105164
73534
59681
56156
54333
58436
55710
55065
52701
56909
50355
49201
53243
49881
49139
100841
61270
72401
74787
54199
50607
54439
54193
51802
16196
47061
68197
61263
52565
50528
223064
58910
53810
54022
54791
54661
54361
52131
54698
52798
13349
52573
63796
16092
55908
99649
64982
65708
61195
17661
73747
76311
17601
76040
70121
59609
59739
57087
53205
56128
100761
75306
65699
61672
55595
73477
71915
939931
98035
27700
58207
53205
57329
54638
69618
492946
72214
55469
61109
52605
57425
58876
52421
55931
47698
51193
52380
14018
54467
52993
522545
70994
60622
56520
19593
60113
52971
54712
16597
55626
18488
55265
15539
55593
53442
103523
64793
57119
54313
56048
53702
52210
53388
15461
59983
50563
50812
48084
47431
49490
103076
67454
16263
64458
56731
16020
57740
547291
63088
13796
51661
70431
61161
19033
57387
106783
63977
76221
73385
69998
55873
55321
54864
51901
50782
52536
49651
49625
65943
60281
104447
62577
55895
54953
56047
55167
62492
55176
53594
50451
50386
52175
58021
45119
45048
103963
62654
56706
49910
54603
11764
47075
47100
45546
45545
44068
39125
36900
31487
23004
495531
57942
56966
51534
16604
48028
56235
49141
46799
47021
51755
44614
12046
41254
46507
100214
59558
53792
52599
46506
15561
46727
46370
45696
39382
44586
41453
46912
40462
41497
230759
70685
57343
59734
53838
54301
46423
49006
47461
48819
48601
46966
46483
46757
47778
98754
55141
50973
51814
53957
51521
50143
50584
46342
57933
49526
46327
42047
46087
47888
480135
22319
58559
55375
50736
54121
50509
51282
49142
51638
48441
47307
44317
51462
48130
102114
61004
57825
62291
55850
51949
14549
46154
48687
48738
53415
49269
48190
49410
59713
102863
63345
54203
53738
51204
52633
17780
50285
52047
52487
50797
48737
58828
52206
50707
103652
10622
52711
51599
55450
52715
12924
52155
51581
50501
17086
54188
47689
50375
49652
383307
19013
61459
56695
55171
50242
63676
48747
50178
46113
48871
45763
44894
47664
42182
101071
54921
54146
62778
54839
52608
48171
47834
49758
46615
51765
47845
46713
48292
45488
106558
60473
57754
55867
53595
51500
50572
14794
51651
11199
49062
49468
48477
14489
48232
101027
55439
52755
52133
52110
51100
50522
48066
53911
60829
13336
51520
14305
49351
46558
233650
68918
54555
51811
49695
49827
47867
49476
46202
47722
45835
47095
46600
44717
46854
101922
60626
54262
59947
51803
53040
51451
53201
51813
48100
45068
51580
45992
49348
12124
102970
58713
54317
51664
52032
50639
52876
46067
50785
49493
48753
46654
59997
44881
11610
101958
56932
56494
52255
13286
54294
49999
12524
49483
50084
47293
50101
45604
45473
45217
227982
67310
57338
51613
54667
52118
61296
52266
53516
51676
47811
51038
13969
50189
48200
99532
61715
51541
14422
54283
54234
17088
52269
48495
47625
46673
50479
48320
49501
12298
104962
59422
57023
52771
52195
54156
51178
51023
48751
48922
45965
45513
47981
48394
48044
103088
61631
57629
52212
53498
53606
53160
15119
49551
58605
50346
49083
48695
48473
12753
159650
60855
53706
57793
53725
54690
48745
48598
50976
48939
47471
46578
41590
49749
11991
101073
12192
54040
61669
51944
50166
53311
47918
48343
48316
50156
43714
46609
46646
45384
101128
57559
53622
47254
49154
48819
46903
44276
45224
46115
45825
47435
54427
47121
46014
101468
57750
54654
58262
53983
49574
52198
51396
47455
50055
52975
48498
11871
6029
4055
129522
67884
55053
15175
54582
49746
62289
52588
48908
50356
49445
52867
51787
49711
48524
104262
57183
17187
55009
52583
52117
50075
51055
11826
53239
52573
59093
55965
47954
50263
105715
62511
58296
56918
58710
17332
6573
50530
12209
56918
49725
51584
52002
50510
13271
100486
58115
53378
51188
54274
52883
51678
49821
48199
59154
47912
45161
47327
43990
44279
432927
61556
54198
51546
50480
46330
53449
50659
47169
46273
47348
44493
40106
10503
41968
94889
52940
49677
56438
47227
49030
45259
40847
11245
38052
34385
36211
29591
5350
16454
325305
56785
59410
54368
53373
49266
47852
46487
47544
45866
48132
50779
39689
45670
10324
99756
20374
54099
54272
50348
14211
48831
51971
51921
49274
46512
14026
44613
49046
45800
241018
66639
59287
58895
56468
54913
60466
49424
50755
50500
48758
49197
49439
49466
49148
105641
62754
17804
51820
54871
49448
14506
50119
48870
48734
10828
46458
45422
44663
10490
495336
81621
24707
62578
58575
55956
54956
15632
52616
52768
51145
50075
62692
56809
51728
101129
65981
56267
53934
15590
56684
50032
54704
16970
61388
50867
49193
12828
53363
50582
102062
61989
15446
55799
51263
50469
48981
50302
48481
48897
46788
48729
44180
47641
44356
102159
60210
59030
49464
54429
12685
50011
50237
15361
47289
46463
14498
49014
50219
46101
207947
70435
60304
56081
57771
50388
51176
14825
48199
52061
48970
51759
60698
48507
47712
105747
59927
53657
51334
50643
50288
50890
51196
49289
44407
48525
45865
12465
47088
47895
100948
60419
52843
52210
50363
51000
58410
48976
50159
49837
51154
50056
47994
46756
46292
103918
57874
57228
56270
56214
51331
50339
49916
54092
14356
48869
51523
49324
48516
47355
242366
69058
55166
55373
54276
52719
16605
5565
49963
53743
51848
51929
46167
49472
47382
101886
55977
58157
54444
50231
11458
46623
49876
47982
60123
49286
52056
49146
48792
41940
101538
57529
54750
51147
51096
50449
49034
49689
50824
49410
51146
46792
48528
50016
45854
100728
57861
53415
63146
52036
51853
48305
47534
47927
50475
52537
49047
48079
62840
54876
262722
67623
58896
51142
52100
51851
51070
49383
51779
49764
47993
49613
60892
49070
46415
102289
58658
54887
57926
56925
49659
11779
50646
50088
46424
50888
49612
50240
11518
46570
100356
58933
54321
55236
52070
50995
44686
50095
46099
52111
48509
13174
41347
45539
44169
102948
55248
54151
51252
49805
53327
49943
13102
6799
52877
46134
11363
46005
47244
48404
240326
69911
56391
50958
50221
50310
49468
45804
50879
52549
45355
47833
46868
45927
45796
101247
59572
53579
52755
52984
49861
52664
16838
49882
56188
12907
6742
48751
53638
53727
101959
15282
55321
57551
54859
14943
50007
53161
49285
48848
48038
50242
13395
48841
49379
100760
59827
53840
61881
53839
53831
14622
55298
15885
49076
53207
51606
47670
13456
48388
185099
58138
13007
50875
50627
50590
12835
48478
49214
48091
45387
45241
54882
41817
45450
103608
60790
49620
50437
52190
48081
50299
49656
47359
49086
48029
44326
43656
46599
45268
100236
59526
57005
13822
48090
45693
58748
46510
49161
47384
48645
45712
46402
47054
45341
101141
52107
50738
47728
47115
46717
49642
16635
6733
43419
44295
43464
46309
11606
45148
467896
6626
60990
55864
13033
56129
53625
10395
55052
51277
10256
46321
46316
11970
45903
98763
54015
53788
47959
47514
47305
40627
44314
43343
48264
43173
33530
26628
24157
13318
379684
52570
51573
48998
45572
40796
44266
42524
42639
44985
42332
59343
49803
48844
43535
95742
56060
53696
60753
50547
48429
48402
47420
47124
46973
46786
50246
47882
46125
44895
214184
70105
70618
61463
57467
55493
52767
56180
51512
52267
54802
52153
64974
53466
49392
103873
62507
55618
51942
12492
5907
51811
51610
13417
49370
14273
47007
48427
43255
47912
465885
71456
57387
54661
54750
53792
63750
51291
49068
52082
50702
49048
12295
61464
56501
103491
60850
55165
52909
11859
56196
50475
14750
51763
53575
52292
47249
47921
48413
48802
106131
62570
56496
59352
53649
47922
49884
50768
53415
12249
53001
53321
49048
13931
48692
101739
59475
19361
53274
48911
46684
48595
50767
48329
58637
44846
44898
47263
48328
43082
405109
71559
56808
55125
54946
13823
51327
57266
16701
49838
56505
49569
14257
51727
49764
101303
59808
54808
62819
54312
54470
52653
56943
52680
49621
46784
49812
49977
50888
49333
103183
13840
54033
55926
53308
51385
50873
51338
51439
50479
46985
48541
62173
15583
50685
103734
15026
55721
54415
55245
17847
53164
51383
51521
55713
16189
53198
49880
51165
49325
263595
16734
51415
53122
53332
52337
62302
54270
50783
48635
50965
48351
53414
47185
49855
100925
59655
55445
51838
58600
52900
16742
54921
49281
11421
50431
48338
12858
47324
47620
104428
62035
16093
55095
51940
51194
48582
47087
50787
49439
50562
52631
12603
51203
50956
100643
66884
58988
16356
50352
51881
50851
53987
13536
59822
52609
53594
13457
49345
49019
192637
13854
63815
57006
53933
11132
55617
51831
49827
16026
58801
51812
50352
45742
50260
100051
13628
57363
66824
14238
60468
51214
14039
53066
53148
15196
52843
10397
3381
53703
100626
16001
60740
13896
55982
15936
59606
55607
15407
50945
55206
54660
61797
50947
53628
102312
60739
55266
54758
54649
51823
52259
50438
52359
50148
16460
6181
47355
52333
50125
191920
61292
53918
53194
53254
54193
58605
47544
50360
45993
49241
47892
46607
44917
46984
102949
58239
56265
50831
53810
52250
17408
51393
47186
52375
49978
52710
51904
49173
47370
106399
16497
57673
57344
54623
14017
55728
50578
47578
53246
54519
51546
49270
49556
52099
100475
58761
55247
53517
53340
52944
49955
48411
44201
57116
47259
17079
44965
49762
47941
195859
60169
54931
52576
55254
52343
49135
52933
12395
50979
52456
49290
47406
52247
50980
99155
62318
56397
65246
50141
47615
48308
46732
48366
53508
14218
48724
13569
47424
48736
103164
58680
53031
50810
53951
52243
55219
52715
52526
48842
53937
48030
60168
48647
43047
103176
57031
51901
16441
53902
53381
48023
51188
47054
51195
50518
17807
47025
49899
49278
451241
54410
62230
55278
54279
54143
59027
44734
50687
11651
46972
42098
12382
52783
47638
101426
18897
51917
48579
49618
47614
47721
45200
46090
42884
35017
37809
6949
26295
18924
347331
58310
61797
66612
58888
53126
15088
58516
58422
56838
51697
49632
50014
46218
51119
99574
58700
55062
51031
49065
50227
48619
51597
46807
56931
51584
49354
15458
46096
16215
209345
68885
71542
60754
17713
53791
14159
52027
57545
16897
58911
52481
15922
52689
51670
101874
59569
55392
61877
52589
54101
50807
50283
50917
48225
48717
46399
46291
51344
49376
471104
80137
17294
62139
58952
57237
15441
53937
52047
50825
14392
55263
59582
57537
14342
106145
58389
16955
60969
56623
55909
17322
7807
60639
50320
47382
52803
55533
54605
54521
100624
63507
61110
64211
56873
14864
64787
17890
56288
15544
54950
59035
49311
54090
51128
99732
60499
51691
52797
50174
48402
50179
49932
51096
47801
51441
50710
49302
13663
47820
345249
76456
17849
59014
55804
56244
52184
50623
56860
56839
55904
51578
48858
50277
47877
100627
59637
56098
53881
53992
51775
51952
13051
52185
61836
48232
49522
47236
50394
47226
101432
59667
60542
55853
51899
50615
46178
47099
49462
53199
13056
46342
47746
45521
44816
97459
59439
53752
60354
13802
47691
50813
50555
51626
46983
48465
50213
50277
47834
49060
352636
69890
52039
53474
55129
13744
52944
52471
52837
48956
47608
48591
58691
47902
45108
103930
60679
57563
50727
50465
13582
52974
53311
54593
46383
47393
46635
49371
50071
45410
100628
60242
59367
64696
51756
52470
63375
55237
55037
48391
47365
47506
51334
44586
46296
101484
58720
55580
53873
55726
50961
51890
51185
48816
49261
49519
47343
48244
49027
47007
229345
67274
58148
52898
53862
50274
52204
14136
47899
49854
49562
13303
44242
11224
50777
98433
54235
49203
51305
51434
50177
47495
47788
50194
59237
45117
47592
48206
14761
45978
101321
60545
52330
51856
51654
56168
49038
14494
52833
14787
50219
48714
45812
48750
47964
100325
57886
52088
59345
46012
46293
45940
44026
44377
44138
43836
48461
46488
43144
43639
117665
61815
14896
53666
52779
51980
14634
52544
49488
14248
45042
51209
60599
9905
42514
101974
57852
52862
50582
51317
45005
50944
49688
46553
48643
13184
51002
46745
43802
45134
97108
61507
55961
52454
50729
55251
58938
13608
50537
48030
12791
49324
49749
51027
14917
101691
56813
15931
52585
53425
13074
53405
48789
12427
46951
14094
45070
9810
46916
46382
194152
62026
57366
54517
55348
54011
50652
49789
47234
52475
50047
13507
4556
49527
10351
103435
61420
52255
53053
12785
53014
15417
48036
55010
63879
50475
48653
49801
47382
44178
101504
70967
59582
59019
56994
56796
51114
49088
49736
52651
12297
49010
48887
49238
53663
100285
54974
52695
59852
51145
49815
52951
47686
47980
45810
15035
50733
49431
17250
46547
437343
58915
57412
49223
51118
48427
47369
50320
47270
11820
43794
45983
54248
42781
41511
97914
52302
52584
47336
46273
12268
7026
37263
41934
39588
36198
34105
23983
19168
13805
335120
59849
54800
48246
50876
46974
57052
48224
47024
45377
45024
44583
43564
41861
42330
100914
56526
51799
53751
54195
49368
49577
48143
46068
46761
46203
43280
42707
47769
44334
206414
21331
67308
20257
58498
60487
56421
49726
51085
48829
49651
48999
48272
46232
47695
100586
59360
53070
49934
48944
50671
49996
47852
47280
55056
45183
49577
48626
48252
44616
479630
72531
59730
53956
52626
48665
49623
50205
14484
4652
49827
45338
46953
44478
47748
100698
60027
54647
51736
52543
52566
51421
15383
48695
48670
46492
49663
14469
51070
47633
102641
59051
54063
51694
15216
52319
48371
51243
47596
47960
47794
46698
45775
46666
46367
104329
56086
50125
11127
51141
53507
51007
50800
52241
52800
52311
52512
51316
51570
47160
349181
62265
70291
59507
16024
6271
63019
53021
50120
12063
6477
51043
48067
45611
46169
100563
57491
56693
54128
53198
13237
53209
49405
49036
51503
46508
46267
46740
45318
43261
105310
64973
57050
13679
52934
16797
52824
14357
51748
49028
47315
45607
16074
42177
45633
98325
56039
54226
54855
50684
47628
46050
50111
46745
60157
47510
46150
45978
47365
42642
244840
76457
54836
55119
52385
12090
4558
50853
49443
49003
47867
51590
46081
49111
12728
105112
56898
52400
60466
49825
58529
55457
52981
48753
50758
48270
45591
48214
47487
47328
103326
59874
51669
54139
53323
54655
50334
49270
45136
47521
44773
48544
60731
12876
47101
103042
57210
15968
51303
12296
58558
15343
52449
46323
47164
15194
5771
50778
47772
43564
121185
69604
56664
13626
56055
48683
44183
50451
51083
50810
52204
50123
51132
48094
49761
101059
53948
50219
49045
48259
52846
47524
46397
46866
46186
45206
48036
43462
43626
44137
103964
60647
56708
51743
49277
46829
47876
46518
46864
44970
46944
47855
14702
47561
46454
98460
54583
55399
15145
58314
51384
49354
48762
46315
56624
14442
45225
53951
47946
47051
183359
61423
60860
57336
56480
52083
52214
49718
50238
50665
48704
46106
48114
51723
13744
100881
56368
56736
62958
55270
13564
48072
47011
50161
46453
46952
45948
46839
48155
45874
103799
57691
52478
55344
48360
47475
48006
47685
46638
46456
45805
48335
53731
43354
45409
101426
56543
50436
17138
45792
50709
46223
46752
43222
46495
45198
42069
43016
43259
45446
151157
59233
56795
50603
47456
47086
59593
48868
48443
47065
46529
44660
11717
43791
42723
101912
54357
53316
12423
50393
51810
52666
14540
48434
49387
10648
45967
46426
46560
45214
104184
56932
54964
53581
51324
52000
49797
48440
45990
51835
45126
46562
42267
13362
50238
99966
15234
56352
51887
53593
49190
14043
51345
49207
60845
16578
49201
47721
45185
43743
422166
57933
55686
54196
55115
52299
51013
51481
43509
51913
45460
48422
46444
43706
46505
96506
15215
52271
64279
45829
49282
46173
46222
13755
44510
34061
36636
31007
4329
25115
364008
56563
61430
48796
48138
11314
42292
49606
48929
51703
46992
47834
63471
14984
45946
99481
17069
62015
55759
16520
52476
53311
17093
53432
50036
47491
13804
46580
47871
48518
238515
71133
69096
57931
54453
57548
62631
53086
50707
52938
48151
54934
16046
53773
50874
104123
11994
56710
56620
15155
56196
12718
55203
53384
14522
53143
48559
43824
46628
46337
476714
72161
59186
57286
56438
55209
53760
53805
51569
56104
53332
51848
52862
13171
50060
101878
12243
62163
57042
57084
18270
54785
55028
14061
63665
51335
49096
48978
48727
48400
100571
62156
59162
58055
54836
49686
47540
46930
46561
12493
48937
48041
45210
46104
48269
98565
57680
50242
59972
55001
49421
51394
50429
52394
48851
46552
50626
50075
50868
48512
421404
17786
62554
54324
56298
52004
55784
50612
56039
49435
49364
49242
59203
50229
47971
103708
62404
57241
52349
47029
54668
54330
53785
50584
47607
11526
46628
44302
43028
48174
101401
58040
59922
53799
49612
50804
58632
48593
50145
47516
49015
51754
52026
48796
46612
103439
59730
56560
50530
49201
51444
51691
43455
44292
49385
54677
51952
55823
16931
49382
288196
75963
62885
52742
57091
55203
54986
53159
49988
54993
55808
52301
55315
49038
49333
102585
56381
12509
56728
52559
51759
51381
48420
52077
57307
49704
49783
47006
48602
50347
103126
61578
58275
53085
53145
55375
53257
52030
50352
49250
47033
47185
47891
48539
51623
98046
61052
55311
62132
51858
48550
49610
48809
51704
48171
49610
48287
47386
44528
11589
187745
8920
58357
58333
52913
50742
52046
48514
46135
49250
47788
50390
60398
49235
50702
103629
59737
54257
51509
53852
54216
50056
45560
45892
51997
50679
48421
16845
48085
11388
98564
58851
54411
14158
54447
50553
46565
52182
50338
50789
49342
45947
48825
46933
49930
100694
58321
60047
17400
56656
51635
50823
50949
54344
55241
48863
16322
54304
52881
52817
117109
62074
58318
60053
13439
58521
54044
53763
11893
57011
13809
52563
14272
57035
52648
99222
61125
54998
50680
51452
53143
51704
55324
51042
58209
47935
46639
44760
46499
50055
99982
59506
64587
57047
55332
16117
58398
16098
50805
14138
50698
44400
45198
46300
44331
97005
56626
55243
58603
50731
49411
54353
54642
50470
46454
48867
48349
53385
52481
48602
115562
63693
56004
53219
53827
50911
50816
50608
50959
46512
13957
54728
60026
49335
48523
100774
58055
51592
53715
51330
54895
54005
50093
52094
52299
13270
47364
52633
49747
47613
97591
57592
55550
52504
49852
55299
60981
52610
44698
12975
53881
51062
47213
14565
50222
101913
59535
17650
58655
58455
57593
20341
57261
16710
52441
49437
47156
46246
47528
47638
456622
10258
62034
57916
18928
56288
54721
53975
15877
46944
52953
12724
52552
15681
46897
95889
61953
53457
48904
47858
51536
47112
48732
42487
51562
44364
36692
34699
25266
18210
543904
55457
43171
41421
35390
36049
30522
34514
27837
23984
22585
17508
16270
985343
85864
276827
83360
68563
80992
48874
66486
52626
54806
51877
49411
43380
50160
48813
53938
48236
472225
68656
57941
61108
56787
57720
52073
50710
50272
49710
13370
49791
62263
54782
55524
106596
14536
56129
51583
52506
54047
50215
47845
50705
47318
50329
44865
47943
47094
47167
508109
60388
58636
58178
55561
47850
58126
56521
56527
53238
48958
50749
45512
51036
46983
107733
61104
62327
19036
54357
52717
52291
49469
50157
48793
48529
53306
62692
57256
56194
108651
68706
67001
64651
57122
14400
57273
54823
49508
54105
48780
55748
52667
56613
18919
105270
60331
60570
52223
55061
55232
59461
55392
54516
59874
50316
46321
49007
50954
51082
320605
60467
56150
55312
50705
53258
18126
6953
51791
17463
53361
19051
49086
50644
54455
106905
62375
18502
67364
54464
54096
56296
52115
53654
19938
51685
49013
49958
48254
45434
107537
63469
59452
17024
52571
52461
16453
59936
56327
14840
56159
51346
42502
48792
47460
100857
60762
54725
21053
10396
9168
57957
54843
17158
47358
56934
50118
48723
54542
45502
270714
59117
61713
56057
50935
53958
61779
15206
57709
54185
49448
14013
50879
49098
13751
106446
60785
54437
52629
51545
53919
46548
47984
50713
52083
48820
53120
46923
49781
48077
110194
62302
53586
22477
52908
52152
51970
44145
50138
47133
46976
10793
50252
43764
12562
102905
61822
55778
55069
50302
49048
43845
47068
45039
56905
45327
43238
45427
45687
41368
256179
56365
57218
55982
47689
49169
49963
45456
51930
51047
53547
51638
17428
45507
50686
101715
17821
61248
60231
51844
18697
49376
46404
49474
46156
47239
45903
47047
48879
46396
101793
61453
60078
56407
19091
47515
48903
45738
45579
46257
47340
46510
54027
48193
46465
102125
53820
52317
16222
7858
51033
49807
63934
52744
47071
50582
49612
51583
48286
48866
239762
61208
54307
53129
51192
47043
62266
47775
45754
47371
43247
50644
49915
45301
47879
108161
57419
52318
51123
48946
52432
51442
53088
49000
48539
50681
14042
47412
45439
16824
108930
63734
60275
21814
53001
52635
52080
53968
46368
45630
44889
41166
44020
47463
44313
104005
57150
57597
54074
52037
48068
47613
45404
47536
56262
44443
48405
44543
48678
16469
198165
56040
55239
55246
55832
46907
48396
45457
49934
46545
48316
14486
48952
46116
48956
102324
58246
51416
59416
19979
51525
48260
51508
56117
49857
45482
50544
18071
49388
43830
99562
56524
63709
17014
53626
52436
50436
47710
43516
44942
44155
47012
57464
44298
45731
103198
59179
53220
50496
53569
52424
49270
46765
49880
47415
44734
45519
46203
16534
43088
457555
57393
48503
49352
48540
48922
56475
45395
42139
48470
44311
44172
41992
38900
40131
98922
56343
46301
11364
40935
45499
38327
10677
30705
40952
5976
30768
24753
3400
19948
382324
61677
61450
54107
50183
49897
47222
46516
42688
43309
42901
46022
46169
12697
44471
100697
51228
48168
58838
18651
46678
49899
14963
50295
57885
15462
10047
53508
52858
17214
194865
73804
24781
59516
54377
52183
55153
51732
50693
52958
50489
52055
54013
49150
50327
105119
14022
4883
71327
56659
57611
58809
14350
54141
15987
52909
49015
13563
47353
47731
459898
67901
22823
59509
56007
51184
50130
12729
49863
47562
49755
53186
59212
48198
49692
110539
61465
59991
56713
54966
52525
50299
52530
52013
48363
15736
54816
52765
16771
47709
102792
70073
60137
54636
16365
59134
67816
18285
57727
49280
11376
7496
50400
50285
48026
107523
54980
56118
49961
50279
49877
55212
17150
49356
53800
14730
61976
50626
48204
48813
232767
68133
64811
59582
60283
59497
59636
53715
52667
53695
53183
52480
51055
48170
50469
106816
61849
20219
56551
56627
53656
54119
50126
48627
62607
54468
51032
53245
16554
50886
109100
18567
59029
54088
17671
58009
50561
51125
49344
53967
50522
17055
49374
52089
51884
106176
59102
53548
64014
50700
52891
47715
48082
47331
47329
50862
50238
47713
44153
43915
190651
59519
56845
52978
50687
51475
53192
53328
51553
51341
49886
45717
58569
47615
45806
111207
13368
55254
53268
53102
51346
50666
48704
50495
57386
56291
53915
54455
50560
49772
106868
61663
56214
56750
54374
50891
61903
48871
49810
49271
43034
45354
47568
46237
46821
111335
57922
51812
48427
47295
51809
45457
43198
49721
51706
53752
47554
50530
47752
43185
229291
69971
65051
57586
56130
51963
50246
49850
16101
49660
48725
48621
45608
44673
10848
103131
55109
51482
53807
52323
57208
52853
50123
50116
58085
49922
52227
46360
46243
43517
109308
60364
52977
54560
51119
52939
16536
52359
50741
17718
6847
49230
14861
53183
47062
102964
56362
61030
61591
54189
15286
54306
56282
53530
55231
54341
49101
52522
50140
51243
170737
61393
56393
60193
17690
58936
54707
17943
58010
50540
51527
15699
66201
52111
48579
112148
62206
18080
56179
53551
51101
53654
49677
48357
49069
48193
46646
49636
53996
55668
107922
60632
51366
53383
15717
8517
45802
14350
57607
58723
20350
13594
53101
47691
43473
102779
58431
54943
18117
55555
53097
49638
51655
47623
49943
50229
46123
45535
47946
46843
158840
61536
62142
63007
58505
55984
49025
51183
52504
17866
50182
50815
12170
50335
49323
103930
62467
62214
58150
55269
50091
49628
46270
46248
58497
43198
18222
47919
49201
51078
107092
53330
56072
54021
53270
52234
50524
49839
47876
50251
52721
53877
53643
57310
47696
103033
59044
56854
66517
53087
19628
57189
56056
54500
48806
52493
51793
47239
47433
45076
437216
59146
53427
49428
46632
50722
49866
52750
47246
45848
44919
45507
55001
46239
47276
97817
54724
19654
42707
48663
15466
44495
38283
9504
39704
9059
33621
32355
33179
21028
278177
58400
51976
49758
49350
49531
56925
50103
43082
43827
11054
44019
11716
52447
49541
102177
56870
52629
51317
48420
47809
45667
45578
44990
43158
45578
45436
40625
39119
39289
247146
76296
64575
22903
58422
56661
54877
52472
51267
14613
49425
50047
51955
50727
50965
109696
66767
58676
17118
57995
55222
50929
48411
52103
59464
47761
50650
46017
45368
47933
467645
64065
61603
53481
52869
53155
52132
55858
54388
53996
19401
55363
14451
54108
49721
109668
61192
55903
64553
54289
47872
12856
51812
11790
51238
46262
47245
50216
44236
44779
104904
60008
55900
55317
52278
49269
48187
47788
46787
50445
47094
47441
54990
48008
45092
105794
56669
51658
53085
51009
47946
48421
49786
52040
51728
47290
49829
47367
49671
50321
355611
71422
63712
59875
60121
60769
50498
51218
54816
55767
53178
15065
53305
52098
47327
110092
60387
56710
51757
52510
53127
15120
50367
49280
16483
56003
13617
54299
19057
7380
109560
60762
63253
17133
54365
13929
50411
49579
48804
48872
47943
46116
50412
48424
47847
106432
56973
52185
48201
53099
50574
45833
52719
45855
62188
52559
48736
14709
48750
47000
186193
9045
58471
21832
59097
18093
56579
52128
50838
10596
48860
14183
46636
52003
45859
102343
55387
53797
64167
53657
52142
52536
46079
49259
48167
47371
46980
45026
43614
43223
105568
54681
57108
54022
53784
52798
47996
48608
45356
49102
42905
44699
55645
44749
42284
106190
61742
59188
56324
49714
53696
51842
15239
45341
46461
49147
50492
48712
51537
50943
282008
59581
57562
52770
50316
67834
68311
52991
50409
48663
48324
47502
14719
52078
13874
110096
16514
62543
55830
55387
17816
50471
52785
54066
50342
13090
48699
50638
47846
14374
116476
60467
60487
14485
54182
52057
47216
51263
48217
50548
47274
48828
49575
47887
50534
105488
16558
60421
59690
18198
14417
58499
53869
18925
68689
52075
16718
50235
51937
13556
255832
58270
60554
17968
60515
55397
52626
51393
48399
49064
48074
48416
45102
44491
47817
103268
58866
51025
64097
52063
50896
48522
52826
53397
46764
46585
48165
50188
49376
47579
106281
55042
50571
48203
49557
49892
46446
49198
49472
47008
45051
43554
56024
44593
42639
106308
56393
57767
52631
54948
18512
51492
52533
54927
50290
48169
48484
44082
48643
45472
264308
57854
53649
52797
51505
47771
59607
48796
46285
15609
62257
53018
51446
48011
46643
109982
60675
54935
55250
49970
51772
50924
50723
52893
48457
46304
46637
11449
45466
44312
113328
58924
61701
57477
52790
53668
49248
50647
51819
52172
45504
18337
48703
45830
48017
108938
57756
51658
50530
53573
49182
46728
50117
52181
59020
46962
45399
45681
48230
44704
426530
55785
58901
51809
48192
49323
50228
50494
50586
50783
42967
47990
15032
43659
44235
95188
53682
46747
55181
43097
47247
46351
50220
42561
38182
31766
27516
25124
17791
7914
327539
54072
63554
53285
50599
51074
47446
46081
45397
48402
44085
40585
58614
43940
43793
102011
57831
51648
50667
14403
51619
48110
15308
48718
48044
46638
11467
50024
50166
48440
238389
76848
18565
61052
54332
52361
61694
15511
57556
54831
54808
51431
48720
50665
48760
109713
60733
19209
60736
51954
15135
56577
17948
51774
54330
51149
50091
46002
14105
48926
467282
65744
60415
63702
54874
54330
50184
51047
49983
52837
53852
51606
49316
47271
49247
104556
62621
55937
52972
55585
47970
50279
50806
48387
63303
51449
14393
48516
53289
49954
103819
68334
58284
51911
18860
50477
50214
14034
44071
51819
50860
51467
47746
48330
45347
110370
60336
54958
67104
54470
56551
18022
53307
54424
50671
49424
49400
46483
46341
44943
328056
16300
60022
65986
56373
19141
61157
56466
54187
50843
55184
51741
59061
53924
54239
111573
61798
56998
55260
52069
52690
51304
50053
50532
51601
13662
52089
48305
49490
46738
107899
63023
59153
55231
59447
55515
66079
51195
52071
50671
51073
46878
47236
45690
48727
110047
63172
52538
51504
49832
52897
52704
50344
48116
49086
46495
46498
46532
45168
45237
276967
67439
60228
52921
57721
18524
55656
54913
52286
51486
54002
52903
51816
46709
49375
107888
61290
15025
52939
53894
49535
48760
50297
47545
60644
50611
50071
49183
48058
47412
105112
60384
20069
57073
57957
53598
47075
45165
44602
46707
46801
44953
46180
46015
47541
101746
61355
19507
65981
58035
52479
50145
50188
50268
49888
47574
48389
57627
50512
54366
193585
65910
56599
55475
50975
44937
54715
52269
47445
46188
49708
46732
60649
48645
48170
109083
57347
54740
52926
54608
49084
50218
49210
47061
50169
16848
58799
51032
50343
17212
100023
56614
18071
10059
5609
4585
68984
55752
51907
56427
50974
18456
50884
45169
11327
108075
61205
55485
56489
50955
50091
52274
48429
48117
45183
46745
46252
44087
45026
46590
161557
61852
66386
59722
61383
54583
51774
16912
53740
51573
52720
18732
50453
15231
50010
104315
11354
61892
59202
53603
46977
64373
19639
9688
47294
52225
51540
54338
16115
52966
109937
63928
17547
58254
53834
53428
57228
54364
52207
50227
48702
47607
50116
48400
44325
100898
61587
59842
60692
52569
52897
55277
48600
47977
49135
49432
16581
46092
49886
15755
188826
65104
61631
55882
53016
49782
55253
14800
50556
47188
48356
48275
63018
49241
48341
109362
58532
19904
54098
54195
52161
54911
49224
55053
52799
49777
52307
47968
15878
44715
104983
18149
57713
57333
52017
17044
63545
52884
50773
17212
46812
44922
15593
46242
45145
106838
59037
56211
50948
53593
15350
49273
49459
48258
52664
48280
46905
16212
48012
46492
406456
67322
58592
16052
52695
52739
15157
48595
45610
13469
52625
44617
16003
45907
42647
98393
50654
18879
44432
45865
45453
9818
37619
39994
45031
34547
30697
27923
21118
10799
395486
56316
52724
50569
48656
48593
15278
45951
48071
45186
47789
44047
44094
45833
45225
100323
55693
51233
63936
48057
47663
44601
46559
46362
47683
49674
44857
43152
44224
42154
273156
68954
59575
57202
60677
56820
57009
59569
55903
59574
56636
52995
66030
58185
54376
109606
13127
62064
62389
62419
59925
57803
54528
51427
53354
51839
13379
47561
43986
39552
467066
60692
56301
47545
40704
30050
602203
85259
53418
19241
42097
38450
39058
33421
34807
258708
39805
36645
39104
34750
32666
29295
34586
31153
28329
30219
30560
27182
28541
29305
69412
33538
37628
35773
30975
31802
31680
32549
28644
28796
30365
28815
28879
29609
30293
62521
33090
30976
29507
30224
29878
30984
31911
9328
35082
28119
26465
27056
31549
29247
325628
33722
32452
31071
9310
31580
30736
31102
29128
29775
27271
26414
28194
28258
24647
63248
36130
32959
38791
29876
32250
31419
29909
28862
27159
24041
26101
27088
10542
25163
64955
36536
35669
13535
32227
10916
5357
30211
31061
28655
7089
29667
38751
28932
11247
68021
39869
37597
32103
32092
28696
27370
25331
27475
26043
30402
26557
25784
28084
28708
102314
32910
8884
33441
33243
32124
32809
31929
32432
10860
34173
32942
31135
29096
9712
75702
33492
30473
31693
30537
30782
32344
32637
31405
29547
11211
31155
29123
27474
26049
74180
33828
36563
35924
12097
34246
29931
9631
29023
28935
27892
27606
7211
27217
29530
63027
32317
31859
31971
28819
30441
25060
26532
26432
33491
27574
28105
29527
29173
27196
95670
34514
31741
9302
32046
32866
12032
3863
30432
30859
28273
8243
25468
27300
8456
62199
33445
31661
39307
31304
31293
29793
30946
28939
29298
29865
29295
25403
27506
29627
68120
35991
30966
31034
31722
32387
33971
33065
34735
31704
12512
29678
41154
11331
31085
69734
8190
38060
34545
33446
31359
28749
31834
30883
29061
8639
27917
26062
28191
24864
87392
35199
35198
32058
31185
30091
40003
30670
10230
28851
29350
32897
29047
28439
28082
68147
33928
31604
30293
29750
31538
32710
31408
30183
29606
31719
28215
28674
29098
28807
66179
37379
35401
33810
31860
33317
32628
32360
30909
30116
27810
9238
28728
6989
26437
62966
33753
32387
31295
30600
28491
29973
27062
27953
36851
29864
30414
29654
30796
29726
164306
37920
33904
31985
31623
32027
30275
31760
29913
29946
30495
31247
30468
32513
31466
65111
35879
33238
41060
35910
31136
8900
32446
29897
31308
29360
28360
26546
26058
27657
67085
34283
13312
33238
33786
31505
31645
29290
28162
26102
30554
28583
37216
32688
32596
70636
10700
37052
32348
31954
34649
32442
31515
27816
9255
28691
27068
28432
29769
27261
163004
7001
33538
32714
33106
31947
37721
31197
31463
27883
28917
31512
29915
30024
29428
66605
32961
30293
7345
31084
28846
8271
33672
11398
29774
9227
29966
26932
27402
20556
334646
34486
32159
30354
30670
28489
26491
24249
24970
23209
24938
25177
27191
27824
23999
65017
33702
30898
29399
29234
7700
26258
28613
7709
34575
24815
26063
25734
22894
22245
167701
44807
32476
28646
29518
28584
28501
7345
25744
25336
26679
30198
27060
27284
28057
63613
32547
30999
38655
31228
33901
34117
35463
12319
36128
35614
15539
29491
32123
13162
314909
36873
35569
34131
30189
35210
35152
29973
28546
27269
27065
28067
32950
27878
27367
68924
32417
30564
29433
27516
30309
8487
28982
7911
2775
26415
27271
7405
26814
7510
59755
31237
33535
28931
29316
28214
36182
27465
7214
27685
28907
29349
27181
7883
28589
69356
38869
32260
29952
31872
29285
28325
29307
7617
28380
24562
12115
28865
29548
25539
79378
36810
35796
33940
11376
32698
31224
28202
7755
2633
29745
29731
28998
28030
28713
63248
33572
32994
30818
30670
28718
30070
31472
9912
38244
30021
8160
31733
30131
9428
64448
34380
9317
35646
32773
10842
30503
9518
30970
8117
30810
26032
29242
26820
27781
63126
36086
31723
39231
28943
28779
26605
27132
27756
26302
25938
25653
9138
26438
26049
314968
55962
33163
30694
28400
32624
9186
28623
26705
28022
29152
26191
36878
28236
28895
67600
35145
31682
30570
29952
29276
27017
27741
27521
25915
25974
7157
25130
24965
23408
62375
32088
31757
32305
29139
30697
35226
9895
24734
25992
28967
8576
29228
32686
28566
65506
35887
33417
10149
32044
31229
29787
30207
28425
28323
29423
27682
27676
28719
30032
94585
57584
35553
34619
32387
31867
31124
31760
27968
29989
28700
29589
28138
28442
27390
64501
33800
29987
30232
28963
29373
28079
29172
6732
34411
28185
7724
24319
25450
24240
66479
31395
32690
30011
29786
29928
29588
29270
28787
26867
28003
24342
28595
27117
27220
60555
35025
34374
41117
33508
31960
32123
31039
31235
27794
28010
29350
30129
29639
28034
314211
35525
34124
33057
32685
35422
31814
29811
30641
28925
29977
29529
28048
27769
27593
73364
34866
33348
34801
29919
26739
27997
24197
7172
23278
28983
27792
26879
27251
26486
68283
32408
31776
7813
30832
29954
38723
9786
32460
30347
8632
29285
27182
27070
6566
70297
37620
32439
10461
33222
32882
9934
31095
9021
33865
30785
749763
39237
69754
67077
389841
88978
70250
63130
59509
56143
58289
17515
56066
58841
54746
52473
56200
16462
59340
104074
8039
63118
58554
18544
60722
55798
15153
54819
63308
56407
63044
60780
63314
62389
105664
67741
63710
59451
57862
57723
61386
17315
55908
56511
57839
55377
53563
55767
57503
103009
65420
60407
69438
58910
61456
59779
15880
56484
56518
53136
293025
56064
14993
54064
105794
64809
56656
58016
58085
55142
56050
54232
54763
52735
51812
52163
64010
55148
52716
104242
66973
64869
59490
60290
54183
52873
56283
60282
56764
57045
62729
53734
53527
47172
365292
57668
54446
49970
48409
44809
36950
47778
14684
48600
48250
43430
52001
15707
49798
94015
53080
56158
57234
52185
49926
49599
46716
52660
52196
50317
48471
46608
16022
44707
783448
246238
98429
73772
59724
60947
58380
53576
16260
52298
54483
50727
53500
60581
15939
104237
72419
60664
16969
4901
60170
61246
56016
54096
61344
55387
55422
54562
52236
52280
515210
65854
64331
14275
55045
56246
54658
52154
48622
52588
56273
53012
17102
52897
57702
103165
12626
64957
67529
59938
15663
55274
54539
55095
53405
18714
54414
51574
52998
50804
104575
61108
56144
55105
53108
54302
52937
47726
54290
56484
53493
49771
57741
15189
46492
105154
64242
59244
56300
55749
54366
54947
51083
48138
48453
49423
48896
46017
45338
41183
389712
61469
54860
58482
48997
52422
64400
53070
54437
56949
55194
52162
18863
54243
53841
103228
56977
57175
51530
52340
49765
50366
50097
51781
51396
53340
49967
52840
50045
53361
106870
61806
64546
59597
55639
50250
48452
47944
14898
52865
51951
53688
55290
53940
52975
101748
63696
54892
15316
53275
48964
49056
17769
51668
55963
54692
21535
54178
52939
48590
368159
60676
55566
52667
52614
54960
15108
49693
51758
49093
46149
50507
52353
49450
12812
101704
54868
13940
70410
59179
51961
14694
53635
46670
10565
53348
44060
13311
6621
49243
102902
14553
5006
56080
55343
61454
52084
49211
50069
49971
50213
45326
56809
57100
49747
101841
57021
56115
54802
50601
51762
55437
53987
52494
48059
47416
49397
46126
50938
48837
284653
71322
54062
50701
52512
55192
57979
48407
52133
15395
49742
55254
55156
55744
52992
101078
59180
57317
16257
49098
59293
52863
51339
53488
51131
49377
47734
47599
55600
48317
105976
60445
53941
56103
55788
57859
54132
53329
49815
48804
46471
51769
50615
50470
50771
102523
65666
20738
53211
50745
48684
49394
50125
53558
65834
53122
50622
47645
49085
48114
260216
59490
55598
16702
50413
51923
51829
52143
49659
44539
46843
49685
46878
45429
47894
99429
64786
58271
63278
50527
51406
12373
48203
47947
52573
49878
45765
44586
45946
44772
100398
18870
48285
19009
59393
48577
43323
51268
49324
49028
50067
49852
54330
45948
44986
100489
59223
20440
52187
54814
54106
54784
51912
51397
15882
47706
48780
45943
13823
47623
237321
63747
55217
56026
51267
48888
56324
49076
51542
47307
50126
47852
45929
44940
45457
101224
63144
57415
52139
51619
56104
52366
49130
19434
55145
18580
54091
48585
46272
45506
104808
19158
61458
53567
60914
20173
52934
48545
45009
47987
52659
48873
49595
49430
50877
99038
53771
54987
54996
56525
53438
51021
46438
47309
60512
48613
13166
46795
54690
12273
482589
11558
61338
11751
53888
52982
11220
48659
43608
42148
38059
45606
46776
50661
42850
90566
51627
44662
51806
41124
38072
29528
31587
30540
26947
19326
22252
16381
12172
7197
295953
54253
55376
44844
12760
47347
54940
16769
49014
45065
13389
46698
53629
13207
48006
97742
17246
57372
48802
12614
46394
47504
46956
42063
43791
46270
43761
46185
46277
48249
224249
70530
61515
57562
55223
52344
65971
55446
15996
52187
49351
48025
14996
53269
45746
99406
12436
61335
56163
53396
15873
5624
59837
56340
50871
9645
51628
49354
51515
11024
497534
73156
18205
72063
58512
58712
55859
52922
55774
51513
52004
54806
51674
50073
53613
103715
56878
58016
53901
54104
51488
53298
49648
48141
59755
53530
52637
52509
47658
45765
102386
59872
55115
52664
55055
51555
48404
48440
48742
50363
52118
15919
52841
15726
55357
97609
61823
59023
48142
54042
48573
48160
49233
47811
45732
49047
45436
46707
51954
47161
409121
72912
61319
57684
50768
55297
47392
50693
45189
48372
49376
50740
60964
51117
13418
101481
14671
53078
55290
53250
11017
7255
56362
49691
50557
13229
50010
13108
53648
53219
98416
55536
56127
59283
50882
53453
59071
49308
43652
49162
16997
46655
48826
48715
52423
101888
60838
57008
19244
52801
49582
49799
46534
48739
52076
45045
43962
53274
48857
45433
272541
65722
65190
58152
55730
57371
53763
55717
51136
47298
47947
47909
51275
47595
46583
102026
60691
17282
54855
57472
57819
21563
58723
51753
58703
16681
48422
52690
16584
45980
102290
60793
57350
51496
49187
53057
53556
52400
45785
46596
50460
51367
46292
46236
52974
101247
60424
56004
65020
53130
53796
49753
16674
43608
48954
46469
44668
42650
10520
50380
266822
64785
57643
52762
52058
49781
54863
55971
53250
46842
49601
47606
56435
45595
46054
98572
60751
55063
56235
17886
53770
15619
51192
52339
13263
50023
55593
52313
52920
14458
96840
62091
53752
52499
50941
49423
55457
51096
51683
14812
51878
49623
48293
45817
49155
100692
15756
55327
54447
54408
54526
48735
55736
54861
15728
54376
49261
42280
17376
50628
193086
8670
63008
55446
14102
5469
59052
49877
12879
55310
49984
46443
50081
49134
45934
97763
62088
60082
54355
50205
54271
51556
50920
52514
58840
48617
49552
11476
51337
47057
103455
17369
58613
52458
49116
12753
56564
49631
44801
51696
47258
49346
48524
44517
44630
98862
57610
51902
61890
48425
52876
12099
48091
46242
46712
51751
47993
40793
43311
49953
146440
63512
55151
54708
55539
53348
49585
46956
50897
47614
46382
47612
60582
50057
53962
100296
54961
50248
54070
52691
55923
52102
51107
51785
49844
50207
15866
54747
53602
46491
99403
60756
58466
16598
51075
53322
60021
48148
49309
50776
16172
47916
48469
13810
41328
101007
60571
55283
51247
50371
55459
56672
49802
48210
46597
48537
48529
46237
41763
46339
469618
59499
60499
55292
54107
50100
44942
48093
48047
48534
47766
44216
48047
51249
47602
98211
57230
48351
44713
43378
41002
40067
40714
35548
43252
11584
6467
33921
25977
4557
281664
52243
51079
51366
48382
48182
52305
49627
47222
43372
44788
42489
45229
41401
42733
96021
54907
46151
57398
47392
47805
50350
45457
46275
42866
44159
40166
44569
46489
43252
181895
82030
72381
56090
55185
13734
53118
12510
51004
53108
13558
50153
64254
51059
18894
103825
61383
59253
53852
51022
50535
51084
52300
50811
51549
48755
49294
46061
51479
51536
485078
84723
68054
58940
56643
58009
50225
52366
55398
14064
51928
54039
50806
52157
54543
104607
59341
52108
52541
52257
53614
52986
54158
47985
52512
49494
47949
51034
10851
46411
105749
58137
59038
56379
56370
54916
53863
55925
57491
19511
50165
51013
55422
16406
52470
100463
61894
56229
55401
54315
15382
48704
52590
52908
59024
15583
49329
49633
53572
49486
287358
70744
60396
58416
53415
53645
52784
54898
52233
54412
57295
50984
50801
14832
48887
101624
61370
16980
67936
17998
54142
54621
58551
54226
55785
53786
56519
48970
53831
51071
101760
61842
55002
52725
53099
54835
54757
45867
44227
55520
50891
49735
58451
47939
51017
102043
59827
56685
57115
51881
51056
59176
20277
51901
57089
17059
49193
52624
48002
51655
265185
65078
59399
17506
55565
50433
59421
51064
13567
49314
49255
54495
51150
53597
52747
104025
56952
20515
58981
55991
52853
15112
55557
56816
18887
58346
56875
52092
17144
49769
106108
16413
63023
54294
54833
16384
58339
53673
47293
47125
50515
46846
47129
46225
48929
104876
61028
53429
54472
48484
48862
48365
48682
45358
54847
56342
50244
12649
46530
17182
203555
66364
14316
54186
54095
50651
51117
46379
45845
47565
45184
45964
43514
47618
49422
97771
55272
16022
64434
55047
54373
54191
48370
49074
46013
43229
45141
48637
44186
46654
101663
17521
57857
54684
54009
53574
51559
52190
16599
48522
43768
49475
58227
49908
48874
101369
60440
53304
52646
46774
45286
48656
49401
49853
47519
46492
50635
49832
49993
16816
203926
57233
51019
49571
59072
15226
61737
17428
8806
53509
50662
46811
50597
48664
49545
99745
58322
51327
53178
51215
48855
49099
48293
46733
47713
46406
44864
46991
45893
49169
102356
61560
53343
55055
50649
52325
18088
49576
50431
46191
51901
47409
45260
47182
47163
99691
55788
53869
51700
50246
53560
49663
49304
14852
54246
46066
47621
48518
44118
50138
144488
57730
60064
49897
54067
14841
50445
50477
52868
50919
50908
48332
53182
49863
48164
97584
56816
51509
58438
50643
50425
54284
49906
50282
49158
47498
47478
47288
49704
47286
99348
15641
63849
55631
15213
56176
55664
14029
53642
47784
16342
8254
59132
48305
47517
101262
55569
53091
50004
48833
46388
51336
51478
43760
44728
43771
44750
44956
43905
47663
470972
66278
53538
50633
46459
49537
59333
52654
49384
12958
47502
52029
47469
12407
48447
98822
55832
50721
48704
12023
47466
38262
41086
7554
46910
40529
34049
26089
19463
14378
280848
59998
62461
53470
53402
51786
48789
18371
47182
47979
44176
49110
12783
48148
47557
100010
14574
58136
51376
45813
47807
44884
45673
48201
58319
16384
9441
7198
51823
49806
227003
72512
62689
56247
57347
55237
57632
56715
54022
13498
51106
50641
49121
14879
48933
101793
60940
14835
67312
48251
52592
52670
52859
49531
49299
48598
49045
47404
45879
51266
489296
86075
69327
17049
53147
52042
54505
50998
49677
50525
48845
51490
61392
48802
54261
102684
12817
60113
55362
53477
51277
50876
51123
53359
52012
14964
48989
46849
44614
46575
102566
57373
50674
55051
50664
50314
58460
44893
44740
45000
59388
54672
49548
13698
51598
102725
18551
61277
55567
56880
17133
8855
7460
58299
51929
49446
48693
47479
48225
55545
306779
75956
59003
56545
54179
56406
50701
47720
50067
51047
51790
50801
52644
48730
48674
102418
58713
52470
47719
53102
52363
49680
45706
56893
62179
51341
50998
49259
46034
47661
101949
63473
54327
55955
53678
17113
52546
49694
50023
48613
50274
50677
46829
48654
49876
100462
65174
19142
63313
49798
46399
49558
12438
44402
45085
47224
47938
47625
45963
44154
285646
61482
71194
54682
51953
50886
50978
51483
48039
15252
56613
17238
61691
58113
14620
102265
68060
18155
60166
53952
53897
50251
50758
53107
54413
53622
51554
52053
52533
51600
99194
63070
59806
57882
55656
16818
58671
48639
49267
52559
47734
45122
11977
44906
47333
98881
52400
53534
56295
50464
51141
51875
47076
41745
41812
49049
47346
46879
44404
45001
265715
67340
58067
54166
50991
55129
52957
52239
50163
49318
45873
48731
48731
50797
47979
102123
64160
62305
62977
53533
16003
52709
48196
49363
53316
48250
49191
45992
52155
48370
103501
57039
57840
50610
52186
46856
52168
50920
50842
44917
46880
51065
17354
46154
48380
95501
62523
56462
62570
17031
54822
55271
16712
56236
46934
49674
50632
49348
47649
51445
152839
58891
56529
52079
16271
54231
56138
55386
49303
56293
16221
52993
56373
17911
52268
99934
58858
16562
53782
56532
55564
13654
54850
50072
54376
16851
50962
47708
52238
51623
96563
56390
52257
51628
47302
47350
57939
51142
55452
52517
52111
52081
51635
49495
17189
101810
61347
59956
20052
52543
54459
18656
58556
57653
53358
16645
44686
49927
12551
43210
118876
64274
58816
56422
54273
54120
55319
54408
49193
50392
53368
54550
49004
52135
16855
99086
55622
13875
52029
48536
48809
11993
48532
49969
57734
13785
44223
46145
40032
47773
99173
56575
55413
54367
52217
50665
51934
52119
18339
50818
49591
46811
49531
48890
45631
98602
61217
18833
63388
58485
15745
54526
48600
12257
46954
46221
47251
44134
46368
43349
469660
59985
58339
49745
47918
44997
50394
45473
47700
49437
50625
44470
58163
52876
48797
100188
58819
14286
53153
52034
14279
5217
47448
46110
10876
45097
42842
37637
33828
18769
269493
58136
48967
50283
52235
50557
61151
45387
46363
42504
44587
43963
47225
43297
45915
98938
54023
53084
51454
52339
47199
13855
7626
44067
16194
51794
45029
43748
46429
11894
225862
68961
59192
57443
57311
52936
15858
54912
55696
51225
50066
50197
53854
48161
50502
100884
53613
54211
52761
47272
47208
48843
51614
48514
52882
47292
48198
49868
48214
46025
495447
79255
56247
61364
61870
58120
53220
50326
47747
48034
50530
48272
49038
13056
48893
102428
56646
53642
61112
53820
50737
51654
13949
50803
49561
49827
49274
50185
53036
50661
101609
59716
49707
49748
50569
49496
47900
46258
49957
50519
47103
49427
58160
48982
49049
100442
59437
53760
51403
50944
50926
49988
52283
52297
51771
44223
47023
44350
47721
41771
274531
64518
51268
51993
51102
48987
57517
50167
47086
50181
48999
51268
49036
48638
53312
104482
60864
19863
55154
56698
56650
54334
19599
55271
55148
55251
47931
53203
51476
48592
104087
17536
62936
18610
54934
55362
14500
61340
57332
56897
13986
58803
57708
59528
53252
101912
60352
55291
55899
55658
55216
58329
55828
53551
63538
52246
53559
52204
45451
54561
281117
69612
59271
56755
54136
51395
12252
4540
55897
53121
51305
16177
43766
43063
46555
98136
63168
55092
61090
51603
48949
50672
56476
53511
53919
51061
52542
49500
46662
45282
104130
59592
55329
53622
50553
53153
16697
51387
45818
49508
48069
47693
52106
45707
47537
103582
60836
53105
50741
50632
49049
18645
48756
63258
52010
45586
14349
47119
16147
45779
189779
61271
51472
52018
53542
55104
48408
54513
53976
49255
49658
48313
46939
47226
47604
101807
58904
55060
56522
51923
16964
5956
52585
49316
49331
48342
13839
45288
51974
47601
104351
60776
54539
17279
53467
54230
52517
16988
52950
51797
50746
46264
48653
47143
43689
98962
61548
59776
20511
57469
55615
16328
5822
50528
59837
16589
50685
16533
52072
15967
117864
60588
13678
57959
54928
13353
9138
52847
13893
54747
51031
48615
45819
46371
48369
100788
59293
56524
62935
53224
53263
51218
53941
54799
51719
49177
47565
49546
42859
48037
102025
59813
56413
48511
47932
49735
52455
48745
49628
46873
48853
48837
54137
48894
51619
99432
57538
53227
53480
46622
49735
44263
51676
50744
47017
50165
46785
46640
43022
46834
141688
8520
56865
58601
52510
54132
61280
50322
52477
54466
51427
49737
47418
50458
48540
100451
61169
56636
53007
48867
52688
49850
51419
50407
53470
53906
48264
51884
47688
50491
104992
58787
63103
55575
56491
51511
49393
52609
51665
51391
50171
49438
50939
51014
54295
101741
58265
55956
12131
46818
46709
45867
46456
14964
50661
44633
45826
52994
45801
45825
474499
57095
54452
48154
49647
52407
13726
50894
52867
55615
46988
50499
47754
40671
46181
96944
54248
47559
60241
47703
49486
44116
43913
39739
35975
35581
28208
26748
21541
17734
303825
59334
49577
50544
53771
12858
45572
15197
5498
6061
50419
47521
53255
53039
50034
98679
14537
49064
53426
48282
43275
48763
47257
47896
48138
42271
44114
46202
49369
17898
223762
67864
60943
59628
50963
53709
65376
58389
14235
50618
55168
53466
53935
12296
54103
101663
64405
18873
58004
51384
56380
50358
49581
52788
52374
49198
15875
50726
59430
50485
504760
81217
67811
61394
59054
55574
52369
56001
54599
58266
53816
52047
53325
12577
51767
103668
12575
5505
60563
54258
53091
15085
58541
54767
61326
14155
51854
52236
13480
50850
102758
67192
61698
51620
13583
52567
56102
53067
12464
55824
50238
48871
49943
51842
52208
100165
57817
59686
63706
64208
68484
55430
52989
13342
54108
48107
49314
14875
52505
48586
336673
19839
67943
57372
55345
54620
12748
53652
51845
48369
46609
12806
57455
14608
49418
102465
59250
58511
52345
50398
52324
54149
48068
45874
52398
52003
51344
15522
57653
49561
96362
58088
55378
49887
49644
52950
58172
52347
53364
48840
47352
46122
44616
45860
45450
100070
59175
56179
51487
15739
46240
51739
50667
51423
18713
51603
49232
44853
49907
53466
197377
74220
61339
57258
53856
51779
55900
48471
49255
46549
49663
49118
49469
47571
46808
103016
57245
53942
52075
50543
50276
48209
47938
51145
65185
53068
52954
47787
45195
46640
103217
58864
59122
55111
52522
54939
52797
52402
51182
54438
51040
48633
16122
49912
49285
98680
57297
54814
64133
47943
52667
45628
50164
48739
48573
47945
50980
49505
45391
51104
195052
61622
61488
14238
54085
51454
51054
50272
49235
48873
51849
49393
43507
46361
55323
103812
61003
53631
55557
56456
54824
53426
52932
50391
50534
52007
14250
44764
48988
15290
98813
59537
57759
57588
59500
52258
61012
18002
57323
47874
45922
53176
49628
46823
47862
103639
19067
58884
59459
52863
50141
47612
48769
45509
45846
45005
48109
49037
49148
49886
251467
66118
60642
52535
53211
52763
56650
50962
50058
51356
57291
47836
10887
49515
54869
98546
58530
58640
17068
60159
55564
51186
50529
47302
58719
56058
54811
51564
56448
51047
102250
57133
56859
58294
55218
54428
50584
51072
51125
49034
13800
53095
48895
44846
13880
99346
15962
57668
65171
51168
14463
53806
51676
47831
48312
54424
47974
53023
47749
43069
236154
64836
57590
55994
52584
55035
14302
6962
46821
46000
51623
46554
41612
53539
16561
99962
61118
59334
58699
56321
52760
46039
45966
49971
46550
49372
50929
54037
49692
43800
99973
59099
57637
53887
53935
49043
62842
55909
19461
49178
54750
54285
19969
48849
47024
96488
53318
57143
51843
50815
51933
51646
48446
44916
43581
15661
43129
47855
46920
42789
487704
64048
58994
55534
51638
51271
51707
50480
47684
42300
45991
47686
12124
42746
45638
99566
14344
54443
53091
47901
15103
49029
44154
44406
33014
35519
31149
30833
3476
25926
264207
51556
54379
51137
49645
43294
46927
11588
46221
48913
41900
41528
15045
45917
46934
97467
20344
57608
60521
22203
54922
51791
15769
53537
48717
15693
49497
42515
14559
46053
227544
19381
66252
57708
16579
58917
58183
14634
52823
51698
54529
49029
58851
13624
58044
104810
60141
55607
57530
50343
48703
48645
46060
49025
49210
14588
47448
43819
49232
47018
501224
72082
65481
56493
56143
54253
64857
56510
58083
52221
53436
12134
51042
48267
47263
102624
59662
56309
55273
53514
53498
14823
55972
47557
47575
51038
49777
49409
43602
47521
106931
65044
55185
51447
47870
50417
50821
55790
55111
54056
47835
53802
13404
55578
10847
99701
60506
52971
53906
54347
51498
50235
59162
18003
62380
48976
51012
50908
15554
58769
348156
71312
14860
56195
48474
52862
56128
57372
51237
45502
49617
48991
50104
40843
47311
100013
58640
54605
64493
51461
48577
54855
56858
52555
51989
49086
49955
49465
55810
52979
102716
62867
60169
52995
55119
50464
16419
47292
47403
44966
51260
52262
58369
49713
43892
104402
60906
55251
54060
17072
54010
54037
47866
57291
16045
51783
50505
47949
43252
43289
268579
64093
57980
15527
61340
56711
65832
51242
52870
53340
50770
53203
48719
51764
50235
98295
57940
58077
54561
55824
52655
52738
54271
49209
17746
46953
54393
51520
15956
48096
106136
65765
59333
14762
53827
56840
62542
52491
52218
47724
45762
49023
50199
50833
50401
102984
56589
49438
52326
51633
52730
51049
49724
56583
48475
51474
49429
54513
18379
51749
258789
63411
12950
54932
51924
12740
7098
60120
55334
53347
49143
52151
16590
50510
49739
100863
60152
53317
62492
52713
50444
51321
55536
52774
50804
45277
19063
51297
53953
15351
99608
62830
54536
20097
51667
56508
47501
49986
47812
12560
49814
46190
51130
49304
50434
101209
58905
50123
52264
49063
50644
46883
49187
52230
49745
51893
47341
15877
43967
13049
116276
61252
53935
53979
54896
52277
42073
57588
53106
53198
50404
48002
43592
45518
44987
100676
58917
58290
55277
57185
53128
48311
52722
47096
52886
14519
54919
16737
49985
54088
102696
66703
59257
17234
56169
52695
52664
52604
18013
48679
51139
47512
12966
51001
50733
99974
57380
51835
48173
50045
48557
50312
46614
54655
62987
48513
52319
45726
47142
47352
145213
60843
56321
53256
51158
49338
48140
49191
53502
46456
47528
45137
47171
44400
47339
97379
64313
53609
63541
55378
55458
52760
50252
47864
52501
51521
17716
49845
49788
44328
101426
59437
56457
50756
54428
55345
52030
48286
54780
55951
53781
49373
40206
10328
7554
99590
58840
53086
51547
49039
54483
49119
49929
45366
50135
44086
46153
44704
48324
49141
471617
65874
56027
52593
50357
53778
58471
13391
49272
44369
45537
45633
44000
48850
46982
96754
55077
55455
48771
43006
42529
40094
42156
35289
33449
38756
35828
8122
28337
15276
233467
59036
55783
50278
43588
45771
47255
50677
49241
47353
44883
48502
52092
50108
48889
96935
55010
54802
18427
49460
57064
47640
47423
45976
57868
45538
45057
41952
42169
43281
202558
70511
66827
58780
56222
52675
12404
47496
58549
52444
46124
50032
58540
12746
50620
101926
62594
20826
71339
51228
52733
16918
6079
55496
17867
6550
53323
50702
49783
51460
500551
86240
63783
52350
55377
55709
54975
56408
53531
53263
51634
49582
64301
50278
54278
102900
14935
59134
56384
58561
57749
59768
54586
56052
54846
51937
17716
56957
52428
17296
101877
63599
56626
56434
55220
18513
64677
57676
49279
15080
51436
50171
48238
49956
46078
101062
63019
59938
54364
55022
56359
59162
59365
19173
47734
16888
50909
53656
15496
57039
324004
68765
58519
55870
60359
57407
53493
49696
55539
52853
46883
49866
52691
55769
50201
104185
57767
55824
54478
53804
52699
54696
51177
58116
49482
47927
51482
15514
46532
13710
99342
59845
55276
52616
52300
56166
14832
55756
55836
49315
49857
45639
45112
47245
44443
99986
62743
57254
61804
48060
50001
17324
46707
46766
56445
48117
14418
49920
47917
46032
275661
73037
67117
50351
53919
55911
54723
54426
50577
59180
55350
54381
63516
48907
54672
103322
66875
60982
54833
59423
55272
66981
57261
20316
60081
53978
14719
56181
49064
18278
103658
56083
18533
54956
55175
51586
63429
50792
50914
50333
21541
11684
4189
52412
12651
99186
58716
65899
23825
56958
54011
21709
51342
47189
47990
51075
55196
18049
50591
48173
156117
60680
61346
60460
13837
57912
58485
55849
53825
55917
54128
53732
51690
50084
48283
103660
56712
55245
56043
54560
55008
55304
45992
48779
57349
51127
42519
46797
44570
47373
107391
61235
17745
51679
55308
54303
50069
50983
19084
52106
10857
6266
6190
5426
4459
96373
18185
47705
47113
51593
55233
50589
47668
53439
49831
45230
48218
48437
49128
49350
182897
71126
54976
57599
55310
54444
52084
49445
46362
48582
48477
49423
56748
48275
46712
103978
18181
59476
56893
58394
57231
58815
52041
50837
51201
52634
53554
54224
50910
51105
102450
56171
53209
51076
49039
49803
59142
48939
14212
44191
49835
47693
13840
7344
45275
100093
59099
55346
47594
51512
14934
50660
53185
16206
45277
52288
17240
49170
47610
48622
184518
64241
54904
57564
54142
49443
52706
46052
49364
49609
50582
49552
43821
48488
46683
101767
56198
53037
49514
52704
50173
51510
49009
50846
58086
50944
51099
48225
51253
48268
99463
54182
52720
50242
52805
52643
51305
52299
54122
49196
15034
7369
5499
48959
15982
102146
20159
53417
60368
59010
51334
54889
46068
46723
45982
44798
47486
39894
46345
43829
482349
59093
69138
57096
54211
43830
54162
51372
49215
43080
46125
46312
38577
42017
15144
100431
55620
15241
49247
42646
41916
41909
35364
34766
33569
29012
31538
30547
28216
15230
284792
57855
53104
47969
47527
47121
60111
10606
42395
41483
44268
45214
42955
43339
44724
97963
54900
45583
51270
41762
45506
44942
44931
44200
45083
41551
41798
44054
42237
44000
235558
72808
68662
58216
54703
56258
17272
50006
50383
53958
51466
48823
48643
49808
46169
109211
57603
53371
51336
49822
50370
56336
50428
50678
63310
13410
50500
52234
48449
45325
518341
72167
67630
16516
9229
4730
56082
14491
7616
49020
12265
5858
58050
53324
51187
101595
59566
54857
66088
50535
49963
51747
47841
46328
51841
50773
49217
50550
51179
49170
102701
16446
58991
57038
59282
51803
60816
54588
20521
60085
55652
18405
59973
55960
19040
103903
64701
56391
52442
55238
50023
49916
48328
47754
49795
52061
48643
48877
48209
43690
312373
73185
60076
15450
4552
2330
47600
59836
50196
53041
54878
55561
52440
51650
52220
106635
12768
53708
53497
48232
52205
50196
48591
50919
46502
44765
49309
48803
49492
44911
104981
61789
57981
51551
53432
55613
55377
17674
54507
56769
14460
56030
49088
48981
51105
99762
57662
51840
55644
55834
49871
53451
51287
50872
57866
51018
49989
50323
54134
48960
245796
70171
59180
61276
14771
53608
11341
53835
49700
15208
47205
49053
46814
47983
56461
99078
54826
54551
65392
50459
51667
53944
51724
51181
50472
47349
53275
54467
53296
47187
104227
56953
51084
48206
48885
50371
51137
54791
49648
48222
46635
51812
61700
49449
45847
105599
19957
7994
4281
56116
64038
62182
18430
56465
50812
12066
7650
5102
52865
48685
272496
10992
2308
54871
50182
12250
38874
59859
52599
48083
56883
54937
49386
52750
48867
103339
59867
58864
50110
54837
50155
53550
51080
51520
51166
50295
46773
46786
51351
49508
107106
61913
56229
57933
57542
55300
53658
57641
52484
51734
49610
51634
47749
49844
47789
100069
68134
58842
61246
56100
49635
14963
49612
54425
56816
48807
44644
45904
48645
43382
252816
60499
57367
56744
52857
46568
47318
45047
45377
47361
50376
48279
61307
51731
51955
105011
60021
58278
64868
55050
55862
52569
45384
54296
48486
47444
49209
50210
51765
47957
105848
17249
58852
58710
51810
49891
48172
49607
51307
48517
46154
50816
64765
56397
54578
104567
61432
56753
55551
56904
15921
50321
17923
53113
48987
50373
50370
50851
47820
50933
243362
60135
59462
52744
50761
51786
64868
56517
52829
50024
46099
48694
50210
45724
48379
103066
59343
58805
52473
50990
56442
13263
6835
46725
44636
56963
48528
49025
56643
52395
107421
59773
58036
55600
14866
52357
55460
48914
51571
48658
47183
50160
45584
47891
46089
97341
57376
58134
56517
47961
49642
52353
65683
53946
57579
48718
50400
47987
15632
44537
477366
60837
58764
54123
53307
48833
45984
46484
47427
45482
42484
49842
46951
46202
41787
90885
55563
52949
61716
47384
14226
46410
17455
39390
43623
42770
34696
25057
19928
12261
295687
57520
52192
51661
51294
14523
54228
45262
44769
47338
44323
48319
53587
44201
42462
101710
52598
17344
53882
16647
58523
49291
46272
47082
47454
45524
46615
44485
46113
50356
235336
69715
61079
57009
58482
59711
65507
56064
54103
52100
54220
51832
51220
55232
51197
107113
56059
57471
19440
52767
53663
20708
8207
51542
49599
48228
15844
51808
51451
14259
509070
77857
24819
65810
15994
4589
63855
23933
60582
58539
55215
55600
55822
18659
58825
105891
10796
3650
2608
2572
2376
2988
3160
2988
27210
5319
2208
1818
4156
2860
91996
9737
4875
3043
2011
2628
2036
1360
1448
2136
1363
66817
60901
62314
58939
100118
63666
58023
65737
52282
58785
53308
54603
56991
51892
12534
50105
52446
51784
51532
366411
68323
16573
63188
59962
57664
55354
52033
56149
51660
50996
52105
62501
49106
12604
104841
60054
57727
56607
54950
54571
54669
49453
49350
50263
50275
48687
51433
50896
49971
101235
60504
55247
54266
55107
53480
63502
48767
55519
52772
51610
44600
47246
46920
48225
105567
56425
52145
51656
50831
47033
50931
51674
53826
52220
45386
13620
51222
47827
46965
363577
62627
65130
59111
55026
53402
52646
51674
59014
57032
56121
54416
54534
56199
53056
104009
62817
58600
59128
57423
55754
15790
55683
54018
64126
51939
52564
52119
51060
50476
102964
56685
57269
16502
52704
51697
50254
49730
50033
49581
48513
45183
45890
46486
12249
97692
57416
55793
63497
55924
51124
51788
51005
48310
47184
50241
49897
49065
48517
18730
263175
57329
58395
14035
55420
53834
49325
46876
47079
45340
46892
46549
53011
47176
47226
100116
57334
54107
51118
50800
45552
45261
44781
46683
49179
48273
49715
48474
44893
44520
101267
63356
54394
14869
52419
13066
58957
50579
49225
14443
52295
16290
49948
51045
45701
98809
58355
51973
53268
52256
51373
51237
48847
48300
47547
48342
46882
47523
45833
45284
175072
69024
16895
58593
59096
18743
59712
57385
19838
53063
52336
13629
50815
46167
14943
104666
61755
16484
6929
56402
49624
16708
52738
50604
57736
47428
52195
51554
46850
48487
101276
55566
54762
49262
49096
13225
50854
47416
49142
10350
48952
48498
48155
9309
47728
99088
55266
13897
61440
50155
48447
17702
50413
54202
49619
20686
53216
16759
54270
50277
135025
56827
55209
52373
52012
54162
48497
54541
49323
53647
51663
15031
59143
14359
50260
101285
58979
59018
52527
14196
49099
46948
49051
10843
51066
53429
11701
51255
46337
18035
101667
57739
12919
57116
53434
55168
61940
53551
51251
46938
48931
50649
53120
56122
51964
102341
61365
58792
19003
58155
51258
55519
52830
49859
50585
48009
48192
49937
55428
49063
488560
58719
59371
54084
53329
50522
51030
52365
52236
54037
48911
50625
48340
44470
45706
96987
53245
46930
47250
47144
46752
42906
39817
43188
42989
36684
36417
28620
21909
9592
407546
57667
57633
45637
11272
46267
45506
42149
37880
40927
40669
39947
15010
40717
41133
92519
53430
51026
58135
44606
42049
43546
41078
40950
38231
42430
44898
42887
43548
40478
200468
75380
59826
56108
54200
54181
48353
48963
50959
52870
46602
47627
57795
49360
12895
101414
57173
57964
55225
57040
50159
48620
46904
48705
50702
46648
46229
45751
16534
46044
500469
62065
63925
56590
10924
4839
64526
57349
55552
54497
56350
51272
47515
50237
49174
103149
64108
54151
56695
56535
15124
51069
55888
52731
52322
51266
45263
49584
43932
48798
106289
60598
54183
49199
50251
52282
51394
54036
54649
49764
50619
46185
15142
49621
49083
101370
60430
16891
59662
55040
49676
50318
52116
44999
44529
45178
44311
50299
46478
10969
384888
60932
58673
14534
50556
51482
60451
50487
48113
47875
49450
50229
48876
48163
46202
99983
58496
52024
65450
56961
54689
46395
55183
51468
19250
51868
49668
17571
53501
48931
99892
14589
57968
53807
49603
52242
48962
48598
47996
46344
47830
49224
57802
47298
45348
101801
56488
56184
52582
15336
52269
55790
54663
18415
53895
47682
14340
5837
4598
5659
130367
7829
5379
3112
2316
2316
66163
58950
52105
50265
46850
47300
49115
49062
50283
100565
58446
52366
10554
52385
49530
15320
47438
45526
48357
48246
43676
44166
46257
43782
104565
61379
55076
56416
18317
52241
50067
51929
47571
47342
47173
48002
48611
49339
47924
97301
58352
53312
56275
51395
54726
53065
52837
54085
59616
48755
44966
47273
17271
8501
171759
61503
60304
48829
13776
52896
51397
14663
9051
50040
53573
48010
49451
47634
45074
96353
68060
58097
62789
54343
56294
51812
47957
44439
47107
49721
43246
49257
47821
49574
100143
57636
50932
52781
55445
56228
54529
51580
49688
47255
51441
14399
61077
47681
50810
99627
68314
18576
57265
52301
56628
50288
50124
45791
45998
45639
46486
54055
50115
49161
182279
60896
56824
50705
55403
50294
61897
49963
50621
51139
44014
46333
47392
44476
47341
99786
58756
52684
51873
17546
52037
51596
14308
49219
50127
50604
46248
50134
41449
48388
102062
59132
51405
13158
47048
53567
53053
42872
45837
49125
45988
45783
44400
46364
50574
94654
55655
48317
49212
51639
49530
48301
45017
43333
51370
709278
89573
60564
61957
46623
510822
60339
56036
51515
51878
49454
55637
49902
51218
52486
51910
49929
51978
51240
44272
101128
19307
53700
78875
56123
58521
53244
48991
46422
47209
48723
45467
47428
48615
52934
347339
64356
55427
60119
57615
54821
48207
50310
15802
50349
45731
50230
58415
49183
48666
102718
59083
52232
50578
49677
48414
50417
46193
46376
45252
41623
41681
44880
41569
42283
491735
58295
48856
49200
47521
46043
54072
44109
48615
47934
49399
45861
48342
44991
43495
94124
50231
49027
15578
47296
42001
39930
12908
36443
30787
28839
30734
25204
15995
11148
442488
59422
59256
58174
51490
53415
49438
52975
50461
51563
47381
47227
47765
51028
11853
100204
59916
55511
53314
52168
56331
62315
55451
50121
61513
52169
50323
50148
51782
49888
173235
34892
59996
56985
56266
54687
50358
15939
49643
53154
14096
49453
51329
50858
50237
103399
60936
55306
63680
54158
53983
49741
48014
48092
47495
45700
46669
47964
47068
46080
405168
75955
60951
18199
55553
17553
57332
17402
53037
49762
49206
16553
62854
52447
53858
103762
59653
56947
55804
54487
14808
52518
52553
54794
51449
49149
47772
52211
46787
52687
98794
59718
55260
56084
53094
11906
65326
14744
51255
54397
53676
54445
51881
52171
47100
102287
58442
58479
54757
51976
52556
48917
47951
47585
50185
50008
52364
48405
46506
49119
230331
65856
62480
60710
56230
55011
55668
53905
13806
51736
54801
12912
51624
14751
51138
102195
60208
20480
10136
52762
52065
49921
53246
47867
60281
48773
49669
49015
46045
46217
103917
13400
54452
16736
54815
56440
53069
50670
54182
51921
49761
50436
49753
49637
45264
101044
59192
51871
62324
52296
53193
49192
47360
52272
12905
47662
48291
43956
46686
50272
294662
63826
67896
54798
52139
54681
55702
15104
53287
52783
52421
49999
57266
46307
49299
102387
59706
59214
51654
58187
51023
53614
49655
47780
13690
49331
46603
48002
48790
47709
99836
58890
51774
54970
49974
51533
59123
54667
53084
52546
53565
51894
51573
53701
50890
102957
59851
53729
51196
50776
50962
46392
11494
47153
46407
45272
43031
47221
43472
44873
227214
63211
61959
61226
55587
53035
48787
51937
53328
49430
51158
51183
52444
53694
53343
101417
60469
57201
54651
51925
51754
50157
14877
44137
45165
53235
45872
46454
50952
48439
100853
55592
55657
49877
51820
49057
51952
15423
49887
49062
50300
48991
48225
46671
46950
100948
57787
50934
61170
18621
51418
15854
47486
48338
46573
42957
44372
49627
46559
14196
163265
65212
53714
55791
49938
50155
53279
53373
50805
50672
50500
50416
62501
51136
51799
104430
60941
55468
48989
52536
56465
52195
14797
51068
53854
15510
49516
46615
45944
48148
97995
57451
53609
58023
54578
12956
64688
52271
50021
50235
51495
50654
51119
48301
47743
101695
57486
51310
53483
54700
52476
54924
52018
53082
58094
17982
52574
50090
47483
14403
131312
63924
58364
17108
58841
58944
59270
54239
57580
56503
58019
57375
53392
12939
53253
103392
59264
57715
54806
56139
56057
54001
14757
48915
48800
49175
46824
49598
50801
13752
99930
55597
60151
52045
13688
47222
49459
46728
48727
48176
51133
45722
48240
44580
46041
99066
59669
53483
62090
51476
52112
48790
47312
47822
50045
12743
6965
48901
12666
44510
395677
67957
13871
5720
51196
54390
52017
48967
48113
48864
47334
48953
53182
43537
42602
100747
54416
51725
51013
49246
47990
44787
44968
41295
38022
36208
34444
29467
29743
18916
259629
65442
15842
56418
49626
50456
46893
51961
49558
12262
52188
50197
46853
13105
47310
100596
60559
57351
55725
51772
56022
19480
47607
50432
45832
43426
48499
43856
51562
41878
219177
68106
22457
64608
57947
58500
19117
56982
55511
52912
16179
56154
50930
50209
15493
105994
62032
16753
55267
54120
14989
54367
13008
5422
61159
51395
51018
45389
46481
47674
420773
16749
67519
56785
17470
60307
52836
16591
6499
55053
48940
15687
53726
49979
49226
103007
63401
57316
66571
51689
53348
51578
50757
50548
13848
47748
49279
48731
49546
51994
105793
70449
19512
7959
60497
59393
56621
57678
57630
56097
53595
52007
57688
52645
52270
102890
60734
60045
19051
58026
19258
53045
52153
57166
53014
46760
48501
48635
51698
48926
261711
67090
59661
58065
59122
50718
66085
57464
16979
53415
51841
55143
49968
51844
51338
104130
58741
55064
50778
48621
51156
51416
51396
55430
53405
51651
50764
48223
49764
47997
107359
65750
60860
57309
15566
58283
56015
53668
53002
51547
46551
48057
48985
46362
51494
103620
60338
16622
56998
56945
52348
50964
48051
46006
56985
46779
48835
43865
47081
43782
226850
65726
58157
56888
58424
55397
52571
57685
55315
50345
50896
51343
51131
49020
13768
101460
61919
52524
46433
53021
49548
55264
48634
54234
54412
51410
54714
51713
49335
47861
105449
61117
56057
51303
55020
51809
49809
49287
49248
52569
12837
47969
58052
48467
51139
103349
61914
14922
48794
52320
50004
52254
51398
50156
50374
47422
49391
46694
45293
44982
320818
61326
52809
51215
49757
52314
46940
52550
49237
53874
12887
7033
47562
42433
50977
101678
60777
54660
51467
48869
44722
48274
50308
47344
48558
46865
46286
53198
49655
51148
105587
65404
58278
58472
58675
53681
51690
51009
51230
52384
55396
50256
15809
54884
17490
102071
59124
51883
15889
52517
53510
11902
47406
50007
43966
44765
48235
15184
51892
46514
214291
65896
58612
55482
55144
54181
53287
50518
47863
49001
48048
49095
45876
12483
50362
102973
59035
54469
61761
14371
52155
51934
51210
14044
48482
50613
49767
54299
50449
49554
104181
60831
54564
52236
50700
51883
52278
51319
53399
48437
50201
47997
56026
48206
49562
103656
16025
7524
52511
57842
51984
16253
55956
51414
49937
51204
51075
48775
49018
48277
146066
63079
58362
52492
48656
53319
60680
49506
48486
47287
48960
50887
48355
44293
45601
102755
57822
54897
48508
51320
47946
13088
51783
46391
15010
47063
44057
12062
48859
13750
104500
59601
71231
63906
55540
55726
55094
53386
51085
53179
15707
51662
53367
52403
51937
102688
60896
50335
52337
51747
48867
49092
48631
49698
56031
44879
47967
47332
44412
46876
408422
64508
16107
56594
54846
50963
53142
49213
50193
48782
48751
45983
44063
43771
13083
98336
58414
50936
55206
44737
45013
41748
39504
43316
38761
35864
32739
28365
20969
14010
245287
55295
51074
52440
52896
49307
48677
45731
44615
46832
47199
45053
57271
46699
43461
101074
56864
54500
15418
54753
49862
50349
46026
50362
52050
46714
45952
47971
44163
49613
173150
82542
60006
58533
57940
57882
63825
51971
52607
50446
51014
63978
53372
52547
54102
104580
61332
64080
22099
56687
52644
53292
48435
50049
47211
47975
50194
49552
47082
45206
411937
68454
23645
57890
14958
63040
56874
54663
58022
52941
56013
51109
13703
52011
49502
104731
68971
50750
53889
54318
49894
53052
15286
49843
61961
50436
16819
51360
54687
52600
103057
56349
51763
13664
54576
56671
54626
60217
49158
50051
50109
46954
52155
50572
52038
102261
65591
18197
67261
60399
56110
15023
60317
49541
49400
48640
48151
47708
46735
12376
302741
62070
53601
15076
54166
49698
51710
52271
49180
50788
50202
48693
56251
49467
47439
105041
61780
57871
53111
57399
16678
50317
51174
51028
44794
47055
45160
44131
44265
46730
100262
56277
54364
49659
47984
49070
57086
61322
54038
54924
52846
51384
55863
51262
15798
104022
57435
16402
55358
53572
53413
52034
49879
15427
7091
48800
50014
47639
48841
49838
162764
64903
59002
54224
56294
51985
52151
53149
50990
11779
51111
49339
52091
50208
51996
104393
13161
55096
55057
17527
49271
53617
15763
56041
60972
51304
13853
48881
49236
14683
102543
13162
55053
52052
12121
54593
53536
52539
48987
47602
45919
50001
47613
43015
44849
100914
55910
52226
64532
46236
12069
50294
50187
50697
17138
50886
47758
15740
48519
44555
124552
62247
56546
63404
54971
51645
52110
48395
48377
54974
15534
49982
56325
46949
44750
104253
61385
57053
54720
53337
47213
50313
49867
46470
48550
52950
48702
47840
46088
48628
99171
58819
50952
54756
51777
47813
57483
49606
53549
49840
47652
49482
50355
49487
49485
102705
16854
57882
18159
55045
14590
52793
49780
54182
50023
49974
45474
45837
13184
6870
139035
62071
55782
52045
54056
52552
52484
51360
51719
50717
51800
47817
47504
47218
44358
102919
60515
56085
53095
50896
48460
47259
48400
47403
59594
51635
15218
52034
46296
46347
102672
64563
55669
53167
49163
50267
48426
49172
48037
50585
51620
51279
45872
48294
11518
101262
58951
16189
66934
52600
52897
14390
50997
46632
47735
49660
45600
47994
47140
45148
160971
59052
52721
49786
48421
49388
49651
47457
48543
46798
49644
44926
53441
50442
51153
103670
59193
55281
51691
56499
14542
50630
48958
48129
11441
50952
50511
46066
47016
45905
102922
60977
56862
50322
13879
49884
59251
49027
48732
45131
47444
45245
47906
48615
46280
99719
56223
52897
51874
52337
52306
48652
48420
41104
15094
45953
43320
46368
11383
45994
400720
63099
54020
16446
54984
51913
53119
51832
49840
50600
43960
45283
47995
44162
44567
94668
59394
57428
54425
50636
51521
52841
51738
15883
60059
43496
46459
8826
34712
1825
210566
71418
65175
58293
56357
54784
50926
56936
46854
15126
50857
48042
43047
46829
46980
99645
19887
59126
62829
51831
55048
50995
49290
47994
50041
47648
49732
54525
50189
15079
184413
68070
22303
57919
56960
16015
59570
14952
54572
53634
16294
51843
61708
11999
3644
106412
61875
57869
14130
58190
53241
53661
51001
55161
52462
53630
49828
50938
49081
46061
424236
16179
64551
60221
59543
20623
65607
57626
53458
53889
16063
9107
4801
4884
3392
105058
67095
17693
6406
2886
57915
58759
16441
5299
55517
52484
16836
53248
52273
49087
106086
63673
60449
55252
17109
49396
51332
50825
53127
54977
56055
16385
58229
53149
48631
100227
64945
56268
16602
58667
53956
13222
53192
56683
63633
51966
48088
49308
46886
45223
151195
62988
57152
58349
51650
50700
50331
51518
49061
49645
50478
50084
51751
50927
14195
99827
63751
56128
63918
53938
53038
13978
52488
57916
49344
48283
48378
50797
48168
47022
102180
62473
54516
55549
52062
49940
48885
47193
47933
48719
52862
50261
62071
48996
48865
104124
58213
57499
55950
53828
52086
44642
46894
48959
46121
50766
54461
49781
50195
50840
288010
61759
57191
57769
55573
53627
62821
15461
51822
56640
12615
53706
50960
49365
49751
103286
16854
57364
51788
51730
14144
49411
48363
48684
48843
47027
47424
49968
47521
49419
108168
65373
60241
58673
51145
54485
51615
52144
50056
50381
46364
61565
55756
16589
53517
103458
17933
62663
19180
56640
53012
52421
47593
49283
59759
49654
51530
49500
50444
49634
151526
61790
58373
51864
51868
14260
53996
15183
53110
16915
55187
10966
53778
49384
47328
100278
64075
16005
62010
58844
14371
54983
14401
9585
54466
52722
51845
50519
48917
51167
104070
63776
56945
56130
54302
52211
51129
51386
51238
52137
51662
47978
61549
51096
52814
103715
60802
58740
54319
54894
12921
8044
49522
55061
51630
53335
52478
18087
47088
48962
283845
60547
55034
53874
50489
46808
58312
50858
52742
50401
15232
54168
48762
50123
48459
101527
57303
55791
52278
51030
51421
51155
50535
49622
45615
48754
50936
49721
47462
49024
106469
63786
59706
54075
50434
49950
53447
50293
53639
53418
51881
50938
51045
53157
16383
101882
61069
55178
51182
15356
4816
51280
49232
47481
58240
50676
42957
47155
48096
48070
248902
59725
56574
54802
56539
54447
54853
53421
53507
50082
48782
48669
53155
53693
49492
102343
62937
56239
63056
51540
49576
49474
51932
51653
49008
48853
51492
52667
52734
50507
102615
12885
59467
51658
50579
51456
50706
17330
52896
59461
52441
47668
62254
50615
47515
101711
61863
57922
55575
50246
55287
16813
56150
50391
45653
45853
47119
47765
44843
49334
404216
60249
55953
57795
50858
49141
58813
48051
47947
51504
46156
49110
49823
43365
42190
101221
57387
54326
46143
45282
42447
42815
12558
35214
33796
30857
32511
35297
26066
8540
281654
53430
57901
54227
54003
56407
53858
52886
52798
48475
49706
50749
53576
55859
56552
100801
57978
17618
56563
48692
15245
9004
51980
47737
63304
52378
12671
46381
50465
52064
192856
77488
62416
61218
60987
60938
61216
58348
55333
49648
56008
55686
53816
46582
49999
103606
59653
56991
66241
16488
54064
52833
49764
57845
17451
55211
50976
51117
56682
53718
426811
63269
61503
15815
57651
53210
52843
52601
50783
53289
51583
52597
66628
57348
54907
103437
61406
60489
59823
16546
5579
61284
58919
52630
12553
49809
51020
15161
58713
52447
100434
65932
18189
65812
17717
56729
64762
57741
55927
51642
49414
53544
54805
54177
50575
103072
64241
59338
58501
56900
49073
51201
54931
48750
18978
50207
51341
54065
20147
48609
319294
64556
60523
55220
52582
52942
53162
50174
54187
55397
53998
52063
49876
12372
5963
101004
58267
53706
50553
50532
49870
57238
13869
54469
44755
50802
12840
48802
50626
48950
99804
67396
59122
16957
57820
53888
56899
53854
50916
53055
48462
49003
48641
47405
45898
97526
60284
56354
64683
52338
58564
16505
56930
58197
15611
61927
51694
13380
54997
55514
183995
9194
69374
58725
17817
54298
61443
56856
15473
54901
53886
13228
64651
52583
11434
103619
60703
59373
54566
57138
55284
16043
64317
59507
59835
16535
53346
47593
49952
16469
102721
13550
67374
18572
56487
17106
65921
53554
52635
15246
52559
50691
48469
15885
47353
99846
15434
58853
58803
59077
58277
54394
54489
53265
53733
54715
49430
51160
55832
15044
147351
67970
18920
64152
55088
12921
57494
51266
48695
49466
54634
17112
54277
52413
50547
100867
59020
52890
50634
52385
14500
49489
54824
52507
54914
47916
49019
49433
48505
47884
99369
60696
55272
56970
17162
56266
60093
56469
53669
55139
49385
47442
47490
49552
50286
100694
60948
52734
62257
51100
50085
49591
51155
48869
46942
48704
51015
51152
48346
51070
183547
64986
59518
54196
55924
54920
47084
48825
46309
46699
52496
50279
58744
47197
13550
103217
60361
56768
48133
54548
16791
52988
53151
50840
51810
51887
51871
15157
48917
47149
100390
56728
51690
51399
53895
54026
58769
53088
51546
52771
53460
49819
45177
48036
50759
102545
60694
48936
57914
54639
56188
48525
50280
48249
52564
49317
46089
46579
49291
49221
168464
65843
61319
54566
13525
56118
49612
13694
4782
52351
53767
55900
54846
50911
48960
102316
61955
53792
60503
56793
55932
53864
52473
49866
59434
48494
49546
45226
44204
44511
99540
58332
15118
49636
48645
53286
48818
47537
48462
16106
46330
48964
14005
39787
44346
81161
11840
33361
11323
1085028
93215
66811
22629
67658
57881
54840
52950
53288
53214
53940
456281
74958
19162
54686
55682
57604
51649
51895
52405
53621
50969
52434
68592
58031
52134
269224
74019
51042
47357
45982
41091
40228
11600
39277
42768
35752
29839
32975
19400
12800
620324
78387
53098
45549
49180
51925
57935
51204
45126
43675
44837
43671
41753
41235
38491
95593
15707
48142
51239
12881
44767
50487
17127
9619
39771
46629
45510
17518
49544
48574
243880
72621
63338
61254
57841
55882
53845
48222
50003
48342
46805
48431
49004
49954
47659
102747
54841
53320
54436
55929
53282
50843
48455
52756
56790
54038
52350
48815
48948
59859
511510
65347
18596
59937
59644
54387
54281
58232
58390
57035
18638
55564
56021
58695
58075
101847
65929
62482
68571
54707
53039
54339
53672
55626
54318
55542
55204
55208
50651
50074
105278
62214
57996
57075
56684
54767
52657
49756
46672
46170
46277
50467
59671
47163
47100
104110
19369
58318
52633
13837
51193
15999
50547
50328
54188
52010
52067
47301
46173
42889
345004
62346
54087
49572
57368
50295
65100
46507
50392
51845
50782
17558
51612
47784
47810
102986
58950
56843
58009
52570
47631
45339
49429
51512
51317
49627
52467
55253
52533
52793
111264
63096
62970
55329
51014
52437
53567
47757
42615
47089
51088
50590
47206
12884
43610
101636
55890
53651
50543
51161
18135
49027
49328
49756
59267
50770
45652
15165
50220
46372
233151
65517
54208
51879
14354
58221
50864
52222
51813
50771
49086
12989
47234
49166
49416
102587
58369
50424
61373
55874
56944
54284
51250
48274
46902
51382
48900
19303
12323
47839
105225
67160
55217
48444
17865
55352
51147
48607
48983
48751
50683
45342
58687
47438
45116
107815
58329
54409
54934
51810
53713
53386
53161
49815
49784
46194
43265
44481
46233
15562
173686
54898
48381
48522
51285
50668
58978
48918
48265
11471
53484
16394
49681
48592
51556
105791
63889
51405
47084
54528
48878
45692
41796
44952
45748
45803
41983
44662
41893
46630
107330
61709
55151
53557
54493
48500
52200
48054
49776
16554
53450
52464
14713
50019
47311
98716
59142
54039
57121
51961
51080
47246
49094
47452
56481
46123
47430
49145
48774
17574
175816
7650
64641
54785
15944
52910
53082
50134
48750
18343
52654
51215
47739
20457
49276
100258
54550
55364
47000
53624
52771
48129
42145
51749
51502
53660
51432
48744
50103
48204
103945
17374
58842
53025
50614
16651
50017
49989
51863
49695
20811
8896
59196
50758
43257
101686
58206
58742
55681
53746
48973
48055
49374
43741
46669
41611
47358
44800
46307
41389
161564
61453
51992
52633
13051
48218
59400
49863
48590
20093
11459
49847
51535
47203
46004
103737
57373
56392
56161
52554
51675
51688
45580
48151
44914
51078
48251
15896
51980
50961
106666
62298
65419
61554
61443
19938
57510
53145
52169
47254
47792
48534
50524
48096
20265
102492
55432
53621
50632
47413
47352
49615
48913
47772
53283
43948
48921
46436
46816
46212
499775
78453
52668
50632
48786
47496
46892
46230
38930
11391
42165
45679
42847
37909
59890
93904
46527
43231
56169
47454
44092
43113
40364
30641
32971
28047
27644
24588
20711
14773
317399
30064
54163
49618
48840
45289
42981
46937
42249
39454
46840
46339
51022
45915
42504
100054
55383
49559
44696
44909
49199
49098
46883
45276
41301
45680
44064
44140
37629
40800
229997
27935
63004
60618
59423
59693
66694
59698
55904
51405
20050
54941
56831
54650
49678
109882
58331
50271
50079
51580
48998
47445
49471
50394
49007
44790
48849
48409
47121
50315
515479
62806
63535
59191
57939
58862
54618
56916
54241
51899
47784
49758
14354
49216
49215
106816
66500
18957
58780
58508
51270
20227
52510
14417
63473
49822
46355
46712
43872
46399
109056
59318
52099
54318
52551
46893
50943
47459
42459
46790
52878
17659
45916
44442
56025
102621
20016
62451
70660
21524
59387
55934
51284
18752
57632
51208
45641
17274
47082
47793
343133
60623
55816
56333
54077
53421
54478
52164
51044
48115
46820
15012
55061
45231
47274
105107
59605
52919
16128
54705
47730
15968
58299
49140
49733
48364
18283
48027
12919
48205
100122
59487
51824
46740
48434
47103
60304
49402
46124
47003
48671
44933
48535
45629
43100
101165
60249
53612
50686
48463
50542
45437
48962
48800
47308
48776
13959
45790
46745
47773
226884
5050
61550
58697
57067
53132
52478
50657
49877
15946
47154
48373
52641
50186
52759
100108
62756
60534
55986
53418
50864
51798
50613
48543
59527
54259
50905
15815
54535
45167
105495
20483
62706
53199
17634
53654
48907
52021
54285
14873
51164
16927
57948
53989
51731
101059
57663
50714
61453
48559
11523
44316
49196
49355
17326
46857
43868
42146
42847
47698
171366
63196
53480
50582
48484
48391
45598
44865
44881
44111
44643
49933
59159
41512
42686
103120
61257
53597
50481
48773
51495
45585
49033
49790
55808
47103
49756
47088
49857
51906
105514
19072
54315
56531
52333
48516
59156
49744
47196
47691
14744
48725
56858
50817
50022
107681
57926
56968
52517
52310
53182
46183
50427
64000
51677
16083
49577
48670
47822
47549
148685
62293
62264
61641
53883
55742
50080
50892
12090
47028
46927
45608
45839
43222
46340
99121
56328
56364
54797
52010
49124
49795
52258
43917
51895
53981
17054
49357
44236
42244
100800
61709
55542
53761
47183
47137
51995
49893
49837
49286
47480
49310
48850
54430
52879
94239
15271
55412
67803
52215
54807
49357
48458
16484
49441
48763
51034
48069
48877
51493
171244
63513
56253
52595
55145
54166
50535
50075
50071
47470
44088
46179
55931
50182
47392
104381
55902
55202
54975
52764
53800
55523
53200
53438
15457
47951
47702
15692
46831
15522
101773
52757
56247
59449
50415
51796
60674
49228
43655
46404
44767
45807
41788
43886
46025
99024
16787
51249
49631
50124
50803
49798
48799
14142
46276
49875
49551
42868
43831
49991
485776
87061
54618
14856
53284
48516
48350
48167
50501
45742
45786
40295
41320
44425
36899
115695
57304
50421
45711
40696
44358
42938
46643
41964
44975
32599
33910
4813
14629
13500
304420
31933
4297
55940
14721
74990
16999
11279
63326
55543
68707
17524
55984
49616
48864
95315
60243
44875
57300
44553
43555
47060
45462
45344
45761
45542
42933
51598
16967
48405
253558
72365
65267
56372
60214
17738
61809
58434
18745
57044
53679
16275
64440
18391
58821
106403
66145
17256
59517
16331
51673
53083
53891
52520
51334
51103
51484
50525
46866
47978
514914
12909
65226
60307
52992
18719
66343
53514
51671
49229
15478
49779
50631
50214
49646
107681
58121
57344
51816
52370
19656
50913
53245
50165
51283
50833
48559
52351
55937
13719
112066
63751
60958
57928
57081
54245
17322
51218
53760
16032
50261
48615
13075
55522
48895
100001
57554
52803
54116
50597
54220
51190
49211
53000
59264
51565
50095
44964
49574
42732
302754
10799
61480
53693
52325
50271
46886
49151
47025
49036
51562
46198
46675
49629
50793
102173
58147
51999
61988
50974
49131
48971
50753
49095
15199
43873
44680
46682
42150
47884
108175
58103
58479
52293
51145
50300
47662
49415
49128
51055
50074
47236
53483
45049
42396
103777
61057
53567
55765
54761
50431
52550
51154
52565
44455
51241
49807
45756
46227
14268
322073
7310
64286
56269
55121
51236
65178
20289
52786
50578
50003
43159
13231
49209
47045
110803
63435
17985
51785
54218
52160
51201
48352
50455
46629
42569
44312
42350
45079
53178
109914
60269
61900
55160
55940
49774
51379
50371
54893
47532
48034
51407
48683
46957
46725
101900
58284
56552
51286
48241
47800
45721
48134
47520
56181
51004
45587
47624
45046
13209
195191
52972
59882
51034
52957
53215
52833
46126
50034
50026
49516
45213
47391
45117
47298
102359
57605
53485
60925
52308
52077
51731
49146
52338
47444
47634
46522
49465
48546
46475
104627
17678
62876
55107
50127
51217
46755
51034
50389
46809
44391
44887
56111
47109
45658
103122
57505
58830
19163
54816
18211
53780
51065
48283
51334
17752
8694
55043
44917
15953
203532
56072
14514
59907
14233
54073
63295
49370
48074
47557
52329
47555
47251
51865
17473
103945
57515
53681
52210
50499
55486
49693
14896
49710
46796
44690
46610
46691
12768
46512
106062
66171
18440
59593
55956
51776
52326
56544
21504
51767
49869
47100
51511
49609
16696
102852
54798
51957
50892
49089
48555
47431
48182
47976
56369
17957
45019
45658
43269
17717
147617
58182
55585
50942
15477
50784
54476
52412
11832
46430
47752
45088
45323
45013
42114
101028
59116
51645
59983
51493
48327
46011
54052
47690
43904
46561
45386
46627
47949
49859
105207
62304
55891
54528
61060
49884
17371
11131
52618
48621
16886
52294
54752
46904
45049
104154
55940
50945
52148
47831
43886
44786
46793
47724
46124
44565
50527
48008
46871
48681
462284
57483
53145
53197
62915
19021
58612
52386
54197
50801
43488
45611
16994
42004
46024
97585
53489
49237
41373
39184
43222
42151
40320
32986
31079
26524
22478
5796
13218
12003
353528
83187
57664
50600
49134
45134
47957
46362
45589
42628
46450
43809
45693
44397
38234
101934
55606
49039
45879
46959
46811
44773
42987
47308
55889
49973
40328
45115
43837
14950
222013
32390
68615
56766
54602
51684
52822
55686
55403
50229
49185
48802
47742
45185
47385
101832
57331
56462
62875
55866
51108
48584
48731
49725
47328
50181
51112
50611
43997
48568
509665
67711
56011
56341
55257
58979
52348
52289
59754
54914
55380
52482
67675
54724
52663
108309
63692
61710
60400
54624
48162
52368
46201
47624
50365
53477
47368
45558
11830
45191
106182
17928
59969
62070
59941
49985
61320
52351
48880
16196
46131
48477
46684
52840
52224
109611
58281
58622
50897
14092
47006
47642
50437
46045
48824
44018
49364
49398
49890
45970
356944
67352
60731
57731
51914
54770
53414
46103
50129
50263
49277
47006
52501
18493
46053
102434
59132
57928
47939
16073
8480
59917
50792
17969
60659
19879
50496
48596
15567
47816
107084
57838
54987
54317
54112
53487
55979
49860
49179
45593
45253
48716
49113
49563
45941
101200
55323
54463
60296
46750
16142
49837
45756
15146
49107
46148
14960
46177
46414
44194
168995
59454
56593
54239
52315
14641
51339
49912
51107
48473
44973
46127
58060
46927
45659
106339
55652
54694
51355
50180
48976
48153
48170
13711
51893
14588
47435
45188
47421
17187
103628
17280
58735
53065
52386
18197
61195
44636
45193
46038
47054
45529
43658
45900
43586
108987
54497
50075
48716
45678
49326
15225
8883
48210
12295
50501
43608
47516
46572
43495
178468
62073
59727
52673
50650
52178
45052
48398
49491
50878
55956
58580
56201
58792
55783
104412
61011
58314
52803
49374
54606
50977
52820
51005
53916
51618
14210
50434
48703
14457
103154
63384
54267
53903
14053
51317
48855
13878
48356
13700
49303
49130
48112
44798
43469
98570
57076
51486
63708
52137
49996
50937
50149
47528
16511
52267
51897
11437
46994
43871
156534
6443
61384
51446
12058
55145
50222
14795
51975
48322
15875
51399
58580
47496
46293
103667
58694
54295
48913
48797
50482
47266
49154
47327
50336
47909
51483
46235
47380
15655
102325
16661
57193
16984
52661
46920
60664
47122
48235
48296
45419
53253
47323
45535
42783
102760
57477
52470
48968
48137
47869
52480
50888
52118
55594
14624
7902
56681
47901
46011
141129
58476
58583
53390
53362
49531
54428
48129
50731
17048
51551
46607
48337
46672
47294
100797
54079
51450
49027
49928
49080
49488
15912
46890
57704
45817
46658
44640
40592
45153
100884
53398
13972
48817
55822
52332
47842
50231
49887
49699
49856
44256
54255
15399
51332
100936
56088
57252
59430
50171
52231
52845
53265
48577
49326
47169
45385
43163
42670
43127
465725
59388
55501
53644
50219
47515
46718
42825
45564
44715
41119
14522
53854
47036
40951
96910
54571
54893
45962
50322
50510
47493
46192
40958
43535
37108
28238
24129
20337
12014
416832
76503
51308
44674
46154
47316
53233
44509
45626
14551
44937
16166
45905
42924
43423
97507
53308
49310
47630
48712
47290
41692
43677
42882
41735
42016
42048
44175
38881
39949
242845
71198
62132
58210
53971
53110
50717
52396
53141
50964
49491
51840
45422
47537
50739
103737
61403
61720
18702
58105
59599
56992
55653
54683
63247
49917
48243
55270
48583
52550
504308
63369
56179
55905
51577
50451
47884
51567
48927
53002
16355
48511
71610
61136
50348
99900
61049
59187
46711
57522
51556
52090
16420
7967
59711
57261
56832
55738
57872
57677
105240
66935
60420
55473
49611
53153
57055
53817
51388
51320
50860
50951
64283
50700
51744
105293
58997
54695
50886
17752
53439
57219
52192
52243
50037
53726
49325
49970
45048
47928
372085
61041
58579
54842
52425
13666
62129
54503
52167
52902
45249
14977
45289
48622
46070
103390
60153
53199
48779
47500
48043
49866
48903
48568
44068
47686
45082
49449
48875
48819
105998
61940
57484
55141
50129
17210
46845
47201
50095
45922
50282
13183
47800
16312
44425
100870
58499
52730
16463
6398
51872
51210
51653
47931
56431
48071
47980
45485
17378
42334
160003
55604
54805
50642
51848
51035
49452
50402
54159
53834
51109
47568
52094
48131
47954
99084
56179
50718
64879
56551
16292
50586
50415
17131
46876
47386
13958
49746
45266
47364
104059
60747
52099
51114
48411
49243
47675
44596
45793
46796
43971
47304
60604
46428
45438
100443
57806
57000
19423
50982
15155
50071
49511
54990
50679
52198
49077
47304
48963
49235
183779
61188
56519
56572
53655
49517
60419
47563
52818
47919
45753
46745
47138
50709
46566
102549
17536
57008
17758
52524
53512
50677
48245
47100
47341
46125
43879
14131
48570
43792
105791
61657
14847
57196
55767
53805
47682
48419
44026
43940
46440
46840
44985
45129
44426
99032
64071
18051
50128
49864
15829
52991
48263
18665
56274
48527
51045
15795
50461
49831
501268
83993
59571
53624
56937
57509
61067
55893
55666
55675
54701
61054
54876
53927
52859
92076
63402
55326
61016
54150
17236
50050
47041
42073
34961
24949
22470
