0
0
0
0
0
0
0
0
0
0
0
0
0
0
0
0
0
0
0
0
0
0
0
0
0
0
525
1058
1058
504
96
96
1055
1062
1068
1164
1154
1107
1187
1138
811
1062
1068
1110
1123
985
1082
1065
996
1050
1083
1053
1083
1052
1053
1104
1108
1077
1066
1036
786
1043
1153
1108
1082
1073
965
460
486
639
857
592
533
415
126
439
0
389
499
820
414
0
0
545
540
385
107
537
423
530
449
372
364
240
377
237
240
367
370
0
100
254
111
205
304
357
229
0
243
0
847
478
324
575
836
625
968
1055
1099
131
545
503
540
664
1177
1173
1112
883
580
195
0
283
556
714
958
780
553
418
312
483
320
112
0
406
263
378
252
0
0
110
237
114
295
117
120
0
116
0
120
116
0
250
0
243
296
0
363
354
607
222
98
0
0
222
234
96
96
276
0
239
15
222
276
276
0
96
0
498
99
276
222
372
282
572
692
659
978
417
0
354
1104
1085
938
785
591
659
595
493
237
96
492
504
933
1079
792
1105
593
192
353
369
388
366
434
369
8
344
228
246
559
762
384
640
761
519
554
369
570
1060
255
784
401
1147
1099
1069
1042
380
1101
1079
1098
1051
194
1074
1099
594
565
1139
1122
288
1111
1056
1135
1081
1142
1067
402
96
290
514
99
464
1149
1156
1005
1131
910
738
541
405
395
259
277
0
276
132
126
323
329
337
126
287
396
489
220
258
0
274
615
930
1055
990
1019
1038
1044
433
510
0
222
96
96
98
245
384
288
413
617
432
276
432
276
98
277
3
0
0
0
0
0
0
0
0
0
278
222
409
0
369
0
208
243
0
303
240
0
243
103
0
0
248
0
297
0
0
0
0
294
0
664
824
1109
809
1023
849
882
811
1046
1134
609
459
456
894
506
774
1044
924
875
731
1020
902
413
764
744
787
834
720
447
534
821
375
637
648
552
552
441
677
955
448
769
643
504
570
311
428
404
253
518
372
225
492
507
603
428
213
785
958
360
812
966
923
637
304
940
416
541
396
0
639
506
784
445
291
565
700
578
234
546
0
307
0
0
407
346
495
486
0
121
286
276
260
391
254
368
0
113
0
275
0
137
270
0
271
129
129
237
127
10
550
0
474
320
0
700
323
0
118
273
111
113
274
216
322
261
558
718
281
351
366
434
468
999
709
479
126
624
1016
1060
1052
1095
1114
526
1120
1133
1046
1073
971
787
123
789
1093
1063
1008
864
1054
809
225
1022
1062
1066
1056
1074
829
367
282
223
432
732
792
1008
510
617
228
225
226
276
0
0
97
96
96
276
96
96
225
279
0
102
102
102
0
233
240
0
244
196
0
375
366
498
414
369
513
444
203
293
396
291
103
206
406
0
373
3
132
0
344
146
0
313
120
263
322
215
287
0
108
5
108
0
108
385
331
383
412
739
802
286
198
280
396
514
657
834
1053
738
798
492
993
1056
450
1020
918
699
195
468
750
1086
1080
1030
1073
1066
525
0
0
0
0
0
0
0
0
0
0
0
0
0
0
570
1104
1112
1068
935
1101
945
222
0
276
396
222
906
439
661
829
526
755
294
1042
1113
1153
1103
1136
1136
724
1074
1074
1059
1122
1109
1107
642
1106
1114
1143
578
367
986
442
379
354
0
282
280
399
106
283
923
1151
1267
718
1097
1056
1053
915
1053
347
569
368
555
492
98
1074
1288
1211
1076
1092
1112
1102
469
1163
1156
881
858
971
522
749
0
573
379
371
584
1249
1484
1390
1106
1131
1097
1056
837
987
356
609
609
428
1041
1255
1495
1151
1168
1122
1104
1100
953
375
497
814
541
527
388
954
639
370
504
310
1171
988
247
715
308
488
695
1116
1111
432
546
555
524
668
1078
887
458
268
1157
946
574
337
735
618
987
687
402
541
581
466
850
836
696
442
596
993
1181
1102
1093
1115
1078
1062
1056
792
1062
1080
1083
1059
1002
918
1068
1068
950
1080
259
1094
963
861
1112
1090
96
855
348
555
963
972
0
998
258
320
236
843
111
1021
1122
1064
1054
1161
440
976
842
1114
1073
1065
1056
1050
1050
990
1050
874
1005
510
1062
1062
1062
1005
621
1062
1059
1062
1074
1071
1059
1038
567
1068
978
924
1038
699
1056
1054
1050
762
852
0
513
513
510
495
759
192
444
192
1086
1221
1240
1272
1097
689
1129
1152
1143
969
755
293
114
361
459
522
935
749
431
938
775
504
474
784
675
929
389
834
275
0
0
0
1121
1056
612
690
1020
1062
1077
1076
1098
878
603
1078
435
600
414
222
361
363
0
411
3
1097
1338
1424
1402
1421
916
558
97
252
888
823
878
1079
1052
927
438
507
534
716
765
836
520
1056
566
1121
1079
1065
1059
1053
1056
1076
1077
1068
1056
1071
1068
1079
1030
944
1129
1107
1014
1059
727
852
589
1100
309
1094
110
308
830
452
1038
0
110
0
375
111
108
1085
1250
1214
1254
1250
1257
1196
1235
1305
1175
1229
1156
811
715
1081
1095
1104
1081
1056
1062
1062
1065
1068
1061
357
372
375
402
282
850
746
313
1079
737
664
1142
619
428
613
516
282
1117
845
750
570
942
1072
789
593
1170
866
458
398
0
236
1142
935
817
825
192
865
693
753
407
887
890
584
371
1081
1170
1106
1114
1078
1059
1101
1118
1017
986
956
1126
1092
1143
1140
1062
1048
1139
1173
1195
1149
897
1046
1099
979
834
1100
1102
1050
1050
1053
1059
586
770
656
606
419
879
657
714
672
1071
1089
1011
1074
1074
1068
1079
905
416
375
328
571
477
22
368
245
355
297
451
286
0
96
234
0
0
1048
1058
1050
1052
1073
1077
1063
1072
1026
1074
1047
1080
1080
540
0
0
0
0
0
0
0
0
0
0
0
0
0
0
0
0
0
0
0
0
0
0
0
0
0
0
0
0
0
0
0
0
0
0
0
534
1062
968
1056
1030
1010
489
520
385
421
1174
1280
886
1277
1157
1320
1128
1074
1050
1055
358
859
877
558
984
393
379
198
0
451
238
689
598
116
562
532
1004
699
392
359
434
515
899
700
828
682
1123
893
1121
1102
1026
840
595
668
818
111
204
245
243
0
370
478
399
202
289
599
503
577
581
458
561
350
517
444
566
194
552
366
193
552
432
282
480
384
444
282
348
1033
1094
1053
1102
1029
330
506
895
266
1055
1029
1127
955
1040
959
315
1028
1046
1074
1118
657
493
1197
1128
1123
665
118
1058
1110
1063
1040
965
348
1105
1055
1081
869
122
967
1102
1051
1106
979
988
1159
1128
721
1119
416
119
883
1125
1130
1141
988
545
319
531
1129
1053
1032
1087
213
1095
1062
1084
1144
1044
155
1186
1127
1059
772
598
1111
1184
1136
1058
1057
748
1086
910
1073
662
574
119
284
264
377
0
0
107
225
848
1022
1093
840
760
724
512
196
993
1054
1057
1121
515
842
1134
1056
763
760
979
1117
962
798
331
697
1113
1056
1023
488
460
103
524
513
1011
1052
1019
300
1089
1092
528
0
0
0
0
0
0
0
0
0
0
0
0
0
540
1093
943
645
855
899
1084
548
354
522
115
0
919
1020
1308
850
978
1245
963
1234
1320
1207
1171
1156
1096
1073
1065
1059
1062
958
0
857
999
684
840
1056
289
891
870
582
453
504
642
672
348
96
492
286
672
732
348
330
96
192
612
372
432
238
277
554
436
222
348
749
577
366
640
414
518
710
520
741
597
452
728
449
610
222
628
569
1057
992
589
276
276
372
276
0
985
693
812
529
774
1170
1087
1128
123
533
711
569
635
860
1133
1072
1059
1068
1065
1105
1146
1173
889
1144
1120
1175
1196
1137
1069
1071
1071
1062
1071
987
1059
1071
1068
1068
1106
1155
1129
1040
1058
1044
1062
898
863
948
246
739
307
811
1006
1074
1086
1069
1098
951
1089
1079
1056
1065
1065
1054
1050
384
975
909
579
330
774
1050
978
738
741
1059
1027
966
578
357
1039
223
493
696
786
1050
357
1111
630
709
1104
1053
1102
1173
783
1191
1069
1071
1045
544
642
372
723
931
1059
1059
1067
436
1085
1077
528
0
0
0
1
0
0
0
0
0
0
0
0
0
0
0
535
1075
688
455
837
350
669
867
720
1059
1145
693
1069
1053
936
1056
1056
1086
1056
1056
1050
561
1056
1071
1011
1062
1059
1045
974
1200
1385
1112
1050
1056
873
1013
1339
550
1069
1072
715
1090
1269
1160
1076
1088
1193
1248
1092
1101
1173
1002
997
1081
1077
1065
1050
1056
705
222
100
0
100
0
234
99
192
222
564
279
0
720
1059
1059
1056
798
621
1017
1050
1052
1088
1155
1176
1109
812
342
237
237
555
491
849
1095
856
279
192
756
108
600
671
632
1088
747
709
440
291
343
133
248
423
1068
1068
1090
1084
1098
1102
1065
1084
454
1130
1090
1080
891
1064
732
1062
1056
600
1065
1080
1085
1070
600
414
276
858
445
370
0
238
102
0
102
104
0
294
289
120
192
542
593
283
765
15
782
234
354
234
96
525
669
531
1127
928
918
962
437
516
408
234
322
383
139
229
395
306
3
121
0
279
219
325
411
275
12
399
527
117
112
547
306
297
469
311
201
430
374
405
507
390
430
369
285
501
303
528
435
381
378
561
399
693
354
288
553
96
96
952
936
1093
1110
847
734
1048
1147
904
740
116
268
1120
1176
1156
979
995
846
903
1130
1126
1078
1059
1026
1061
1068
1068
1061
1057
1057
888
1071
1089
837
1077
1089
1059
372
99
1062
1074
1098
1080
384
1083
1089
1077
495
1137
1164
1080
1056
1096
571
0
0
0
0
0
0
0
0
0
0
0
0
0
535
1071
1077
903
678
598
297
107
584
737
435
1091
1186
1129
1090
1070
1255
937
1061
759
856
1205
683
1063
1050
1053
1284
684
1068
1066
804
1134
1289
1058
1056
1072
1074
1198
1241
1057
1065
504
1084
1425
1076
1077
1022
1138
1300
483
1110
999
1071
1320
1099
946
1153
863
557
519
1115
1077
1125
1089
1056
525
0
0
0
0
0
0
0
0
0
0
531
1090
1108
1105
778
195
647
375
435
282
456
225
1011
1290
1109
1074
618
1214
579
1080
1074
1092
1354
488
1100
1091
741
1218
1249
1062
1065
596
1176
1360
1091
1086
1074
1102
1330
699
1114
1088
548
1174
1316
1122
1123
798
1240
1153
1154
408
1211
986
559
709
1122
1069
1067
883
391
297
416
376
446
258
735
120
408
117
646
0
772
210
1066
504
373
1029
1065
794
649
651
709
256
933
443
140
237
941
1056
1077
1021
1059
918
1043
3
1050
1056
1020
1053
1011
400
0
0
504
1053
99
588
1050
648
615
699
994
1050
1090
1133
1109
1047
118
607
482
629
951
1087
900
1046
984
921
1057
941
1123
1102
589
954
999
1046
1140
1130
1035
804
1008
1108
790
1137
1142
979
1101
1063
637
119
1122
1116
1017
1077
534
0
0
0
0
0
0
0
0
0
0
0
0
0
0
0
0
559
1106
1071
222
894
468
276
1050
414
222
960
690
222
468
96
276
276
276
823
423
623
728
1095
1056
1056
1098
1114
414
652
252
252
1068
1119
1148
436
1110
1115
1105
387
942
888
919
1089
600
847
1116
1109
1106
1157
445
303
1060
1130
1086
1056
0
1053
1057
1063
1056
756
1034
387
656
195
396
396
192
96
492
276
492
384
192
354
0
222
354
396
348
489
486
615
527
990
961
1142
657
736
821
1050
1050
1056
1065
1079
1074
1074
1100
1086
1059
858
786
1050
1059
1058
516
1083
1107
1083
1123
1156
1144
1092
1065
1062
1065
1056
831
639
354
564
0
0
222
981
473
684
385
113
1091
458
1145
1114
661
577
348
403
555
354
336
234
433
2
455
359
859
941
908
1105
1065
1065
1096
1117
1095
1068
607
702
836
1032
687
695
1153
1068
1103
1119
1093
1071
1100
1097
1074
912
393
966
957
450
96
486
0
508
873
1147
530
443
1083
534
903
612
708
886
325
665
1091
549
594
693
447
587
735
790
1058
1059
360
1097
1286
960
1053
225
0
652
936
611
931
674
1242
1061
99
426
450
528
372
741
846
699
812
674
793
0
964
508
674
583
674
708
246
1094
1053
1050
1053
1054
1056
531
0
0
0
0
0
0
0
0
0
0
0
0
0
566
1158
1179
419
391
617
1020
372
276
505
330
741
573
705
488
732
828
1074
1059
1059
1059
1059
1106
1110
1018
1134
1096
1098
415
1157
1137
767
1108
1084
1065
1142
1073
1141
1147
1177
1187
1119
1090
1118
1105
1102
1108
1118
1145
1130
1113
1129
1093
1099
1059
1075
1145
1151
1115
1104
1018
516
369
1067
1125
1121
581
0
0
0
0
0
0
0
2
0
0
0
0
0
0
0
0
0
0
0
525
1108
1117
1058
1056
921
871
567
277
236
0
419
192
234
192
0
0
276
417
243
357
528
607
1042
868
1072
1061
687
882
1062
1062
1065
1062
1053
1059
423
603
558
1056
1062
1056
1050
1056
438
1005
447
1002
354
354
222
222
354
462
99
467
625
988
1088
1019
1106
1059
1062
1096
1094
583
1101
1114
1084
1062
1060
1056
1056
1085
619
842
840
399
0
200
108
388
369
241
911
556
646
571
107
1068
391
1107
676
112
3
374
434
576
632
483
1096
1095
798
1109
1111
1056
192
1056
605
99
762
432
330
0
1089
1196
650
565
970
512
260
1087
222
668
388
906
956
1059
1041
517
198
696
571
776
529
1091
1068
1054
1053
376
210
1075
1461
1068
1056
408
222
372
924
653
1021
436
902
354
397
745
280
435
756
770
501
244
0
105
103
103
363
222
354
789
702
222
854
450
846
702
222
492
366
372
276
0
348
0
0
432
0
708
699
510
793
0
1119
1124
1053
398
276
354
414
504
234
718
648
846
707
619
900
450
0
1005
469
714
594
512
960
1092
1079
1068
1071
1065
420
1071
1089
1102
1044
966
1143
1072
1101
1080
1099
1022
1147
1111
1047
1056
1074
1032
1071
1125
984
625
753
397
621
733
1121
821
507
718
771
749
425
242
0
603
727
805
392
198
348
738
1087
450
536
544
250
824
716
570
354
732
1119
1099
1064
628
1138
1092
810
489
356
0
279
277
418
477
421
983
998
1065
1120
641
0
0
260
1069
844
544
1162
0
1133
677
1117
320
1121
234
985
712
1068
1065
1071
1072
356
396
330
222
1057
444
855
897
796
792
869
1068
1084
1084
1062
1035
508
641
675
195
281
0
240
594
480
438
1125
1127
1066
994
699
556
352
0
206
102
0
303
345
245
343
0
670
1033
1102
923
714
637
393
294
387
117
255
0
247
390
320
306
106
107
210
206
0
0
323
408
247
5
677
1073
1126
878
3
1106
1087
991
830
732
274
0
0
259
5
255
267
0
677
1070
617
1090
705
466
965
1113
945
898
691
109
666
985
1058
1049
1065
214
926
949
304
584
958
1108
597
502
363
828
558
396
558
899
1059
918
480
642
195
96
504
390
375
357
633
468
432
1029
1072
1066
1066
1062
1053
984
495
381
240
282
957
1070
699
1104
1056
498
711
402
276
0
279
333
396
625
374
674
1077
1114
1102
1056
529
0
0
0
0
0
0
0
0
0
0
0
0
0
0
591
1136
1099
1119
1107
1063
978
831
240
501
528
414
576
222
234
222
96
0
222
0
0
0
1123
702
1084
1068
828
444
348
372
366
192
96
192
502
522
538
961
1045
1068
1188
965
587
1057
1050
1053
1056
1057
1057
1053
1056
1068
1092
1080
1050
1050
1008
1054
847
957
1059
1084
1110
1084
1056
590
1159
983
469
586
412
360
0
384
98
234
331
416
1041
1146
1106
815
903
627
513
583
434
124
0
120
1049
762
290
386
1180
1099
1050
846
468
354
0
222
636
331
857
1058
1040
519
637
868
539
990
505
736
633
574
1041
1063
1014
193
96
626
840
755
380
1134
1079
1054
1053
579
333
1123
1376
1076
1055
276
0
276
96
234
0
0
384
480
0
822
690
520
970
421
1181
1056
906
372
432
276
450
495
789
891
881
1
1149
279
798
526
641
386
1119
1119
1115
1143
1147
1157
605
5
0
0
0
0
0
0
0
0
0
0
0
569
1159
1139
1088
1071
1035
1068
1059
837
195
492
696
356
330
192
691
444
623
942
1050
434
348
192
96
552
282
567
548
1119
966
1152
1054
831
1096
861
468
1056
198
606
223
432
468
96
372
102
486
541
1018
955
1108
1073
1053
660
418
373
590
455
108
0
1109
613
700
253
1092
599
1091
737
413
613
634
451
865
1050
1053
495
414
492
501
222
941
1089
845
531
562
688
383
1073
279
748
449
769
933
846
1011
543
332
0
97
96
521
1028
535
731
640
1044
488
1086
1086
427
360
1102
1365
891
1060
612
495
744
433
348
384
348
0
222
1
276
0
222
955
552
678
1014
725
1183
1054
0
372
560
602
432
745
680
653
1031
132
1034
674
96
1035
781
516
982
492
1027
1090
1082
1059
1068
1062
987
891
1068
1059
1053
1053
1101
1165
1153
1098
1075
1093
109
1101
1125
1146
1091
1102
1092
1072
1065
1064
1059
1053
1053
1064
790
1080
1008
193
1103
1108
1062
1056
1081
1036
424
1085
1052
1050
1050
1050
978
1050
1026
1044
786
564
357
238
223
432
906
1050
954
606
276
789
828
354
606
630
396
354
372
504
432
0
222
558
702
630
1050
1050
1050
1053
1117
1089
0
1075
1056
1053
1059
1062
1065
1074
1072
1068
1122
580
0
0
0
0
0
0
0
0
0
0
0
0
0
0
0
0
0
0
0
0
0
0
0
528
1060
1059
1052
504
846
1050
835
222
578
98
1121
1271
1095
1094
563
398
1332
936
1100
1015
1178
0
831
528
906
993
237
1053
294
1204
1162
1101
291
726
935
1047
486
1273
972
1134
593
1144
1166
897
1127
853
671
619
558
1130
1162
1074
1068
1056
1056
1032
558
786
1050
1056
1057
1072
1026
1033
1089
1050
1050
1056
1056
1066
996
1092
1093
1059
1053
853
1090
1097
1061
1050
1034
901
498
1044
487
606
906
588
1053
1059
1056
1113
581
0
0
0
0
0
0
0
0
0
0
0
0
0
534
1059
1071
1073
585
1050
870
786
384
561
96
0
0
0
0
0
0
222
96
222
791
244
901
390
970
1033
288
1069
1065
1071
1063
1067
1044
1106
1110
422
244
440
478
242
114
236
852
456
640
843
942
378
540
389
468
1075
895
696
222
277
280
463
1057
1053
1056
1059
1074
1083
519
1050
954
564
96
96
282
234
381
1078
1237
621
897
1041
462
300
1124
638
440
1069
1102
944
1109
0
199
368
1101
761
381
1222
877
1016
1055
966
564
1090
1409
1095
1077
570
283
1171
497
640
364
1193
1068
906
1056
1059
612
336
717
1062
612
399
437
1119
984
761
395
404
646
573
599
928
832
280
376
419
0
442
549
0
946
663
702
357
1050
996
1058
501
1060
1067
1067
1059
1078
544
0
0
0
0
0
0
0
0
0
0
0
0
0
550
1076
1122
1119
852
0
960
1050
710
276
576
824
469
838
238
1000
383
623
1104
1050
1053
1059
1056
1062
1065
1065
1056
528
1008
1056
1041
3
906
492
1056
1056
1050
1059
718
654
855
660
388
798
549
928
635
994
1168
876
1043
975
1093
1035
1110
1090
1045
1066
1071
1059
1060
1055
1052
1055
1056
1027
949
934
1142
1121
1110
986
1078
935
1032
870
696
780
1035
1006
1059
1050
1065
1071
1056
983
811
799
1117
1081
1059
1056
1056
1059
1053
1053
1054
1067
1077
1063
1050
330
852
810
957
366
432
96
378
0
239
102
0
278
237
250
200
632
965
1151
365
618
1150
403
798
819
504
421
676
938
1098
658
225
1015
721
525
457
1188
1101
987
420
639
407
768
892
1072
1072
1053
354
396
570
372
1057
1257
1095
1057
711
276
1141
561
937
289
1173
862
1056
716
515
929
1042
1123
1067
1065
1056
1061
991
1063
802
988
510
630
235
486
794
276
1056
1078
1056
849
859
371
359
234
375
519
395
127
115
0
0
113
0
115
109
267
0
0
0
0
99
0
2
0
269
392
255
0
0
0
259
0
123
1
118
0
0
1
0
0
0
0
0
0
0
0
106
0
0
248
0
0
234
0
0
231
0
256
0
0
235
0
0
0
0
0
0
0
115
0
0
0
364
282
469
302
206
1116
1100
1065
1059
1083
1095
876
444
996
1056
936
1056
1050
702
276
222
0
414
276
0
96
0
0
0
540
1058
620
1063
330
828
96
396
828
399
354
0
0
99
344
409
670
444
972
831
594
1056
1053
792
816
1060
372
1059
354
915
661
432
492
237
225
276
396
333
742
469
893
676
517
1131
584
525
356
104
951
689
767
389
0
713
1141
1084
1072
1068
1062
1098
1107
1075
510
561
375
733
457
235
486
959
966
105
231
435
1062
1080
1095
1075
811
1066
1065
1059
1062
1053
372
1062
1065
1064
1055
1056
1056
1065
1071
1053
1050
1074
1075
996
729
1059
1062
1071
1071
531
0
0
0
0
0
0
0
0
0
0
0
0
0
0
0
567
1107
1068
1050
1059
1059
1059
1059
609
786
490
351
492
1029
792
744
1110
858
1071
1056
1056
804
570
786
744
192
1151
1056
507
357
1011
1173
522
618
1111
686
972
614
783
1029
648
539
1116
1185
553
778
1173
1161
1059
1054
725
1113
1524
1140
1056
102
1242
765
657
972
1275
1059
1053
1035
531
222
924
978
381
487
282
276
282
933
816
399
1199
840
1104
1059
1052
630
1099
1083
626
354
957
268
256
377
6
114
495
263
593
1156
918
888
1030
725
1156
1118
1080
463
0
396
435
0
492
493
114
0
584
679
564
231
616
450
435
545
1109
1053
1094
1113
846
1067
1064
1059
636
927
1059
1026
984
972
954
354
222
96
222
498
912
911
850
1026
1143
528
385
535
897
1194
327
720
1016
672
1032
399
672
1044
863
804
918
432
444
1128
588
264
1206
870
1098
558
579
438
729
588
177
1095
1077
1068
1026
1056
1056
1065
1074
843
1002
1050
225
1050
0
1050
396
1053
1053
1077
603
1044
561
1062
994
1053
490
849
489
394
709
1031
1317
1305
1107
1068
473
401
1269
933
534
1149
1341
1110
1062
1083
1077
990
1059
1065
1065
1059
1050
1065
1062
1056
1071
387
510
1053
1053
662
1068
1059
1068
1080
1071
1062
1053
840
837
355
528
396
0
0
354
854
925
282
1197
1062
1074
1117
1144
879
827
1104
1068
1068
1125
1159
591
1159
1090
1089
1139
309
1129
1010
1128
1053
1059
1057
639
987
1061
452
459
846
375
1290
1476
1077
1052
435
225
277
1005
726
809
396
1297
1161
1056
1113
1174
1166
1110
1110
597
375
443
425
385
926
1145
364
1244
885
396
933
812
1287
687
550
1115
598
1128
557
462
738
1102
1187
1053
402
1206
1209
684
480
1095
618
433
987
692
1086
108
396
468
642
1083
786
705
765
579
636
1186
858
1077
960
354
1053
708
744
924
234
720
528
492
1044
834
936
354
813
1119
1137
582
606
1145
837
1095
228
568
1092
537
936
1113
372
1172
977
465
1044
1203
1096
1095
630
1035
573
0
0
219
0
0
1039
1107
1299
1236
1239
1164
1206
1205
1079
1062
1065
1059
1050
0
96
0
372
1002
498
510
336
330
96
0
222
393
279
585
1053
1062
954
417
0
0
0
0
0
0
0
0
0
0
0
