0
0
0
0
0
0
0
0
0
0
0
0
0
0
0
0
0
0
0
0
0
0
0
0
0
0
0
3
6
6
6
6
6
6
6
6
63
66
35
93
67
7
6
6
56
72
18
9
6
6
6
6
6
6
6
6
41
54
25
18
18
6
49
78
38
14
9
6
16
26
16
33
37
31
35
11
33
0
27
34
58
33
0
0
28
30
18
8
19
25
19
11
12
8
6
7
7
6
8
17
0
7
12
7
10
12
6
7
0
7
0
15
19
18
23
19
10
9
6
37
12
51
16
26
27
92
92
62
17
6
6
0
6
6
6
21
45
21
22
13
24
15
9
0
35
9
11
10
0
0
8
10
10
12
10
10
0
10
0
10
10
0
8
0
10
9
0
6
6
6
6
6
0
0
6
6
6
6
6
0
6
0
6
6
6
0
6
0
6
6
6
6
6
6
15
12
19
6
6
0
6
37
75
111
26
46
9
6
6
6
6
6
6
6
60
38
36
6
6
6
6
6
6
6
6
0
10
8
8
6
6
6
6
6
15
14
8
13
21
8
30
27
66
44
21
51
14
67
41
25
10
6
15
23
17
18
90
60
6
31
52
101
78
79
34
6
6
6
6
6
13
91
87
22
48
54
64
39
16
16
14
17
0
20
12
10
19
18
21
15
21
27
34
16
15
0
16
16
13
6
6
6
8
8
6
6
0
6
6
6
6
9
15
11
14
10
6
6
6
6
6
6
0
0
0
0
0
0
0
0
0
0
6
6
11
0
12
0
12
12
0
12
11
0
11
7
0
0
11
0
11
0
0
0
0
12
0
17
43
75
14
6
6
62
28
65
43
24
15
9
26
21
33
79
69
47
19
6
11
18
28
46
47
70
64
32
29
16
6
6
6
6
6
12
45
65
21
77
50
37
45
15
16
13
9
8
6
6
6
6
6
6
10
10
6
6
16
27
23
37
15
69
23
31
23
0
28
18
20
11
8
7
6
13
8
26
0
12
0
0
26
22
33
29
0
8
18
17
16
22
11
18
0
9
0
13
0
13
14
0
17
12
14
18
10
0
46
0
50
19
0
51
21
0
12
14
9
9
14
15
19
17
25
19
6
6
6
6
6
6
28
32
16
42
25
6
6
59
66
12
77
79
28
13
15
33
14
42
8
6
6
6
6
6
7
15
13
14
22
16
6
6
6
6
6
6
6
6
6
6
6
6
6
6
0
0
6
6
6
6
6
6
6
6
0
6
6
6
0
6
6
0
7
6
0
8
6
6
6
6
6
6
8
8
11
10
7
9
18
0
23
0
15
0
25
15
0
16
11
14
18
12
18
0
7
0
7
0
9
22
25
23
11
12
6
6
6
6
6
6
6
6
6
6
6
6
6
6
6
6
6
6
6
6
6
6
6
6
6
6
3
0
0
0
0
0
0
0
0
0
0
0
0
0
0
29
32
62
88
59
37
6
6
0
6
6
6
6
6
6
9
26
41
11
56
96
60
23
47
46
12
17
17
6
61
62
41
37
59
34
36
21
9
22
14
6
6
0
6
6
6
6
6
15
65
104
26
18
6
6
20
18
11
9
6
6
6
6
35
109
55
6
28
34
13
31
67
104
65
47
42
30
45
0
46
9
10
14
92
179
166
53
57
40
6
6
6
6
6
6
6
6
56
132
33
56
39
34
54
28
6
6
6
24
18
13
47
30
13
21
13
85
61
11
42
13
34
44
56
37
6
6
6
11
18
73
65
13
28
27
18
6
6
10
18
38
10
10
15
28
19
22
21
14
11
14
38
60
73
67
53
19
6
6
6
6
6
6
6
6
6
6
6
21
63
10
78
63
81
54
24
6
6
6
6
23
47
0
49
17
24
20
53
8
74
76
11
50
78
35
74
52
61
6
6
6
6
6
6
6
6
6
6
6
6
6
6
6
6
6
6
6
6
6
6
6
6
6
6
6
6
6
6
6
6
6
0
6
6
6
6
6
6
6
6
26
86
92
101
40
11
40
59
74
62
37
13
8
8
21
20
46
38
13
16
19
8
19
14
17
40
14
56
16
0
0
0
42
6
6
6
6
6
6
9
51
39
34
31
6
6
6
6
6
11
0
10
0
14
76
95
100
96
40
15
6
10
21
27
29
13
6
6
6
6
10
33
41
17
10
24
29
51
14
6
6
6
6
35
35
6
6
6
6
52
48
12
52
48
6
6
19
20
13
21
14
51
9
14
46
13
54
0
9
0
15
10
10
56
53
43
55
57
58
41
55
75
35
50
37
22
31
39
28
69
46
6
6
6
6
13
12
6
6
6
6
6
23
23
13
41
39
11
48
27
6
6
9
6
16
6
6
6
17
59
13
15
32
6
6
6
0
7
32
48
24
6
6
16
33
6
9
10
17
20
11
34
39
55
87
40
6
43
43
6
38
56
77
35
81
81
6
21
59
123
111
55
25
46
47
6
6
61
63
6
6
6
6
6
6
6
6
6
6
6
6
6
6
6
6
6
6
6
17
35
34
24
18
33
14
0
11
10
14
10
15
9
0
6
9
0
0
15
6
6
6
6
6
6
6
6
6
6
6
6
3
0
0
0
0
0
0
0
0
0
0
0
0
0
0
0
0
0
0
0
0
0
0
0
0
0
0
0
0
0
0
0
0
0
0
0
3
6
6
6
53
57
36
47
24
23
104
83
6
6
6
77
75
6
6
6
6
13
13
6
10
8
9
8
0
13
10
14
10
7
10
10
13
6
6
6
6
6
10
8
7
6
10
6
22
21
6
6
14
30
23
8
10
11
9
0
9
13
23
8
7
22
22
6
6
6
6
6
6
6
6
6
6
6
6
6
6
6
6
6
6
6
6
29
29
6
11
85
14
39
77
8
91
86
23
6
6
6
14
15
6
13
39
31
43
82
36
50
22
11
46
30
6
20
82
37
69
6
34
50
10
60
26
9
45
60
56
71
62
39
60
21
9
51
61
51
65
60
34
11
30
34
6
6
53
11
50
7
16
54
64
11
55
36
9
6
9
36
56
30
6
6
30
30
9
28
18
10
8
8
10
15
0
0
6
8
22
43
6
6
6
6
6
6
6
6
6
47
10
19
33
6
6
6
6
21
17
22
10
18
19
6
6
6
6
6
6
6
6
6
6
6
25
23
3
0
0
0
0
0
0
0
0
0
0
0
0
0
3
31
34
35
52
66
25
26
6
12
9
0
31
60
114
34
19
113
51
82
96
104
49
64
27
13
6
6
6
6
0
6
6
6
6
6
6
6
6
6
6
6
6
6
6
6
6
6
6
6
6
6
6
6
6
6
6
6
6
6
6
6
6
9
6
6
7
6
8
17
7
16
7
7
18
14
27
9
16
37
14
6
6
6
6
6
6
0
18
26
7
18
10
53
36
45
8
13
18
19
18
35
44
16
6
6
6
20
83
106
69
54
48
75
49
17
6
6
6
6
6
6
6
9
9
9
21
41
43
25
6
28
64
39
95
37
19
32
11
24
9
19
19
6
18
21
21
19
6
6
6
6
6
6
6
6
6
6
6
6
6
6
6
6
6
6
6
6
6
6
6
6
6
6
6
31
24
24
32
6
16
58
14
51
37
36
6
6
6
6
6
6
8
8
6
6
17
17
3
0
0
0
0
0
0
0
0
0
0
0
0
0
0
0
3
15
15
6
6
6
6
6
6
6
15
7
10
6
8
8
6
6
6
6
6
6
6
6
6
6
6
17
18
17
66
32
6
6
6
6
65
19
31
7
6
6
50
54
31
18
56
60
44
67
66
41
26
12
6
6
6
6
6
6
6
0
6
0
6
6
6
6
6
6
0
6
6
6
6
6
6
6
6
6
11
40
65
45
24
10
10
10
22
16
25
39
10
6
6
6
8
16
24
15
49
27
22
13
9
9
6
10
12
12
6
10
16
20
22
22
62
42
34
26
19
16
19
11
14
6
6
17
15
30
30
6
6
6
10
13
14
0
10
6
0
8
8
0
10
9
6
6
24
24
6
36
0
8
6
6
6
6
15
22
21
26
25
45
27
24
20
27
26
29
26
18
20
26
13
0
11
0
15
17
19
42
14
0
13
16
10
9
35
10
8
12
8
6
6
6
7
10
6
8
7
6
18
9
14
11
8
13
8
12
11
7
8
6
6
6
18
47
50
41
18
17
33
70
55
20
8
11
70
80
54
21
60
30
33
71
47
32
6
13
12
6
6
6
6
6
6
19
28
12
13
24
15
6
6
18
33
23
18
8
23
22
16
6
31
36
15
8
22
19
0
0
0
0
0
0
0
0
0
0
0
0
0
9
12
6
11
13
18
9
7
10
13
8
21
18
15
20
14
6
6
6
6
6
6
6
6
6
6
6
6
6
6
6
6
6
6
6
26
26
6
6
6
13
9
29
42
30
13
25
21
31
14
26
12
12
12
29
31
31
32
43
33
48
22
6
6
169
166
0
0
0
0
0
0
0
0
0
0
3
21
47
43
16
6
6
7
7
7
6
6
8
55
19
7
6
30
26
17
13
13
66
24
20
12
6
26
23
8
6
6
33
55
18
19
23
33
62
21
41
26
17
52
61
32
50
24
44
56
80
17
71
49
32
26
36
14
14
58
23
12
17
16
21
13
40
12
32
11
36
0
42
12
60
6
6
6
6
6
9
8
11
8
24
10
6
6
29
7
50
62
23
6
6
0
6
6
6
6
6
6
0
0
6
6
6
6
6
6
6
6
6
6
38
41
9
6
6
6
6
6
6
6
6
6
9
11
17
17
20
18
10
6
6
6
6
6
6
8
12
10
6
9
12
8
6
6
6
6
6
6
6
6
3
0
0
0
0
0
0
0
0
0
0
0
0
0
0
0
0
21
32
14
6
6
6
6
6
6
6
6
6
6
6
6
6
6
6
6
6
6
6
6
6
6
30
38
6
15
6
6
12
30
48
17
45
39
19
6
6
12
11
6
6
6
6
6
10
12
6
7
14
35
35
6
0
6
6
6
6
6
6
6
6
6
6
6
6
6
6
6
6
6
6
6
0
6
6
6
6
6
6
8
6
6
6
8
6
6
6
6
6
6
9
19
15
6
22
22
6
6
6
6
6
6
6
6
49
50
10
13
11
6
6
6
6
6
6
6
6
6
0
0
6
6
7
6
6
6
7
6
10
12
6
6
6
6
6
6
6
6
6
0
6
6
8
10
14
6
6
6
23
54
53
22
6
4
6
34
40
58
62
8
43
71
33
6
6
6
6
6
6
6
6
6
6
6
0
6
6
6
6
6
6
6
6
6
6
7
6
6
6
6
6
14
6
6
6
6
6
6
6
6
6
6
6
6
0
6
7
6
6
8
10
6
6
6
6
6
6
6
6
6
6
8
10
0
9
11
6
6
8
9
6
8
6
6
6
6
6
3
0
0
0
0
0
0
0
0
0
0
0
0
0
22
25
6
6
6
6
6
6
6
6
6
22
30
8
6
21
46
10
6
6
6
6
40
42
43
72
50
50
13
50
24
6
6
6
16
75
83
71
68
63
45
26
16
39
32
46
45
35
54
61
53
67
55
9
6
32
43
17
48
56
20
22
18
43
65
67
44
0
0
0
0
0
0
0
0
0
0
0
0
0
0
0
0
0
0
0
3
13
7
6
6
6
6
6
6
6
0
6
6
6
6
0
0
6
6
8
6
17
16
27
19
38
31
18
6
6
6
6
6
6
6
6
6
6
6
6
6
6
6
6
6
6
6
6
6
6
6
6
12
6
14
21
27
24
30
19
6
6
56
52
7
40
45
10
6
6
6
6
22
22
35
37
6
0
6
6
6
8
6
12
17
6
14
8
21
15
38
29
8
0
9
15
12
17
13
41
41
6
33
29
6
6
6
6
6
6
6
6
0
15
39
9
7
24
10
11
17
6
9
9
22
14
18
13
6
6
15
19
8
19
26
8
6
6
6
6
9
110
9
6
6
6
6
18
20
9
10
35
6
6
6
6
6
6
6
6
9
0
6
6
6
6
6
6
6
4
6
77
6
6
4
6
6
6
6
6
0
6
0
0
6
0
10
22
8
12
0
11
16
6
6
6
6
6
6
6
13
20
17
21
31
16
6
0
22
26
18
19
12
26
12
10
6
6
6
6
6
6
9
27
48
87
40
42
29
52
42
65
48
6
6
6
6
27
27
20
20
32
17
38
58
54
14
6
6
7
13
10
8
0
13
6
6
6
6
6
6
41
20
19
19
9
29
11
6
6
6
54
97
82
42
53
15
8
6
6
0
6
6
6
13
18
40
45
71
56
24
0
0
10
49
51
31
55
0
37
19
65
12
68
9
13
8
6
6
6
6
6
6
6
6
6
7
6
6
6
6
9
7
6
6
6
6
6
6
6
6
6
0
6
6
6
6
17
12
6
6
6
6
6
0
6
6
0
6
6
6
6
0
9
13
15
6
6
6
6
6
6
6
6
0
6
6
6
6
6
6
6
6
0
0
6
6
6
0
9
6
20
7
0
11
10
6
6
6
6
0
0
6
0
6
6
0
8
6
6
18
9
9
6
8
6
6
8
6
6
6
6
13
10
6
6
7
6
9
14
10
6
6
6
6
6
6
6
6
6
6
6
6
6
6
6
6
6
6
6
6
6
6
6
6
6
6
6
6
6
6
6
6
6
11
24
21
6
6
6
6
6
0
6
6
12
7
6
10
10
41
42
6
3
0
0
0
0
0
0
0
0
0
0
0
0
0
0
25
28
10
49
44
6
6
6
6
6
6
6
6
6
6
6
6
0
6
0
0
0
14
6
6
6
6
6
6
6
6
6
6
6
6
6
12
9
12
12
21
10
6
6
6
6
6
6
6
6
6
6
6
6
6
6
6
6
7
6
6
6
45
43
6
6
8
9
6
6
6
6
0
6
6
6
6
6
6
8
6
6
6
6
6
7
9
6
0
6
13
6
6
6
6
6
6
6
6
6
0
6
6
6
6
6
6
6
6
6
6
6
6
6
6
6
6
6
6
6
6
6
8
6
6
6
6
6
6
6
6
6
14
6
6
6
0
6
6
6
0
0
6
6
0
12
9
6
8
6
9
6
6
6
6
6
6
6
6
6
6
0
13
6
6
7
6
6
6
9
7
48
47
88
82
0
0
0
0
0
0
0
0
0
0
0
0
32
35
6
6
6
6
6
6
6
6
6
6
6
6
6
13
7
9
19
6
6
6
6
6
6
6
6
19
19
24
54
48
22
9
6
6
6
6
6
6
6
6
6
6
6
6
18
24
22
20
17
6
6
6
6
6
6
6
0
32
11
15
8
30
18
25
16
18
10
12
17
23
6
6
6
6
6
6
6
16
23
23
13
15
12
9
20
6
9
18
20
18
21
23
9
6
0
6
6
12
41
13
27
28
10
12
6
6
6
6
16
76
8
6
6
6
6
6
6
6
6
0
6
0
6
0
6
33
21
22
21
7
26
6
0
6
6
6
6
8
17
16
14
10
56
6
6
24
27
6
10
6
17
20
18
6
6
6
6
6
6
6
6
6
56
87
68
36
8
36
8
34
48
48
28
93
68
10
11
6
6
6
6
6
11
9
8
6
6
6
6
6
16
58
14
43
6
6
6
6
6
6
6
6
6
6
6
6
6
6
6
6
6
6
6
6
6
6
6
6
6
6
6
6
6
0
6
6
6
6
6
6
6
6
52
50
0
14
6
6
6
6
6
18
17
6
57
57
0
0
0
0
0
0
0
0
0
0
0
0
0
0
0
0
0
0
0
0
0
0
0
3
6
6
6
6
6
6
6
6
6
6
31
101
52
95
37
23
80
6
69
73
32
0
6
8
26
6
6
6
6
37
71
18
8
11
40
8
20
68
30
63
28
42
49
56
37
29
6
27
6
21
25
6
6
6
6
6
6
6
6
6
6
10
12
11
10
6
6
6
6
6
6
11
10
6
6
6
6
6
6
6
6
6
6
6
6
6
6
6
6
6
6
72
69
0
0
0
0
0
0
0
0
0
0
0
0
0
3
6
12
12
6
6
6
6
6
6
6
0
0
0
0
0
0
6
6
6
8
6
6
6
6
8
6
6
6
6
6
6
6
9
21
8
7
9
8
6
6
6
10
6
6
7
6
6
6
6
6
6
6
6
6
6
6
6
6
6
6
6
6
6
6
6
6
6
6
6
6
6
6
6
8
6
8
6
6
6
7
6
6
6
7
6
6
0
6
6
9
6
6
6
6
6
6
6
6
6
10
6
6
6
6
6
6
6
6
6
6
6
6
6
6
6
6
6
6
6
6
13
11
7
6
6
8
6
6
8
6
6
6
6
0
6
6
0
6
6
6
6
6
6
6
6
6
13
13
6
6
3
0
0
0
0
0
0
0
0
0
0
0
0
0
19
21
12
10
6
0
6
6
6
6
6
12
20
6
6
12
12
23
27
6
6
6
6
6
6
6
6
6
6
6
6
0
6
6
6
6
6
6
6
10
43
45
22
43
14
14
11
57
110
37
28
8
16
15
55
52
6
9
9
6
6
6
6
6
6
6
6
59
63
47
41
7
11
11
6
6
6
14
35
26
6
6
6
6
6
9
30
37
68
10
6
6
6
6
6
6
6
6
12
12
6
6
6
6
6
6
6
6
6
0
6
6
0
6
6
6
6
14
31
35
9
28
25
14
21
6
6
11
21
21
12
6
6
17
13
6
7
33
11
8
9
15
13
25
12
11
11
6
6
6
6
6
6
38
22
6
6
6
26
20
17
8
36
28
17
18
10
26
22
20
6
6
6
6
6
6
6
6
6
6
6
6
6
6
6
6
6
6
6
6
6
6
6
14
20
9
8
0
0
7
0
7
7
13
0
0
0
0
7
0
0
0
14
22
13
0
0
0
12
0
11
0
9
0
0
0
0
0
0
0
0
0
0
0
7
0
0
8
0
0
8
0
0
8
0
8
0
0
9
0
0
0
0
0
0
0
8
0
0
0
6
6
13
10
6
42
33
6
6
6
6
6
6
6
6
6
6
6
6
6
6
0
6
6
0
6
0
0
0
6
6
6
6
6
6
6
6
6
6
6
0
0
6
8
7
10
6
6
6
6
6
6
6
6
6
6
6
6
6
6
6
6
6
6
6
6
6
18
9
23
25
7
26
9
11
7
7
22
26
6
15
0
7
36
10
6
6
6
6
6
6
6
6
6
6
6
6
6
6
6
6
6
6
6
6
6
6
6
6
6
6
6
6
6
6
6
6
6
6
6
13
13
6
6
11
9
6
6
6
6
6
6
3
0
0
0
0
0
0
0
0
0
0
0
0
0
0
0
30
31
6
6
6
6
6
6
6
6
6
6
6
24
19
6
25
8
12
6
6
6
6
6
6
6
37
6
6
6
49
42
12
12
21
32
19
6
20
23
35
23
34
49
23
8
33
22
6
6
6
20
149
25
6
6
59
35
19
28
76
6
6
6
6
6
6
6
6
6
6
6
6
39
6
6
42
22
30
6
6
6
65
65
11
6
21
11
12
17
0
7
32
14
31
67
56
35
58
58
42
29
16
26
0
15
16
0
22
24
7
0
30
45
32
14
30
25
23
14
31
6
59
59
6
73
74
6
6
6
6
6
6
6
6
6
6
6
6
6
17
38
53
29
32
6
6
6
40
48
18
22
32
45
30
6
24
30
23
38
25
6
6
47
7
10
43
34
22
13
6
17
20
28
22
28
19
6
6
6
6
6
6
6
6
6
6
6
0
6
6
6
6
6
6
6
6
6
6
6
6
6
6
6
4
6
50
59
7
6
6
6
63
13
13
44
90
21
6
6
6
6
6
6
6
6
6
6
6
6
6
6
6
6
6
6
6
6
11
13
8
6
6
6
6
6
6
6
0
0
6
26
23
6
43
9
33
66
105
70
56
89
48
17
56
68
53
120
79
59
119
22
67
66
57
6
6
6
6
6
6
6
6
6
6
57
120
12
7
6
6
6
20
37
9
14
78
37
6
34
76
109
65
22
17
9
13
12
11
37
56
25
82
40
14
55
53
127
49
33
72
63
80
29
31
42
79
67
37
6
80
104
14
13
51
20
10
54
51
25
8
10
25
26
22
6
6
6
6
14
80
28
11
6
6
6
4
6
6
6
6
6
6
38
9
6
6
23
40
42
21
24
35
64
35
6
24
30
19
30
41
18
54
26
18
31
53
6
6
6
6
7
0
0
13
0
0
12
22
61
48
55
38
42
41
14
6
6
6
6
0
6
0
6
6
6
6
6
6
6
0
6
6
6
6
6
6
142
139
0
0
0
0
0
0
0
0
0
0
0
