0
0
0
0
0
0
0
0
0
0
0
0
0
0
0
0
0
0
0
0
0
0
0
0
0
0
534
1068
1059
507
98
98
1059
1074
1077
1172
1165
1117
1194
1153
816
1066
1078
1140
1137
988
1086
1076
998
1050
1083
1056
1086
1060
1059
1109
1114
1085
1072
1038
786
1053
1157
1124
1084
1077
979
474
498
648
858
610
534
425
135
447
0
402
510
839
427
0
0
567
543
388
120
550
427
534
448
375
370
246
381
253
242
374
378
0
106
255
116
211
303
358
236
1
253
0
855
475
334
604
847
627
976
1059
1112
138
554
508
553
668
1185
1180
1120
893
590
207
0
288
563
716
961
786
561
436
325
496
331
120
0
417
258
384
256
0
0
114
238
122
297
121
123
1
114
0
117
114
0
260
0
258
297
0
367
357
609
230
96
0
0
224
234
96
96
279
0
240
15
222
279
276
0
96
0
513
105
284
222
373
282
578
694
662
981
420
0
355
1110
1089
947
794
599
663
598
493
237
102
500
507
940
1097
794
1110
605
195
354
372
396
374
439
370
3
346
231
249
564
777
397
650
769
528
568
383
578
1062
273
795
408
1150
1113
1077
1058
387
1102
1083
1105
1058
203
1078
1101
598
569
1147
1134
304
1123
1059
1139
1088
1147
1074
405
96
291
515
100
470
1153
1168
1014
1139
927
742
547
420
405
267
286
0
285
127
127
336
337
345
129
288
402
492
227
266
0
288
625
933
1053
996
1023
1037
1048
436
511
0
228
97
96
102
245
385
288
415
621
435
278
435
276
99
279
0
0
0
0
0
0
0
0
0
0
280
227
421
0
371
0
209
243
0
308
246
0
243
105
0
0
246
0
298
0
0
0
0
297
0
667
833
1110
818
1024
856
881
822
1051
1134
609
459
458
899
506
780
1042
941
880
731
1020
902
413
765
765
788
836
725
438
526
829
386
646
656
554
552
441
674
961
463
772
652
509
581
317
442
400
255
518
372
233
501
504
603
429
213
785
964
369
813
973
931
650
309
942
419
546
407
0
653
524
795
448
295
575
703
578
239
549
0
309
0
0
410
351
500
491
0
120
300
284
263
390
256
368
0
116
0
279
0
140
280
0
271
132
137
241
127
3
552
0
479
327
0
706
340
0
124
275
117
115
283
218
322
266
567
725
288
365
377
441
471
1007
708
479
129
630
1024
1058
1052
1098
1126
537
1131
1145
1047
1081
971
783
123
794
1100
1065
1017
864
1055
815
227
1027
1063
1067
1067
1082
842
380
287
225
434
734
796
1011
514
623
237
231
230
280
0
0
104
96
100
279
111
101
238
285
0
103
102
102
0
239
242
0
252
197
0
380
367
498
414
372
516
452
212
302
399
294
99
203
409
0
374
3
135
0
345
149
4
317
127
269
329
224
295
0
110
3
107
0
117
394
339
387
413
750
806
295
205
287
401
520
663
837
1053
738
798
495
994
1059
462
1032
924
705
198
468
750
1089
1083
1032
1071
1065
525
0
0
0
0
0
0
0
0
0
0
0
0
0
0
573
1113
1122
1084
947
1119
963
223
1
277
397
222
906
441
666
833
538
769
306
1046
1129
1152
1102
1141
1143
749
1081
1082
1062
1123
1115
1106
649
1108
1111
1142
581
371
984
449
377
354
0
287
283
404
115
286
945
1163
1275
720
1099
1065
1066
931
1061
356
578
372
563
496
96
1072
1312
1230
1083
1095
1117
1111
481
1165
1162
895
862
970
525
755
0
582
391
388
596
1268
1512
1394
1096
1132
1100
1070
846
988
359
612
612
435
1044
1255
1483
1164
1173
1132
1107
1107
965
349
509
801
551
521
372
964
636
373
510
304
1175
987
254
724
308
494
693
1122
1097
410
537
557
531
672
1084
893
460
263
1149
954
586
339
741
639
1007
696
415
548
586
497
859
837
702
461
604
1001
1187
1110
1104
1118
1085
1071
1056
798
1056
1083
1095
1074
1008
918
1068
1071
961
1095
266
1101
961
872
1119
1088
99
856
348
558
966
976
0
997
261
329
246
861
111
1026
1122
1083
1075
1174
441
974
842
1118
1081
1074
1068
1065
1059
990
1050
899
1017
519
1071
1077
1080
1020
633
1077
1065
1062
1077
1077
1062
1038
567
1068
981
932
1041
699
1056
1059
1056
760
858
0
516
516
516
498
759
192
444
192
1090
1224
1252
1287
1113
690
1123
1155
1148
975
757
293
117
374
458
526
949
765
440
944
786
508
478
798
688
952
388
839
278
0
0
0
1134
1065
613
699
1038
1068
1074
1080
1091
876
604
1087
440
609
420
228
368
375
0
409
0
1103
1352
1437
1409
1425
923
566
99
255
890
824
885
1081
1064
942
444
511
534
720
776
850
524
1059
571
1138
1091
1083
1080
1068
1068
1084
1080
1088
1059
1080
1074
1082
1041
947
1136
1115
1017
1062
739
859
590
1108
323
1104
114
306
831
454
1048
0
114
2
375
113
108
1091
1259
1225
1263
1256
1261
1210
1244
1320
1173
1241
1167
819
715
1094
1113
1107
1083
1059
1065
1064
1068
1077
1074
366
378
381
417
294
854
756
322
1092
744
674
1157
633
438
625
523
296
1120
855
756
578
945
1072
792
597
1190
877
463
408
0
245
1150
942
821
832
197
870
695
755
413
892
898
586
381
1087
1181
1110
1121
1095
1074
1117
1126
1023
997
964
1141
1107
1142
1145
1065
1049
1145
1186
1198
1160
908
1055
1102
994
837
1102
1099
1056
1056
1056
1065
595
774
657
612
418
877
655
714
672
1071
1092
1014
1083
1083
1074
1082
906
418
381
333
576
479
22
370
253
360
300
460
289
0
96
243
0
0
1052
1061
1059
1056
1074
1080
1064
1077
1029
1074
1047
1080
1083
540
0
0
0
0
0
0
0
0
0
0
0
0
0
0
0
0
0
0
0
0
0
0
0
0
0
0
0
0
0
0
0
0
0
0
0
540
1074
972
1064
1032
1011
486
518
393
429
1175
1293
894
1287
1153
1326
1137
1082
1059
1071
365
867
887
564
994
398
385
201
0
475
238
695
601
121
570
542
1029
706
399
362
439
518
911
702
828
687
1143
895
1135
1125
1029
843
602
687
822
113
207
267
255
0
406
484
418
219
299
607
512
580
595
475
573
360
521
448
573
198
555
380
192
555
435
285
486
384
447
282
348
1036
1099
1057
1107
1054
350
521
899
287
1082
1047
1136
961
1050
973
310
1030
1046
1098
1152
679
502
1230
1144
1126
681
138
1056
1109
1066
1055
981
353
1116
1062
1089
875
129
973
1101
1056
1135
981
1001
1176
1142
741
1134
432
128
895
1133
1134
1168
998
548
348
543
1137
1084
1045
1089
265
1102
1070
1095
1163
1070
172
1200
1138
1071
777
607
1131
1193
1157
1066
1065
768
1102
937
1084
672
597
131
306
270
402
0
0
111
239
873
1021
1096
855
770
729
513
195
991
1051
1057
1131
519
847
1149
1059
765
763
981
1120
985
818
334
704
1110
1061
1028
486
454
118
517
512
1012
1054
1016
322
1102
1109
528
0
0
0
0
0
0
0
0
0
0
0
0
0
546
1097
948
656
876
914
1092
550
356
532
135
0
935
1031
1322
859
991
1261
982
1260
1339
1213
1175
1161
1104
1091
1062
1065
1076
966
0
858
999
687
843
1059
297
898
870
582
459
510
645
678
351
99
498
294
679
738
348
333
96
192
614
380
435
246
287
560
439
222
348
754
578
366
641
417
521
714
534
745
601
453
729
453
611
228
631
580
1066
1000
594
276
276
373
276
0
987
696
817
539
781
1183
1101
1140
140
553
711
572
642
873
1146
1071
1062
1071
1065
1113
1158
1181
895
1163
1119
1181
1210
1145
1077
1077
1077
1071
1083
995
1062
1074
1075
1085
1097
1110
1103
1049
1066
1049
1061
908
877
960
253
760
327
814
1020
1076
1086
1076
1101
952
1088
1081
1056
1065
1068
1068
1059
393
975
912
582
341
774
1059
989
738
741
1056
1027
969
589
361
1045
228
495
698
791
1053
359
1118
635
717
1114
1058
1106
1188
792
1196
1078
1078
1053
546
642
375
726
938
1070
1076
1072
441
1094
1092
534
0
0
0
0
0
0
5
0
0
0
0
0
0
0
0
534
1080
691
467
840
350
675
871
722
1065
1152
697
1074
1055
936
1059
1056
1077
1059
1068
1068
581
1065
1074
1014
1062
1059
1057
979
1197
1393
1134
1057
1056
876
1015
1352
556
1084
1078
720
1095
1274
1166
1096
1101
1197
1263
1091
1107
1188
1008
1000
1089
1077
1065
1053
1059
708
224
107
0
105
3
234
99
192
224
564
279
0
723
1059
1059
1056
801
621
1020
1053
1053
1087
1175
1196
1117
823
353
243
238
555
491
846
1094
851
277
192
759
111
607
675
633
1093
773
716
466
306
373
145
258
434
1080
1093
1100
1095
1107
1102
1075
1097
470
1140
1094
1084
900
1080
759
1065
1059
604
1077
1089
1087
1083
613
415
276
858
447
371
0
243
106
0
108
111
0
296
293
121
192
544
593
282
767
15
788
235
355
236
99
525
664
534
1128
935
919
967
446
523
417
244
326
386
145
232
402
313
3
130
0
287
222
334
413
282
25
399
535
133
125
546
309
297
469
303
204
429
385
401
516
402
429
378
288
513
303
537
433
388
378
567
411
699
357
288
557
102
101
959
949
1096
1124
858
747
1056
1149
912
748
125
280
1125
1176
1164
980
991
850
906
1140
1129
1096
1071
1032
1069
1080
1074
1065
1059
1068
897
1077
1089
845
1091
1098
1071
375
102
1062
1077
1104
1074
387
1092
1092
1080
503
1149
1164
1087
1060
1097
574
0
0
0
0
0
0
0
0
0
0
0
0
0
535
1075
1077
915
679
602
305
126
608
744
439
1101
1189
1127
1094
1070
1259
944
1067
780
916
1215
667
1065
1054
1050
1285
676
1085
1074
807
1135
1331
1067
1058
1071
1074
1176
1225
1064
1076
518
1096
1411
1082
1081
1035
1141
1290
495
1115
1005
1079
1328
1097
968
1179
868
566
527
1131
1087
1132
1076
1057
525
0
0
5
0
0
0
0
0
0
0
531
1098
1121
1113
782
195
651
380
448
302
461
234
1020
1312
1116
1084
623
1230
586
1087
1076
1097
1379
496
1118
1106
759
1227
1271
1066
1068
608
1179
1381
1096
1092
1089
1107
1336
710
1120
1095
557
1187
1330
1128
1132
815
1257
1148
1167
416
1219
988
562
714
1123
1077
1072
883
396
303
424
394
453
261
738
135
408
116
643
0
777
218
1064
510
378
1030
1068
791
657
661
726
275
960
460
156
254
954
1061
1061
1017
1062
927
1050
3
1053
1056
1020
1056
1014
396
0
0
498
1050
99
593
1053
651
615
702
994
1056
1095
1129
1104
1045
146
613
482
642
953
1108
944
1057
1004
935
1077
955
1141
1111
607
968
1005
1045
1157
1113
1035
810
1013
1111
803
1149
1131
986
1094
1061
647
116
1123
1113
1009
1066
537
0
0
0
0
0
2
0
0
0
0
0
0
0
0
0
0
566
1105
1081
244
904
468
277
1054
424
229
963
690
222
472
96
276
276
276
824
427
641
726
1093
1062
1062
1099
1116
435
656
259
252
1070
1144
1166
442
1116
1128
1123
407
959
887
917
1092
600
850
1124
1092
1099
1160
461
308
1074
1125
1095
1059
0
1056
1065
1070
1059
768
1039
390
654
198
396
399
195
96
495
276
495
384
192
354
0
222
354
396
348
489
486
620
530
996
979
1153
665
728
833
1055
1050
1059
1068
1085
1086
1082
1122
1098
1068
870
789
1050
1056
1059
525
1086
1098
1087
1132
1175
1138
1082
1071
1068
1071
1062
831
642
355
567
6
0
222
988
475
696
383
116
1101
470
1153
1128
661
581
355
405
555
370
360
241
433
0
459
366
868
948
910
1111
1085
1075
1106
1124
1101
1075
618
702
854
1040
695
711
1166
1071
1097
1124
1103
1078
1113
1110
1091
912
393
969
957
459
105
489
0
501
884
1143
533
440
1102
527
906
633
728
902
334
677
1120
559
627
692
455
599
745
806
1069
1068
370
1124
1296
971
1068
229
0
651
940
612
939
677
1254
1075
110
435
459
537
381
739
868
716
811
685
796
0
985
520
677
583
679
715
244
1115
1065
1065
1068
1059
1059
534
8
0
2
0
0
0
0
0
0
0
0
0
0
572
1186
1218
434
403
635
1041
375
282
511
333
748
571
710
486
732
831
1086
1065
1065
1068
1068
1110
1106
1019
1142
1112
1114
426
1157
1151
775
1113
1080
1068
1156
1078
1144
1154
1194
1204
1122
1097
1132
1114
1102
1119
1133
1140
1128
1113
1130
1097
1108
1071
1076
1152
1151
1119
1138
1021
517
371
1078
1129
1120
580
0
0
0
0
7
0
0
0
0
0
0
0
0
0
0
0
0
0
0
528
1123
1121
1068
1071
924
879
573
282
235
0
414
192
234
192
0
0
276
417
246
359
532
605
1042
877
1080
1068
691
893
1065
1065
1065
1065
1069
1069
447
620
571
1065
1065
1062
1059
1062
444
1008
452
1002
354
354
222
222
354
462
99
471
627
1003
1096
1032
1125
1065
1065
1108
1098
591
1099
1118
1086
1065
1073
1062
1062
1091
632
860
853
405
0
200
103
380
377
247
920
560
648
578
110
1067
403
1111
687
125
19
379
444
581
637
496
1109
1111
814
1130
1124
1056
199
1060
610
99
764
432
330
0
1094
1195
664
567
976
514
262
1095
224
677
396
911
959
1054
1047
524
203
699
587
787
532
1092
1075
1062
1062
378
210
1075
1490
1073
1056
414
228
378
928
657
1029
442
911
360
409
751
294
449
773
784
511
254
0
110
106
103
369
222
356
788
702
222
869
453
852
711
230
498
370
372
276
0
348
0
0
432
0
712
707
512
796
0
1123
1138
1066
402
285
357
420
508
234
718
655
849
712
627
906
470
0
1008
483
716
606
520
983
1088
1092
1077
1074
1068
426
1077
1095
1105
1046
972
1154
1072
1116
1086
1103
1025
1155
1124
1056
1059
1077
1041
1076
1133
993
634
763
414
629
745
1141
831
514
724
782
746
425
255
0
620
736
820
398
195
348
739
1101
455
547
551
265
840
732
574
369
747
1133
1125
1100
633
1163
1108
820
493
357
0
284
279
423
494
429
983
1009
1068
1128
646
0
0
256
1071
856
561
1183
0
1151
700
1133
329
1131
234
988
715
1068
1068
1077
1085
374
403
339
237
1082
469
883
911
794
792
879
1080
1094
1098
1068
1044
519
659
693
205
283
0
257
599
495
438
1154
1153
1074
996
703
582
376
0
212
104
0
320
342
252
368
0
689
1043
1124
925
717
639
392
299
393
139
249
0
274
402
328
307
114
101
208
211
0
0
347
407
253
0
712
1081
1152
890
3
1117
1094
993
834
764
291
0
0
281
41
267
275
0
696
1109
635
1095
712
491
975
1145
962
901
696
126
683
993
1060
1059
1068
220
948
959
324
591
966
1117
608
510
378
832
564
406
559
909
1070
918
483
645
198
102
507
394
375
357
639
477
435
1035
1080
1076
1090
1077
1062
987
495
381
243
276
965
1077
710
1114
1056
501
714
402
276
0
282
336
395
626
377
676
1087
1138
1111
1068
540
0
0
0
0
0
0
0
0
0
0
0
0
0
0
590
1145
1108
1127
1113
1077
996
837
246
504
531
420
585
227
234
222
96
0
222
0
0
0
1132
706
1091
1074
834
447
351
372
369
195
99
195
504
523
555
964
1045
1085
1196
970
598
1066
1062
1059
1065
1065
1059
1059
1065
1077
1095
1086
1053
1050
1008
1052
851
966
1063
1086
1119
1101
1066
613
1165
991
489
593
409
369
0
414
100
241
332
420
1061
1154
1114
818
906
648
523
603
437
138
0
150
1066
795
330
407
1199
1114
1050
850
468
356
0
224
647
333
853
1073
1065
529
640
883
543
997
517
741
649
576
1042
1071
1021
201
96
633
841
765
396
1163
1097
1059
1059
585
344
1123
1445
1089
1056
278
0
276
96
234
0
0
384
480
0
827
689
526
978
426
1210
1065
913
372
432
276
450
499
790
897
884
0
1163
283
799
542
642
390
1126
1141
1143
1175
1161
1170
619
18
0
0
0
0
0
5
0
0
0
0
0
572
1155
1172
1089
1074
1041
1074
1062
840
201
501
696
368
343
204
695
450
628
944
1050
435
348
195
99
558
282
570
556
1121
985
1172
1072
842
1108
867
478
1059
201
612
229
443
471
102
372
103
489
543
1027
964
1112
1081
1056
669
426
382
591
455
116
0
1120
613
705
254
1099
605
1087
748
423
622
646
457
870
1059
1065
501
420
496
501
231
947
1097
850
540
572
699
385
1076
288
753
456
773
937
850
1016
555
347
0
105
102
528
1037
537
740
650
1046
496
1092
1092
432
363
1102
1376
898
1064
617
495
755
435
348
387
348
0
225
0
280
0
222
958
558
686
1026
739
1192
1076
0
379
573
610
440
749
694
665
1036
152
1048
682
102
1048
789
520
991
501
1051
1093
1082
1069
1074
1074
996
895
1071
1065
1064
1059
1113
1174
1154
1118
1079
1100
124
1122
1147
1166
1110
1108
1119
1070
1078
1068
1062
1062
1079
1082
824
1110
1034
193
1126
1130
1066
1059
1086
1044
428
1094
1069
1059
1088
1056
987
1065
1038
1047
786
572
361
248
229
435
906
1053
960
606
276
792
834
356
609
633
396
354
372
504
435
0
225
564
703
630
1050
1056
1065
1062
1115
1097
0
1093
1071
1062
1062
1074
1077
1080
1078
1068
1123
592
0
0
0
0
0
0
0
0
0
0
4
0
0
0
0
0
0
0
0
0
0
0
0
531
1082
1071
1050
510
852
1050
840
235
585
101
1117
1282
1106
1100
566
411
1315
943
1111
1026
1185
0
836
530
911
999
249
1062
300
1208
1169
1107
288
729
937
1047
486
1278
978
1136
596
1147
1166
898
1130
856
687
621
558
1136
1172
1077
1068
1059
1068
1047
558
786
1055
1065
1073
1081
1038
1052
1109
1053
1053
1062
1062
1067
1000
1128
1125
1069
1059
857
1097
1113
1074
1088
1045
919
530
1050
494
618
911
593
1059
1062
1065
1110
590
0
0
0
0
0
0
0
0
0
0
0
0
0
534
1062
1078
1080
594
1059
870
791
390
564
102
0
0
0
0
0
0
222
96
222
796
238
925
412
985
1050
297
1088
1068
1083
1077
1083
1052
1109
1126
437
274
454
509
243
120
242
861
464
648
854
968
392
570
406
474
1076
902
702
230
284
296
472
1066
1065
1077
1065
1080
1095
530
1059
960
572
99
102
284
245
372
1085
1247
630
910
1047
467
310
1156
643
447
1072
1121
938
1105
0
199
390
1150
768
396
1235
895
1033
1060
966
565
1092
1410
1103
1077
574
289
1179
500
640
368
1199
1076
916
1056
1059
615
341
720
1071
623
417
468
1133
1016
762
403
416
665
588
631
972
854
288
407
420
2
443
554
0
950
665
705
363
1053
1002
1063
519
1067
1076
1066
1062
1088
543
0
0
0
0
4
0
2
0
0
0
0
0
0
548
1083
1157
1133
852
2
972
1062
718
285
582
822
468
839
243
1001
393
630
1111
1059
1062
1059
1059
1068
1074
1074
1059
528
1008
1056
1041
3
909
504
1064
1056
1057
1067
728
659
865
674
400
813
561
939
640
1005
1184
900
1048
984
1097
1040
1123
1106
1048
1077
1085
1074
1067
1059
1056
1061
1065
1029
952
944
1155
1137
1134
994
1079
936
1036
891
700
789
1043
1015
1070
1056
1072
1071
1056
985
815
811
1131
1088
1062
1059
1059
1062
1062
1062
1067
1083
1117
1062
1050
331
853
813
960
369
432
96
378
0
241
104
0
276
237
252
198
635
974
1157
367
619
1158
409
801
829
508
424
683
947
1105
660
226
1024
724
538
459
1197
1099
995
431
644
410
781
904
1079
1072
1059
354
396
571
377
1064
1282
1109
1071
732
284
1140
567
935
291
1184
867
1066
726
511
934
1047
1137
1074
1067
1062
1074
1008
1074
816
1002
524
636
237
489
805
290
1056
1086
1066
861
869
390
377
240
390
533
403
137
111
2
0
114
0
122
115
278
0
0
0
1
99
2
0
0
273
395
256
0
0
0
263
2
127
2
125
0
0
0
0
0
0
0
0
3
0
2
115
0
0
256
0
0
238
0
0
231
0
257
0
0
240
0
0
0
0
0
0
8
126
2
0
0
370
283
486
312
213
1134
1113
1072
1068
1094
1092
873
444
996
1062
939
1056
1056
712
279
222
2
417
280
0
96
0
0
0
543
1065
622
1062
332
834
108
402
832
403
357
0
0
102
348
407
676
444
974
834
600
1062
1062
804
834
1072
378
1062
359
927
663
435
498
237
225
282
399
333
746
469
901
688
522
1138
592
530
358
103
973
709
770
385
2
717
1164
1088
1072
1077
1074
1104
1113
1077
515
570
382
741
465
234
495
972
972
108
231
443
1059
1083
1107
1089
822
1071
1068
1065
1068
1060
372
1071
1068
1063
1070
1062
1059
1071
1082
1068
1065
1087
1095
1002
733
1065
1071
1071
1074
534
0
0
0
0
0
0
1
0
0
0
0
0
0
0
0
569
1110
1068
1050
1061
1061
1065
1071
623
801
501
363
510
1041
795
748
1113
867
1083
1068
1059
807
570
786
747
195
1155
1056
510
368
1021
1185
532
627
1116
696
972
618
783
1032
651
544
1123
1194
562
787
1176
1167
1077
1071
744
1122
1533
1145
1061
105
1251
770
654
978
1269
1062
1059
1032
540
229
927
981
384
489
288
279
286
939
825
402
1200
848
1107
1059
1056
638
1105
1087
633
357
959
286
258
394
6
118
513
289
610
1171
920
899
1042
741
1161
1116
1085
469
0
409
444
0
506
500
114
0
591
689
575
237
624
453
436
549
1120
1062
1095
1107
855
1070
1072
1065
639
927
1059
1026
987
972
954
358
222
98
222
498
912
918
849
1032
1148
538
390
540
900
1199
330
732
1028
687
1047
399
672
1047
870
807
915
438
447
1131
591
270
1203
879
1110
571
588
444
734
590
180
1089
1080
1071
1026
1056
1059
1068
1083
855
1000
1059
239
1059
0
1059
405
1056
1053
1080
618
1053
567
1068
1002
1065
496
858
498
399
716
1035
1320
1296
1110
1080
483
405
1274
948
540
1152
1344
1122
1077
1092
1083
1002
1071
1071
1074
1068
1053
1071
1068
1059
1074
387
510
1058
1062
669
1074
1062
1074
1085
1077
1068
1056
846
837
362
529
397
0
0
354
855
927
282
1194
1062
1074
1122
1146
868
828
1108
1088
1080
1127
1161
594
1168
1087
1087
1139
324
1146
1013
1129
1053
1062
1068
654
993
1062
455
462
852
378
1290
1488
1083
1062
444
232
284
1008
740
813
399
1302
1164
1059
1119
1175
1169
1106
1116
604
387
453
435
396
938
1150
375
1247
882
402
933
819
1289
691
556
1123
594
1134
567
468
748
1125
1216
1063
412
1212
1218
693
495
1107
630
447
996
695
1094
108
401
474
645
1080
786
708
771
579
639
1186
852
1077
968
357
1059
717
753
927
237
720
537
492
1041
840
938
359
816
1130
1143
583
608
1152
843
1098
231
572
1097
549
942
1123
378
1183
987
468
1044
1210
1087
1068
642
1044
579
0
2
220
0
0
1038
1107
1288
1239
1248
1182
1209
1209
1098
1077
1077
1068
1059
0
103
0
375
1005
501
513
342
339
99
0
228
402
282
585
1053
1062
963
426
0
0
0
0
0
0
0
0
0
0
0
