2338
2336
2335
2337
2337
2337
2337
2337
2337
2337
2337
2337
2335
2335
2335
2333
2333
2333
2333
2333
2333
2333
2333
2333
2338
2338
2338
2338
2338
2338
2340
2340
2340
2340
2340
2344
2287
2349
2312
2270
2350
2350
2350
2349
2295
2321
2344
2354
2343
2343
2344
2353
2352
2346
2348
2346
2296
2318
2341
2326
2347
2347
2291
2315
2342
2345
2346
2348
2340
2311
2323
2341
2317
2286
2294
2292
2301
2301
2295
2287
2311
2336
2336
2336
2330
2314
2300
2302
2303
2324
2337
2342
2335
2333
2333
2334
2334
2336
2332
2325
2325
2323
2323
2322
2317
2318
2317
2318
2330
2331
2331
2341
2326
2319
2339
2354
2350
2354
2355
2319
2306
2283
2296
2315
2291
2294
2295
2336
2350
2349
2349
2349
2345
2345
2343
2324
2293
2285
2292
2286
2293
2287
2286
2286
2320
2325
2332
2338
2338
2338
2338
2335
2335
2333
2333
2332
2343
2342
2343
2341
2340
2340
2346
2346
2349
2353
2351
2355
2348
2348
2349
2349
2349
2349
2349
2349
2349
2349
2349
2349
2341
2336
2336
2336
2336
2336
2336
2336
2336
2337
2337
2337
2334
2334
2324
2320
2336
2335
2335
2335
2335
2297
2260
2284
2301
2339
2347
2347
2346
2344
2346
2347
2347
2346
2283
2308
2345
2346
2348
2347
2347
2347
2347
2347
2347
2349
2344
2344
2343
2344
2344
2344
2344
2346
2334
2348
2342
2334
2332
2331
2314
2315
2294
2343
2329
2303
2292
2320
2326
2337
2342
2342
2330
2331
2318
2304
2280
2340
2340
2312
2273
2297
2288
2305
2345
2344
2343
2343
2343
2343
2334
2248
2338
2323
2305
2311
2295
2311
2313
2305
2298
2302
2302
2299
2307
2314
2322
2317
2301
2291
2295
2293
2303
2294
2303
2303
2313
2326
2336
2335
2348
2348
2343
2345
2345
2346
2346
2346
2346
2346
2346
2341
2333
2335
2340
2345
2344
2344
2344
2344
2344
2344
2342
2342
2350
2350
2350
2350
2350
2350
2348
2348
2347
2347
2341
2341
2331
2331
2324
2325
2325
2321
2321
2321
2322
2322
2322
2322
2328
2328
2330
2330
2330
2330
2330
2329
2330
2312
2267
2332
2346
2351
2347
2282
2311
2317
2330
2335
2328
2332
2329
2324
2297
2261
2282
2326
2343
2344
2336
2324
2311
2287
2262
2287
2281
2297
2325
2339
2339
2338
2340
2339
2338
2332
2297
2266
2266
2278
2269
2280
2305
2311
2323
2333
2337
2343
2341
2341
2342
2342
2342
2340
2335
2342
2342
2342
2334
2327
2308
2284
2275
2301
2320
2324
2329
2329
2318
2321
2337
2335
2337
2338
2339
2330
2327
2330
2330
2327
2327
2326
2317
2306
2309
2320
2323
2318
2306
2298
2297
2289
2284
2282
2282
2282
2282
2279
2274
2282
2277
2277
2279
2284
2293
2308
2313
2317
2295
2297
2304
2312
2312
2289
2293
2293
2295
2308
2314
2308
2295
2292
2295
2300
2321
2338
2338
2338
2338
2338
2338
2338
2310
2283
2274
2318
2340
2341
2342
2278
2333
2326
2272
2326
2333
2342
2330
2302
2295
2339
2346
2338
2342
2340
2338
2336
2336
2331
2352
2337
2339
2351
2350
2351
2351
2351
2351
2351
2350
2350
2346
2346
2346
2346
2347
2347
2347
2347
2346
2346
2346
2346
2341
2341
2343
2341
2341
2340
2340
2340
2340
2339
2339
2338
2337
2337
2337
2341
2340
2342
2342
2341
2341
2341
2338
2338
2332
2328
2326
2323
2305
2306
2286
2285
2284
2284
2274
2274
2273
2272
2274
2273
2274
2273
2267
2267
2268
2264
2267
2267
2276
2287
2302
2322
2328
2336
2337
2337
2338
2338
2338
2343
2356
2356
2356
2356
2356
2355
2355
2356
2356
2356
2355
2354
2346
2346
2348
2353
2347
2346
2345
2345
2345
2345
2345
2345
2344
2344
2344
2344
2344
2344
2342
2341
2341
2341
2341
2310
2341
2273
2292
2299
2338
2339
2339
2337
2336
2339
2338
2338
2343
2341
2338
2313
2329
2326
2282
2290
2322
2335
2304
2340
2349
2337
2347
2348
2278
2349
2306
2288
2344
2305
2339
2318
2337
2340
2348
2348
2347
2347
2348
2348
2348
2348
2348
2356
2417
2526
2547
2561
2561
2562
2546
2552
2558
2563
2563
2564
2566
2566
2589
2713
2773
2778
2747
2773
2775
2744
2738
2708
2751
2749
2714
2726
2748
2748
2726
2728
2733
2729
2780
2852
2958
2969
2949
2989
2984
2987
2986
2986
2986
2986
2986
2986
3053
3189
3179
3160
3196
3158
3171
3195
3194
3194
3195
3175
3163
3161
3167
3164
3163
3163
3167
3190
3250
3252
3210
3217
3253
3262
3253
3284
3285
3285
3285
3293
3307
3339
3361
3365
3381
3393
3407
3408
3408
3417
3433
3469
3464
3471
3483
3500
3501
3508
3526
3518
3523
3531
3577
3554
3561
3554
3576
3595
3603
3600
3600
3601
3605
3600
3600
3600
3600
3604
3600
3584
3514
3509
3569
3511
3549
3571
3590
3590
3590
3591
3591
3571
3521
3521
3567
3569
3549
3533
3586
3587
3509
3594
3586
3544
3559
3538
3527
3535
3590
3592
3592
3592
3592
3592
3592
3592
3595
3595
3595
3595
3595
3595
3595
3595
3595
3595
3595
3595
3594
3593
3593
3595
3592
3592
3592
3592
3592
3592
3592
3592
3590
3590
3590
3590
3590
3590
3595
3590
3590
3590
3590
3615
3707
3814
3926
3967
3969
3954
3948
3942
3936
3941
3941
3940
3943
3949
3948
3988
4027
4021
4038
4051
4055
4071
4080
4098
4138
4148
4146
4136
4137
4137
4137
4178
4178
4177
4178
4178
4178
4178
4173
4130
4132
4145
4178
4179
4179
4179
4179
4177
4166
4166
4174
4174
4187
4259
4367
4462
4555
4601
4594
4595
4606
4626
4650
4679
4687
4687
4689
4688
4688
4692
4723
4763
4772
4774
4768
4768
4798
4809
4809
4809
4809
4809
4774
4812
4809
4808
4810
4808
4756
4807
4800
4759
4809
4807
4807
4787
4804
4797
4793
4801
4748
4747
4748
4793
4802
4746
4746
4746
4745
4748
4748
4748
4807
4864
4906
4968
5027
5084
5127
5183
5264
5307
5349
5400
5373
5368
5407
5378
5357
5403
5403
5403
5405
5405
5395
5403
5408
5406
5407
5407
5407
5426
5447
5452
5524
5555
5561
5567
5593
5593
5593
5602
5601
5620
5617
5617
5602
5615
5680
5692
5683
5716
5716
5717
5717
5717
5719
5748
5788
5813
5808
5809
5818
5853
5849
5846
5853
5865
5848
5855
5885
5913
5867
5876
5917
5916
5879
5919
5916
5877
5867
5879
5918
5833
5916
5915
5893
5872
5814
5875
5883
5913
5865
5915
5918
5918
5852
5920
5920
5920
5920
5920
5920
5920
5920
5920
5917
5917
5922
5915
5915
5919
5920
5915
5915
5917
5915
5903
5864
5848
5847
5857
5887
5903
5892
5900
5897
5900
5903
5905
5901
5901
5901
5898
5898
5898
5910
5910
5910
5907
5912
5907
5909
5909
5909
5912
5909
5909
5912
5909
5909
5909
5909
5909
5909
5909
5909
5909
5909
5909
5909
5909
5909
5909
5909
5909
5909
5909
5909
5909
5909
5909
5909
5909
5909
5909
5909
5909
5909
5909
5909
5909
5909
5909
5909
5909
5909
5909
5909
5851
5847
5857
5889
5890
5870
5816
5925
5947
5988
6009
5983
6030
6075
6075
6075
6075
6066
6074
6074
6068
6066
6071
6073
6074
6074
6074
6081
6076
6078
6094
6083
6104
6110
6104
6104
6104
6113
6131
6148
6143
6143
6185
6187
6160
6189
6189
6189
6177
6139
6147
6151
6157
6158
6156
6157
6157
6144
6126
6129
6134
6162
6190
6197
6199
6205
6205
6205
6205
6204
6204
6204
6204
6211
6211
6211
6211
6211
6211
6211
6211
6211
6211
6179
6209
6213
6175
6111
6103
6112
6164
6160
6108
6165
6202
6203
6203
6207
6193
6208
6201
6193
6150
6160
6123
6192
6192
6172
6180
6186
6185
6216
6212
6174
6101
6131
6206
6206
6174
6128
6129
6187
6205
6210
6158
6129
6157
6172
6171
6174
6158
6155
6156
6173
6188
6183
6166
6143
6158
6166
6143
6206
6204
6202
6149
6152
6206
6203
6193
6141
6158
6165
6157
6195
6197
6197
6193
6169
6144
6198
6199
6200
6174
6199
6180
6156
6160
6170
6165
6173
6163
6165
6164
6165
6166
6164
6140
6200
6203
6202
6202
6206
6206
6206
6206
6206
6204
6141
6146
6155
6209
6210
6210
6189
6189
6151
6133
6150
6157
6149
6183
6184
6184
6184
6185
6194
6194
6194
6194
6194
6195
6196
6175
6195
6195
6195
6195
6197
6197
6195
6195
6195
6195
6195
6195
6195
6195
6195
6199
6165
6171
6151
6148
6172
6173
6198
6198
6190
6192
6192
6202
6200
6289
6325
6328
6386
6418
6485
6536
6659
6617
6647
6656
6663
6664
6663
6663
6663
6663
6663
6664
6663
6663
6663
6668
6666
6666
6666
6666
6666
6666
6666
6666
6666
6666
6666
6666
6666
6666
6666
6665
6665
6664
6664
6664
6664
6664
6664
6664
6664
6662
6667
6667
6667
6676
6671
6679
6699
6705
6724
6730
6733
6750
6742
6725
6726
6738
6766
6778
6770
6770
6770
6770
6775
6775
6774
6793
6822
6817
6801
6806
6871
6831
6874
6871
6881
6896
6917
6934
6896
6917
6934
6936
6935
6936
6908
6865
6897
6883
6931
6894
6894
6884
6921
6930
6934
6930
6930
6934
6928
6929
6921
6926
6924
6914
6902
6905
6932
6931
6903
6893
6892
6866
6899
6886
6896
6897
6926
6931
6917
6936
6941
6922
6929
6921
6935
6934
6934
6934
6934
6934
6934
6934
6935
6933
6936
6936
6936
6936
6936
6936
6936
6936
6936
6936
6936
6936
6935
6935
6936
6935
6935
6935
6906
6922
6901
6934
6934
6898
6853
6835
6919
6881
6921
6920
6921
6920
6920
6920
6920
6917
6927
6927
6928
6912
6927
6927
6927
6928
6928
6930
6930
6929
6926
6926
6926
6926
6926
6926
6926
6926
6926
6925
6917
6926
6924
6924
6924
6924
6924
6924
6927
6943
6948
6956
6956
6955
6958
6958
6958
6957
6957
6957
6957
6957
6958
6957
6957
6957
6958
6970
6995
7040
7083
7082
7085
7085
7085
7118
7129
7154
7156
7156
7158
7194
7201
7227
7209
7235
7290
7271
7259
7300
7313
7321
7326
7325
7325
7325
7327
7325
7325
7325
7325
7325
7333
7333
7333
7333
7333
7333
7333
7333
7333
7333
7333
7333
7334
7331
7331
7329
7329
7296
7277
7286
7310
7313
7313
7312
7327
7326
7324
7303
7328
7333
7332
7333
7332
7332
7325
7314
7308
7311
7298
7303
7304
7310
7301
7298
7294
7313
7332
7336
7338
7333
7334
7331
7328
7269
7305
7328
7323
7333
7321
7331
7325
7336
7336
7336
7318
7334
7307
7332
7332
7332
7332
7326
7328
7327
7327
7328
7332
7330
7334
7336
7336
7330
7334
7328
7335
7354
7335
7334
7366
7366
7369
7369
7369
7369
7369
7378
7396
7410
7437
7428
7413
7421
7402
7399
7396
7404
7395
7396
7397
7395
7387
7386
7385
7387
7387
7390
7392
7389
7392
7389
7381
7379
7394
7399
7402
7434
7440
7444
7455
7456
7455
7456
7452
7451
7459
7461
7467
7470
7470
7476
7473
7475
7478
7476
7492
7503
7509
7520
7522
7525
7527
7527
7527
7537
7546
7592
7620
7633
7622
7612
7593
7607
7615
7614
7622
7591
7597
7631
7626
7581
7579
7591
7603
7613
7643
7642
7634
7643
7643
7642
7649
7648
7648
7648
7627
7633
7645
7622
7631
7648
7648
7648
7629
7628
7640
7631
7627
7630
7631
7645
7645
7601
7630
7641
7653
7632
7653
7653
7653
7653
7653
7653
7653
7653
7653
7653
7652
7651
7651
7651
7643
7651
7651
7645
7636
7630
7630
7629
7629
7634
7634
7629
7656
7650
7653
7662
7684
7689
7690
7692
7708
7710
7712
7711
7710
7710
7713
7716
7719
7718
7717
7716
7736
7738
7738
7716
7739
7744
7742
7741
7728
7721
7719
7713
7766
7757
7749
7765
7762
7769
7794
7782
7793
7788
7784
7792
7828
7818
7799
7826
7830
7857
7857
7858
8031
7863
7863
7863
7869
7868
7868
7868
7868
7868
7868
7868
7868
7849
7834
7852
7884
7882
7877
7874
7872
7875
7877
7878
7874
7913
7928
7935
7936
7967
8010
8001
8016
8008
8081
8107
8116
8124
8126
8165
8211
8218
8217
8219
8226
8315
8306
8325
8301
8310
8349
8371
8406
8377
8379
8390
8471
8455
8448
8461
8504
8499
8481
8487
8524
8498
8505
8521
8538
8546
8536
8478
8473
8467
8476
8465
8483
8477
8506
8508
8480
8483
8519
8519
8476
8481
8543
8545
8544
8545
8544
8545
8505
8521
8533
8531
8489
8473
8467
8471
8545
8554
8507
8535
8554
8554
8555
8555
8556
8556
8556
8556
8550
8550
8550
8550
8550
8550
8550
8550
8550
8555
8552
8552
8567
8567
8530
8539
8561
8559
8553
8555
8555
8549
8546
8556
8568
8568
8552
8534
8517
8525
8526
8530
8543
8541
8542
8540
8552
8554
8554
8548
8544
8543
8545
8536
8540
8552
8550
8552
8573
8569
8568
8572
8572
8574
8578
8576
8576
8576
8576
8576
8563
8563
8563
8563
8563
8563
8563
8563
8563
8564
8564
8540
8553
8565
8563
8564
8564
8564
8564
8564
8564
8564
8564
8564
8566
8566
8566
8566
8566
8571
8577
8577
8579
8584
8585
8585
8536
8554
8547
8566
8560
8552
8547
8542
8528
8538
8543
8554
8587
8578
8579
8553
8576
8573
8564
8566
8571
8569
8549
8557
8561
8559
8573
8542
8575
8575
8575
8575
8577
8575
8575
8575
8588
8588
8588
8588
8588
8588
8588
8588
8588
8588
8588
8588
8592
8592
8592
8592
8592
8592
8592
8592
8592
8605
8607
8627
8653
8688
8710
8716
8722
8721
8721
8721
8716
8709
8721
8724
8698
8719
8720
8720
8720
8720
8719
8719
8719
8727
8670
8720
8688
8673
8696
8699
8699
8700
8700
8700
8700
8702
8703
8703
8702
8702
8702
8710
8722
8721
8715
8715
8726
8744
8729
8754
8767
8767
8768
8768
8768
8768
8768
8768
8768
8768
8768
8771
8791
8808
8835
8860
8860
8858
8836
8826
8838
8859
8856
8858
8860
8827
8844
8792
8856
8856
8814
8819
8856
8856
8833
8855
8864
8863
8863
8863
8863
8863
8863
8863
8863
8863
8873
8885
8886
8891
8904
8907
8912
8911
8919
8932
8939
8947
8952
8954
8968
8989
8989
8991
8996
9009
9009
9009
9009
9009
9050
9048
9058
9058
9058
9065
9093
9090
9096
9083
9125
9127
9127
9127
9128
9128
9128
9133
9147
9163
9160
9189
9201
9200
9214
9233
9234
9241
9228
9256
9255
9268
9267
9267
9267
9266
9267
9267
9274
9274
9274
9274
9274
9274
9274
9274
9274
9274
9274
9274
9272
9242
9241
9249
9260
9257
9267
9267
9267
9267
9267
9267
9291
9316
9318
9319
9301
9346
9351
9351
9351
9351
9351
9309
9343
9299
9291
9293
9292
9296
9292
9333
9321
9332
9330
9317
9268
9292
9304
9292
9294
9285
9322
9322
9301
9329
9280
9325
9315
9325
9310
9323
9285
9323
9343
9343
9308
9294
9324
9283
9339
9339
9338
9338
9295
9321
9300
9349
9350
9350
9350
9350
9351
9351
9351
9349
9349
9348
9348
9348
9348
9348
9348
9348
9331
9331
9331
9331
9308
9330
9328
9327
9327
9327
9327
9327
9347
9347
9347
9347
9347
9347
9347
9347
9347
9346
9351
9348
9363
9376
9407
9431
9477
9514
9529
9530
9530
9530
9530
9530
9535
9535
9535
9535
9535
9535
9535
9535
9535
9537
9535
9535
9535
9535
9535
9535
9535
9535
9535
9542
9541
9540
9562
9591
9619
9628
9650
9650
9650
9592
9647
9648
9611
9637
9647
9645
9652
9651
9651
9629
9606
9604
9652
9650
9650
9647
9646
9648
9652
9653
9666
9685
9685
9671
9670
9696
9716
9675
9707
9708
9707
9713
9728
9732
9751
9763
9714
9763
9763
9719
9763
9762
9764
9766
9765
9765
9765
9765
9765
9765
9781
9825
9838
9838
9863
9871
9880
9896
9896
9907
9916
9937
9953
9953
9965
9965
9966
9978
9997
9992
9986
10021
10025
10025
10026
10031
10027
10032
10166
10179
10180
10179
10179
10179
10199
10217
10224
10224
10264
10265
10265
10265
10266
10266
10266
10265
10261
10255
10255
10258
10260
10263
10266
10266
10267
10265
10265
10265
10178
10178
10178
10178
10178
10178
10187
10187
10187
10187
10187
10187
10187
10187
10187
10198
10226
10220
10229
10229
10244
10256
10255
10256
10256
10256
10256
10254
10256
10266
10286
10302
10282
10314
10331
10331
10331
10350
10379
10362
10382
10371
10381
10377
10389
10389
10389
10389
10392
10389
10396
10383
10346
10329
10340
10366
10351
10389
10323
10368
10325
10386
10387
10386
10390
10386
10373
10388
10361
10347
10338
10340
10340
10329
10374
10384
10386
10388
10397
10386
10381
10389
10389
10399
10399
10400
10399
10399
10399
10398
10352
10340
10344
10359
10362
10390
10398
10398
10398
10393
10338
10318
10356
10342
10388
10395
10401
10401
10401
10401
10401
10401
10398
10387
10377
10358
10359
10347
10382
10394
10394
10394
10394
10357
10351
10360
10372
10372
10404
10396
10337
10333
10395
10395
10401
10404
10403
10403
10402
10407
10407
10407
10407
10407
10397
10392
10406
10406
10406
10408
10407
10414
10420
10411
10414
10414
10415
10414
10414
10414
10414
10414
10406
10402
10396
10391
10357
10395
10397
10399
10389
10392
10389
10390
10398
10398
10398
10398
10404
10405
10409
10409
10387
10353
10402
10404
10401
10401
10390
10389
10383
10378
10374
10374
10374
10378
10381
10383
10391
10393
10398
10401
10401
10401
10394
10390
10392
10391
10400
10397
10346
10363
10363
10365
10398
10400
10399
10372
10371
10371
10370
10366
10371
10371
10377
10377
10391
10397
10400
10349
10362
10373
10366
10398
10399
10399
10386
10382
10396
10398
10392
10360
10394
10400
10388
10368
10375
10378
10363
10396
10396
10398
10398
10399
10398
10398
10397
10397
10400
10400
10400
10400
10400
10400
10400
10400
10400
10401
10402
10402
10399
10399
10400
10400
10401
10399
10399
10399
10399
10399
10399
10399
10401
10392
10383
10403
10405
10404
10404
10404
10404
10404
10404
10404
10402
10406
10406
10416
10422
10375
10424
10426
10427
10427
10427
10427
10430
10430
10430
10430
10430
10430
10429
10429
10430
10430
10430
10409
10406
10406
10366
10418
10419
10419
10419
10419
10418
10421
10422
10422
10423
10423
10423
10423
10423
10423
10423
10423
10423
10444
10444
10452
10450
10450
10450
10450
10450
10450
10450
10450
10450
10454
10450
10472
10488
10523
10554
10613
10634
10635
10634
10634
10634
10634
10634
10634
10638
10638
10638
10646
10638
10638
10638
10638
10639
10603
10636
10633
10618
10584
10630
10631
10631
10596
10627
10627
10627
10631
10632
10632
10659
10659
10659
10659
10663
10685
10709
10715
10716
10717
10717
10716
10718
10707
10706
10705
10706
10740
10748
10744
10742
10772
10783
10784
10784
10784
10784
10786
10786
10786
10786
10793
10810
10816
10820
10831
10852
10855
10861
10860
10862
10875
10884
10899
10900
10900
10900
10900
10912
10932
10928
10933
10950
10951
10954
10954
10954
10955
10971
11068
11055
11055
11055
11055
11055
11055
11055
11055
11055
11055
11055
11055
11083
11103
11115
11120
11120
11143
11143
11143
11143
11144
11144
11144
11146
11152
11164
11153
11153
11201
11199
11205
11224
11224
11226
11238
11225
11234
11185
11226
11158
11241
11250
11249
11249
11249
11249
11249
11249
11249
11249
11249
11249
11249
11209
11215
11246
11254
11249
11251
11261
11261
11261
11261
11261
11261
11261
11261
11261
11277
11272
11281
11304
11304
11304
11304
11304
11304
11304
11305
11304
11334
11354
11384
11448
11494
11525
11526
11528
11527
11527
11527
11527
11527
11527
11527
11535
11535
11536
11535
11557
11586
11609
11619
11639
11639
11639
11640
11635
11636
11632
11632
11631
11670
11679
11665
11662
11701
11720
11693
11701
11718
11726
11736
11752
11774
11773
11773
11773
11773
11778
11773
11779
11795
11816
11840
11840
11858
11871
11867
11886
11886
11889
11915
11939
11954
11946
11961
11968
11969
11970
11969
11967
11977
12027
12038
12009
12041
12051
12063
12070
12063
12066
12066
12080
12158
12163
12163
12161
12161
12161
12161
12161
12161
12161
12161
12161
12159
12159
12159
12166
12196
12217
12204
12221
12224
12265
12266
12266
12266
12266
12266
12269
12275
12294
12310
12299
12300
12360
12361
12361
12389
12423
12422
12423
12424
12442
12431
12446
12448
12447
12447
12447
12447
12447
12447
12448
12448
12392
12411
12412
12446
12441
12410
12410
12445
12380
12436
12424
12376
12448
12441
12445
12445
12445
12445
12446
12449
12416
12419
12452
12452
12432
12446
12447
12447
12431
12392
12403
12443
12442
12443
12456
12456
12456
12456
12456
12456
12456
12456
12456
12456
12456
12456
12454
12454
12454
12456
12456
12456
12456
12456
12456
12456
12456
12456
12451
12451
12451
12451
12451
12451
12451
12451
12451
12451
12451
12451
12390
12434
12434
12448
12448
12448
12448
12448
12452
12429
12447
12448
12372
12442
12442
12442
12442
12442
12442
12442
12442
12442
12442
12441
12448
12448
12448
12448
12448
12448
12448
12448
12448
12448
12448
12448
12444
12444
12444
12449
12449
12449
12449
12449
12449
12449
12449
12449
12493
12594
12541
12558
12554
12569
12666
12668
12595
12674
12708
12708
12709
12713
12736
12736
12736
12736
12736
12778
12851
12867
12870
12880
12927
12928
12912
12987
12965
12945
12973
13017
13070
13123
13105
13134
13141
13173
13173
13194
13213
13218
13213
13213
13213
13213
13213
13213
13207
13207
13209
13183
13176
13178
13206
13207
13207
13207
13207
13200
13194
13170
13200
13202
13202
13187
13176
13202
13200
13196
13199
13197
13203
13201
13203
13202
13202
13203
13203
13202
13201
13125
13202
13202
13207
13207
13207
13207
13207
13207
13207
13207
13207
13207
13207
13207
13217
13216
13207
13216
13216
13216
13216
13216
13215
13215
13215
13215
13217
13217
13217
13216
13216
13216
13216
13216
13229
13227
13240
13242
13250
13247
13246
13256
13256
13256
13258
13252
13254
13234
13178
13194
13191
13196
13197
13197
13196
13197
13205
13208
13208
13216
13238
13238
13249
13254
13251
13249
13250
13250
13245
13249
13247
13243
13245
13245
13243
13245
13243
13246
13243
13243
13243
13243
13243
13243
13243
13243
13243
13262
13293
13309
13324
13343
13350
13352
13370
13370
13377
13395
13419
13420
13439
13442
13442
13436
13461
13466
13467
13497
13502
13504
13513
13513
13513
13513
13600
13610
13614
13611
13614
13631
13643
13643
13645
13670
13674
13674
13673
13674
13673
13675
13673
13673
13673
13672
13692
13665
13669
13685
13674
13667
13650
13638
13652
13675
13682
13681
13682
13683
13683
13683
13683
13683
13683
13683
13683
13683
13683
13683
13682
13684
13685
13678
13685
13685
13677
13682
13683
13683
13683
13683
13679
13679
13679
13679
13679
13679
13679
13679
13679
13656
13680
13617
13670
13670
13670
13670
13670
13670
13670
13670
13679
13698
13703
13703
13726
13730
13701
13738
13738
13738
13739
13739
13739
13739
13739
13739
13741
13741
13741
13743
13743
13743
13743
13743
13743
13743
13746
13743
13736
13697
13677
13691
13720
13740
13733
13729
13663
13673
13700
13737
13740
13726
13743
13675
13742
13742
13734
13742
13743
13738
13738
13739
13744
13744
13744
13744
13679
13737
13689
13734
13739
13728
13738
13738
13753
13753
13739
13720
13750
13752
13752
13757
13752
13752
13745
13712
13676
13738
13747
13750
13750
13750
13750
13750
13750
13750
13738
13740
13743
13743
13743
13743
13743
13743
13742
13742
13742
13742
13742
13742
13744
13744
13744
13744
13746
13744
13755
13788
13822
13822
13851
13878
13877
13905
13905
13907
13914
13937
13961
13967
13967
13967
13983
13997
14005
14002
14043
14036
14036
14040
14052
14064
14089
14102
14097
14107
14110
14110
14110
14110
14111
14111
14175
14207
14207
14207
14207
14235
14262
14245
14248
14293
14293
14291
14309
14316
14330
14354
14377
14378
14377
14377
14377
14378
14378
14378
14379
14378
14378
14379
14379
14379
14373
14380
14372
14372
14372
14372
14372
14372
14372
14372
14360
14342
14338
14331
14330
14331
14329
14329
14324
14322
14315
14314
14314
14314
14316
14317
14317
14315
14315
14315
14331
14338
14338
14338
14338
14347
14351
14359
14358
14360
14360
14359
14362
14362
14362
14362
14362
14362
14359
14359
14359
14360
14361
14361
14366
14366
14366
14368
14367
14367
14369
14369
14373
14373
14371
14368
14368
14368
14368
14368
14368
14367
14370
14373
14373
14373
14373
14374
14371
14363
14361
14364
14337
14377
14373
14373
14379
14375
14373
14373
14375
14373
14373
14373
14373
14373
14370
14370
14370
14370
14370
14370
14370
14370
14370
14370
14372
14373
14374
14373
14373
14373
14373
14373
14373
14373
14374
14374
14374
14373
14389
14390
14402
14402
14402
14402
14402
14402
14402
14402
14402
14403
14405
14405
14405
14405
14405
14405
14405
14405
14405
14405
14405
14405
14422
14427
14454
14480
14484
14515
14523
14517
14512
14510
14542
14567
14562
14550
14550
14552
14604
14612
14613
14613
14613
14621
14617
14613
14616
14615
14615
14617
14615
14615
14615
14615
14615
14616
14616
14616
14596
14599
14603
14596
14596
14596
14596
14596
14596
14596
14596
14596
14601
14599
14602
14601
14601
14589
14599
14599
14599
14587
14601
14605
14596
14596
14596
14602
14599
14599
14599
14599
14599
14599
14599
14599
14597
14597
14597
14597
14597
14597
14598
14598
14598
14559
14603
14602
14613
14613
14613
14613
14613
14613
14613
14613
14613
14616
14639
14648
14650
14671
14675
14680
14680
14680
14680
14680
14680
14680
14680
14715
14717
14717
14717
14768
14805
14816
14824
14845
14860
14875
14875
14890
14908
14943
14949
14953
15001
15019
15022
15056
15073
15072
15072
15072
15090
15238
15260
15260
15260
15318
15351
15336
15335
15407
15409
15409
15399
15399
15399
15399
15401
15399
15399
15399
15399
15401
15441
15441
15442
15480
15461
15490
15488
15488
15488
15406
15479
15488
15488
15466
15461
15456
15456
15456
15449
15450
15450
15447
15502
15533
15559
15560
15589
15568
15602
15584
15577
15577
15583
15575
15575
15581
15575
15572
15570
15582
15566
15590
15597
15575
15593
15605
15601
15627
15627
15574
15640
15635
15558
15637
15636
15636
15636
15636
15636
15636
15636
15636
15630
15630
15630
15630
15630
15644
15677
15734
15761
15788
15788
15788
15786
15829
15871
15883
15898
15927
15939
15962
15962
15984
16010
16031
16047
16069
16068
16070
16118
16117
16113
16157
16167
16170
16176
16177
16173
16189
16210
16225
16220
16235
16239
16240
16240
16240
16240
16240
16252
16252
16252
16252
16252
16252
16252
16252
16252
16258
16252
16252
16240
16240
16241
16240
16240
16240
16240
16240
16240
16240
16240
16298
16377
16370
16370
16370
16378
16433
16439
16441
16437
16523
16540
16541
16545
16540
16540
16537
16537
16537
16537
16537
16537
16537
16537
16541
16545
16545
16545
16545
16545
16545
16544
16534
16541
16543
16543
16543
16546
16546
16546
16546
16546
16546
16546
16546
16569
16586
16586
16628
16624
16592
16588
16551
16613
16581
16580
16628
16616
16574
16602
16580
16546
16630
16569
16567
16572
16622
16571
16629
16629
16629
16629
16629
16627
16626
16626
16627
16626
16625
16685
16810
16815
16816
16816
16815
16824
16841
16879
16879
16872
16946
16981
16980
16950
16934
16915
16983
16960
16963
16961
16963
16966
16972
16980
17034
17057
17069
17076
17081
17097
17118
17175
17179
17197
17226
17236
17271
17267
17279
17296
17335
17341
17374
17375
17359
17411
17422
17414
17470
17486
17486
17478
17509
17519
17516
17524
17547
17567
17583
17583
17583
17583
17584
17596
17678
17697
17704
17704
17704
17704
17704
17704
17704
17704
17704
17704
17705
17739
17744
17743
17743
17760
17800
17838
17852
17871
17899
17904
17938
17937
17957
17984
17999
18023
18011
18026
18078
18099
18086
18097
18147
18159
18158
18159
18158
18155
18155
18156
18147
18148
18147
18159
18179
18238
18280
18334
18369
18407
18427
18435
18435
18435
18435
18435
18435
18432
18432
18432
18432
18432
18432
18432
18432
18432
18432
18432
18432
18429
18429
18429
18429
18568
18429
18429
18429
18429
18429
18429
18429
18430
18430
18430
18430
18430
