0
0
0
0
0
0
0
0
12
0
0
0
0
0
0
0
0
0
0
0
0
0
0
0
0
0
0
0
0
0
0
0
0
1
8
28
46
78
110
136
182
212
239
282
253
251
265
273
279
289
291
293
292
290
293
297
297
311
297
313
348
372
373
335
338
367
356
398
344
434
451
452
486
485
484
484
484
484
482
479
483
482
481
479
487
487
487
495
509
535
553
580
596
610
640
648
664
674
687
705
716
718
729
729
721
729
732
733
727
743
754
756
756
756
756
756
756
770
768
761
755
790
826
792
781
710
710
710
710
710
710
710
716
716
716
716
716
716
737
821
822
822
822
822
831
831
831
831
831
831
831
831
831
831
831
831
831
831
831
831
831
831
831
831
831
831
831
831
831
831
831
831
833
842
849
858
890
905
936
955
981
1019
1050
1095
1126
1151
1173
1193
1210
1227
1248
1259
1292
1314
1337
1360
1370
1394
1409
1418
1448
1473
1500
1523
1555
1588
1623
1651
1675
1711
1727
1768
1817
1860
1902
1935
1980
2005
2024
2069
2093
2108
2138
2165
2197
2237
2267
2291
2316
2349
2370
2384
2394
2417
2453
2477
2494
2503
2518
2527
2533
2540
2544
2557
2583
2589
2632
2632
2632
2632
2635
2635
2610
2606
2642
2591
2578
2617
2608
2613
2548
2548
2572
2588
2608
2589
2587
2594
2588
2591
2594
2597
2597
2572
2563
2561
2575
2586
2595
2643
2642
2640
2641
2641
2641
2642
2642
2643
2641
2639
2636
2645
2644
2644
2644
2682
2696
2690
2693
2695
2696
2698
2707
2709
2707
2696
2701
2696
2695
2726
2762
2763
2761
2760
2760
2753
2761
2758
2760
2754
2748
2785
2858
2774
2830
2836
2846
2845
2846
2846
2844
2843
2844
2844
2836
2825
2826
2826
2829
2856
2903
2887
2897
2899
2898
2897
2900
2905
2905
2900
2901
2900
2901
2901
2917
3069
3036
2981
2949
2962
2964
2971
2990
2990
2942
2949
2948
3102
3046
3148
3137
3143
3151
3128
3141
3107
3148
3098
3059
3004
3059
3012
3059
3074
3082
3073
3079
3085
3073
3045
3054
3055
3076
3242
3230
3158
3246
3246
3246
3246
3246
3246
3246
3246
3246
3246
3246
3246
3244
3244
3244
3244
3244
3244
3244
3244
3244
3255
3276
3312
3262
3337
3387
3263
3266
3311
3386
3386
3364
3242
3337
3201
3205
3205
3205
3205
3205
3205
3205
3205
3205
3205
3205
3205
3207
3207
3207
3207
3207
3207
3207
3207
3207
3207
3207
3207
3206
3206
3206
3206
3206
3206
3206
3206
3388
3387
3388
3388
3389
3389
3206
3206
3206
3207
3207
3207
3207
3207
3207
3207
3204
3204
3204
3204
3204
3204
3204
3204
3204
3204
3204
3387
3388
3388
3388
3388
3388
3388
3388
3388
3387
3388
3388
3388
3387
3387
3387
3387
3387
3387
3387
3387
3387
3387
3387
3442
3395
3421
3425
3428
3410
3394
3433
3457
3471
3445
3462
3470
3532
3566
3566
3566
3566
3549
3593
3614
3585
3629
3631
3629
3640
3636
3639
3671
3676
3701
3688
3711
3706
3737
3737
3779
3806
3742
3832
3853
3849
3863
3831
3811
3897
3931
3942
3942
3938
3948
3928
3928
3956
3956
3956
3956
3956
3956
3956
3956
3959
3959
3959
3959
3959
3959
3959
3959
3959
3959
3959
3959
3960
3960
3960
3960
3960
3960
3960
3960
3960
3960
3960
3960
3959
3959
3959
3959
3959
3959
3959
3959
3959
3959
3959
3959
3958
3958
3958
3958
3958
3958
3958
3958
3958
3958
3958
3958
3958
3958
3958
3958
3958
3958
3958
3958
3958
3958
3956
3942
3948
3954
3957
3957
3947
3947
3918
3911
3951
3956
3957
3957
3959
3959
3959
3959
3959
3959
3965
3994
3968
3990
3990
4045
3963
3981
4074
4078
4076
4095
4039
4026
4066
4103
4103
4104
4106
4106
4105
4152
4109
4121
4161
4156
4153
4160
4160
4180
4188
4166
4194
4186
4209
4209
4214
4260
4214
4294
4329
4318
4341
4308
4409
4409
4403
4410
4409
4410
4410
4412
4412
4412
4416
4415
4415
4400
4391
4386
4397
4435
4441
4441
4434
4452
4494
4484
4487
4487
4458
4464
4460
4460
4457
4484
4484
4498
4502
4502
4502
4502
4502
4502
4502
4502
4502
4502
4502
4502
4501
4501
4501
4501
4501
4484
4501
4501
4501
4501
4501
4465
4433
4491
4490
4497
4497
4497
4497
4479
4473
4497
4496
4480
4472
4384
4396
4493
4494
4397
4412
4484
4486
4462
4487
4487
4492
4460
4451
4492
4491
4491
4439
4492
4492
4492
4492
4491
4489
4489
4489
4509
4541
4526
4520
4537
4527
4531
4579
4557
4543
4537
4576
4594
4592
4608
4575
4575
4638
4639
4639
4639
4640
4640
4640
4640
4640
4643
4599
4665
4665
4667
4667
4667
4670
4699
4683
4675
4698
4684
4692
4735
4735
4735
4735
4735
4753
4748
4746
4759
4745
4792
4763
4808
4809
4810
4810
4810
4820
4833
4852
4828
4830
4852
4830
4861
4885
4823
4926
4869
4931
4885
4932
4931
4931
4931
4931
4930
4908
4889
4891
4896
4892
4855
4862
4895
4882
4848
4985
4985
4985
4941
4985
4971
4924
4869
4869
4869
4979
4989
4989
4989
4989
4954
4958
4927
4994
4982
4994
4994
4987
4992
4994
5024
5040
5032
5030
5030
5028
5063
5037
5044
4998
5025
5059
5068
5044
5034
5092
5102
5083
5109
5110
5077
5117
5188
5148
5188
5187
5187
5187
5198
5188
5188
5195
5199
5229
5089
5145
5260
5260
5259
5259
5260
5262
5262
5262
5268
5262
5262
5266
5271
5264
5298
5325
5326
5325
5322
5315
5315
5344
5332
5336
5371
5345
5386
5357
5418
5419
5420
5420
5418
5418
5418
5418
5418
5418
5418
5418
5427
5424
5420
5420
5434
5443
5434
5420
5500
5508
5507
5507
5507
5525
5524
5521
5520
5521
5525
5402
5580
5580
5582
5582
5582
5579
5593
5587
5585
5603
5580
5580
5647
5647
5647
5647
5647
5642
5640
5628
5630
5632
5645
5638
5583
5680
5724
5724
5724
5720
5720
5735
5730
5722
5740
5726
5725
5813
5813
5718
5727
5734
5701
5699
5703
5759
5807
5728
5708
5748
5790
5685
5792
5795
5814
5814
5814
5814
5785
5814
5815
5815
5815
5815
5814
5816
5816
5816
5816
5816
5816
5816
5816
5816
5816
5816
5816
5827
5828
5829
5828
5828
5815
5812
5828
5828
5828
5828
5820
5696
5826
5642
5641
5641
5641
5641
5641
5641
5641
5641
5641
5642
5642
5642
5642
5642
5642
5642
5642
5642
5642
5642
5642
5827
5827
5827
5827
5827
5827
5827
5827
5827
5827
5827
5827
5828
5828
5828
5827
5829
5828
5835
5923
5923
5977
6006
5996
5980
6032
6045
5984
5984
5984
5984
5984
5985
5984
5984
5987
5985
5985
5985
5985
5984
5981
5992
6009
6009
6030
6052
6013
6003
6149
6208
6208
6208
6208
6208
6208
6208
6208
6208
6208
6194
6183
6179
6179
6203
6193
6181
6166
6210
6210
6125
6007
6017
6207
6212
6211
6164
6210
6210
6210
6210
6210
6211
6211
6214
6214
6214
6195
6172
6179
6258
6261
6233
6332
6332
6332
6336
6336
6336
6336
6286
6286
6295
6273
6335
6335
6186
6336
6334
6308
6333
6334
6149
6149
6149
6149
6149
6149
6149
6149
6148
6148
6148
6148
6148
6148
6306
6241
6331
6331
6331
6331
6336
6336
6335
6335
6335
6335
6335
6335
6374
6335
6343
6362
6365
6336
6343
6387
6400
6397
6398
6407
6424
6500
6522
6531
6518
6524
6528
6523
6544
6544
6544
6544
6544
6546
6547
6546
6537
6536
6571
6566
6579
6581
6581
6630
6576
6562
6563
6608
6646
6623
6623
6729
6672
6593
6729
6729
6729
6729
6729
6689
6654
6578
6585
6635
6710
6642
6606
6619
6678
6728
6728
6728
6733
6732
6732
6732
6732
6732
6732
6732
6732
6732
6732
6732
6730
6730
6730
6730
6730
6729
6729
6729
6729
6729
6729
6729
6722
6655
6512
6592
6702
6721
6718
6716
6728
6728
6728
6728
6683
6643
6697
6672
6727
6727
6727
6727
6727
6728
6728
6728
6738
6738
6738
6738
6738
6738
6738
6766
6738
6786
6814
6815
6804
6859
6845
6803
6888
6837
6807
6834
6923
6924
6982
7014
7023
7023
7027
7022
7060
7060
7060
7060
7060
7062
7060
7060
7065
7079
7070
7102
7157
7169
7166
7148
7175
7179
7247
7246
7250
7250
7250
7250
7257
7251
7265
7238
7279
7287
7283
7345
7361
7361
7361
7361
7361
7361
7361
7361
7361
7409
7412
7412
7413
7413
7416
7413
7417
7443
7447
7449
7507
7507
7507
7595
7539
7616
7687
7687
7687
7687
7687
7687
7687
7687
7687
7688
7688
7688
7688
7690
7635
7696
7690
7687
7675
7692
7708
7708
7710
7710
7710
7710
7730
7723
7715
7715
7718
7686
7649
7715
7760
7760
7760
7760
7760
7760
7760
7760
7760
7760
7760
7760
7762
7762
7762
7762
7762
7762
7762
7762
7762
7762
7762
7731
7729
7750
7759
7759
7759
7758
7759
7718
7718
7718
7689
7607
7636
7617
7651
7640
7615
7602
7597
7618
7669
7675
7662
7662
7677
7677
7661
7646
7646
7637
7637
7642
7642
7635
7612
7607
7604
7604
7604
7604
7607
7631
7686
7748
7756
7756
7740
7740
7747
7725
7747
7709
7711
7716
7704
7710
7705
7708
7708
7716
7758
7764
7764
7764
7764
7764
7764
7764
7764
7764
7764
7764
7761
7761
7761
7761
7761
7761
7761
7761
7761
7761
7761
7761
7759
7759
7759
7759
7759
7825
7898
7900
7902
7902
7888
7910
7911
7904
7934
7938
7950
7956
7984
7952
7973
7976
8012
8027
8014
8075
8069
8069
8067
8074
8083
8082
8083
8093
8093
8093
8096
8096
8096
8100
8096
8096
8159
8161
8160
8133
8158
8179
8183
8212
8204
8202
8199
8240
8240
8200
8203
8239
8244
8295
8266
8257
8301
8354
8358
8358
8358
8357
8357
8359
8387
8420
8414
8396
8457
8413
8384
8472
8493
8493
8493
8493
8493
8493
8496
8502
8497
8516
8504
8552
8553
8553
8553
8553
8553
8571
8566
8566
8566
8567
8567
8584
8567
8581
8600
8625
8639
8634
8633
8638
8659
8745
8731
8699
8739
8764
8779
8787
8779
8751
8769
8766
8803
8812
8791
8824
8889
8897
8899
8899
8893
8899
8905
8910
8915
8901
8934
8927
8901
8983
9021
9037
9037
9041
9060
9015
9031
9059
9067
9091
9106
9106
9101
9105
9107
9107
9105
9094
9112
9092
9062
9034
9032
9062
9062
9127
9147
9147
9148
9148
9148
9148
9180
9196
9131
9099
9094
9093
9077
9061
9070
9087
9115
9147
9208
9132
9094
9142
9157
9138
9138
9081
9161
9132
9153
9126
9109
9155
9147
9114
9133
9147
9122
9160
9156
9200
9207
9206
9181
9156
9153
9149
9142
9141
9142
9145
9158
9151
9153
9139
9155
9151
9141
9129
9095
9076
9070
9071
9076
9083
9079
9075
9075
9080
9080
9085
9086
9071
9063
9061
9078
9088
9094
9112
9112
9096
9096
9096
9096
9101
9097
9093
9083
9068
9031
9032
9057
9076
9137
9154
9111
9102
9097
9113
9158
9123
9075
9078
9108
9146
9089
9090
9109
9103
9084
9087
9114
9127
9092
9162
9149
9149
9149
9149
9149
9138
9133
9127
9132
9139
9139
9137
9137
9090
9161
9154
9121
9108
9109
9106
9094
9095
9119
9125
9136
9131
9120
9098
9089
9087
9054
9045
9053
9069
9101
9197
9126
9152
9104
9109
9110
9109
9096
9112
9108
9129
9146
9146
9157
9165
9166
9173
9169
9169
9176
9167
9166
9176
9182
9182
9181
9181
9186
9184
9182
9186
9191
9191
9191
9191
9191
9191
9191
9191
9191
9191
9178
9142
9192
9192
9197
9161
9150
9156
9127
9152
9178
9198
9188
9068
9181
9120
9034
8976
9009
9191
9192
9192
9192
9192
9192
9010
9067
9023
9009
9009
9009
9009
9009
9009
9009
9009
9009
9009
9009
9009
9007
9189
9040
9040
9118
9186
9186
9186
8957
9149
9182
9185
9206
9190
9182
9193
9198
9198
9199
9193
9212
9231
9258
9295
9321
9343
9378
9405
9437
9456
9494
9532
9559
9597
9523
9494
9686
9537
9738
9738
9738
9739
9739
9740
9740
9740
9740
9740
9743
9742
9742
9642
9662
9668
9667
9700
9729
9669
9614
9701
9745
9551
9551
9551
9551
9551
9551
9551
9551
9551
9551
9551
9551
9551
9551
9551
9551
9551
9551
9551
9551
9551
9551
9551
9554
9554
9554
9746
9747
9747
9747
9747
9747
9747
9747
9747
9743
9743
9743
9743
9743
9743
9743
9743
9743
9743
9743
9743
9745
9744
9744
9744
9744
9744
9744
9744
9744
9744
9789
9789
9864
9864
9841
9928
9928
9906
9903
9897
9894
9913
9897
9892
9962
10021
9970
9882
9921
10002
9958
9941
9986
10004
9993
9973
9970
9957
9944
9992
10022
10022
10022
10022
10022
10022
10022
10022
10023
10023
9931
9931
9931
9931
9931
9744
9744
9744
9744
9744
9742
9742
9742
9742
9742
9742
9742
9742
9742
9742
9742
9742
9743
9743
9743
9743
9743
9743
9743
9743
9751
9802
9896
9924
9906
9906
9994
9994
9994
9994
9993
9994
9994
9994
9994
9994
10092
10081
9994
10018
10023
10023
10020
10024
10024
10024
10024
10024
10024
10021
10051
10067
10099
10148
10158
10101
10315
10315
10138
10121
10120
10120
10120
10138
10313
10313
10269
10181
10179
10179
10142
10171
10312
10211
10319
10319
10290
10233
10207
10205
10208
10224
10316
10316
10320
10295
10319
10177
10317
10300
10242
10307
10314
10142
10146
10146
10291
10238
10237
10246
10246
10242
10251
10236
10311
10089
10180
10227
10199
10196
10187
10305
10300
10313
10283
10284
10315
10314
10120
10120
10123
10122
10122
10122
10122
10122
10122
10122
10122
10122
10122
10122
10124
10124
10124
10124
10124
10124
10124
10124
10124
10124
10124
10124
10123
10140
10252
10314
10317
10259
10281
10316
10282
10197
10219
10189
10271
10115
10184
10155
10179
10192
10185
10219
10259
10257
10264
10251
10215
10166
10154
10265
10216
10177
10205
10229
10258
10258
10136
10270
10311
10317
10317
10301
10270
10271
10283
10186
10279
10178
10181
10155
10206
10311
10311
10311
10311
10311
10311
10311
10154
10312
10291
10277
10317
10317
10317
10317
10317
10313
10312
10312
10267
10315
10315
10284
10315
10231
10096
10132
10261
10207
10255
10316
10121
10122
10122
10315
10314
10314
10314
10314
10299
10314
10314
10314
10313
10309
10236
10159
10170
10315
10139
10120
10120
10120
10120
10120
10120
10120
10120
10120
10120
10120
10120
10120
10120
10120
10120
10120
10120
10120
10120
10120
10120
10120
10120
10120
10120
10120
10120
10120
10120
10120
10120
10195
10315
10315
10315
10315
10315
10315
10315
10315
10315
10315
10315
10315
10355
10385
10340
10345
10352
10383
10359
10359
10422
10456
10454
10395
10558
10569
10539
10568
10568
10568
10568
10580
10570
10570
10602
10615
10610
10636
10627
10629
10651
10659
10684
10696
10710
10795
10813
10814
10828
10818
10761
10892
10929
10928
10903
10875
10926
10893
10925
10810
10864
10907
10883
10837
10837
10853
10863
10866
10858
10809
10924
10897
10804
10793
10747
10754
10774
10880
10927
10927
10927
10925
10924
10864
10848
10800
10800
10851
10874
10926
10926
10926
10928
10928
10928
10907
10949
10938
10971
10957
10991
10978
11045
11058
11058
11053
11053
11047
11035
11122
11121
11121
11121
11121
11123
11123
11123
11123
11123
11123
11123
11123
11123
11123
11123
11123
11123
11123
11123
11123
11123
11123
11121
11121
11121
11121
11121
11121
11121
11121
11121
11121
11121
11121
11116
11116
11116
11116
11116
11116
10928
11089
11020
10984
10947
10933
10947
10942
10931
10929
10912
10906
10899
10899
10899
10899
10894
10893
10901
10901
10904
10904
10904
10891
10883
10882
10885
10880
10923
10904
10907
10927
10954
10955
10884
10916
10996
11027
11039
11038
11040
11037
11039
11036
11035
11035
11042
11048
11083
11120
11121
11120
11120
11120
11123
11087
11034
11040
11070
11054
11033
11040
11038
11047
11072
11076
11089
11089
11088
11079
11076
11080
11051
11087
11050
11045
11073
11030
11056
10982
10934
10934
10925
10960
11005
11007
11022
11010
11015
11013
11040
11054
11057
11083
11055
11072
11109
11109
11093
11094
10930
10931
10931
10932
10932
10932
10932
10932
10932
10932
10932
10932
10932
10932
10931
10931
10931
10931
10931
10931
10931
10931
10931
11123
11120
11123
10983
11049
11040
11055
11010
11035
11081
11076
10980
11011
11021
10984
10989
11007
11027
11049
11050
11052
11072
11065
11057
11074
11087
11087
11086
11067
11047
11064
11039
10989
11109
11124
11124
11125
11123
11125
11125
11053
11075
11078
11077
11049
11023
11013
10965
11126
11126
10985
10989
11023
11065
11070
10961
10933
10933
11021
11029
11023
10963
10939
11023
11087
11080
11065
11111
11127
11126
11127
11127
11127
11127
11117
11128
11130
11130
11128
11108
11128
11128
11128
11128
11128
11129
11129
11124
11124
11092
11088
11091
11096
11095
11100
11091
11108
11129
11118
11082
11077
11078
11081
11078
11078
11078
11077
11079
11080
11080
11079
11071
11077
11086
11115
11121
11121
11121
11121
11121
11104
11019
11000
10977
11018
10969
10969
10979
11024
10981
10990
10971
11033
11117
11125
10961
11127
11127
11127
11127
11127
11127
11127
11119
11125
11122
11104
11102
11102
11098
11106
11116
11114
11111
11107
11094
11101
11078
11131
11128
11128
11128
11128
11128
11128
11075
11043
11072
11093
11121
11110
11100
11100
11085
11060
11040
11065
11068
11068
11068
11034
11041
11074
11072
11085
11094
11108
11123
11124
11124
11124
11120
11113
11107
11100
11113
11106
11113
11113
11106
11106
11119
11119
11125
11130
11129
11129
11130
11130
11130
11130
11130
11095
11033
11025
11014
11125
11126
10947
10930
10930
10930
10930
10930
10930
10930
10930
10930
10930
10930
10930
10934
10934
10934
10934
10934
10934
10934
10934
10934
10934
10934
10934
10935
10935
10935
10935
10935
10935
10935
10935
10935
10935
10935
10935
10933
10933
10933
11127
11126
11066
11067
11041
11040
11035
11039
11019
11058
11045
11045
11043
11043
11038
11042
11042
11037
11040
11040
11040
11043
11043
11043
11043
11043
11047
11048
11047
11043
11043
11047
11046
11039
11046
11046
11045
11039
11047
11047
11040
11045
11077
11077
11064
11058
11054
11054
11089
11100
11123
11151
11198
11213
11231
11186
11187
11193
11192
11162
11169
11222
11226
11260
11260
11260
11260
11260
11231
11264
11264
11234
11235
11232
11255
11261
11261
11234
11234
11284
11235
11356
11356
11355
11355
11313
11226
11344
11333
11262
11317
11354
11333
11261
11259
11262
11260
11260
11258
11258
11258
11258
11244
11247
11253
11251
11235
11246
11250
11240
11237
11249
11256
11254
11238
11245
11269
11323
11299
11292
11281
11276
11276
11276
11306
11306
11337
11337
11388
11395
11405
11408
11401
11378
11378
11390
11386
11448
11454
11455
11441
11453
11453
11453
11456
11482
11482
11482
11476
11481
11475
11470
11468
11476
11471
11480
11481
11489
11498
11502
11502
11497
11497
11496
11496
11494
11491
11477
11477
11495
11507
11521
11519
11514
11517
11507
11495
11496
11554
11609
11608
11608
11608
11608
11608
11608
11608
11608
11608
11617
11617
11617
11617
11617
11617
11582
11617
11563
11567
11601
11434
11419
11479
11473
11472
11476
11472
11472
11472
11472
11477
11475
11475
11521
11464
11505
11425
11508
11492
11440
11485
11475
11505
11476
11473
11475
11473
11419
11432
11532
11582
11567
11606
11609
11537
11538
11512
11556
11569
11521
11423
11420
11431
11436
11433
11433
11427
11467
11468
11473
11475
11467
11469
11469
11464
11416
11472
11524
11543
11513
11535
11570
11517
11504
11565
11428
11427
11427
11427
11427
11427
11558
11530
11473
11515
11458
11488
11624
11624
11507
11519
11554
11516
11481
11520
11519
11528
11520
11539
11508
11508
11518
11518
11602
11557
11513
11536
11571
11514
11517
11504
11496
11535
11620
11609
11572
11615
11606
11593
11608
11623
11618
11531
11542
11620
11520
11565
11592
11545
11536
11524
11540
11588
11735
11775
11783
11778
11613
11657
11734
11733
11658
11727
11771
11688
11634
11833
11842
11785
11754
11735
11842
11919
11827
11784
11808
11814
11812
11816
11807
11764
11783
11826
11861
11807
11805
11857
11761
11748
11730
11765
11772
11812
11747
11767
11765
11813
11839
11815
11837
11827
11826
11824
11824
11826
11827
11824
11825
11830
11833
11861
11861
11861
11898
11905
11923
11935
11942
11953
11962
11962
11958
11963
11967
11963
11966
11966
11966
11966
11966
11966
11966
11966
11966
11965
11944
11945
11937
11924
11911
11891
11895
11899
11899
11891
11859
11876
11880
11871
11862
11834
11820
11820
11819
11817
11817
11812
11812
11814
11814
11812
11813
11813
11811
11812
11827
11857
11799
11763
11772
11863
11932
11892
11772
11765
11810
11810
11812
11817
11803
11755
11761
11783
11840
11840
11852
11852
11790
11777
11781
11777
11777
11766
11712
11837
11848
11828
11924
11952
11957
11927
11928
11928
11916
11892
11927
11931
11940
11923
11926
11927
11928
11927
11924
11871
11958
11956
11928
11920
11949
11847
11879
11954
11954
11955
11955
11955
11955
11955
11955
11955
11955
11955
11955
11955
11955
11955
11955
11955
11955
11865
11905
11871
11879
11895
11907
11917
11917
11970
11899
11932
11918
12043
12120
12138
12142
12115
11988
12079
12114
12110
12125
12124
12157
12177
12180
12180
12170
12170
12166
12168
12173
12173
12158
12053
12172
12186
12181
12179
12186
12192
12191
12196
12172
12294
12342
12202
12254
12217
12222
12223
12229
12229
12229
12229
12229
12229
12229
12229
12229
12229
12229
12283
12304
12275
12250
12227
12273
12295
12318
12347
12347
12151
12151
12151
12147
12147
12147
12148
12148
12148
12148
12148
12148
12148
12148
12148
12145
12145
12145
12145
12145
12145
12145
12145
12145
12145
12145
12145
12145
12145
12145
12145
12341
12299
12296
12259
12185
12156
12192
12193
12190
12187
12187
12187
12187
12192
12202
12197
12194
12196
12189
12188
12192
12192
12193
12193
12196
12196
12197
12197
12198
12200
12197
12190
12180
12164
12173
12150
12189
12196
12197
12199
12289
12372
12375
12421
12229
12229
12229
12229
12229
12229
12229
12229
12229
12229
12229
12229
12225
12225
12225
12365
12346
12297
12275
12202
12200
12203
12233
12230
12208
12215
12220
12220
12229
12226
12223
12229
12220
12219
12255
12274
12285
12296
12284
12241
12211
12197
12185
12173
12192
12192
12179
12153
12117
12097
12089
12073
12025
12024
11964
11967
11975
11968
11975
11940
11938
11936
11923
11892
11902
11896
11900
11903
11846
11899
11968
11959
11905
11887
11880
11880
11871
11870
11900
11917
11943
11939
11888
11853
11854
11853
11854
11854
11855
11853
11854
11856
11856
11875
11855
11855
11858
11858
11884
11885
11945
11967
11952
11938
11941
11944
11950
11933
11916
11902
11892
11881
11862
11857
11857
11867
11862
11859
11859
11850
11861
11852
11885
11954
11944
11937
11777
11777
11777
11777
11777
11777
11797
11797
11797
11797
11797
11797
11797
11797
11797
11797
11797
11797
11798
11798
11798
11798
11798
11798
11798
11798
11798
11798
11990
11990
11893
11892
11908
11856
11862
11808
11796
11803
11810
11804
11811
11819
11858
11872
11877
11877
11877
11880
11879
11879
11879
11861
11884
11884
11882
11881
11878
11872
11872
11863
11864
11864
11864
11879
11880
11925
11971
11907
11996
12005
12004
11992
11971
11964
11936
11927
11923
11911
11921
11920
11920
11920
11917
11917
11920
11922
11930
11934
11934
11964
11946
11961
11973
11975
11950
11956
11980
11953
11967
11878
11810
11824
11828
11852
11858
11862
11864
11864
11806
11813
11807
11830
11877
11873
11881
11899
11921
11937
11957
11971
11947
11915
11908
11900
11886
11922
11865
11928
11917
11946
11969
11978
11994
12022
12029
12028
12063
12084
12085
12099
12082
12084
12108
12123
12164
12164
12155
12144
12120
12096
12083
12113
12107
12106
12097
12135
12142
12144
12232
12224
12255
12270
12248
12216
12216
12226
12224
12202
12279
12285
12295
12295
12295
12258
12261
12267
12263
12267
12258
12303
12243
12135
12148
12238
12270
12287
12286
12275
12263
12137
12201
12181
12298
12303
12303
12308
12307
12113
12116
12116
12116
12116
12116
12116
12116
12116
12116
12116
12116
12116
12115
12114
12114
12114
12114
12114
12114
12114
12114
12114
12114
12114
12306
12290
12306
12306
12083
12222
12178
12185
12113
12134
12256
12202
12311
12252
12260
12116
12116
12116
12116
12116
12116
12116
12116
12116
12116
12116
12116
12116
12116
12116
12115
12115
12307
12245
12304
12304
12300
12300
12300
12300
12300
12300
12300
12300
12300
12300
12300
12300
12298
12298
12298
12298
12298
12298
12298
12298
12298
12298
12298
12298
12302
12302
12302
12302
12302
12344
12344
12344
12344
12344
12344
12344
12344
12344
12344
12344
12344
12344
12344
12344
12344
12344
12344
12344
12342
12369
12393
12432
12458
12489
12493
12526
12556
12557
12530
12542
12404
12363
12328
12355
12391
12509
12527
12493
12445
12446
12422
12421
12407
12410
12440
12531
12483
12498
12344
12511
12551
12504
12478
12505
12554
12554
12526
12538
12541
12535
12545
12552
12548
12548
12552
12554
12558
12558
12558
12558
12546
12553
12558
12558
12558
12558
12558
12647
12688
12688
12688
12675
12673
12649
12655
12665
12665
12671
12647
12640
12643
12642
12642
12653
12684
12702
12645
12650
12778
12815
12808
12702
12753
12622
12622
12622
12622
12622
12622
12622
12622
12622
12622
12622
12620
12620
12620
12620
12619
12640
12780
12780
12809
12809
12809
12809
12815
12815
12815
12815
12815
12815
12867
12831
12829
12851
12864
12826
12856
12903
12971
12972
12972
12967
13038
13079
13048
13063
13082
13082
13082
13082
13088
13082
13121
13147
13158
13182
13205
13161
13106
13128
13211
13182
13180
13216
13214
13216
13216
13141
13218
13178
13219
13197
13079
13041
13016
13064
13100
13102
13111
13120
13120
13102
13102
13086
13092
13070
13066
13051
13028
13034
13029
13027
13025
13030
13027
13024
13096
13214
13182
13214
13201
13213
13020
13021
13019
13012
13024
13001
13020
13023
13030
13157
13193
13138
13174
13147
13100
13084
13083
13097
13057
13097
13101
13113
13105
13094
13096
13118
13121
13100
13048
13032
13038
13085
13178
13175
13100
13010
13031
12988
13041
13037
12988
12986
12985
13039
12983
12983
12969
13000
13036
13023
13000
13035
13137
13189
13162
13201
13128
13164
13150
13094
13182
13188
13163
13081
13169
13212
13221
13221
13221
13221
13221
13221
13221
13221
13221
13221
13221
13221
13227
13227
13233
13233
13227
13227
13317
13316
13278
13302
13372
13373
13396
13417
13418
13418
13436
13442
13448
13448
13411
13445
13480
13450
13447
13511
13511
13514
13496
13503
13520
13524
13531
13534
13561
13569
13607
13607
13601
13587
13542
13513
13468
13514
13573
13479
13610
13611
13611
13611
13556
13477
13561
13518
13496
13418
13444
13428
13430
13439
13432
13606
13567
13584
13459
13405
13427
13489
13499
13493
13492
13501
13452
13476
13480
13478
13481
13471
13485
13499
13527
13595
13563
13587
13596
13596
13610
13610
13561
13576
13580
13495
13535
13599
13598
13598
13593
13552
13536
13588
13590
13590
13604
13599
13604
13596
13594
13594
13594
13600
13677
13666
13723
13746
13746
13746
13746
13746
13746
13764
13749
13807
13778
13808
13806
13890
13909
13903
13890
13914
13998
14004
14006
14006
13973
13948
13820
13799
13786
13817
13805
13958
13830
13810
13808
13808
13808
13808
13808
13808
13806
13806
13806
13806
13806
13806
13811
13811
13811
13811
13811
13811
13811
13811
13811
13811
13811
13811
14006
14006
13865
14006
14006
14006
14006
14006
14006
14006
14006
14006
14023
14024
14024
14024
14024
14024
14024
14024
14024
14024
14024
14024
14019
14019
14019
14019
14019
14019
14019
14019
14019
14019
14019
14019
14019
14019
14019
13998
13988
13993
14009
13927
13885
13904
14004
13986
13976
14001
14004
13969
13962
13963
13960
13946
13981
14010
14011
14009
14019
14016
14020
14019
13985
13967
13959
13962
14016
13972
14012
14015
14024
14024
14024
14024
13923
13978
14021
13992
13979
13947
13948
13823
13825
13829
13817
13817
13816
13777
13929
13950
13952
13827
13839
13980
13974
13963
13923
13931
13967
13990
14016
14016
14016
14016
14016
14016
14024
14024
14024
14024
14024
14024
14024
14024
14024
14024
14025
14024
14023
14023
14023
14023
14023
14023
14023
14023
14023
14023
14023
14023
14015
14001
13984
14014
13980
13922
13929
13766
13812
13822
13828
13832
13835
13829
13830
13828
13825
13828
13828
13828
13835
13847
13839
13819
13824
13974
13926
13919
13767
13826
13855
13895
13895
13873
13873
13869
13881
13881
13879
13879
13872
13987
13968
14010
14010
14010
14011
14011
14011
13943
13864
13848
13842
13828
13810
13895
13895
13823
13808
13856
13940
13868
13870
13935
13924
13956
13907
13930
13812
13812
13812
13812
13813
13813
13813
13813
13813
13813
13813
13813
13813
13813
13906
13914
13950
13950
13950
13950
13950
13950
13950
13950
13950
13950
13950
13950
13951
13951
13951
13951
13951
13951
13951
13951
13951
13951
13951
13951
13812
13812
13812
13812
13812
14006
14005
13992
13992
13969
13993
13870
13812
13837
13877
13906
14004
13994
14004
14004
14004
14004
14006
14006
14002
14003
14003
14002
14002
14002
14002
14002
14002
14002
14002
14030
14049
14050
14050
14050
14050
14047
14007
14026
14007
14007
14019
14019
14017
14030
14034
14048
14048
14048
14048
14048
14038
14006
14006
14030
14033
14034
14034
14034
14026
14010
14010
14010
14010
14010
14010
14010
14009
14008
14008
14008
14008
14008
14008
14008
14008
14032
14035
14015
14008
14082
14094
14095
14095
14095
14095
14095
14095
14095
14095
14095
14096
14096
14096
14130
14166
14199
14234
14257
14283
14302
14290
14349
14362
14369
14369
14369
14369
14369
14357
14346
14347
14301
14368
14366
14340
14340
14279
14345
14283
14246
14248
14249
14246
14248
14249
14251
14255
14254
14254
14254
14254
14251
14252
14254
14250
14250
14254
14252
14307
14313
14349
14334
14324
14322
14319
14319
14321
14321
14321
14327
14350
14339
14336
14340
14341
14338
14332
14265
14243
14244
14338
14338
14309
14329
14360
14360
14265
14265
14363
14363
14363
14364
14364
14364
14368
14368
14368
14357
14357
14374
14391
14376
14370
14368
14381
14397
14372
14476
14421
14415
14412
14442
14450
14448
14450
14454
14453
14462
14465
14470
14459
14439
14421
14426
14453
14455
14456
14456
14456
14456
14458
14475
14556
14501
14475
14504
14594
14595
14547
14525
14595
14595
14599
14600
14600
14600
14600
14600
14600
14600
14600
14600
14595
14529
14599
14600
14569
14603
14408
14408
14408
14408
14408
14408
14408
14408
14400
14400
14400
14401
14401
14401
14401
14401
14401
14401
14401
14401
14402
14403
14403
14403
14403
14403
14578
14595
14593
14593
14593
14593
14589
14590
14590
14590
14590
14590
14590
14590
14590
14652
14621
14607
14624
14646
14643
14636
14661
14623
14771
14747
14774
14763
14740
14774
14782
14783
14757
14761
14772
14733
14755
14753
14752
14761
14779
14780
14778
14764
14829
14853
14809
14828
14875
14878
14884
14884
14869
14889
14916
14926
14926
14940
14960
14951
14951
14840
14915
14911
14911
14987
14993
14994
14992
14849
14874
14975
14973
14954
14935
14897
14885
14851
14869
14866
14986
14743
14986
14986
14961
14940
14929
14960
14942
14914
14856
14771
14806
14764
14925
14865
14916
14957
14989
14989
14946
14916
14911
15002
14971
14885
14818
14789
14771
14820
14822
14747
14771
14776
14762
14763
14808
14814
14812
14824
14825
14826
14827
14826
14826
14825
14744
14819
14818
14820
15004
15000
14924
14887
14922
14889
14816
14822
14803
14805
14828
14797
14824
14819
14814
14796
14795
14875
14875
14778
14895
15014
14896
15015
15015
15015
15015
14956
14967
14967
14978
14998
15002
15003
14990
14988
14988
14964
15004
15003
15003
15105
15127
15045
15103
15165
15151
15152
15152
15154
15216
15164
15176
15238
15269
15292
15291
15264
15288
15318
15293
15352
15360
15354
15354
15360
15355
15360
15372
15406
15387
15403
15435
15429
15437
15440
15428
15431
15434
15472
15525
15498
15542
15542
15542
15542
15543
15551
15542
15609
15562
15613
15618
15652
15672
15683
15689
15683
15683
15768
15768
15787
15787
15787
15786
15787
15787
15786
15786
15786
15786
15740
15787
15787
15787
15787
15786
15787
15787
15787
15787
15787
15787
15780
15771
15771
15807
15800
15824
15815
15800
15800
15802
15828
15864
15893
15919
15965
16002
16051
16088
16145
16182
16202
16234
16257
16288
16313
16325
16345
16363
16367
16378
16410
16386
16459
16459
16459
16459
16459
16459
16391
16379
16348
16414
16405
16425
16396
16456
16454
16454
16454
16454
16454
16454
16454
16454
16455
16455
16455
16455
16386
16386
16386
16386
16413
16385
16389
16495
16549
16542
16556
16558
16566
16562
16559
16612
16495
16610
16569
16537
16421
16412
16356
16436
16497
16468
16472
16461
16457
16431
16497
16386
16441
16486
16574
16584
16566
16572
16574
16574
16599
16577
16572
16570
16568
16552
16508
16545
16541
16546
16486
16498
16586
16627
16671
16687
16524
16532
16510
16514
16520
16524
16514
16519
16495
16528
16625
16691
16655
16636
16645
16630
16612
16587
16612
16627
16639
16630
16595
16604
16598
16639
16639
16593
16593
16584
16573
16506
16473
16565
16585
16524
16529
16515
16532
16518
16630
16701
16721
16628
16499
16527
16515
16531
16529
16607
16597
16558
16525
16540
16573
16605
16575
16568
16579
16622
16614
16626
16592
16597
16561
16561
16533
16523
16522
16530
16577
16682
16682
16706
16666
16666
16666
16689
16678
16675
16662
16719
16719
16707
16648
16596
16647
16707
16658
16671
16662
16628
16636
16644
16672
16718
16704
16696
16706
16680
16647
16647
16642
16639
16628
16636
16638
16627
16627
16599
16599
16599
16599
16599
16582
16587
16593
16593
16640
16633
16640
16609
16588
16636
16626
16600
16615
16631
16657
16631
16648
16609
16656
16714
16714
16653
16635
16621
16577
16705
16677
16642
16639
16671
16575
16617
16599
16593
16607
16655
16588
16612
16622
16677
16647
16648
16696
16683
16636
16659
16642
16645
16701
16723
16717
16661
16685
16520
16520
16520
16520
16520
16520
16520
16520
16520
16520
16520
16520
16516
16516
16516
16516
16516
16516
16516
16516
16709
16709
16641
16589
16600
16600
16633
16633
16599
16674
16676
16611
16662
16641
16614
16590
16644
16603
16614
16596
16636
16700
16639
16627
16694
16710
16627
16699
16721
16720
16720
16720
16720
16701
16721
16721
16721
16721
16721
16716
16711
16635
16627
16644
16678
16623
16598
16543
16551
16557
16576
16569
16584
16571
16556
16592
16586
16605
16719
16727
16673
16666
16773
16792
16799
16778
16723
16726
16744
16832
16808
16749
16790
16902
16819
16819
16825
16832
16860
16823
16823
16844
16786
16823
16802
16839
16849
16849
17041
17040
17040
17040
17040
16985
17040
17040
17053
17039
17074
17165
17142
17074
17083
17074
17099
17074
17074
17171
17162
17155
17159
17175
17205
17201
17218
17178
17200
17242
17328
17329
17342
17355
17367
17367
17372
17382
17382
17396
17410
17410
17372
17372
17378
17378
17499
17499
17500
17500
17500
17500
17500
17500
17500
17500
17500
17500
17500
17500
17502
17246
17301
17497
17497
17497
17347
17338
17392
17426
17456
17349
17418
17463
17390
17391
17499
17499
17499
17499
17499
17499
17499
17499
17501
17501
17501
17501
17501
17501
17501
17501
17501
17501
17501
17501
17501
17501
17501
17501
17501
17501
17501
17501
17501
17501
17501
17501
17501
17501
17499
17503
17499
17499
17557
17556
17556
17556
17556
17556
17550
17549
17549
17549
17549
17549
17549
17549
17549
17553
17656
17756
17739
17791
17821
17821
17818
17816
17817
17799
17797
17846
17820
17820
17887
17969
17956
17895
17923
17959
17967
17967
17967
17924
17923
17924
17925
17969
18015
17896
17920
18004
18070
17984
17983
18092
18092
18092
18065
18091
18078
18047
18052
18005
18020
18027
18030
18020
18054
18087
18098
17900
17900
17900
17900
17900
17900
17900
17900
17900
17900
17900
17897
17897
17897
17897
17897
17897
17897
17897
17897
17897
17897
17897
17897
17897
17897
17897
17897
17897
18073
18090
18090
18090
18090
18090
18094
18094
18094
18094
18094
18143
18125
18125
18140
18141
18128
18132
18200
18251
18251
18281
18297
18303
18305
18336
18336
18336
18331
18342
18395
18394
18393
18370
18435
18437
18436
18437
18430
18430
18437
18437
18505
18467
18465
18506
18534
18562
18584
18600
18600
18582
18621
18610
18600
18652
18652
18654
18666
18659
18663
18681
18703
18662
18758
18758
18761
18761
18753
18747
18755
18762
18813
18783
18814
18848
18849
18849
18858
18858
18858
18858
18858
18858
18757
18856
18657
18657
18657
18657
18652
18651
18651
18651
18651
18651
18651
18651
18651
18765
18848
18807
18850
18850
18848
18841
18843
18765
18779
18726
18849
18849
18849
18782
18765
18801
18849
18848
18849
18849
18848
18848
18848
18848
18888
18888
18892
18892
18892
18892
18892
18892
18892
18892
18939
18897
18924
18937
18969
18903
18904
19043
19037
19049
19066
19066
19074
19118
19103
19095
19170
19171
19171
19171
19184
19182
19207
19228
19242
19221
19260
19244
19273
19271
19278
19370
19303
19324
19357
19346
19453
19397
19465
19505
19528
19533
19529
19551
19582
19534
19572
19612
19608
19599
19607
19607
19618
19635
19698
19656
19729
19729
19684
19681
19707
19710
19708
19795
19857
19766
19761
19724
19723
19705
19705
19793
19869
19861
19870
19870
19872
19872
19872
19692
19675
19675
19675
19675
19675
19675
19675
19675
19671
19671
19671
19671
19671
19671
19671
19671
19671
19671
19671
19858
19777
19849
19839
19789
19823
19862
19845
19866
19758
19669
19668
19668
19674
19674
19674
19847
19758
19776
19775
19779
19746
19736
19840
19827
19842
19848
19832
19949
19986
19953
19950
19998
19868
19925
19955
19937
19997
19997
19996
20002
19994
20002
20007
20078
20166
20149
20167
20168
20165
20165
20165
20165
20165
20165
20179
20206
20226
20253
20325
20273
20286
20326
20338
20372
20344
20330
20408
20418
20433
20433
20433
20462
20467
20467
20467
20467
20467
20467
20467
20467
20467
20467
20467
20467
20464
20464
20464
20464
20464
20464
20464
20464
20464
20464
20434
20394
20438
20453
20469
20469
20468
20468
20468
20468
20468
20468
20468
20468
20465
20465
20451
20430
20436
20431
20409
20410
20412
20409
20427
20433
20424
20421
20417
20417
20420
20412
20414
20411
20420
20423
20406
20387
20388
20388
20419
20419
20377
20371
20387
20385
20374
20348
20343
20384
20427
20415
20411
20422
20415
20408
20428
20435
20394
20415
20419
20446
20470
20470
20470
20470
20470
20470
20470
20464
20469
20467
20460
20461
20451
20439
20439
20444
20453
20467
20467
20467
20467
20467
20467
20467
20465
20465
20465
20465
20465
20465
20465
20465
20465
20465
20465
20464
20424
20424
20383
20432
20411
20409
20347
20403
20432
20409
20440
20421
20270
20361
20404
20365
20385
20385
20395
20387
20289
20289
20367
20367
20383
20320
20320
20344
20308
20292
20295
20382
20376
20380
20380
20379
20363
20330
20314
20289
20287
20287
20306
20353
20378
20379
20323
20359
20366
20394
20363
20358
20387
20413
20434
20433
20446
20468
20468
20468
20464
20464
20464
20464
20464
20464
20464
20464
20464
20464
20464
20464
20457
20448
20457
20451
20454
20445
20434
20453
20456
20451
20451
20456
20466
20467
20467
20467
20467
20467
20467
20467
20467
20467
20467
20467
20466
20466
20466
20466
20466
20466
20466
20466
20466
20466
20466
20466
20469
20469
20433
20378
20373
20468
20458
20375
20340
20421
20469
20447
20427
20432
20427
20431
20369
20333
20317
20326
20326
20326
20326
20315
20296
20296
20362
20317
20425
20402
20374
20392
20338
20306
20371
20447
20473
20472
20472
20472
20472
20472
20472
20472
20472
20472
20472
20472
20469
20469
20469
20469
20469
20469
20469
20469
20469
20469
20469
20469
20469
20469
20469
20469
20469
20469
20469
20469
20469
20469
20469
20469
20469
20469
20469
20469
20469
20469
20469
20469
20469
20469
20469
20469
20468
20468
20468
20468
20468
20468
20468
20468
20468
20468
20468
20468
20470
20469
20469
20469
20327
20372
20471
20457
20322
20436
20440
20406
20398
20447
20397
20332
20406
20376
20382
20349
20406
20465
20362
20338
20333
20466
20412
20368
20448
20445
20457
20472
20472
20373
20471
20274
20272
20272
20272
20272
20272
20272
20272
20272
20272
20271
20271
20271
20272
20272
20272
20272
20272
20272
20272
20272
20272
20272
20465
20352
20469
20468
20468
20466
20428
20419
20396
20468
20468
20468
20468
20468
20471
20471
20471
20471
20471
20471
20471
20471
20471
20461
20470
20470
20468
20468
20468
20468
20468
20468
20468
20468
20468
20505
20504
20504
20507
20507
20507
20507
20507
20507
20507
20507
20507
20507
20507
20507
20508
20508
20508
20508
20508
20508
20536
20571
20656
20674
20647
20696
20735
20734
20700
20647
20734
20710
20649
20732
20732
20731
20720
20722
20732
20732
20732
20743
20733
20732
20757
20846
20846
20846
20842
20846
20851
20851
20851
20846
20855
20841
20853
20881
20881
20858
20858
20925
20924
20924
20868
20922
20744
20858
20849
20831
20817
20816
20901
20852
20723
20796
20762
20808
20899
20870
20922
20923
20923
20923
20923
20923
20930
20929
20929
20929
20929
20929
20929
20929
20929
20929
20929
20929
20926
20926
20926
20926
20926
20926
20926
20926
20926
20926
20950
20931
20948
20948
21030
21032
21029
20976
21010
21103
21103
21072
21103
21102
21031
20990
21066
21065
21051
21011
21003
20994
20998
21051
21060
21033
20995
21037
21049
21042
21020
20999
21038
21038
21028
21029
21047
20967
20996
20949
20935
21046
21064
21041
20997
20997
21025
21082
21044
20945
21043
21076
21021
21026
21025
21081
21098
21045
21105
20977
20913
20913
20914
20914
20914
20914
20914
20914
20914
20914
20914
20914
21110
20914
20922
21115
21028
21028
21040
21082
21111
21032
21109
21023
21108
21108
21112
21112
21112
21111
21112
21112
21112
21112
21112
21134
21126
21119
21146
21148
21179
21156
21127
21259
21253
21198
21296
21288
21269
21330
21324
21321
21324
21324
21327
21329
21329
21334
21334
21357
21363
21373
21379
21382
21430
21412
21390
21416
21413
21413
21450
21451
21474
21502
21529
21533
21531
21463
21498
21522
21544
21578
21563
21516
21576
21582
21581
21603
21599
21614
21621
21622
21632
21708
21670
21690
21676
21692
21736
21735
21735
21735
21728
21736
21736
21736
21736
21727
21726
21736
21733
21733
21733
21733
21733
21725
21733
21733
21695
21695
21763
21754
21734
21567
21566
21566
21566
21566
21566
21566
21566
21566
21566
21566
21565
21565
21565
21565
21565
21565
21565
21565
21565
21565
21565
21565
21565
21565
21565
21565
21565
21565
21565
21565
21565
21565
21739
21636
21764
21755
21758
21763
21763
21763
21763
21763
21763
21763
21763
21763
21760
21766
21781
21769
21790
21800
21782
21821
21804
21881
21876
21906
21941
21905
21945
21973
21975
21973
22006
22039
22039
22039
22039
22039
22044
22044
22044
22044
22044
22044
22044
22044
22044
22036
22019
22014
21993
21993
21995
22042
22049
22053
22054
22049
22045
22045
22079
22080
22074
22092
22092
22092
22111
22111
22121
22170
22206
22193
22193
22206
22192
22162
22162
22163
22165
22161
22180
22215
22220
22224
22222
22183
22229
22218
22220
22261
22264
22264
22262
22231
22261
22260
22261
22273
22284
22267
22288
22304
22313
22314
22254
22396
22347
22398
22398
22398
22397
22397
22397
22330
22280
22398
22398
22398
22381
22398
22398
22398
22401
22400
22400
22400
22400
22400
22400
22355
22400
22400
22400
22249
22259
22259
22259
22245
22284
22329
22321
22325
22329
22329
22323
22316
22309
22309
22309
22310
22310
22330
22324
22337
22328
22317
22312
22297
22278
22262
22264
22257
22250
22250
22250
22250
22253
22253
22251
22253
22253
22253
22267
22261
22261
22254
22254
22266
22252
22259
22262
22252
22310
22328
22354
22320
22398
22323
22337
22350
22299
22249
22258
22313
22313
22315
22329
22327
22317
22326
22213
22346
22360
22354
22331
22347
22289
22342
22286
22239
22292
22287
22317
22327
22341
22346
22347
22348
22319
22419
22433
22441
22449
22410
22360
22379
22380
22390
22409
22398
22400
22400
22426
22428
22315
22472
22501
22447
22511
22516
22516
22516
22431
22425
22527
22527
22446
22524
22524
22327
22327
22327
22327
22327
22328
22328
22328
22328
22328
22328
22328
22328
22328
22328
22328
22328
22328
22328
22328
22522
22521
22463
22516
22517
22517
22517
22517
22517
22525
22525
22525
22525
22525
22525
22525
22525
22525
22525
22525
22525
22525
22525
22572
22572
22572
22572
22486
22573
22574
22574
22574
22573
22556
22569
22569
22569
22539
22569
22567
22533
22508
22438
22461
22454
22463
22507
22506
22449
22481
22394
22490
22466
22467
22450
22457
22488
22446
22436
22454
22428
22492
22518
22487
22464
22471
22444
22485
22443
22443
22474
22569
22569
22569
22549
22569
22569
22566
22570
22540
22527
22540
22523
22506
22465
22496
22570
22562
22484
22480
22522
22522
22480
22392
22388
22387
22443
22439
22397
22540
22481
22457
22503
22498
22378
22441
22431
22502
22473
22481
22564
22566
22566
22566
22484
22481
22520
22549
22565
22565
22565
22465
22476
22464
22464
22522
22517
22512
22512
22566
22566
22566
22566
22566
22567
22547
22547
22547
22566
22565
22565
22564
22564
22529
22455
22522
22566
22566
22566
22566
22566
22566
22369
22375
22374
22374
22374
22374
22374
22374
22374
22374
22374
22374
22374
22373
22373
22373
22373
22373
22373
22373
22373
22373
22373
22373
22373
22372
22372
22372
22353
22359
22359
22355
22354
22337
22335
22342
22247
22309
22309
22211
22222
21210
21220
17751
17758
15644
15647
14543
14543
12631
12301
12301
11617
11620
11217
11216
10976
10975
10756
10754
10755
10896
10896
10896
10896
10896
10896
10896
10896
10896
10896
10896
10896
10892
10892
10892
10892
10892
10892
10892
10892
10892
10892
10892
10892
10893
10893
10893
10893
10893
10893
10893
10893
10893
10893
10893
10893
10892
10892
10892
10892
10892
10892
10892
10892
10892
10892
10892
10892
10892
10892
10892
10892
10892
10892
10892
10892
10892
10892
10892
10892
10894
10895
10895
10895
10895
10895
10895
10895
10895
10895
10895
10895
10894
10894
10894
10894
10894
10894
10894
10894
10894
10894
10894
10894
10894
10894
10894
10894
10894
10894
10894
10894
10894
10894
10894
10894
10894
10894
10894
10894
10894
10894
10894
10894
10894
10894
10894
10894
10894
10894
10894
10894
10894
10894
10894
10894
10894
10894
10894
10894
10916
10916
10916
10916
10916
10916
10916
10916
10916
10916
11230
11230
11230
11230
11230
11230
11230
11230
11230
11230
11230
11230
11230
11230
11230
11230
11230
11230
11230
11230
11230
11230
11230
11230
11230
11230
11230
11230
11230
11230
11230
11243
11230
11230
11267
11287
10990
10986
10985
11283
11283
11283
11283
11283
11283
11283
11283
11283
11283
11283
11287
11287
11284
11260
11260
11233
11211
11236
11250
11285
11284
11284
11287
11287
11287
11287
11287
11232
11286
10969
10969
10969
10969
10969
10971
11285
11285
11227
11283
11287
11285
11285
11285
11285
11285
11285
11289
11289
11303
11289
11348
11347
11347
11347
11347
11347
11347
11347
11348
11348
11348
11348
11348
11348
11348
11348
11348
11348
11367
11419
11453
11519
11599
11632
11617
11648
11698
11699
11699
11699
11699
11699
11698
11701
11714
11713
11701
11701
11701
11741
11741
11814
11814
11795
11811
11836
11836
11836
11836
11836
11845
11838
11807
11815
11834
11851
11870
11871
11803
11833
11893
11962
11665
11645
11645
11643
11644
11644
11643
11643
11643
11643
11643
11643
11643
11643
11643
11643
11643
11643
11641
11641
11641
11641
11641
11641
11641
11641
11641
11641
11641
11641
11642
11642
11642
11642
11642
11642
11642
11642
11642
11642
11642
11642
11642
11642
11642
11642
11642
11642
11956
11955
11955
11955
11955
11955
11960
11960
11960
11960
11960
11960
11960
11960
11960
11960
11960
11960
11959
11959
11959
11959
11959
11959
11959
11959
11959
11959
11959
11959
11958
11958
11958
11958
11958
11958
11958
11958
11958
11958
11959
11959
11963
11963
11963
11963
11963
11963
11963
11963
11963
11963
11963
11963
11966
11966
11966
11966
11966
11966
11966
11966
11966
11966
11966
11966
11966
11966
11966
11966
11966
11966
11966
11966
11966
11966
11966
11966
11966
11966
11966
11966
11966
11966
11966
11966
11966
11966
11966
11966
11966
11966
11966
11966
11966
11966
11966
11966
11966
11966
11966
11966
11965
11965
11965
11965
11965
11965
11965
11965
11965
11965
11965
11965
11965
11965
11965
11965
11965
11965
11965
11965
11965
11965
11965
11965
11965
11965
11965
11965
11965
11965
11965
11965
11965
11965
11965
11965
11965
11965
11965
11965
11965
11965
11965
11965
11965
11965
11965
11965
11968
11968
11968
11968
11968
11968
11968
11968
11968
11968
11968
11968
11967
11967
11967
11967
11967
11967
11967
11967
11967
11967
11967
11967
11967
11967
11967
11967
11967
11967
11967
11967
11967
11967
11967
11967
11967
11967
11967
11967
11967
11967
11967
11967
11967
11967
11967
11967
11967
11967
11967
11967
11967
11967
11967
11967
11967
11967
11967
11967
11968
11968
11968
11968
11968
11968
11968
11968
11968
11968
11968
11968
11967
11967
11967
11967
11967
11967
11967
11967
11967
11967
11967
11967
11967
11967
11967
11967
11967
11967
11967
11967
11967
11967
11967
11967
11967
11967
11967
11967
11967
11967
11967
11967
11967
11967
11967
11967
11967
11967
11967
11967
11967
11967
11967
11967
11967
11967
11967
11967
11969
11969
11969
11969
11969
11969
11969
11969
11969
11969
11969
11969
11966
11966
11966
11966
11966
11966
11966
11966
11967
11967
11967
11967
11962
11962
11962
11962
11962
11962
11962
11962
11962
11962
11962
11962
11964
11964
11964
11964
11964
11964
11964
11964
11964
11964
11964
11964
11965
11965
11965
11965
11965
11965
11965
11965
11966
11965
11965
11965
11963
11963
11963
11963
11963
11963
11963
11963
11963
11963
11963
11963
11962
11962
11962
11962
11962
11962
11962
11962
11962
11962
11962
11962
11963
11965
11963
11963
11963
11963
11963
11963
11963
11963
11963
11963
11963
11963
11963
11963
11963
11963
11963
11963
11963
11645
11645
11645
11644
11644
11644
11644
11644
11644
11644
11644
11742
11781
11781
11781
11788
11788
11788
11788
11788
11788
11788
11650
11650
11650
11650
11964
11966
11966
11966
11966
11966
11966
11966
11966
11966
11966
11966
11966
11965
11965
11965
11965
11965
11965
12017
12034
12030
12030
12057
12057
12142
12135
12133
12181
12234
12234
12234
12234
12234
12235
12235
12235
12235
12235
12235
12235
12235
12235
12235
12235
12235
12235
12235
12235
12235
12235
12235
12235
12235
12235
12235
12235
12235
12235
12235
12235
12212
12150
12233
12204
12150
12234
12233
12233
11915
11915
11915
11915
11915
11915
11915
11915
11915
11915
11915
11915
11915
11915
11915
11915
11914
11914
11914
11914
11914
11914
11914
11914
11914
11914
11914
11914
11914
11914
11914
11914
11914
11914
11914
11914
11914
11914
11914
12228
12234
12209
12152
12146
12191
12208
12215
12217
12182
12110
12121
12113
12114
12114
12190
12196
12203
12203
12224
12220
12184
12148
12187
12223
12231
12231
12231
12231
12217
12188
12140
12162
12216
12223
12218
12203
12200
12184
12183
12183
12179
12183
12183
12172
12137
12055
12111
12130
12120
12212
12197
12170
12184
12183
12138
12138
12123
12112
12124
12134
12136
12136
12136
12136
12136
12136
12136
12136
12136
12136
12136
12136
12133
12133
12133
12133
12133
12133
12133
12133
12133
12133
12133
12133
12133
12133
12133
12133
12133
12133
12133
12133
12133
12133
12133
12133
12133
12133
12133
12133
12133
12133
12133
12133
12133
12212
12212
12212
12212
12212
12212
12212
12212
12212
12212
12212
12212
12212
12212
12212
12217
12217
12217
12217
12217
12217
12217
12217
12217
12217
12217
12217
12215
12215
12215
12215
12215
12215
12215
12215
12215
12215
12215
12215
12215
12215
12215
12215
12215
12215
12215
12215
12215
12215
12215
12215
12215
12215
12215
12215
12215
12215
12215
12215
12215
12215
12215
12215
12215
12215
12215
12215
12215
12215
12215
12215
12215
12215
12215
12215
12216
12216
12216
12216
12216
12216
12216
12216
12216
12216
12216
12216
12215
12215
12215
12215
12215
12215
12215
12215
12215
12215
12215
12215
12215
12215
12215
12215
12215
12215
12215
12215
12215
12215
12215
12215
12215
12215
11897
11897
11897
11897
11897
11897
11897
11897
11897
11897
11897
11897
11897
11897
11897
11897
11897
11897
11897
11897
11897
11897
11898
11898
11898
11898
11898
11898
11898
11898
11898
11898
11898
11898
11897
11897
11897
11897
11897
11897
11897
11897
11897
11897
11897
11897
11897
11897
11897
11897
11897
11897
11897
11897
11897
11897
11897
11897
11897
11897
11897
11897
11898
11898
11898
11898
11898
11898
11898
11898
11898
11898
11898
11898
11898
11898
11898
11898
11898
11898
11898
11898
12126
12217
12217
12217
12217
12217
12217
12217
12217
12217
12217
12217
12217
12217
12217
12217
12217
12217
12217
12217
12217
12223
12223
12217
12218
12248
12249
12249
12249
12249
12249
12249
12249
12249
12249
12249
12248
12248
12248
12248
12248
12248
12283
12283
12283
12283
12283
12283
12283
12283
12283
12283
12283
12283
12283
12283
12283
12283
12330
12367
12414
12469
12512
12531
12528
12534
12594
12594
12594
12594
12594
12594
12594
12594
12594
12567
12594
12594
12594
12593
12594
12594
12594
12594
12592
12592
12592
12592
12592
12592
12592
12592
12592
12592
12592
12592
12592
12592
12592
12592
12592
12592
12592
12592
12592
12592
12592
12592
12591
12591
12591
12591
12591
12591
12591
12591
12591
12591
12591
12591
12647
12724
12724
12724
12649
12646
12704
12714
12716
12716
12709
12704
12701
12709
12716
12722
12722
12722
12719
12709
12721
12721
12721
12721
12720
12720
12720
12725
12744
12731
12732
12720
12711
12711
12725
12746
12737
12753
12779
12851
12788
12726
12839
12858
12858
12857
12857
12857
12858
12858
12858
12858
12858
12858
12858
12858
12858
12858
12858
12858
12856
12856
12856
12856
12856
12856
12856
12856
12856
12856
12856
12856
12854
12854
12898
12898
12899
12906
12906
12916
12953
12980
12994
13004
13010
13006
13038
12987
13063
13104
13104
13104
13087
13104
13103
13103
13105
13105
13105
13105
13105
13105
13105
13105
13105
13105
13105
13105
13105
13105
13106
13106
13106
13106
13106
13106
13106
13106
13106
13106
12947
12807
12790
12790
12790
12790
12790
12790
12790
12790
12790
12790
12788
12788
12788
12788
12788
12788
12788
12788
12788
12788
12788
12788
12789
12789
12789
12789
12789
12789
12789
12789
12789
12789
12789
12789
12789
12789
12789
12789
12789
12789
12789
12789
12789
12789
12789
12789
12789
12789
12789
12789
12789
12789
13102
13102
13102
13102
13102
13102
13106
13106
13106
13106
13106
13106
13106
13106
13106
13106
13106
13106
13104
13104
13104
13104
13104
13104
13104
13104
13104
13104
13104
13104
13104
13104
13104
13104
13104
13104
13104
13104
13104
13104
13104
13104
13104
13104
13104
13104
13104
13104
13104
13104
13104
13104
13104
13104
13104
13104
13104
13104
13104
13104
13104
13104
13104
13104
13104
13104
13106
13106
13106
13106
13106
13106
13106
13106
13106
13106
13106
13106
13104
13104
13104
13104
13104
13104
12999
13104
13104
13104
13104
13104
13103
13103
13103
13103
13103
13103
13103
13103
13103
13103
13103
13103
13104
13104
13104
13104
13104
13104
13104
13104
13104
13104
13104
13104
13104
13104
13104
13104
13104
13104
13104
13104
13104
13104
13104
13104
13105
13105
13105
13105
13105
13105
13105
13105
13105
13105
13105
13105
13104
13104
13104
13104
13104
13104
13104
13104
13104
13104
13104
13104
13104
13104
13104
13104
13104
13104
13104
13104
13104
13104
13104
13104
13104
13104
13104
13104
13104
13104
13104
13107
13104
13104
13104
13104
13105
13105
13105
13106
13106
13106
13106
13106
13106
13106
13106
13106
13111
13111
13111
13111
13111
13111
13111
13111
13111
13111
13111
13111
13110
13110
13110
13110
13110
13110
13110
13110
13110
13110
13110
13110
13109
13109
13109
13109
13109
13109
13109
13109
13109
13109
13109
13109
13109
13109
13109
13109
13109
13109
13109
13109
13109
13109
13109
13109
13109
13109
13061
13108
13106
13071
13105
13105
13098
13081
13011
13105
13107
12980
12980
12980
13106
13105
13066
13107
13106
13106
13106
13106
13108
13108
13108
13108
13108
13108
13108
13108
13109
13110
13108
13108
13108
13109
13108
13108
13109
13109
13108
13108
13108
13108
13108
13108
13107
13107
13107
13107
13107
13107
13107
13107
13108
13107
13107
13107
13108
13108
13108
13108
13108
13108
13108
13108
13109
13109
13109
13109
13106
13106
13106
13106
13106
13106
13106
13106
13106
13106
13106
13106
13107
13107
13107
13107
13107
13107
13107
13107
13107
13107
13107
13107
13107
13107
13107
13107
13107
13107
13107
13107
13082
13021
13086
13067
13071
13082
13075
13096
13071
13078
13103
13084
13107
13109
13037
13029
13109
13109
13109
13109
13109
13109
13109
13109
13109
13109
13110
13110
13108
13108
13108
13077
13101
13107
13107
13107
13107
13107
13107
13107
13017
13110
13110
13110
13110
13110
13110
13095
13095
13110
13110
13110
13110
13110
13110
13110
13110
13110
13079
13110
13110
13110
13110
13110
13109
13108
13108
13109
13109
13109
13108
13108
13108
13108
13108
13108
13108
13108
13108
13108
13108
13108
13108
13108
13108
13108
13108
13108
12989
13088
13095
13108
13108
13057
12987
12978
13097
13106
13108
13108
13106
13106
13106
13107
13107
13107
13107
13107
13107
13107
13107
13107
13108
13108
13108
13108
13108
13108
13108
13108
13108
13108
13108
13108
13108
13021
13106
13106
13106
13106
13106
13106
13106
13106
13106
12967
13110
13102
13029
13109
13109
13109
13110
13110
13110
13110
13109
13109
13108
13108
13108
13108
13108
13108
13108
13108
13108
13108
13108
13108
13096
13069
13107
13106
13106
13106
13106
13106
13106
13106
13106
13106
13107
13107
13065
12989
12983
12983
12973
12959
12928
12911
12979
12981
12979
12979
12979
12977
12977
12977
12953
12918
12920
12936
12978
12978
12978
12972
12917
12927
12944
12963
12966
12934
12915
12933
12978
12989
12990
12993
13051
13107
13108
13108
13107
13107
13107
13107
13107
13107
13109
13109
13109
13109
13109
13109
13109
13109
13109
13109
13109
13109
13108
13108
13108
13108
13035
13107
13106
12965
12787
12787
12787
12787
12790
12790
12790
12790
12790
12790
12790
12790
12790
12790
12790
13037
13103
13109
13109
13109
13109
13109
13109
13109
13109
13109
13109
13109
13109
13109
13109
13109
13109
13109
13109
13124
13192
13228
13287
13359
13404
13431
13481
13511
13529
13541
13551
13565
13566
13607
13649
13693
13696
13696
13696
13696
13617
13617
13698
13698
13698
13698
13697
13697
13699
13699
13698
13698
13698
13698
13699
13699
13698
13698
13698
13698
13699
13699
13699
13699
13699
13699
13699
13699
13699
13699
13699
13699
13697
13697
13697
13697
13697
13697
13697
13697
13698
13697
13697
13697
13695
13695
13695
13695
13694
13694
13694
13694
13696
13696
13696
13696
13698
13698
13698
13698
13698
13698
13698
13698
13698
13698
13698
13698
13699
13699
13699
13699
13699
13699
13699
13699
13699
13699
13699
13699
13700
13700
13700
13700
13700
13700
13700
13700
13700
13700
13700
13700
13699
13699
13699
13699
13699
13699
13699
13699
13699
13699
13699
13699
13699
13699
13699
13699
13699
13699
13699
13699
13699
13699
13699
13699
13699
13699
13699
13699
13699
13699
13699
13699
13699
13699
13699
13699
13699
13699
13699
13699
13700
13700
13700
13700
13700
13700
13700
13699
13699
13699
13699
13699
13700
13699
13699
13699
13699
13699
13699
13699
13699
13699
13699
13699
13699
13699
13699
13699
13699
13699
13699
13699
13700
13700
13700
13700
13700
13700
13700
13700
13700
13700
13700
13700
13700
13700
13700
13700
13700
13700
13700
13700
13700
13664
13615
13698
13698
13698
13698
13698
13699
13699
13699
13699
13698
13699
13699
13699
13701
13701
13701
13701
13701
13701
13701
13701
13701
13701
13701
13701
13703
13703
13704
13704
13704
13704
13704
13704
13704
13704
13704
13703
13701
13701
13701
13701
13701
13701
13701
13701
13702
13701
13701
13701
13701
13701
13701
13701
13701
13701
13701
13618
13700
13700
13700
13700
13702
13702
13702
13702
13702
13702
13702
13702
13702
13702
13702
13702
13702
13702
13702
13702
13703
13702
13702
13702
13702
13702
13702
13702
13704
13704
13704
13704
13704
13704
13704
13704
13704
13704
13704
13704
13703
13703
13703
13703
13703
13703
13703
13703
13703
13703
13703
13703
13703
13703
13703
13703
13703
13703
13705
13705
13705
13705
13705
13705
13701
13701
13701
13701
13701
13701
13701
13701
13701
13701
13701
13701
13702
13702
13702
13702
13702
13702
13702
13702
13702
13702
13702
13702
13701
13701
13701
13701
13701
13701
13701
13701
13701
13701
13701
13701
13701
13701
13699
13699
13699
13699
13699
13699
13699
13699
13699
13699
13701
13701
13701
13701
13701
13701
13701
13701
13701
13701
13701
13701
13701
13701
13701
13701
13701
13701
13701
13614
13700
13700
13700
13700
13701
13701
13701
13701
13701
13701
13701
13701
13701
13701
13701
13701
13701
13701
13701
13701
13701
13701
13701
13701
13701
13701
13701
13701
13700
13700
13700
13700
13700
13700
13700
13700
13700
13700
13700
13700
13700
13700
13700
13672
13691
13577
13673
13370
13510
13509
13522
13532
13569
13561
13559
13546
13549
13519
13507
13507
13506
13507
13509
13512
13507
13507
13507
13508
13509
13511
13511
13511
13511
13534
13546
13554
13554
13554
13572
13583
13585
13597
13580
13575
13578
13582
13595
13603
13622
13637
13634
13635
13632
13626
13611
13610
13617
13608
13608
13615
13619
13627
13630
13579
13685
13697
13695
13695
13694
13694
13694
13694
13699
13699
13699
13699
13667
13655
13700
13688
13688
13688
13699
13699
13698
13698
13698
13698
13698
13698
13698
13698
13698
13698
13698
13698
13695
13695
13695
13695
13695
13695
13695
13695
13695
13695
13695
13695
13695
13695
13695
13695
13695
13695
13695
13695
13695
13695
13695
13695
13695
13695
13695
13694
13694
13694
13694
13694
13694
13694
13694
13694
13696
13696
13695
13695
13697
13696
13696
13696
13696
13696
13696
13696
13700
13700
13700
13700
13612
13700
13587
13699
13699
13699
13545
13699
13668
13698
13698
13698
13698
13698
13698
13698
13605
13605
13697
13697
13700
13700
13700
13668
13607
13636
13700
13700
13700
13700
13700
13700
13702
13702
13702
13702
13702
13702
13703
13702
13702
13702
13702
13702
13701
13701
13701
13701
13701
13701
13701
13701
13701
13701
13701
13701
13701
13701
13701
13701
13701
13701
13701
13701
13701
13701
13701
13701
13702
13702
13702
13702
13702
13702
13702
13702
13702
13702
13702
13702
13701
13701
13701
13701
13701
13701
13701
13701
13700
13700
13700
13700
13700
13700
13700
13700
13700
13700
13700
13700
13700
13700
13700
13700
13700
13700
13700
13701
13700
13700
13700
13700
13700
13700
13700
13701
13700
13670
13664
13670
13700
13700
13700
13700
13700
13700
13700
13700
13699
13699
13699
13699
13699
13699
13699
13699
13699
13699
13699
13699
13382
13382
13382
13382
13382
13382
13382
13382
13382
13382
13382
13382
13382
13382
13382
13580
13579
13986
13985
14409
14414
15073
15069
16757
16802
18283
18290
18292
19498
19506
20152
20621
20620
20657
20660
20660
20740
20740
20740
20740
20740
20740
21457
21460
21460
21460
21460
21460
20745
20745
20745
20745
20745
20745
20745
20745
20745
20745
20745
20745
20746
20746
20746
20746
20971
20974
20973
20972
21062
21059
21059
21059
21065
21065
21065
21065
21065
21065
21065
21065
21065
21065
21065
21066
21066
21066
21066
21066
21066
20900
20752
20752
20752
20752
20752
20752
20753
20753
20753
20753
20753
20753
20753
20753
20753
20753
20753
20753
20748
20748
20748
20749
20749
20749
20749
21062
20967
21061
20916
21044
21058
21058
21058
21058
21058
21058
21058
21058
21058
21058
21058
21058
21054
21054
21054
21054
21054
21054
21054
21054
21054
21054
21054
21054
21054
21054
21054
21054
21054
21054
21054
21054
21054
21054
21054
21054
21054
21054
21054
21054
21054
21054
21054
21054
21054
21054
21054
21054
21051
21051
21051
21051
21051
21053
21064
21073
21087
21104
21119
21130
21149
21172
21193
21211
21240
21254
21267
21272
21276
21277
21277
21278
21288
21296
21315
21325
21340
21361
21367
21368
21362
21357
21354
21362
21416
21341
21417
21388
21414
21414
21359
21354
21384
21373
21405
21415
21343
21309
21379
21389
21416
21384
21384
21384
21384
21418
21418
21418
21416
21416
21416
21416
21416
21416
21372
21417
21418
21417
21417
21417
21418
21418
21418
21418
21418
21418
21431
21560
21557
21572
21600
21622
21623
21623
21623
21710
21818
21853
21840
21824
21838
21856
21856
21921
21931
21922
21897
21889
21883
21880
21879
21906
21915
21893
21908
21913
21952
21952
21952
21952
21907
21907
21907
21907
21906
21635
21635
21635
21640
21452
21452
21452
21452
21452
21452
21452
21452
21452
21452
21452
21452
21452
21452
21452
21452
21452
21452
21452
21620
21620
21620
21623
21622
21625
21636
21654
21672
21730
21731
21731
21729
21731
21730
21728
21729
21727
21727
21729
21750
21778
21825
21859
21904
21937
21932
21929
21928
21936
21963
21956
21987
21987
21987
21987
22000
22000
22000
22000
22003
21977
21981
21985
21988
21992
21992
22034
22108
22198
22198
22186
22184
22184
22218
22194
22219
22296
22296
22296
22296
22296
22315
22307
22297
22313
22301
22297
22389
22310
22388
22388
22388
22388
22388
22388
22387
22387
22387
22381
22378
22378
22378
22387
22387
22387
22456
22415
22504
22504
22504
22504
22504
22504
22504
22504
22504
22504
22504
22549
22519
22573
22529
22572
22572
22494
22468
22569
22569
22564
22569
22515
22529
22574
22536
22490
22565
22574
22574
22574
22574
22574
22574
22574
22577
22557
22483
22260
22261
22261
22260
22260
22260
22260
22260
22260
22266
22266
22266
22266
22266
22433
22579
22581
22581
22566
22494
22575
22578
22543
22533
22577
22577
22565
22553
22524
22524
22569
22575
22577
22573
22535
22576
22576
22576
22576
22576
22576
22576
22576
22575
22575
22571
22473
22572
22502
22477
22513
22541
22546
22556
22538
22525
22550
22564
22571
22571
22571
22571
22571
22532
22562
22567
22568
22567
22568
22570
22570
22570
22570
22570
22570
22570
22558
22506
22569
22569
22569
22571
22571
22571
22571
22570
22564
22569
22529
22540
22548
22562
22562
22571
22571
22582
22582
22582
22580
22581
22581
22553
22566
22574
22581
22543
22533
22545
22578
22579
22579
22579
22579
22579
22579
22579
22579
22579
22579
22579
22552
22518
22518
22518
22518
22548
22547
22575
22571
22579
22579
22579
22579
22579
22579
22579
22579
22579
22555
22524
22509
22522
22490
22579
22579
22579
22579
22540
22525
22579
22579
22579
22528
22528
22578
22578
22522
22575
22576
22541
22579
22578
22578
22578
22577
22579
22545
22543
22557
22542
22546
22572
22576
22577
22577
22525
22522
22577
22577
22542
22543
22542
22541
22531
22522
22538
22543
22546
22535
22516
22537
22538
22539
22554
22541
22576
22576
22566
22575
22575
22543
22535
22530
22537
22523
22522
22523
22523
22523
22527
22527
22529
22527
22532
22535
22513
22510
22537
22573
22573
22573
22573
22534
22537
22522
22518
22537
22573
22572
22572
22572
22572
22572
22572
22572
22572
22572
22549
22531
22533
22527
22519
22575
22573
22506
22538
22571
22570
22570
22572
22572
22572
22572
22572
22572
22572
22572
22572
22572
22572
22572
22572
22559
22570
22570
22570
22552
22568
22546
22478
22547
22567
22567
22571
22518
22570
22570
22569
22561
22564
22566
22568
22542
22566
22515
22507
22536
22565
22567
22568
22568
22568
22556
22556
22256
22256
22256
22259
22259
22259
22259
22259
22259
22259
22259
22358
22397
22397
22397
22395
22395
22356
22327
22257
22257
22257
22257
22257
22257
22554
22504
22569
22518
22570
22571
22571
22571
22571
22571
22571
22571
22571
22571
22574
22574
22574
22576
22575
22575
22575
22576
22575
22575
22575
22575
22572
22572
22572
22573
22572
22572
22575
22581
22589
22601
22609
22621
22632
22634
22655
22669
22676
22702
22709
22716
22722
22723
22736
22727
22730
22744
22770
22770
22718
22718
22718
22718
22674
22674
22695
22700
22739
22753
22656
22723
22705
22718
22746
22664
22623
22635
22464
22461
22440
22440
22440
22440
22456
22446
22438
22525
22753
22558
22754
22754
22706
22757
22764
22764
22764
22764
22764
22764
22764
22764
22764
22764
22764
22764
22764
22764
22764
22764
22764
22764
22764
22764
22764
22764
22760
22760
22760
22760
22760
22760
22760
22760
22760
22756
22756
22756
22761
22761
22770
22779
22791
22822
22827
22842
22849
22862
22893
22910
22936
22946
22966
22964
23000
23000
23000
23000
23002
23002
22955
23013
23014
22948
23004
22983
22997
22985
23011
22985
22941
22942
22963
22964
22965
22963
22962
22964
22957
22961
22958
22947
22964
22956
23002
22995
22695
22695
22972
23014
22931
22833
22803
23010
22883
23007
22694
22694
22698
22698
22698
22698
22698
22698
22698
22698
22698
22698
22698
23418
23388
26162
26165
26169
26168
26361
26361
26362
26362
26198
26359
26358
26527
26527
26527
26530
26530
26530
26530
26530
26530
26509
26424
26363
26425
26410
26405
26410
26437
26410
26415
26436
26443
26444
26444
26444
26527
26527
26495
26494
26481
26458
26540
26448
26400
26405
26402
26416
26389
26446
26433
26459
26530
26481
26542
26495
26498
26585
26535
26637
26655
26652
26573
26691
26747
26758
26647
26601
26787
26778
26823
26696
26844
26819
26894
26881
26869
26926
26898
26898
26956
26913
26978
26978
26971
27018
27021
27031
26958
27014
27081
27017
27040
26971
27075
27092
27103
26961
27143
27128
27136
27156
27023
27079
27115
27122
27206
27102
27275
27117
27292
27217
27305
27106
27136
27296
27287
27315
27314
27315
27336
27388
27389
27333
27261
27228
27314
27380
27364
27253
27303
27363
27365
27289
27279
27309
27340
27338
27323
27318
27317
27316
27328
27370
27375
27358
27327
27332
27368
27362
27283
27282
27354
27376
27311
27321
27332
27332
27330
27327
27349
27343
27337
27335
27344
27347
27357
27364
27379
27382
27383
27376
27364
27369
27376
27374
27327
27305
27285
27316
27335
27342
27326
27406
27405
27281
27408
27392
27375
27403
27405
27405
27395
27395
27395
27395
27357
27396
27203
27203
27203
27203
27203
27203
27209
27209
27209
27209
27209
27209
27209
27209
27209
27209
27184
27186
27072
27070
27073
27073
22117
22109
22118
22431
22429
22414
22467
22469
22702
22701
22699
22699
22700
22701
22703
22704
22703
22704
22704
22738
22665
22790
22790
22790
22720
22714
22485
22782
22661
22788
22787
22743
22790
22790
22790
22790
22790
22790
22790
22790
22787
22786
22790
22821
22835
22830
22835
22829
22838
22829
22826
22886
22891
22907
22892
22886
22847
22765
22861
22889
22915
22856
22914
22849
22893
22897
22895
22885
22867
22886
22902
22912
22895
22895
22895
22895
22891
22891
22878
22878
22876
22903
22860
22843
22848
22843
22854
22862
22877
22899
22888
22895
22894
22820
22865
22901
22896
22889
22891
22896
22875
22906
22898
22888
22884
22876
22869
22863
22860
22864
22879
22909
22778
22824
22826
22904
22904
22865
22883
22906
22906
22906
22872
22897
22907
22873
22906
22906
22904
22904
22904
22904
22904
22905
22905
22905
22905
22905
22905
22905
22903
22903
22903
22903
22903
22903
22903
22903
22903
22903
22903
22903
22905
22905
22905
22905
22905
22903
22903
22903
22903
22903
22878
22878
22890
22903
22903
22901
22898
22904
22905
22904
22904
22904
22904
22904
22906
22906
22906
22902
22889
22905
22821
22906
22906
22849
22905
22905
22588
22588
22588
22588
22588
22588
22588
22588
22588
22588
22588
22588
22590
22590
22590
22590
22590
21510
21509
21508
21509
23985
23991
24639
24771
24771
24771
24790
24972
24972
24972
24972
24924
24786
24786
24785
24835
24835
24835
24835
24835
24835
24835
24835
24835
24835
24835
24835
24833
24833
24833
24833
24833
24833
24833
24833
24833
24833
24833
24833
24973
24973
24973
24973
24973
24976
24976
24986
24987
24989
24980
25006
25031
24997
25025
25036
25045
25028
25086
25085
25130
25174
25327
25280
25314
25196
25361
25361
25309
25360
25174
25174
25174
25174
25174
25174
25181
25181
25181
25181
25181
25181
25181
25859
25855
25855
26304
26310
27530
27531
27531
27123
27117
27118
27118
27227
27228
27240
27246
27248
27102
27092
27122
27119
27111
27147
27167
27153
27153
27143
27222
27185
27163
27166
27166
27163
27163
27168
27170
27176
27196
27217
27253
27272
27211
27176
27142
27133
27274
27274
27269
27261
27267
27249
27260
27263
27267
27267
27267
27275
27275
27274
27275
27300
27297
27284
27316
27330
27343
27333
27366
27420
27428
27425
27423
27428
27428
27428
27428
27428
27332
27328
27371
27427
27396
27408
27427
27254
27318
27327
27358
27270
27323
27323
27274
27326
27237
27212
27278
27258
27307
27276
27267
27309
27270
27218
27306
27286
27372
27270
27237
27314
27280
27299
27396
27313
27308
27399
27376
27232
27415
27414
27415
27415
27415
27415
27415
27415
27415
27415
27415
27415
27415
27415
27415
27415
27415
27415
27415
27415
27414
27414
27414
27414
27414
27414
27414
27414
27414
27414
27414
27414
27417
27417
27417
27417
27417
27417
27417
27417
27417
27417
27417
27417
27426
27426
27426
27426
27426
27426
27426
27422
27422
27423
27396
27423
27443
27443
27443
27443
27443
27443
27443
27443
27443
27443
27443
27443
27443
27443
27443
27371
27442
27442
27442
27442
27418
27400
27443
27428
27347
27360
27384
27365
27349
27402
27409
27275
27273
27271
27440
27411
27443
27375
27445
27445
27445
27441
27334
27348
27427
27440
27440
27440
27444
27444
27444
27444
27444
27444
27247
27247
27247
27247
27247
27247
27249
27249
27249
27249
27249
27249
27249
27534
27543
17904
17903
17899
16313
16312
15927
15934
15219
15222
14785
14787
14786
14802
15115
15069
15220
15250
15227
15249
15249
15249
15249
15249
15249
15240
15250
15250
15256
15214
15355
15445
15517
15486
15546
15546
15547
15546
15457
15544
15555
15555
15555
15553
15553
15553
15553
15259
15243
15259
15553
15553
15556
15556
15556
15555
15555
15555
15555
15555
15555
15556
15556
15556
15554
15554
15554
15554
15554
15554
15554
15554
15554
15554
15712
15712
15750
15780
15762
15766
15825
15821
15841
15840
15851
15852
15831
15845
15889
15932
15870
15868
15873
15872
15869
15874
15874
15876
15877
15878
15870
15874
15895
15893
15939
15953
15951
15923
15989
16136
16136
16136
16135
16135
16067
16121
16135
16135
16136
16136
16136
16136
16136
16136
16134
16134
16134
16134
16134
16134
16134
16134
16148
16200
16152
16193
16203
16227
16195
16195
16288
16335
16308
16342
16425
16412
16405
16444
16443
16440
16441
16446
16459
16460
16507
16459
16460
16460
16527
16527
16541
16622
16594
16612
16720
16738
16747
16792
16749
16881
16882
16882
16882
16899
16882
16942
16921
16941
16936
17025
17039
17043
17039
17062
17030
17137
17138
17138
17138
17138
17138
17138
17124
17054
17195
17196
17199
17199
17199
17199
17104
17198
17197
17197
17197
17197
17197
17197
17198
17198
17198
17198
17198
17198
17198
17198
17072
17198
17198
17198
17201
17184
17200
17201
17201
16998
16998
16998
16998
16998
16998
16998
16995
16995
16995
16995
16995
16995
16995
16995
16995
17199
17199
17199
17197
17197
17197
17197
17197
17197
17197
17201
17201
17202
17201
17201
17207
17221
17298
17383
17435
17395
17516
17519
17519
17520
17520
17520
17523
17523
17523
17523
17541
17607
17607
17709
17652
17681
17751
17776
17653
17617
17640
17640
17773
17770
17773
17773
17705
17773
17773
17567
17567
17567
17567
17567
17567
17567
17567
17567
17567
17567
17567
17900
18891
18891
18891
22655
22656
26975
26980
26975
27764
27773
27776
27741
27988
28028
28056
28156
28159
28164
28165
28069
28082
28063
28077
28145
28154
28172
28287
28286
28285
28285
28619
28617
28830
28880
28998
29101
29156
29298
29365
29346
29467
29534
29533
29533
29509
29535
29341
29341
29345
29345
29345
29345
29345
29345
29345
29345
29345
29345
29164
29162
18860
18860
18860
16795
16803
16806
15027
15035
15219
15243
15246
15246
15417
15417
15418
15418
15418
15418
15418
15418
15418
15418
15414
15417
15489
15474
15465
15466
15475
15489
15507
15481
15481
15481
15528
15602
15542
15561
15602
15615
15616
15563
15614
15615
15608
15614
15614
15614
15620
15620
15621
15621
15620
15572
15620
15620
15620
15616
15617
15619
15618
15589
15589
15587
15587
15587
15588
15588
15595
15607
15617
15617
15618
15582
15617
15617
15492
15587
15618
15618
15618
15618
15618
15618
15617
15618
15618
15618
15618
15618
15618
15624
15677
15673
15618
15765
15799
15791
15799
15799
15790
15790
15798
15779
15790
15798
15798
15792
15802
15802
15767
15802
15802
15778
15802
15802
15767
15743
15755
15743
15765
15752
15735
15800
15764
15764
15800
15792
15791
15800
15800
15792
15800
15800
15780
15780
15765
15765
15765
15765
15765
15765
15765
15793
15793
15761
15759
15804
15816
15785
15769
15921
15928
15927
15928
15928
15931
15931
15844
15930
15930
15902
15890
15916
15916
15905
15897
15925
15922
15982
15947
15994
15958
15957
15958
16051
16077
16062
16110
16114
16194
16197
16197
16197
16197
16192
16180
16164
16145
16192
16197
16198
16197
16291
16291
16297
16388
16388
16388
16388
16388
16388
16388
16388
16393
16394
16394
16394
16432
16409
16454
16447
16472
16515
16522
16606
16531
16670
16693
16694
16694
16694
16704
16738
16738
16738
16749
16749
16737
16799
16808
16800
16800
16800
16789
16808
16881
16881
16847
16855
16844
16860
16856
16880
16880
16880
16880
16868
16868
16833
16808
16808
16820
16830
16830
16825
16825
16819
16814
16819
16811
16801
16836
16825
16833
16820
16850
16778
16757
16869
16685
16686
16717
16754
16788
16805
16827
16833
16830
16858
16808
16798
16788
16790
16821
16841
16825
16796
16786
16792
16779
16794
16786
16784
16794
16788
16787
16738
16725
16786
16864
16839
16808
16804
16820
16842
16862
16862
16862
16862
16862
16862
16864
16864
16861
16860
16852
16836
16836
16836
16831
16820
16831
16837
16843
16826
16842
16848
16842
16834
16824
16789
16783
16777
16735
16674
16741
16746
16699
16790
16803
16767
16767
16749
16743
16702
16711
16711
16692
16701
16734
16745
16697
16670
16688
16712
16719
16710
16715
16710
16711
16709
16700
16703
16699
16709
16739
16739
16720
16725
16716
16724
16716
16744
16750
16753
16764
16763
16754
16754
16758
16750
16750
16749
16767
16767
16756
16786
16781
16770
16765
16765
16765
16795
16795
16812
16806
16801
16805
16802
16786
16802
16814
16815
16814
16806
16799
16808
16816
16796
16789
16804
16796
16786
16792
16800
16775
16771
16749
16706
16707
16707
16707
16737
16725
16753
16795
16644
16628
16702
16799
16858
16757
16760
16733
16748
16782
16861
16863
16841
16862
16850
16834
16831
16852
16855
16843
16864
16812
16784
16727
16736
16762
16819
16862
16862
16862
16862
16659
16659
16659
16659
16659
16659
16659
16659
16659
16659
16658
16658
16658
16658
16693
16859
16860
16860
16860
16860
16852
16829
16824
16824
16824
16824
16823
16828
16823
16823
16823
16823
16823
16823
16822
16892
16892
16788
16791
16798
16783
16790
16892
16895
16895
16895
16901
16901
16901
16901
16861
16900
16900
16900
16873
16901
16941
16961
16962
16962
16962
16962
16962
16962
16962
16962
16962
16920
16915
16894
16880
16852
16844
16823
16832
16832
16839
16839
16846
16872
16791
16894
16805
16917
16867
16836
16831
16899
16879
16823
16928
16895
16879
16888
16899
16869
16840
16914
16941
16941
16941
16927
16927
16917
16910
16904
16900
16894
16891
16889
16903
16910
16910
16925
16932
16956
16941
16929
16921
16926
16960
16946
16946
16936
16928
16928
16935
16941
16935
16940
16940
16954
16961
16961
16958
16958
16958
16949
16957
16961
16961
16949
16934
16934
16950
16958
16941
16962
16961
16955
16921
16879
16869
16874
16867
16864
16849
16847
16842
16838
16838
16841
16842
16843
16842
16842
16848
16870
16938
16896
16896
16896
16896
16896
16896
16896
16896
16758
16756
16756
16756
16756
16756
16756
16756
16756
16756
16756
16756
16756
17352
17352
19269
19277
19648
25736
25767
25773
25771
28875
28860
28533
28831
28831
28831
29003
29003
29027
29027
29027
29027
29027
29028
28984
28971
29001
28985
28987
29009
29000
28990
28995
28996
28995
28997
28992
29024
29032
29021
29008
28981
28966
28966
28971
28984
28972
28964
28959
28961
28961
28962
28963
28975
28984
28977
28977
28973
28984
28984
28985
28998
29000
29000
29000
28999
29002
29002
29002
28997
28997
29004
29012
29051
29050
29053
29053
29016
29022
29064
29062
29063
29063
29063
29063
29062
29062
29062
29062
29062
29062
29062
29062
29062
29062
29062
29018
28943
29069
29069
29069
28895
28874
28874
28874
28874
28874
28874
28874
28874
28874
28874
28874
