363
363
363
363
363
363
363
363
380
384
384
384
384
384
384
384
384
384
384
384
384
384
384
384
384
384
384
384
384
384
384
384
384
392
397
414
434
467
497
529
572
600
631
672
684
690
690
691
691
690
693
687
690
689
691
713
722
743
767
763
765
765
765
772
784
794
813
843
859
881
882
880
882
882
882
882
882
883
883
882
882
882
882
883
883
883
883
887
908
931
949
972
988
1011
1031
1047
1063
1068
1080
1099
1114
1126
1126
1126
1126
1128
1127
1128
1145
1150
1155
1155
1155
1155
1155
1155
1155
1186
1197
1199
1200
1227
1227
1226
1227
1207
1207
1207
1207
1207
1207
1207
1207
1207
1207
1206
1206
1206
1227
1227
1227
1227
1227
1227
1227
1227
1227
1227
1227
1227
1227
1227
1227
1227
1227
1227
1227
1227
1227
1227
1227
1227
1227
1227
1227
1227
1227
1227
1227
1227
1231
1239
1249
1262
1276
1294
1316
1334
1366
1381
1403
1439
1486
1518
1562
1593
1614
1636
1650
1673
1695
1701
1737
1759
1786
1810
1828
1848
1867
1879
1911
1938
1966
1990
2017
2034
2057
2103
2139
2174
2199
2248
2282
2324
2353
2388
2421
2457
2474
2511
2537
2568
2602
2633
2665
2688
2721
2761
2786
2806
2826
2850
2863
2883
2911
2933
2953
2959
2976
2992
3009
3024
3036
3048
3046
3048
3047
3048
3048
3048
3051
3051
3050
3049
3051
3050
3046
3052
3052
3052
3046
3046
3047
3050
3052
3050
3050
3051
3050
3051
3051
3052
3052
3050
3087
3092
3123
3136
3135
3142
3139
3137
3138
3138
3138
3139
3139
3137
3137
3137
3164
3175
3175
3175
3194
3200
3194
3195
3204
3195
3201
3199
3201
3201
3201
3226
3249
3241
3265
3267
3278
3272
3276
3275
3275
3269
3273
3272
3270
3269
3291
3305
3340
3345
3343
3338
3341
3343
3341
3345
3346
3345
3346
3346
3348
3362
3378
3386
3388
3401
3403
3408
3408
3406
3410
3411
3411
3411
3411
3410
3437
3440
3441
3459
3465
3475
3475
3462
3463
3459
3469
3471
3473
3473
3486
3506
3506
3567
3560
3565
3565
3565
3565
3565
3565
3565
3565
3565
3563
3548
3558
3562
3563
3565
3565
3564
3565
3566
3563
3575
3596
3598
3598
3651
3651
3648
3651
3651
3651
3651
3651
3651
3651
3651
3651
3652
3652
3652
3652
3652
3652
3652
3660
3659
3668
3672
3688
3710
3727
3773
3788
3799
3799
3779
3793
3799
3799
3799
3798
3797
3798
3778
3778
3778
3778
3777
3777
3777
3777
3777
3777
3777
3777
3777
3777
3777
3777
3777
3777
3777
3777
3777
3777
3777
3777
3777
3777
3777
3777
3777
3777
3777
3777
3777
3798
3798
3798
3798
3798
3798
3777
3777
3777
3777
3777
3777
3777
3777
3777
3777
3778
3777
3777
3777
3777
3777
3777
3777
3777
3777
3777
3798
3798
3798
3798
3798
3798
3798
3798
3798
3797
3797
3797
3797
3797
3797
3797
3797
3797
3797
3797
3797
3797
3797
3806
3866
3880
3888
3886
3885
3902
3922
3928
3927
3927
3920
3959
3974
3977
3979
3979
3979
3979
4001
4033
4047
4044
4053
4071
4070
4062
4094
4096
4100
4102
4139
4146
4146
4152
4169
4179
4204
4236
4260
4307
4309
4309
4313
4342
4353
4361
4361
4364
4371
4372
4374
4373
4374
4374
4373
4374
4374
4374
4374
4374
4374
4374
4373
4373
4373
4373
4373
4373
4373
4373
4373
4373
4373
4373
4373
4373
4373
4373
4373
4373
4373
4373
4373
4373
4373
4373
4372
4372
4372
4372
4372
4372
4372
4372
4372
4372
4372
4372
4372
4372
4372
4372
4372
4372
4372
4372
4372
4372
4372
4372
4372
4372
4372
4372
4372
4372
4372
4372
4372
4372
4372
4372
4372
4372
4372
4372
4372
4371
4368
4373
4372
4372
4372
4372
4372
4372
4372
4372
4372
4382
4430
4437
4446
4446
4471
4488
4513
4519
4518
4522
4522
4522
4515
4519
4522
4522
4522
4522
4522
4544
4581
4581
4581
4592
4594
4595
4608
4608
4610
4637
4635
4638
4642
4653
4665
4672
4711
4750
4761
4762
4761
4782
4830
4836
4836
4835
4835
4836
4835
4836
4838
4837
4837
4864
4880
4873
4881
4882
4881
4881
4891
4900
4900
4916
4924
4929
4929
4929
4929
4928
4929
4930
4931
4927
4925
4925
4929
4931
4931
4931
4931
4931
4931
4931
4931
4931
4931
4931
4931
4931
4931
4931
4931
4931
4931
4925
4926
4926
4927
4927
4923
4926
4926
4924
4927
4927
4927
4927
4927
4927
4926
4926
4921
4926
4926
4926
4926
4926
4920
4923
4927
4927
4927
4927
4927
4925
4925
4922
4924
4924
4924
4925
4924
4924
4924
4924
4924
4924
4924
4928
4947
4997
5006
5005
5005
5012
5022
5022
5021
5021
5021
5034
5057
5058
5056
5066
5066
5072
5072
5072
5072
5072
5072
5083
5083
5083
5077
5105
5104
5104
5105
5105
5105
5105
5145
5145
5145
5138
5149
5172
5176
5176
5176
5176
5178
5214
5213
5213
5218
5228
5254
5249
5254
5254
5254
5254
5254
5254
5267
5312
5325
5325
5338
5365
5361
5364
5361
5367
5366
5367
5368
5368
5368
5368
5368
5366
5366
5370
5392
5398
5399
5397
5397
5402
5420
5424
5423
5429
5429
5429
5427
5428
5428
5424
5426
5426
5426
5428
5429
5428
5428
5428
5427
5425
5426
5429
5429
5429
5429
5429
5429
5432
5469
5507
5513
5525
5523
5523
5553
5569
5568
5565
5563
5568
5568
5566
5564
5584
5598
5606
5606
5606
5615
5629
5630
5629
5630
5630
5630
5629
5656
5675
5675
5675
5677
5702
5690
5696
5703
5704
5705
5705
5705
5705
5705
5706
5732
5735
5732
5741
5752
5763
5772
5772
5772
5773
5774
5775
5778
5815
5829
5830
5839
5851
5877
5876
5879
5879
5879
5879
5876
5876
5876
5876
5876
5876
5876
5876
5905
5911
5918
5916
5920
5932
5942
5959
5968
5968
5968
5968
5968
6012
6011
6012
6016
6039
6043
6025
6045
6045
6044
6044
6044
6047
6080
6083
6084
6086
6088
6110
6115
6115
6115
6115
6115
6126
6146
6154
6150
6172
6184
6198
6186
6199
6199
6199
6199
6199
6200
6261
6260
6257
6263
6286
6286
6294
6294
6294
6293
6294
6291
6288
6290
6293
6297
6296
6290
6288
6296
6293
6296
6296
6296
6296
6296
6296
6295
6296
6296
6296
6295
6295
6295
6295
6295
6295
6295
6295
6295
6295
6295
6295
6295
6295
6295
6296
6296
6296
6295
6295
6296
6296
6296
6296
6296
6296
6296
6295
6297
6276
6275
6275
6275
6275
6275
6275
6275
6275
6275
6275
6275
6275
6275
6275
6275
6275
6275
6275
6275
6275
6275
6296
6296
6296
6296
6296
6296
6296
6296
6296
6296
6296
6296
6296
6296
6300
6304
6316
6323
6328
6419
6419
6467
6501
6527
6527
6533
6538
6527
6534
6530
6532
6535
6534
6533
6529
6532
6532
6532
6531
6523
6539
6557
6572
6591
6599
6616
6629
6642
6662
6678
6682
6682
6682
6682
6681
6681
6682
6681
6681
6681
6681
6681
6681
6681
6681
6681
6681
6681
6680
6681
6679
6658
6667
6682
6682
6681
6679
6682
6681
6681
6681
6681
6681
6681
6678
6678
6687
6691
6694
6707
6738
6761
6791
6799
6799
6799
6799
6799
6799
6799
6799
6790
6798
6799
6800
6800
6790
6802
6801
6802
6801
6802
6780
6781
6779
6780
6779
6780
6779
6780
6779
6780
6779
6780
6779
6780
6801
6801
6800
6800
6799
6800
6799
6800
6797
6796
6796
6796
6797
6797
6858
6872
6867
6871
6885
6912
6938
6940
6940
6940
6946
6971
6988
6994
6996
6996
6996
6997
7006
7011
7013
7013
7013
7013
7022
7040
7057
7080
7109
7102
7106
7101
7115
7130
7137
7172
7159
7173
7174
7167
7189
7201
7202
7206
7205
7195
7208
7208
7208
7206
7206
7206
7206
7195
7198
7205
7203
7203
7197
7204
7205
7205
7205
7205
7207
7207
7207
7207
7207
7207
7207
7207
7207
7207
7207
7207
7207
7207
7207
7206
7206
7206
7206
7206
7206
7206
7206
7206
7206
7206
7188
7190
7207
7207
7207
7207
7208
7206
7206
7206
7203
7197
7204
7207
7207
7207
7206
7206
7206
7205
7205
7205
7205
7205
7205
7205
7205
7211
7217
7272
7297
7348
7351
7350
7347
7370
7390
7391
7420
7420
7433
7418
7468
7483
7483
7490
7487
7508
7508
7515
7530
7530
7530
7530
7533
7553
7566
7590
7617
7623
7624
7629
7655
7677
7679
7683
7715
7716
7721
7721
7721
7721
7721
7734
7771
7779
7783
7784
7781
7800
7806
7830
7834
7834
7834
7834
7834
7835
7852
7864
7865
7885
7885
7885
7887
7894
7911
7938
7978
7976
7977
7980
8009
8024
8028
8095
8130
8168
8172
8172
8172
8172
8172
8171
8171
8171
8171
8172
8173
8173
8179
8192
8212
8217
8216
8216
8216
8217
8228
8228
8228
8228
8228
8228
8227
8231
8230
8230
8231
8244
8244
8247
8248
8248
8248
8248
8248
8248
8248
8248
8248
8248
8248
8248
8252
8252
8252
8252
8252
8252
8252
8252
8252
8252
8252
8253
8250
8252
8252
8253
8253
8253
8253
8253
8250
8250
8246
8239
8243
8244
8253
8249
8246
8241
8240
8237
8245
8253
8252
8252
8250
8250
8248
8243
8243
8244
8244
8234
8234
8231
8239
8240
8241
8241
8243
8243
8240
8240
8252
8252
8252
8252
8252
8254
8251
8251
8251
8242
8245
8250
8250
8249
8250
8251
8252
8245
8253
8252
8253
8250
8250
8250
8250
8250
8250
8250
8250
8249
8250
8250
8250
8250
8250
8250
8250
8249
8250
8249
8250
8250
8249
8250
8249
8250
8251
8320
8394
8394
8394
8395
8409
8424
8450
8480
8476
8480
8496
8509
8534
8533
8535
8535
8552
8561
8567
8578
8578
8578
8578
8578
8585
8582
8584
8593
8593
8593
8593
8600
8613
8649
8654
8655
8670
8684
8680
8693
8694
8700
8701
8729
8742
8743
8742
8759
8780
8799
8808
8813
8811
8840
8846
8853
8852
8867
8869
8869
8879
8899
8925
8942
8950
8952
8953
8957
8988
8987
8991
9001
9004
9003
9004
9004
9004
9026
9027
9029
9029
9044
9052
9062
9062
9061
9071
9070
9072
9081
9082
9081
9082
9087
9110
9152
9155
9152
9167
9178
9187
9248
9249
9269
9276
9287
9290
9292
9307
9312
9315
9325
9351
9359
9376
9375
9375
9412
9415
9410
9433
9432
9433
9432
9443
9466
9485
9511
9514
9510
9538
9553
9554
9556
9573
9572
9573
9575
9604
9630
9632
9633
9632
9634
9634
9633
9633
9633
9638
9638
9638
9638
9637
9637
9637
9634
9634
9643
9643
9669
9669
9669
9669
9670
9670
9670
9703
9735
9729
9725
9733
9733
9733
9734
9709
9733
9732
9730
9735
9724
9728
9729
9734
9734
9734
9728
9736
9731
9733
9733
9730
9736
9736
9730
9731
9736
9734
9732
9720
9730
9730
9729
9726
9724
9721
9721
9722
9722
9722
9728
9730
9729
9728
9730
9730
9730
9730
9728
9726
9720
9714
9717
9720
9730
9726
9720
9720
9719
9717
9720
9724
9711
9716
9722
9716
9732
9732
9729
9729
9729
9722
9726
9726
9720
9721
9726
9715
9715
9724
9725
9718
9712
9726
9726
9723
9726
9726
9722
9726
9723
9710
9717
9729
9720
9721
9721
9726
9725
9719
9721
9715
9717
9725
9723
9727
9723
9728
9728
9728
9719
9719
9723
9727
9727
9720
9715
9718
9717
9725
9724
9724
9726
9726
9723
9724
9711
9714
9722
9725
9726
9723
9722
9722
9715
9711
9713
9712
9717
9718
9724
9718
9723
9721
9721
9720
9722
9722
9725
9730
9730
9730
9730
9730
9729
9730
9730
9721
9722
9725
9730
9730
9730
9731
9730
9727
9730
9730
9727
9724
9727
9729
9729
9730
9731
9731
9731
9731
9731
9731
9731
9729
9730
9730
9730
9729
9731
9717
9730
9732
9729
9730
9732
9732
9727
9729
9727
9718
9714
9727
9727
9727
9727
9727
9727
9727
9712
9722
9722
9706
9706
9706
9706
9706
9706
9706
9706
9706
9706
9706
9706
9706
9727
9719
9720
9725
9726
9727
9727
9715
9718
9721
9720
9721
9718
9717
9719
9722
9722
9724
9733
9750
9763
9789
9814
9855
9871
9915
9943
9968
9991
10021
10077
10092
10133
10172
10179
10229
10244
10262
10262
10262
10262
10262
10262
10262
10262
10262
10262
10264
10264
10263
10263
10262
10258
10260
10264
10267
10267
10264
10264
10264
10243
10243
10246
10246
10246
10246
10246
10246
10246
10246
10246
10246
10246
10246
10246
10246
10246
10246
10246
10246
10246
10246
10246
10246
10246
10246
10267
10267
10267
10267
10267
10267
10267
10267
10267
10267
10267
10267
10267
10267
10267
10267
10267
10267
10267
10267
10267
10265
10265
10265
10265
10265
10265
10267
10274
10281
10295
10329
10329
10406
10406
10452
10456
10456
10457
10457
10457
10457
10462
10467
10480
10523
10549
10549
10531
10548
10548
10547
10540
10543
10547
10548
10548
10545
10545
10544
10548
10549
10549
10549
10549
10549
10547
10547
10547
10547
10547
10455
10455
10455
10455
10455
10266
10266
10266
10266
10266
10266
10266
10266
10266
10266
10266
10266
10266
10266
10266
10266
10266
10266
10266
10266
10266
10266
10266
10274
10282
10290
10341
10426
10478
10502
10514
10520
10520
10520
10520
10521
10521
10529
10529
10560
10560
10635
10635
10635
10634
10620
10628
10627
10631
10631
10632
10632
10632
10632
10650
10682
10700
10728
10767
10793
10836
10846
10846
10842
10825
10825
10825
10825
10843
10846
10846
10845
10835
10837
10837
10843
10846
10846
10841
10846
10846
10846
10843
10846
10844
10837
10838
10847
10847
10847
10847
10848
10837
10848
10845
10847
10853
10852
10838
10846
10849
10853
10848
10848
10848
10847
10850
10850
10852
10854
10845
10848
10854
10851
10853
10849
10853
10853
10853
10850
10851
10852
10853
10831
10832
10829
10828
10829
10828
10829
10828
10829
10828
10829
10828
10829
10828
10829
10828
10829
10828
10829
10828
10829
10828
10829
10828
10829
10828
10829
10845
10848
10849
10850
10849
10846
10849
10850
10842
10847
10848
10849
10823
10845
10849
10845
10846
10851
10844
10849
10848
10846
10844
10847
10838
10841
10845
10845
10834
10846
10841
10835
10833
10844
10847
10846
10845
10846
10845
10846
10845
10845
10841
10847
10832
10840
10846
10843
10845
10846
10841
10842
10841
10842
10841
10832
10841
10842
10841
10842
10841
10842
10841
10842
10841
10842
10841
10838
10841
10842
10841
10842
10841
10836
10825
10838
10836
10836
10839
10819
10818
10819
10839
10840
10839
10840
10839
10840
10839
10840
10839
10839
10838
10835
10834
10836
10844
10843
10823
10824
10823
10824
10823
10824
10823
10824
10823
10824
10823
10824
10823
10824
10823
10824
10823
10824
10823
10824
10823
10824
10823
10824
10823
10824
10823
10824
10823
10824
10823
10824
10844
10845
10844
10845
10844
10845
10844
10845
10844
10845
10844
10845
10844
10888
10948
10948
10945
10952
10954
10971
11011
11014
11013
11013
11039
11103
11106
11107
11108
11128
11128
11128
11148
11155
11154
11158
11174
11196
11195
11197
11215
11231
11248
11264
11305
11344
11360
11359
11359
11380
11469
11475
11478
11478
11478
11480
11477
11482
11481
11481
11473
11479
11477
11478
11473
11476
11477
11477
11471
11468
11475
11477
11475
11480
11479
11467
11479
11477
11479
11479
11479
11479
11479
11479
11472
11472
11470
11470
11477
11474
11478
11476
11477
11477
11477
11481
11503
11521
11552
11598
11603
11603
11600
11611
11635
11644
11643
11641
11653
11675
11675
11675
11675
11675
11675
11673
11673
11673
11673
11673
11673
11673
11673
11673
11673
11673
11673
11673
11673
11673
11673
11673
11673
11673
11673
11673
11673
11673
11673
11673
11671
11673
11673
11673
11673
11674
11674
11674
11674
11674
11674
11665
11669
11665
11674
11671
11670
11659
11667
11657
11648
11667
11668
11668
11668
11668
11668
11664
11664
11665
11665
11663
11666
11671
11658
11662
11672
11673
11673
11657
11667
11667
11656
11668
11659
11673
11665
11670
11672
11677
11670
11657
11657
11663
11674
11670
11670
11657
11673
11673
11673
11673
11673
11673
11673
11677
11677
11674
11673
11678
11676
11671
11673
11673
11675
11671
11671
11674
11678
11679
11678
11677
11679
11676
11677
11675
11673
11676
11669
11675
11675
11677
11667
11675
11671
11669
11672
11679
11678
11677
11671
11671
11680
11681
11681
11680
11679
11681
11681
11681
11680
11659
11659
11659
11659
11659
11659
11659
11659
11659
11659
11659
11659
11659
11659
11656
11656
11656
11656
11656
11656
11656
11656
11656
11677
11677
11677
11672
11673
11678
11676
11672
11656
11679
11680
11673
11672
11672
11667
11665
11673
11671
11682
11676
11681
11671
11682
11684
11681
11685
11685
11685
11679
11679
11669
11676
11666
11680
11680
11680
11681
11681
11681
11681
11681
11681
11685
11685
11683
11683
11682
11682
11687
11687
11678
11687
11687
11686
11687
11683
11665
11666
11684
11685
11689
11672
11669
11687
11688
11679
11686
11690
11689
11689
11689
11689
11689
11689
11689
11689
11689
11689
11689
11689
11688
11688
11688
11688
11688
11688
11688
11688
11688
11688
11688
11688
11688
11687
11688
11689
11689
11689
11689
11685
11687
11690
11688
11688
11689
11689
11688
11688
11690
11689
11688
11686
11686
11686
11686
11686
11686
11686
11686
11686
11686
11686
11678
11683
11686
11676
11676
11676
11682
11680
11676
11669
11679
11687
11687
11686
11686
11686
11686
11686
11686
11686
11686
11686
11685
11682
11685
11686
11686
11685
11684
11684
11679
11684
11683
11673
11677
11684
11685
11685
11685
11685
11685
11685
11685
11681
11683
11687
11683
11688
11688
11684
11684
11684
11683
11677
11681
11681
11682
11681
11679
11683
11679
11675
11675
11680
11680
11683
11683
11683
11683
11683
11683
11683
11683
11683
11683
11683
11683
11683
11683
11682
11682
11682
11682
11682
11682
11682
11682
11682
11682
11682
11682
11681
11679
11686
11683
11683
11677
11662
11662
11662
11662
11662
11662
11662
11662
11662
11662
11662
11662
11661
11661
11661
11661
11661
11661
11661
11661
11661
11661
11661
11661
11661
11661
11661
11661
11661
11661
11661
11661
11661
11661
11661
11661
11661
11661
11661
11682
11682
11682
11667
11679
11674
11676
11677
11676
11678
11681
11680
11679
11682
11680
11680
11681
11683
11682
11682
11680
11680
11680
11680
11680
11682
11683
11689
11689
11691
11694
11700
11701
11697
11699
11701
11702
11712
11711
11702
11716
11723
11726
11726
11724
11724
11720
11720
11733
11737
11742
11757
11769
11778
11791
11795
11795
11798
11795
11806
11801
11811
11816
11816
11816
11816
11816
11816
11815
11816
11816
11815
11815
11815
11830
11844
11861
11876
11877
11899
11902
11909
11909
11909
11909
11909
11909
11909
11909
11903
11909
11909
11909
11902
11904
11908
11908
11908
11908
11908
11908
11908
11889
11882
11891
11915
11896
11910
11907
11906
11900
11903
11930
11933
11911
11908
11933
11933
11931
11932
11929
11926
11926
11926
11934
11934
11949
11949
11959
11960
11973
11975
11978
11987
11991
11999
12009
12015
12016
12022
12032
12030
12030
12040
12041
12045
12045
12045
12045
12045
12045
12045
12045
12044
12044
12047
12086
12082
12080
12080
12080
12079
12079
12082
12080
12080
12079
12097
12103
12120
12124
12138
12146
12149
12149
12154
12138
12145
12174
12178
12178
12178
12178
12177
12177
12177
12177
12177
12177
12177
12177
12177
12177
12177
12177
12178
12178
12174
12181
12180
12175
12172
12176
12173
12171
12170
12174
12176
12169
12169
12175
12182
12182
12178
12168
12179
12158
12173
12173
12167
12174
12173
12173
12170
12175
12154
12166
12165
12164
12175
12179
12179
12178
12178
12177
12177
12162
12175
12177
12175
12168
12173
12178
12179
12178
12178
12173
12164
12173
12173
12172
12179
12179
12177
12176
12164
12157
12174
12179
12181
12174
12178
12170
12177
12181
12161
12162
12162
12162
12162
12162
12181
12184
12181
12183
12182
12182
12187
12187
12182
12188
12182
12186
12169
12174
12176
12174
12174
12176
12175
12175
12180
12180
12180
12180
12174
12179
12180
12174
12177
12168
12171
12180
12180
12180
12180
12180
12180
12180
12180
12181
12182
12195
12222
12241
12244
12266
12292
12317
12329
12332
12327
12352
12361
12361
12361
12361
12379
12401
12401
12401
12420
12430
12432
12429
12455
12457
12460
12466
12493
12513
12521
12524
12517
12520
12516
12508
12511
12515
12519
12514
12515
12510
12518
12505
12510
12513
12502
12513
12511
12516
12511
12509
12508
12501
12501
12504
12503
12503
12508
12512
12497
12514
12514
12515
12515
12514
12513
12517
12518
12519
12519
12519
12519
12519
12519
12519
12519
12519
12519
12519
12519
12519
12525
12525
12525
12525
12525
12525
12525
12525
12525
12525
12525
12525
12525
12525
12525
12525
12525
12525
12525
12525
12525
12525
12524
12525
12525
12525
12524
12517
12516
12511
12515
12519
12524
12526
12523
12524
12520
12520
12508
12509
12522
12512
12506
12521
12519
12508
12517
12522
12525
12522
12509
12509
12520
12514
12513
12515
12522
12526
12514
12513
12521
12521
12513
12513
12520
12520
12514
12519
12512
12514
12511
12513
12518
12512
12524
12524
12524
12523
12523
12525
12523
12522
12523
12522
12523
12523
12523
12525
12524
12524
12526
12526
12526
12526
12526
12526
12526
12525
12526
12528
12528
12528
12528
12528
12528
12525
12525
12525
12525
12525
12525
12525
12525
12542
12553
12567
12567
12586
12618
12626
12654
12653
12655
12652
12652
12663
12665
12690
12709
12728
12727
12726
12726
12739
12764
12784
12787
12781
12788
12812
12809
12809
12810
12810
12810
12810
12811
12813
12813
12813
12812
12835
12846
12843
12843
12845
12847
12845
12846
12867
12906
12917
12921
12922
12917
12913
12916
12916
12916
12916
12916
12916
12916
12916
12916
12916
12916
12916
12916
12918
12922
12922
12923
12923
12921
12923
12923
12923
12923
12902
12902
12902
12902
12902
12902
12902
12902
12902
12902
12902
12902
12902
12902
12902
12902
12902
12902
12902
12902
12902
12902
12902
12902
12902
12902
12902
12902
12902
12902
12902
12923
12909
12918
12914
12899
12908
12916
12916
12916
12920
12920
12920
12924
12922
12904
12915
12913
12915
12917
12922
12923
12923
12923
12925
12923
12923
12925
12924
12920
12918
12919
12933
12946
12947
12958
12970
12991
12994
12994
12995
12997
12996
12997
12998
12977
12977
12977
12977
12977
12977
12976
12976
12976
12976
12976
12976
12976
12976
12976
12995
12998
12992
12995
12986
12990
12988
12980
12979
12985
12987
12986
12986
12979
12973
12972
12975
12973
12973
12970
12975
12953
12942
12933
12933
12914
12903
12894
12886
12865
12865
12867
12835
12834
12835
12818
12802
12796
12796
12765
12766
12753
12731
12719
12709
12705
12688
12700
12687
12680
12679
12659
12663
12664
12667
12656
12638
12627
12621
12608
12590
12574
12584
12587
12587
12587
12578
12576
12577
12565
12574
12573
12573
12573
12575
12576
12576
12578
12575
12570
12570
12565
12565
12569
12572
12577
12578
12577
12577
12577
12578
12578
12578
12578
12575
12575
12575
12575
12576
12576
12571
12568
12577
12577
12558
12568
12558
12580
12579
12577
12579
12557
12557
12557
12557
12557
12557
12557
12557
12557
12557
12557
12557
12557
12557
12557
12557
12557
12557
12557
12557
12557
12557
12557
12557
12557
12557
12557
12557
12578
12578
12576
12572
12573
12570
12574
12564
12560
12563
12566
12562
12565
12563
12565
12572
12575
12574
12574
12575
12575
12575
12575
12552
12576
12576
12575
12575
12575
12575
12575
12559
12559
12559
12559
12575
12575
12571
12574
12571
12576
12576
12576
12575
12573
12571
12575
12575
12569
12570
12573
12575
12575
12575
12576
12576
12575
12575
12573
12574
12574
12576
12565
12570
12569
12570
12566
12572
12572
12567
12572
12566
12564
12551
12559
12559
12560
12561
12562
12562
12563
12574
12588
12595
12607
12628
12646
12657
12659
12660
12664
12667
12667
12659
12651
12658
12664
12668
12675
12671
12677
12677
12681
12684
12696
12715
12730
12748
12762
12782
12786
12800
12822
12843
12851
12848
12847
12841
12842
12855
12854
12854
12850
12859
12866
12877
12866
12878
12872
12866
12879
12884
12884
12885
12883
12882
12882
12883
12883
12882
12885
12886
12886
12883
12883
12884
12883
12884
12877
12879
12882
12884
12884
12881
12870
12882
12885
12885
12886
12888
12881
12885
12879
12883
12886
12886
12886
12885
12885
12864
12864
12864
12864
12864
12864
12864
12864
12864
12864
12864
12864
12864
12867
12867
12867
12867
12865
12865
12865
12865
12865
12865
12865
12865
12886
12886
12886
12886
12872
12881
12883
12885
12868
12878
12890
12891
12891
12886
12892
12871
12871
12871
12869
12869
12869
12869
12869
12869
12869
12869
12869
12869
12869
12868
12868
12868
12889
12889
12889
12889
12889
12889
12889
12889
12889
12889
12889
12889
12889
12889
12889
12889
12888
12888
12888
12888
12888
12888
12888
12888
12888
12888
12888
12888
12897
12911
12912
12907
12929
12930
12930
12930
12930
12930
12930
12930
12930
12930
12930
12930
12930
12930
12931
12931
12934
12936
12939
12944
12954
12965
13002
13030
13068
13095
13128
13147
13147
13147
13149
13147
13136
13128
13136
13120
13134
13143
13147
13145
13145
13145
13141
13141
13129
13130
13130
13141
13135
13142
13132
13137
13143
13143
13138
13141
13144
13144
13144
13146
13146
13146
13146
13146
13146
13146
13146
13146
13146
13146
13146
13146
13156
13176
13189
13204
13225
13233
13243
13267
13277
13277
13277
13273
13277
13277
13277
13277
13277
13277
13278
13309
13329
13327
13339
13348
13357
13368
13377
13391
13406
13407
13406
13401
13403
13385
13385
13385
13385
13385
13385
13386
13387
13387
13387
13387
13387
13388
13388
13387
13387
13408
13407
13407
13408
13408
13408
13408
13408
13408
13408
13408
13408
13421
13485
13498
13494
13507
13515
13528
13557
13573
13572
13574
13574
13598
13672
13686
13686
13686
13702
13724
13728
13728
13747
13766
13765
13768
13769
13808
13822
13821
13811
13819
13823
13823
13823
13821
13821
13821
13821
13820
13821
13817
13819
13820
13819
13816
13810
13815
13819
13820
13822
13818
13818
13822
13822
13818
13819
13822
13822
13821
13810
13812
13812
13811
13820
13821
13819
13818
13822
13823
13822
13823
13823
13824
13808
13808
13804
13801
13813
13815
13801
13804
13815
13835
13835
13829
13842
13833
13834
13824
13835
13835
13823
13828
13828
13819
13815
13816
13822
13830
13829
13827
13820
13814
13812
13825
13824
13829
13825
13816
13822
13823
13820
13822
13826
13831
13827
13823
13827
13827
13824
13822
13816
13805
13814
13813
13817
13821
13817
13822
13823
13820
13822
13813
13823
13823
13822
13818
13823
13823
13823
13823
13823
13823
13823
13823
13823
13823
13823
13823
13823
13823
13830
13834
13864
13864
13915
13914
13959
13975
13985
14015
14019
14017
14038
14050
14052
14053
14052
14052
14053
14053
14073
14099
14123
14118
14119
14139
14143
14143
14146
14163
14168
14172
14171
14171
14190
14219
14221
14221
14219
14218
14220
14211
14216
14214
14224
14214
14221
14221
14221
14221
14221
14210
14221
14213
14218
14213
14216
14215
14215
14211
14206
14218
14218
14218
14217
14218
14220
14215
14220
14219
14215
14219
14225
14221
14224
14213
14210
14210
14209
14217
14221
14224
14223
14224
14224
14224
14224
14224
14223
14220
14217
14216
14212
14217
14217
14217
14217
14217
14217
14217
14217
14217
14218
14217
14218
14217
14218
14217
14218
14241
14308
14354
14359
14359
14360
14359
14360
14359
14380
14418
14430
14481
14497
14491
14493
14513
14539
14539
14532
14612
14615
14615
14615
14615
14612
14614
14607
14612
14613
14604
14593
14616
14616
14596
14596
14596
14596
14596
14596
14596
14597
14597
14597
14597
14597
14597
14597
14597
14597
14597
14597
14597
14597
14597
14597
14597
14597
14597
14618
14618
14612
14619
14618
14618
14618
14618
14618
14618
14618
14618
14610
14610
14610
14610
14610
14610
14610
14610
14610
14610
14610
14610
14610
14610
14610
14610
14610
14610
14610
14610
14610
14610
14610
14610
14610
14610
14611
14607
14610
14611
14610
14610
14602
14609
14607
14605
14604
14609
14609
14608
14606
14611
14613
14609
14608
14612
14612
14610
14611
14611
14611
14611
14599
14607
14610
14608
14610
14610
14610
14610
14610
14610
14610
14611
14604
14603
14610
14610
14609
14608
14608
14587
14587
14591
14600
14594
14601
14607
14599
14606
14611
14595
14607
14616
14619
14619
14618
14611
14618
14622
14613
14612
14613
14613
14613
14613
14613
14613
14613
14613
14613
14613
14613
14613
14613
14613
14613
14613
14613
14613
14613
14613
14613
14613
14613
14613
14613
14613
14613
14613
14609
14607
14604
14610
14610
14605
14600
14598
14596
14594
14595
14599
14600
14598
14606
14605
14602
14600
14600
14603
14605
14602
14605
14596
14591
14607
14596
14603
14593
14595
14599
14603
14602
14584
14584
14589
14587
14587
14587
14587
14581
14604
14603
14604
14604
14605
14605
14605
14605
14602
14580
14599
14595
14592
14582
14597
14595
14590
14589
14594
14607
14604
14593
14608
14609
14611
14607
14608
14591
14590
14591
14591
14591
14591
14591
14590
14590
14590
14590
14590
14590
14590
14684
14690
14728
14728
14728
14728
14728
14728
14728
14728
14728
14728
14728
14728
14728
14728
14728
14728
14728
14728
14728
14728
14728
14728
14728
14728
14590
14590
14590
14590
14590
14611
14611
14611
14611
14611
14608
14594
14587
14595
14607
14598
14607
14608
14608
14607
14607
14608
14615
14615
14614
14614
14614
14614
14614
14614
14614
14614
14632
14633
14644
14657
14658
14658
14658
14658
14658
14658
14658
14658
14658
14658
14656
14658
14659
14659
14657
14658
14658
14658
14658
14658
14658
14639
14636
14639
14639
14639
14638
14638
14638
14614
14615
14615
14615
14615
14615
14615
14611
14611
14611
14611
14611
14610
14610
14610
14610
14651
14679
14678
14680
14705
14704
14705
14705
14705
14705
14705
14705
14705
14705
14714
14715
14726
14725
14757
14785
14819
14867
14886
14911
14947
14970
14978
14980
14978
14979
14978
14979
14978
14979
14978
14979
14977
14980
14982
14982
14976
14976
14983
14974
14972
14982
14981
14973
14972
14967
14979
14974
14974
14974
14974
14974
14974
14974
14977
14974
14974
14973
14973
14972
14980
14981
14976
14979
14978
14975
14974
14974
14974
14974
14976
14979
14979
14980
14979
14980
14980
14975
14975
14975
14973
14964
14973
14974
14975
14972
14972
14962
14962
14971
14971
14971
14971
14970
14970
14970
14970
14970
14970
14970
15001
15029
15026
15024
15029
15040
15067
15081
15080
15079
15078
15077
15080
15080
15080
15080
15080
15080
15080
15080
15080
15083
15094
15113
15111
15128
15137
15147
15152
15161
15161
15161
15160
15200
15196
15189
15198
15199
15199
15199
15192
15199
15199
15199
15199
15198
15199
15198
15199
15198
15199
15198
15199
15199
15199
15199
15199
15199
15200
15179
15179
15179
15179
15179
15179
15179
15179
15177
15177
15177
15177
15177
15177
15177
15177
15177
15177
15177
15177
15177
15177
15177
15177
15177
15177
15201
15201
15205
15204
15204
15204
15204
15204
15204
15204
15204
15204
15205
15205
15206
15296
15293
15310
15306
15309
15319
15352
15384
15377
15390
15388
15390
15390
15390
15391
15391
15391
15391
15390
15390
15388
15390
15390
15390
15390
15390
15390
15387
15409
15464
15491
15486
15489
15504
15526
15521
15526
15529
15551
15559
15561
15561
15562
15599
15607
15606
15595
15606
15602
15602
15608
15608
15608
15608
15601
15606
15607
15608
15607
15600
15603
15604
15605
15605
15603
15606
15595
15607
15607
15607
15602
15606
15608
15608
15608
15604
15600
15590
15596
15607
15602
15594
15607
15606
15606
15606
15602
15611
15612
15614
15603
15597
15584
15594
15594
15596
15596
15595
15588
15589
15595
15583
15585
15588
15596
15593
15597
15600
15597
15601
15599
15607
15596
15594
15599
15617
15616
15612
15608
15613
15603
15588
15596
15582
15578
15609
15601
15602
15601
15590
15608
15608
15595
15595
15599
15602
15608
15603
15609
15609
15609
15609
15609
15605
15607
15606
15607
15610
15609
15610
15609
15611
15612
15650
15672
15693
15724
15776
15816
15827
15835
15833
15833
15834
15835
15849
15862
15875
15894
15897
15898
15897
15909
15945
15961
15958
15969
15984
15988
15985
16013
16013
16012
16015
16031
16063
16067
16069
16069
16070
16069
16070
16070
16071
16103
16157
16151
16157
16156
16157
16156
16158
16183
16201
16257
16265
16271
16272
16278
16302
16328
16337
16337
16337
16399
16399
16402
16402
16402
16402
16402
16402
16404
16404
16404
16404
16402
16404
16404
16404
16404
16404
16404
16404
16404
16404
16404
16411
16410
16410
16410
16446
16454
16457
16458
16456
16458
16456
16463
16497
16528
16553
16600
16639
16687
16727
16794
16817
16851
16877
16911
16936
16966
16971
16995
17007
17012
17028
17056
17080
17081
17081
17081
17081
17081
17081
17077
17078
17077
17081
17081
17077
17081
17082
17082
17082
17082
17082
17082
17082
17082
17082
17082
17082
17082
17082
17078
17078
17079
17079
17093
17096
17106
17130
17186
17187
17187
17200
17233
17240
17242
17242
17232
17239
17237
17236
17238
17227
17225
17234
17236
17235
17229
17225
17227
17236
17234
17234
17229
17229
17236
17241
17239
17239
17240
17240
17240
17241
17248
17252
17255
17286
17290
17302
17302
17310
17318
17322
17327
17334
17337
17334
17320
17324
17334
17333
17325
17322
17326
17317
17329
17331
17337
17342
17343
17339
17342
17344
17340
17351
17353
17353
17345
17344
17342
17342
17339
17332
17332
17336
17336
17317
17331
17324
17331
17332
17340
17313
17319
17339
17320
17322
17334
17338
17338
17334
17329
17311
17334
17332
17327
17338
17325
17318
17326
17331
17336
17335
17337
17336
17338
17337
17337
17339
17338
17336
17333
17335
17326
17333
17329
17327
17328
17340
17342
17342
17344
17344
17344
17346
17345
17346
17342
17342
17342
17341
17340
17341
17328
17342
17342
17342
17338
17338
17338
17339
17341
17344
17344
17344
17344
17341
17330
17333
17337
17340
17340
17342
17342
17336
17336
17336
17335
17335
17340
17344
17329
17333
17335
17335
17327
17329
17327
17343
17338
17337
17340
17337
17333
17331
17333
17344
17341
17341
17344
17346
17346
17343
17344
17344
17345
17347
17349
17348
17346
17348
17347
17348
17347
17343
17345
17345
17346
17347
17348
17343
17350
17338
17343
17342
17330
17329
17339
17338
17339
17340
17340
17338
17341
17319
17319
17319
17319
17320
17319
17320
17319
17320
17319
17320
17319
17320
17319
17320
17319
17320
17319
17320
17319
17341
17340
17341
17337
17336
17337
17338
17339
17329
17341
17341
17333
17339
17341
17331
17340
17335
17336
17333
17325
17339
17340
17338
17322
17341
17340
17339
17341
17341
17340
17340
17340
17340
17340
17340
17340
17340
17340
17340
17340
17338
17337
17336
17336
17339
17338
17325
17324
17328
17327
17330
17330
17350
17357
17370
17386
17385
17392
17425
17427
17415
17421
17428
17428
17428
17428
17454
17462
17470
17496
17506
17546
17545
17550
17542
17534
17542
17544
17546
17551
17563
17575
17585
17603
17620
17640
17650
17650
17667
17666
17667
17675
17698
17724
17753
17766
17778
17793
17792
17796
17796
17792
17791
17783
17792
17815
17843
17881
17915
17959
17966
18005
18014
18009
18027
18029
18032
18033
18042
18041
18041
18043
18043
18043
18043
18043
18045
18051
18077
18085
18110
18125
18121
18120
18131
18131
18131
18131
18131
18131
18131
18131
18131
18131
18131
18131
18131
18131
18130
18118
18106
18129
18129
18129
18119
18124
18126
18122
18128
18120
18127
18130
18121
18122
18128
18128
18128
18128
18128
18128
18128
18128
18128
18128
18128
18128
18128
18128
18128
18128
18128
18128
18128
18128
18128
18128
18128
18128
18128
18128
18128
18128
18128
18128
18128
18128
18158
18161
18159
18185
18186
18179
18186
18187
18187
18187
18187
18187
18185
18184
18184
18184
18184
18184
18184
18197
18204
18225
18291
18408
18459
18461
18462
18460
18461
18461
18461
18465
18479
18524
18552
18563
18581
18607
18607
18596
18602
18607
18608
18608
18608
18624
18661
18661
18663
18668
18690
18714
18725
18733
18740
18741
18741
18742
18742
18742
18742
18742
18743
18741
18737
18728
18736
18738
18741
18739
18732
18740
18742
18720
18720
18720
18720
18720
18720
18720
18720
18720
18720
18720
18720
18720
18720
18720
18720
18720
18720
18720
18720
18720
18720
18720
18720
18720
18720
18720
18720
18720
18741
18741
18741
18741
18741
18741
18741
18741
18741
18741
18741
18793
18825
18838
18837
18845
18865
18887
18900
18902
18902
18943
18982
18990
18991
18995
19019
19020
19032
19049
19058
19056
19067
19092
19096
19096
19096
19096
19101
19101
19132
19138
19184
19200
19223
19227
19229
19259
19261
19261
19261
19273
19310
19315
19314
19342
19342
19345
19358
19367
19367
19371
19393
19417
19426
19426
19426
19426
19426
19426
19426
19435
19482
19520
19521
19523
19523
19523
19523
19523
19523
19523
19523
19523
19519
19523
19502
19502
19502
19502
19499
19498
19498
19498
19498
19498
19498
19498
19498
19520
19522
19522
19522
19522
19522
19520
19520
19504
19512
19514
19520
19520
19520
19519
19517
19516
19518
19518
19518
19518
19541
19541
19558
19558
19560
19560
19560
19561
19560
19560
19560
19560
19560
19572
19639
19644
19650
19650
19679
19707
19729
19741
19740
19744
19744
19744
19773
19831
19839
19839
19844
19871
19864
19870
19889
19901
19904
19906
19934
19935
19945
19946
19969
20001
19997
20071
20093
20132
20132
20133
20143
20151
20193
20213
20213
20213
20214
20261
20288
20288
20289
20314
20324
20328
20349
20351
20352
20363
20422
20420
20426
20426
20424
20418
20426
20424
20426
20479
20553
20547
20552
20547
20547
20547
20547
20556
20556
20556
20556
20556
20558
20557
20557
20553
20536
20536
20536
20536
20536
20536
20536
20536
20536
20536
20536
20536
20536
20536
20536
20536
20536
20536
20536
20557
20556
20557
20551
20555
20557
20558
20558
20558
20556
20538
20538
20538
20538
20538
20538
20557
20558
20546
20555
20554
20545
20552
20560
20560
20560
20560
20560
20654
20711
20716
20715
20716
20710
20714
20717
20710
20720
20719
20719
20719
20719
20719
20719
20766
20854
20854
20854
20854
20854
20854
20854
20858
20872
20872
20931
20987
21005
21018
21020
21016
21022
21033
21055
21100
21100
21096
21160
21157
21160
21160
21160
21161
21161
21161
21161
21161
21161
21161
21161
21161
21161
21161
21161
21161
21161
21161
21161
21161
21161
21161
21161
21161
21161
21161
21158
21153
21160
21160
21160
21160
21160
21160
21160
21160
21160
21160
21160
21160
21160
21160
21160
21159
21160
21159
21158
21157
21154
21152
21158
21155
21153
21154
21152
21151
21154
21153
21154
21148
21150
21151
21153
21158
21147
21147
21153
21153
21155
21157
21159
21159
21160
21152
21150
21155
21162
21162
21160
21160
21154
21155
21161
21159
21158
21155
21157
21161
21159
21159
21159
21159
21159
21159
21159
21159
21159
21159
21162
21160
21160
21160
21160
21148
21154
21162
21162
21162
21162
21162
21162
21162
21162
21162
21162
21162
21162
21162
21162
21162
21162
21162
21162
21162
21158
21162
21157
21162
21162
21158
21159
21163
21165
21164
21162
21164
21145
21158
21168
21167
21166
21167
21168
21163
21163
21163
21159
21159
21154
21160
21160
21157
21159
21152
21150
21151
21152
21146
21153
21161
21161
21159
21156
21151
21151
21151
21154
21161
21161
21157
21159
21162
21161
21161
21160
21160
21158
21163
21162
21162
21162
21162
21162
21162
21162
21162
21162
21162
21162
21162
21162
21162
21162
21162
21162
21162
21162
21162
21162
21162
21162
21162
21160
21160
21161
21162
21162
21162
21162
21161
21161
21161
21161
21161
21161
21161
21161
21161
21161
21161
21161
21161
21161
21161
21161
21161
21161
21161
21161
21161
21161
21161
21161
21161
21159
21158
21158
21161
21158
21157
21161
21162
21163
21162
21163
21163
21161
21163
21160
21160
21162
21159
21159
21158
21158
21158
21159
21159
21155
21152
21162
21163
21163
21165
21159
21156
21162
21166
21162
21161
21161
21161
21161
21161
21161
21161
21161
21161
21161
21161
21161
21161
21161
21161
21161
21161
21161
21161
21161
21161
21161
21161
21161
21161
21161
21161
21161
21161
21161
21161
21161
21161
21161
21161
21161
21161
21161
21161
21161
21161
21161
21161
21161
21161
21161
21161
21161
21161
21161
21161
21161
21161
21161
21161
21161
21161
21161
21161
21163
21162
21162
21162
21158
21151
21163
21164
21157
21161
21157
21160
21158
21165
21165
21162
21160
21159
21160
21160
21162
21161
21152
21152
21150
21161
21161
21156
21162
21162
21158
21158
21158
21156
21158
21137
21137
21137
21137
21137
21137
21137
21137
21137
21137
21137
21137
21137
21137
21137
21137
21137
21137
21137
21137
21137
21137
21137
21158
21156
21159
21158
21158
21159
21160
21158
21155
21160
21160
21160
21160
21160
21160
21160
21160
21158
21158
21158
21158
21158
21158
21158
21158
21157
21158
21157
21158
21158
21158
21158
21162
21176
21173
21195
21195
21196
21195
21195
21195
21195
21195
21195
21195
21195
21195
21195
21195
21195
21195
21195
21196
21200
21207
21211
21230
21268
21344
21411
21424
21423
21428
21427
21427
21427
21427
21427
21424
21427
21427
21427
21427
21427
21427
21432
21432
21460
21486
21525
21538
21552
21552
21552
21552
21552
21552
21552
21552
21567
21584
21585
21584
21601
21601
21626
21626
21626
21626
21626
21626
21625
21622
21622
21627
21627
21624
21622
21629
21624
21611
21625
21630
21624
21630
21630
21630
21630
21630
21630
21630
21630
21632
21632
21632
21632
21632
21632
21632
21632
21632
21632
21632
21632
21632
21632
21632
21632
21632
21634
21638
21649
21665
21691
21727
21734
21733
21733
21752
21772
21769
21782
21814
21817
21817
21817
21817
21817
21813
21811
21817
21815
21818
21815
21816
21812
21815
21814
21819
21816
21812
21820
21819
21815
21815
21817
21814
21814
21818
21818
21812
21812
21817
21806
21814
21804
21817
21817
21817
21817
21816
21821
21819
21818
21820
21822
21820
21818
21819
21818
21822
21818
21820
21815
21798
21798
21798
21798
21798
21798
21798
21798
21796
21795
21795
21795
21991
21795
21795
21816
21816
21816
21812
21818
21817
21815
21817
21816
21817
21818
21817
21818
21817
21818
21817
21819
21818
21819
21818
21862
21882
21873
21885
21890
21914
21942
21947
21961
21961
21974
22025
22030
22028
22036
22050
22050
22054
22074
22070
22072
22072
22103
22103
22104
22105
22111
22123
22129
22147
22176
22188
22202
22199
22199
22202
22216
22235
22251
22252
22250
22251
22260
22290
22289
22298
22310
22307
22311
22326
22328
22326
22333
22370
22360
22369
22369
22373
22430
22438
22441
22440
22439
22443
22442
22442
22442
22442
22442
22442
22442
22442
22442
22442
22442
22442
22442
22442
22442
22442
22442
22447
22464
22470
22468
22474
22474
22473
22453
22453
22453
22453
22453
22452
22452
22452
22452
22452
22452
22452
22452
22452
22452
22452
22452
22452
22452
22452
22452
22452
22452
22452
22452
22452
22452
22452
22452
22452
22452
22452
22452
22473
22470
22473
22474
22474
22474
22474
22474
22474
22474
22474
22474
22474
22474
22474
22496
22535
22535
22542
22559
22592
22641
22639
22639
22639
22660
22687
22687
22691
22709
22712
22711
22744
22763
22763
22763
22763
22763
22763
22763
22763
22763
22763
22763
22763
22763
22763
22764
22764
22764
22763
22763
22762
22769
22793
22796
22796
22796
22796
22796
22806
22814
22820
22834
22833
22834
22930
22930
22931
22935
22935
22935
22935
22935
22935
22934
22934
22935
22935
22942
22955
22955
22955
22955
22955
22960
22988
22988
22989
22996
23004
23005
23007
23022
23033
23031
23028
23036
23067
23068
23068
23068
23064
23062
23079
23127
23125
23127
23127
23127
23127
23127
23127
23125
23120
23126
23126
23126
23126
23126
23126
23126
23133
23132
23132
23132
23132
23132
23132
23132
23132
23132
23132
23122
23121
23121
23121
23129
23131
23130
23119
23122
23120
23120
23121
23124
23128
23128
23128
23135
23135
23131
23130
23121
23129
23131
23133
23128
23128
23129
23130
23128
23132
23132
23132
23132
23132
23125
23133
23133
23133
23133
23131
23133
23133
23131
23131
23132
23131
23132
23133
23131
23131
23134
23134
23120
23133
23128
23126
23133
23123
23129
23133
23131
23131
23133
23132
23131
23131
23132
23127
23131
23124
23133
23132
23133
23120
23129
23119
23126
23133
23121
23129
23131
23135
23135
23135
23135
23145
23200
23204
23202
23204
23204
23200
23204
23196
23206
23207
23207
23207
23207
23206
23206
23213
23258
23259
23254
23260
23260
23260
23259
23258
23258
23261
23261
23249
23261
23261
23240
23240
23240
23240
23240
23240
23240
23240
23240
23240
23240
23240
23240
23240
23240
23240
23240
23240
23240
23240
23261
23261
23246
23261
23261
23261
23261
23261
23261
23261
23261
23261
23261
23261
23261
23261
23261
23262
23264
23287
23291
23294
23293
23308
23308
23308
23308
23304
23308
23308
23308
23308
23308
23302
23304
23304
23304
23296
23304
23304
23304
23303
23299
23304
23301
23301
23305
23305
23302
23299
23296
23293
23297
23297
23300
23293
23303
23299
23302
23302
23298
23304
23304
23299
23304
23305
23297
23297
23302
23301
23298
23305
23305
23305
23304
23304
23304
23304
23306
23308
23302
23307
23308
23304
23296
23308
23307
23307
23292
23304
23306
23299
23304
23287
23284
23284
23292
23289
23278
23293
23292
23291
23296
23294
23288
23291
23290
23296
23295
23296
23296
23297
23297
23297
23295
23291
23294
23298
23298
23298
23298
23298
23298
23283
23283
23294
23295
23292
23292
23297
23297
23297
23297
23297
23297
23298
23298
23298
23299
23299
23299
23299
23299
23299
23285
23292
23299
23299
23299
23299
23299
23299
23278
23278
23277
23277
23277
23277
23277
23277
23277
23277
23277
23277
23277
23277
23277
23277
23277
23277
23277
23277
23276
23276
23276
23276
23276
23276
23276
23276
23280
23281
23283
23264
23262
23274
23262
23263
23248
23246
23245
23252
23247
22239
22240
18699
18702
16758
16781
15627
15626
13515
13203
13204
12609
12610
12143
12144
11883
11884
11663
11664
11664
11741
11741
11741
11741
11742
11742
11742
11742
11742
11742
11742
11742
11742
11742
11742
11742
11742
11742
11742
11742
11742
11742
11742
11742
11742
11742
11742
11742
11742
11742
11742
11742
11742
11742
11742
11742
11742
11742
11742
11742
11742
11742
11742
11742
11742
11742
11742
11742
11742
11742
11742
11742
11742
11742
11742
11742
11742
11742
11742
11742
11742
11742
11742
11742
11742
11742
11742
11742
11742
11742
11742
11742
11742
11742
11742
11742
11742
11742
11742
11742
11742
11742
11742
11742
11742
11742
11742
11742
11742
11742
11742
11742
11742
11742
11742
11742
11742
11742
11742
11742
11742
11742
11742
11742
11742
11742
11742
11742
11742
11742
11742
11742
11742
11742
11742
11742
11742
11742
11742
11742
11764
11766
11766
11766
11766
11766
11766
11766
11766
11766
11787
11787
11787
11787
11787
11787
11787
11787
11787
11787
11787
11787
11787
11787
11787
11787
11787
11787
11787
11787
11787
11787
11787
11787
11787
11787
11787
11787
11787
11815
11819
11821
11818
11833
11844
11845
11844
11840
11840
11845
11845
11845
11845
11845
11845
11845
11845
11845
11845
11845
11845
11845
11845
11844
11844
11845
11844
11845
11839
11845
11844
11844
11844
11844
11844
11845
11845
11843
11848
11827
11827
11827
11827
11827
11827
11848
11848
11837
11848
11849
11846
11846
11846
11846
11846
11848
11863
11905
11905
11905
11905
11905
11905
11905
11905
11905
11905
11905
11905
11905
11905
11905
11905
11907
11915
11920
11928
11930
11951
11991
12031
12095
12170
12231
12257
12257
12260
12260
12260
12260
12260
12260
12265
12283
12305
12325
12341
12355
12357
12382
12382
12395
12395
12395
12395
12395
12395
12395
12395
12395
12446
12447
12454
12455
12471
12473
12482
12503
12512
12513
12521
12522
12523
12501
12501
12500
12500
12500
12500
12500
12500
12500
12500
12500
12500
12500
12500
12500
12500
12500
12499
12499
12499
12499
12499
12499
12499
12499
12499
12499
12499
12499
12499
12499
12499
12499
12499
12499
12499
12499
12499
12499
12499
12499
12499
12499
12499
12499
12499
12499
12520
12520
12520
12520
12520
12520
12520
12520
12520
12520
12520
12520
12520
12520
12520
12520
12520
12520
12520
12520
12520
12520
12520
12520
12520
12520
12520
12520
12520
12520
12520
12520
12520
12520
12520
12520
12520
12520
12520
12520
12521
12523
12523
12524
12523
12523
12523
12523
12523
12523
12523
12523
12523
12523
12523
12523
12523
12523
12523
12523
12523
12523
12524
12524
12523
12523
12523
12523
12524
12524
12524
12524
12524
12526
12525
12523
12523
12524
12524
12524
12524
12524
12524
12523
12523
12523
12523
12523
12523
12523
12523
12523
12523
12523
12523
12523
12523
12523
12523
12523
12523
12523
12523
12523
12523
12523
12523
12523
12523
12523
12523
12523
12523
12523
12523
12523
12523
12523
12523
12523
12523
12523
12523
12523
12523
12523
12523
12523
12523
12523
12523
12523
12523
12524
12523
12523
12523
12523
12523
12523
12523
12523
12523
12523
12523
12523
12523
12523
12523
12523
12522
12522
12522
12522
12522
12522
12522
12522
12523
12523
12524
12522
12522
12522
12522
12522
12522
12522
12522
12522
12522
12522
12522
12522
12522
12522
12522
12522
12522
12522
12522
12522
12522
12522
12522
12522
12522
12522
12522
12522
12522
12522
12522
12522
12522
12522
12522
12522
12522
12522
12522
12522
12522
12522
12522
12522
12522
12522
12522
12522
12523
12523
12523
12523
12523
12523
12523
12523
12523
12523
12523
12523
12523
12523
12523
12523
12523
12523
12523
12523
12523
12523
12523
12523
12523
12523
12523
12523
12523
12523
12523
12523
12523
12523
12523
12523
12523
12523
12523
12523
12523
12523
12523
12523
12523
12523
12523
12523
12523
12523
12523
12523
12523
12523
12523
12523
12523
12523
12523
12523
12523
12523
12523
12523
12523
12523
12523
12523
12523
12523
12523
12523
12523
12523
12523
12523
12523
12523
12523
12523
12521
12523
12523
12523
12523
12523
12523
12523
12523
12523
12523
12523
12523
12523
12523
12523
12523
12523
12523
12523
12523
12523
12523
12523
12523
12523
12523
12523
12523
12523
12523
12523
12523
12523
12523
12523
12523
12523
12523
12523
12522
12522
12522
12522
12522
12522
12522
12522
12522
12522
12522
12522
12522
12522
12523
12523
12523
12523
12523
12523
12523
12523
12523
12524
12524
12523
12522
12522
12522
12522
12522
12522
12522
12522
12522
12522
12522
12522
12522
12522
12522
12522
12522
12522
12522
12501
12501
12501
12501
12501
12501
12501
12501
12501
12501
12501
12599
12639
12639
12639
12637
12637
12637
12637
12637
12637
12637
12499
12499
12499
12499
12520
12520
12520
12520
12520
12520
12520
12520
12520
12520
12520
12520
12520
12520
12520
12521
12527
12550
12582
12643
12682
12683
12683
12690
12690
12730
12735
12728
12790
12790
12790
12790
12790
12790
12789
12789
12789
12789
12789
12789
12789
12789
12789
12789
12789
12789
12790
12789
12789
12790
12790
12790
12790
12790
12790
12790
12790
12790
12790
12790
12790
12790
12786
12790
12790
12787
12790
12790
12790
12769
12769
12769
12769
12769
12769
12769
12769
12769
12769
12769
12769
12769
12769
12769
12769
12769
12769
12769
12769
12769
12769
12769
12769
12769
12769
12769
12769
12769
12769
12769
12769
12769
12769
12769
12769
12769
12769
12769
12790
12787
12785
12788
12782
12787
12786
12787
12788
12786
12783
12784
12785
12785
12785
12787
12783
12783
12783
12785
12784
12782
12774
12781
12783
12784
12784
12784
12784
12784
12781
12781
12787
12785
12786
12785
12785
12785
12785
12785
12785
12785
12785
12785
12785
12782
12766
12767
12768
12773
12774
12769
12774
12770
12772
12770
12770
12766
12775
12775
12766
12764
12764
12764
12764
12764
12764
12764
12764
12764
12764
12764
12764
12764
12764
12764
12764
12764
12764
12764
12764
12764
12764
12764
12764
12764
12764
12764
12764
12764
12764
12764
12764
12764
12764
12764
12764
12764
12764
12764
12764
12764
12764
12764
12764
12764
12775
12775
12775
12775
12775
12775
12775
12775
12775
12775
12775
12775
12775
12775
12775
12778
12778
12778
12778
12778
12778
12778
12778
12778
12779
12778
12778
12778
12778
12778
12778
12778
12778
12778
12778
12778
12778
12778
12778
12778
12778
12778
12778
12778
12778
12778
12778
12778
12778
12778
12778
12778
12778
12778
12778
12778
12778
12778
12778
12778
12778
12778
12778
12778
12778
12778
12778
12778
12778
12778
12778
12778
12778
12778
12778
12778
12778
12778
12778
12778
12778
12778
12778
12778
12778
12778
12778
12778
12778
12778
12778
12778
12778
12779
12779
12778
12778
12778
12778
12778
12778
12778
12778
12778
12778
12778
12778
12778
12778
12778
12778
12778
12778
12757
12757
12757
12757
12757
12757
12757
12757
12757
12757
12757
12757
12757
12757
12757
12757
12757
12757
12757
12757
12757
12757
12757
12757
12757
12757
12757
12757
12757
12757
12757
12757
12757
12757
12757
12757
12757
12757
12757
12757
12757
12757
12757
12757
12757
12757
12757
12757
12757
12757
12757
12757
12757
12757
12757
12757
12757
12757
12757
12757
12757
12757
12750
12752
12752
12752
12752
12752
12752
12752
12752
12752
12752
12752
12752
12752
12752
12752
12752
12752
12752
12752
12774
12774
12774
12774
12774
12774
12774
12774
12774
12774
12774
12774
12774
12774
12774
12774
12774
12774
12788
12790
12787
12802
12802
12806
12806
12805
12805
12805
12805
12805
12805
12805
12805
12805
12805
12805
12805
12805
12805
12805
12805
12842
12842
12842
12842
12842
12842
12842
12842
12842
12842
12842
12844
12847
12853
12856
12859
12869
12899
12943
12997
13040
13087
13127
13146
13153
13156
13156
13156
13156
13156
13156
13156
13156
13156
13155
13155
13155
13155
13155
13155
13155
13155
13155
13155
13155
13155
13155
13155
13155
13155
13155
13155
13155
13155
13155
13155
13155
13155
13155
13155
13155
13155
13155
13155
13155
13155
13155
13155
13155
13155
13155
13155
13155
13155
13172
13194
13217
13243
13255
13274
13282
13282
13282
13279
13279
13276
13279
13282
13282
13282
13282
13282
13282
13282
13283
13283
13283
13283
13283
13283
13283
13283
13283
13283
13283
13283
13309
13351
13346
13358
13348
13345
13358
13361
13383
13393
13414
13402
13419
13417
13416
13419
13419
13419
13418
13418
13418
13418
13418
13418
13418
13418
13418
13418
13418
13418
13418
13418
13418
13416
13416
13416
13416
13416
13416
13416
13416
13416
13416
13421
13426
13444
13469
13517
13538
13536
13536
13536
13540
13550
13581
13600
13609
13610
13610
13653
13661
13670
13670
13670
13670
13668
13671
13671
13671
13671
13671
13671
13671
13671
13671
13671
13671
13671
13671
13671
13671
13671
13671
13668
13670
13670
13670
13670
13670
13670
13670
13670
13670
13664
13666
13650
13650
13650
13650
13650
13650
13650
13650
13650
13650
13650
13650
13650
13651
13651
13651
13651
13651
13651
13651
13651
13651
13651
13651
13651
13651
13651
13651
13651
13651
13651
13651
13651
13651
13651
13651
13651
13651
13651
13651
13651
13651
13651
13651
13651
13651
13651
13651
13651
13651
13651
13651
13672
13672
13672
13672
13672
13672
13672
13672
13672
13672
13672
13672
13672
13672
13672
13672
13672
13672
13672
13672
13672
13672
13673
13672
13672
13672
13672
13672
13672
13672
13672
13672
13672
13672
13672
13672
13672
13672
13672
13672
13672
13672
13672
13672
13672
13672
13672
13672
13672
13672
13672
13672
13672
13672
13672
13672
13672
13672
13672
13672
13672
13672
13672
13672
13672
13672
13672
13672
13672
13672
13672
13672
13672
13672
13672
13672
13672
13672
13672
13672
13672
13672
13672
13672
13668
13672
13672
13672
13672
13672
13672
13672
13672
13672
13672
13672
13672
13672
13672
13672
13672
13672
13672
13672
13673
13672
13672
13672
13672
13672
13672
13672
13672
13672
13672
13672
13672
13672
13672
13672
13672
13672
13672
13672
13672
13672
13672
13671
13671
13672
13671
13671
13671
13671
13671
13671
13671
13671
13671
13671
13671
13671
13671
13671
13671
13671
13671
13671
13671
13671
13671
13671
13671
13671
13671
13671
13671
13671
13671
13671
13671
13671
13671
13671
13671
13671
13672
13672
13672
13672
13673
13672
13671
13671
13671
13671
13671
13672
13672
13672
13672
13672
13672
13672
13672
13672
13667
13669
13669
13669
13669
13669
13669
13669
13670
13670
13669
13669
13669
13669
13669
13669
13669
13669
13669
13669
13669
13669
13669
13669
13669
13669
13669
13669
13669
13669
13669
13669
13669
13669
13669
13669
13670
13670
13669
13669
13669
13669
13669
13669
13669
13669
13670
13669
13669
13669
13666
13670
13670
13670
13670
13670
13670
13670
13668
13670
13670
13671
13671
13671
13669
13669
13668
13669
13669
13669
13669
13670
13669
13669
13669
13670
13670
13671
13671
13671
13672
13672
13672
13672
13672
13672
13672
13671
13672
13671
13670
13670
13670
13670
13670
13670
13670
13670
13670
13670
13671
13670
13670
13670
13671
13670
13670
13670
13670
13670
13670
13670
13670
13670
13670
13670
13670
13670
13670
13670
13670
13670
13670
13670
13670
13670
13670
13670
13670
13670
13670
13671
13671
13670
13671
13670
13670
13670
13670
13670
13670
13670
13670
13670
13670
13670
13670
13670
13670
13670
13670
13670
13671
13667
13671
13665
13670
13671
13671
13671
13662
13671
13672
13672
13672
13671
13668
13666
13672
13672
13672
13672
13672
13672
13672
13672
13672
13672
13672
13672
13670
13670
13670
13669
13670
13670
13670
13670
13670
13671
13670
13670
13663
13670
13670
13670
13670
13672
13670
13670
13670
13670
13670
13670
13670
13670
13670
13670
13670
13670
13668
13670
13670
13670
13670
13670
13670
13671
13670
13670
13670
13670
13670
13670
13670
13670
13670
13670
13671
13671
13671
13671
13671
13671
13671
13671
13671
13671
13671
13671
13657
13669
13669
13669
13669
13669
13663
13651
13670
13670
13669
13671
13671
13671
13671
13670
13670
13670
13670
13670
13670
13670
13670
13670
13670
13670
13670
13670
13670
13670
13670
13670
13670
13670
13670
13670
13670
13670
13670
13670
13670
13670
13670
13670
13670
13670
13670
13661
13670
13670
13666
13670
13671
13670
13670
13670
13670
13670
13671
13670
13671
13671
13671
13671
13671
13671
13670
13670
13670
13670
13670
13670
13670
13670
13670
13670
13670
13670
13670
13670
13670
13670
13670
13670
13670
13670
13670
13670
13666
13661
13668
13644
13662
13665
13663
13649
13653
13653
13653
13664
13667
13657
13659
13651
13647
13653
13658
13658
13657
13661
13651
13666
13652
13644
13652
13666
13659
13661
13661
13659
13652
13658
13667
13670
13670
13670
13670
13670
13670
13670
13670
13670
13670
13670
13670
13669
13669
13669
13669
13669
13669
13669
13669
13670
13669
13669
13670
13670
13667
13670
13669
13668
13648
13648
13648
13648
13648
13648
13648
13648
13648
13648
13648
13648
13648
13648
13648
13669
13670
13670
13670
13670
13670
13670
13670
13670
13670
13670
13670
13670
13669
13669
13669
13669
13694
13698
13697
13725
13772
13803
13868
13938
13986
14013
14065
14092
14122
14137
14157
14173
14180
14190
14261
14265
14265
14265
14265
14265
14261
14261
14264
14264
14264
14264
14264
14264
14264
14265
14264
14264
14264
14264
14264
14264
14266
14264
14264
14264
14264
14264
14264
14264
14264
14265
14264
14264
14264
14264
14264
14264
14263
14263
14263
14263
14263
14263
14263
14263
14263
14263
14263
14263
14263
14263
14263
14263
14263
14263
14263
14263
14260
14262
14262
14262
14263
14263
14262
14262
14262
14262
14262
14262
14262
14262
14262
14262
14263
14263
14263
14263
14262
14262
14262
14262
14262
14262
14262
14262
14262
14262
14262
14262
14262
14262
14262
14262
14262
14262
14262
14262
14260
14261
14261
14262
14262
14262
14262
14262
14262
14262
14262
14262
14262
14262
14262
14262
14262
14262
14262
14262
14263
14262
14263
14262
14262
14262
14262
14262
14264
14262
14263
14262
14262
14263
14262
14262
14262
14262
14262
14262
14263
14262
14262
14262
14262
14262
14262
14263
14263
14262
14262
14262
14262
14262
14262
14262
14262
14262
14262
14262
14262
14263
14263
14263
14263
14263
14263
14263
14263
14263
14263
14263
14263
14263
14263
14263
14263
14263
14263
14263
14263
14263
14263
14263
14263
14263
14263
14263
14263
14263
14263
14263
14263
14263
14254
14263
14263
14263
14263
14263
14263
14263
14263
14263
14263
14263
14263
14263
14263
14263
14263
14263
14263
14263
14263
14263
14263
14263
14263
14263
14261
14262
14263
14263
14263
14263
14263
14263
14263
14263
14263
14263
14263
14262
14262
14262
14262
14262
14262
14262
14262
14262
14262
14262
14262
14262
14262
14262
14262
14262
14262
14260
14262
14262
14262
14262
14262
14262
14262
14262
14262
14262
14262
14262
14262
14262
14262
14262
14262
14262
14262
14262
14262
14262
14262
14262
14262
14262
14262
14263
14261
14262
14262
14262
14262
14262
14262
14262
14262
14262
14262
14262
14262
14262
14262
14262
14262
14262
14262
14262
14262
14262
14262
14262
14262
14262
14262
14262
14262
14262
14260
14262
14262
14262
14262
14262
14262
14262
14262
14262
14262
14262
14262
14262
14262
14262
14262
14262
14262
14262
14262
14262
14262
14262
14262
14262
14262
14262
14262
14262
14261
14262
14262
14262
14262
14262
14262
14263
14263
14262
14262
14262
14262
14262
14262
14262
14263
14263
14263
14263
14263
14263
14263
14263
14263
14263
14263
14263
14263
14263
14262
14262
14262
14262
14262
14262
14262
14262
14262
14262
14262
14262
14262
14257
14262
14262
14262
14262
14262
14262
14262
14262
14263
14263
14262
14262
14262
14262
14262
14263
14262
14262
14262
14262
14262
14262
14262
14262
14262
14262
14262
14262
14262
14262
14262
14262
14262
14262
14262
14262
14262
14262
14262
14262
14262
14262
14262
14262
14262
14261
14261
14234
14256
14243
14241
14249
14255
14251
14252
14248
14255
14257
14247
14250
14249
14253
14251
14256
14251
14251
14251
14257
14257
14258
14258
14258
14258
14245
14239
14243
14245
14246
14254
14261
14258
14259
14256
14254
14255
14258
14261
14261
14260
14262
14262
14262
14264
14260
14261
14254
14260
14259
14259
14259
14258
14259
14263
14258
14264
14264
14264
14264
14264
14264
14264
14264
14264
14264
14264
14264
14264
14262
14264
14264
14264
14264
14264
14264
14264
14264
14264
14264
14264
14264
14264
14264
14264
14264
14264
14264
14260
14261
14261
14261
14261
14261
14261
14261
14261
14261
14261
14261
14261
14261
14261
14261
14261
14261
14261
14261
14261
14261
14261
14261
14261
14261
14261
14261
14261
14261
14261
14261
14261
14261
14261
14261
14261
14261
14261
14261
14260
14262
14262
14262
14262
14262
14262
14262
14263
14262
14262
14262
14262
14262
14259
14262
14262
14262
14239
14262
14260
14261
14261
14261
14261
14261
14261
14261
14253
14253
14261
14261
14261
14261
14261
14261
14240
14259
14261
14261
14261
14261
14261
14261
14261
14262
14261
14261
14261
14261
14261
14261
14261
14261
14261
14261
14261
14261
14261
14261
14261
14261
14261
14261
14262
14261
14261
14261
14261
14261
14261
14261
14261
14261
14261
14261
14261
14261
14264
14261
14260
14261
14261
14262
14261
14261
14261
14261
14261
14261
14261
14261
14261
14261
14261
14261
14261
14261
14261
14261
14261
14261
14261
14261
14261
14261
14261
14261
14261
14261
14261
14261
14261
14261
14261
14261
14263
14261
14261
14261
14261
14261
14261
14261
14261
14261
14261
14261
14261
14257
14261
14262
14262
14263
14262
14262
14262
14262
14262
14262
14261
14262
14263
14262
14262
14262
14263
14263
14263
14263
14263
14263
14242
14242
14242
14241
14241
14241
14241
14241
14241
14241
14241
14241
14241
14241
14241
14451
14451
14893
14893
15363
15362
16039
16040
17755
17756
19309
19310
19310
20570
20572
21228
21688
21691
21759
21763
21763
21763
21763
21763
21763
21763
21763
22514
22514
22514
22514
22513
22515
21747
21746
21746
21746
21746
21746
21746
21746
21746
21746
21746
21746
21746
21746
21746
21746
21761
21767
21761
21764
21768
21768
21768
21768
21769
21768
21768
21768
21768
21768
21768
21768
21768
21768
21769
21768
21768
21767
21767
21767
21767
21765
21746
21746
21746
21746
21746
21746
21746
21746
21746
21746
21746
21746
21746
21746
21746
21746
21746
21746
21746
21746
21746
21746
21746
21746
21746
21767
21754
21767
21762
21769
21769
21770
21770
21769
21769
21769
21769
21769
21769
21769
21769
21769
21769
21769
21769
21769
21769
21769
21769
21769
21769
21769
21769
21769
21770
21771
21771
21769
21769
21769
21769
21769
21769
21769
21769
21769
21769
21769
21769
21769
21769
21768
21768
21769
21769
21769
21769
21769
21769
21769
21769
21772
21784
21795
21803
21807
21833
21846
21863
21877
21898
21916
21936
21947
21967
21984
21996
21998
22000
22000
22001
22011
22018
22025
22044
22057
22072
22091
22108
22138
22134
22134
22134
22137
22137
22137
22137
22137
22137
22137
22137
22137
22137
22135
22137
22137
22135
22135
22140
22140
22139
22139
22139
22139
22139
22139
22139
22139
22131
22132
22132
22132
22132
22132
22130
22131
22131
22131
22131
22131
22131
22131
22131
22131
22131
22131
22145
22283
22342
22335
22343
22343
22343
22343
22343
22430
22540
22585
22604
22602
22596
22618
22639
22648
22648
22648
22646
22645
22646
22647
22643
22652
22653
22653
22654
22653
22654
22653
22654
22653
22607
22606
22607
22606
22607
22347
22348
22347
22345
22135
22135
22134
22135
22134
22135
22134
22135
22134
22135
22134
22135
22134
22135
22134
22135
22134
22135
22134
22350
22349
22349
22351
22352
22355
22376
22407
22416
22415
22418
22417
22418
22417
22418
22417
22418
22416
22418
22416
22439
22469
22518
22560
22608
22654
22656
22653
22655
22669
22694
22693
22694
22695
22694
22695
22694
22695
22694
22695
22693
22695
22692
22691
22693
22691
22692
22730
22817
22917
22934
22938
22937
22938
22951
22977
22986
22989
22990
22989
22990
22995
23024
23045
23052
23052
23062
23078
23085
23075
23082
23081
23082
23080
23080
23080
23081
23080
23081
23080
23082
23080
23081
23124
23124
23137
23169
23190
23199
23198
23200
23199
23200
23199
23200
23199
23208
23219
23229
23266
23265
23268
23268
23267
23268
23264
23260
23268
23269
23268
23269
23265
23270
23268
23270
23264
23268
23268
23270
23268
23269
23268
23269
23268
23269
23265
23267
23247
23248
23247
23249
23248
23249
23248
23249
23248
23249
23248
23249
23248
23249
23264
23269
23268
23269
23267
23267
23268
23269
23268
23260
23270
23270
23269
23270
23267
23266
23269
23270
23269
23267
23270
23270
23269
23269
23269
23269
23269
23269
23269
23269
23269
23269
23269
23269
23269
23258
23269
23265
23266
23269
23265
23265
23269
23269
23269
23269
23269
23269
23269
23269
23268
23268
23268
23268
23268
23268
23268
23268
23268
23269
23268
23268
23267
23262
23268
23268
23269
23269
23269
23269
23269
23269
23272
23273
23273
23273
23273
23273
23273
23274
23273
23273
23275
23275
23274
23275
23274
23274
23274
23274
23274
23274
23269
23274
23273
23274
23273
23274
23273
23274
23274
23273
23274
23274
23274
23274
23274
23269
23269
23268
23269
23275
23275
23274
23274
23274
23274
23274
23274
23274
23274
23274
23274
23274
23273
23275
23270
23273
23269
23274
23274
23274
23274
23271
23271
23274
23273
23273
23271
23270
23274
23273
23269
23273
23272
23273
23272
23273
23272
23273
23272
23273
23272
23272
23272
23272
23273
23275
23274
23275
23274
23274
23273
23275
23274
23274
23274
23274
23273
23273
23270
23272
23266
23268
23272
23269
23271
23273
23273
23273
23271
23273
23272
23273
23271
23272
23271
23271
23269
23271
23267
23272
23271
23272
23271
23271
23270
23270
23270
23271
23270
23267
23268
23269
23269
23270
23269
23270
23269
23270
23266
23266
23267
23270
23270
23271
23270
23272
23271
23272
23271
23272
23271
23272
23269
23271
23268
23273
23272
23273
23267
23273
23272
23273
23272
23273
23272
23273
23272
23273
23272
23273
23272
23273
23272
23273
23272
23273
23272
23273
23272
23273
23272
23273
23271
23268
23268
23273
23272
23273
23270
23273
23272
23273
23272
23273
23272
23273
23273
23274
23271
23273
23272
23273
23271
23272
23271
23272
23271
23272
23251
23251
23251
23251
23251
23251
23251
23251
23251
23251
23250
23348
23388
23389
23388
23389
23383
23349
23327
23251
23250
23251
23250
23251
23250
23267
23266
23272
23260
23273
23272
23273
23272
23273
23272
23273
23272
23273
23272
23273
23272
23271
23262
23262
23262
23262
23262
23262
23262
23262
23262
23262
23262
23262
23262
23262
23262
23274
23283
23295
23309
23318
23330
23341
23348
23366
23381
23403
23426
23440
23451
23461
23463
23463
23463
23463
23463
23463
23463
23454
23454
23454
23454
23466
23465
23463
23462
23462
23462
23458
23462
23461
23464
23465
23460
23447
23456
23448
23443
23437
23436
23436
23436
23450
23440
23434
23444
23457
23446
23457
23457
23457
23457
23457
23455
23455
23455
23455
23455
23456
23456
23456
23456
23456
23456
23456
23456
23456
23456
23456
23456
23456
23456
23456
23456
23456
23456
23456
23456
23456
23456
23456
23456
23456
23456
23456
23456
23457
23466
23471
23494
23506
23529
23550
23562
23571
23586
23604
23621
23643
23661
23689
23712
23712
23712
23712
23712
23712
23711
23712
23712
23711
23709
23711
23708
23712
23712
23711
23711
23705
23706
23708
23701
23705
23710
23707
23704
23708
23709
23707
23705
23706
23703
23709
23709
23682
23682
23710
23710
23708
23699
23692
23711
23703
23709
23688
23688
23688
23688
23688
23688
23688
23688
23688
23688
23688
23688
23688
24445
24453
27303
27302
27301
27301
27322
27322
27322
27323
27321
27323
27323
27323
27323
27324
27382
27381
27382
27381
27381
27381
27378
27373
27363
27365
27371
27373
27366
27362
27370
27367
27361
27371
27372
27372
27372
27376
27375
27378
27375
27378
27367
27379
27359
27376
27374
27362
27365
27364
27362
27400
27416
27412
27405
27415
27430
27443
27450
27441
27458
27541
27546
27537
27547
27577
27601
27587
27580
27603
27655
27662
27660
27663
27722
27762
27767
27771
27772
27816
27816
27818
27816
27836
27837
27857
27864
27864
27877
27932
27938
27935
27932
27946
27982
27986
27990
27988
27980
27992
27991
27991
27992
28032
28061
28063
28066
28080
28141
28147
28132
28153
28215
28214
28204
28202
28232
28245
28246
28246
28247
28247
28252
28252
28252
28243
28237
28244
28254
28255
28248
28244
28247
28252
28252
28249
28242
28249
28243
28244
28249
28247
28246
28252
28251
28252
28252
28250
28250
28252
28251
28242
28242
28249
28250
28249
28244
28248
28248
28251
28244
28248
28247
28243
28240
28246
28250
28250
28250
28250
28250
28249
28250
28250
28249
28250
28249
28248
28245
28244
28243
28240
28242
28243
28244
28244
28231
28245
28245
28244
28247
28247
28247
28247
28247
28247
28246
28244
28246
28225
28225
28224
28224
28224
28224
28224
28224
28224
28224
28223
28223
28223
28223
28224
28224
28194
28193
28097
28097
28095
28095
23385
23384
23383
23405
23405
23495
23499
23498
23496
23498
23498
23497
23497
23498
23492
23492
23494
23497
23499
23501
23529
23538
23538
23537
23534
23536
23527
23540
23536
23541
23541
23539
23541
23540
23541
23542
23542
23542
23542
23542
23542
23542
23543
23628
23633
23637
23642
23650
23651
23661
23657
23657
23657
23657
23656
23654
23657
23648
23651
23656
23656
23656
23656
23656
23656
23656
23657
23656
23653
23657
23658
23657
23658
23657
23658
23657
23653
23652
23657
23649
23650
23655
23655
23650
23648
23651
23655
23652
23650
23660
23661
23663
23663
23660
23662
23661
23662
23661
23661
23660
23664
23663
23664
23680
23681
23678
23680
23681
23681
23680
23684
23684
23684
23681
23665
23682
23682
23681
23682
23682
23682
23682
23681
23682
23681
23676
23680
23680
23680
23680
23680
23680
23680
23680
23680
23680
23680
23680
23680
23680
23679
23680
23680
23680
23680
23680
23680
23680
23680
23680
23680
23680
23680
23680
23680
23680
23680
23680
23680
23680
23680
23680
23680
23680
23680
23680
23680
23680
23680
23681
23680
23680
23680
23680
23680
23680
23680
23680
23680
23680
23680
23680
23673
23681
23681
23676
23681
23681
23660
23660
23660
23660
23660
23660
23660
23660
23660
23660
23660
23660
23659
23659
23659
23659
23659
22636
22632
22633
22633
25021
25020
25724
25724
25728
25728
25791
25810
25812
25811
25811
25797
25791
25791
25791
25791
25792
25791
25791
25791
25791
25790
25790
25790
25790
25790
25790
25790
25790
25790
25791
25791
25790
25790
25790
25790
25790
25790
25790
25797
25797
25796
25795
25796
25809
25809
25812
25811
25811
25812
25855
25915
25908
25932
25938
25965
26013
26057
26056
26081
26136
26142
26131
26149
26138
26146
26138
26135
26138
26117
26117
26117
26117
26117
26117
26117
26117
26117
26117
26117
26117
26117
26826
26825
26825
27307
27306
28557
28559
28557
28159
28159
28160
28160
28105
28105
28108
28109
28109
28111
28107
28092
28100
28105
28106
28105
28112
28105
28103
28110
28106
28088
28087
28088
28090
28090
28086
28083
28084
28090
28092
28093
28092
28091
28092
28092
28085
28095
28095
28096
28095
28095
28095
28095
28091
28091
28090
28090
28094
28094
28094
28095
28125
28167
28190
28197
28196
28194
28196
28239
28247
28247
28247
28248
28247
28247
28251
28251
28251
28246
28242
28251
28251
28251
28251
28251
28244
28248
28251
28251
28242
28247
28240
28248
28246
28234
28233
28249
28242
28242
28235
28229
28246
28242
28238
28246
28245
28247
28240
28240
28238
28242
28232
28248
28245
28247
28249
28249
28244
28249
28249
28250
28250
28250
28250
28250
28250
28250
28250
28250
28250
28250
28250
28250
28250
28250
28250
28250
28250
28250
28250
28250
28250
28250
28250
28250
28250
28250
28250
28250
28250
28250
28249
28251
28251
28252
28251
28251
28251
28250
28250
28250
28250
28250
28250
28250
28250
28250
28250
28250
28247
28247
28247
28247
28247
28247
28247
28247
28247
28247
28247
28247
28248
28248
28248
28248
28248
28248
28248
28248
28244
28248
28248
28247
28247
28246
28248
28249
28249
28244
28248
28246
28248
28244
28248
28250
28243
28240
28242
28249
28249
28249
28241
28247
28248
28244
28247
28242
28241
28241
28242
28243
28242
28243
28242
28243
28243
28242
28243
28221
28222
28221
28222
28221
28222
28221
28222
28221
28222
28221
28221
28221
28658
28659
19048
19045
19045
17024
17023
16697
16698
16280
16282
15787
15789
15790
15838
15859
15861
15861
15861
15854
15860
15860
15860
15860
15860
15860
15860
15860
15861
15868
15880
15974
16065
16162
16163
16166
16166
16166
16166
16159
16166
16166
16166
16166
16169
16169
16169
16169
16169
16153
16169
16169
16169
16169
16169
16169
16169
16169
16169
16169
16169
16169
16169
16169
16169
16169
16169
16169
16169
16169
16169
16182
16184
16195
16195
16337
16337
16377
16428
16464
16455
16468
16467
16467
16467
16469
16476
16487
16506
16546
16580
16578
16573
16582
16582
16567
16581
16582
16578
16578
16575
16593
16609
16632
16630
16665
16691
16708
16724
16749
16750
16750
16750
16750
16750
16749
16751
16751
16751
16747
16747
16747
16747
16747
16747
16747
16747
16747
16747
16747
16747
16747
16747
16769
16851
16854
16861
16859
16879
16912
16949
16949
16955
16951
16992
17055
17062
17062
17073
17085
17084
17093
17121
17122
17127
17176
17171
17171
17171
17214
17214
17233
17260
17326
17357
17395
17395
17395
17432
17491
17506
17506
17506
17514
17536
17577
17613
17640
17646
17644
17659
17699
17704
17705
17738
17756
17768
17768
17777
17795
17802
17806
17821
17831
17817
17830
17831
17831
17831
17831
17831
17820
17832
17832
17832
17832
17832
17832
17832
17828
17827
17827
17827
17827
17827
17827
17827
17816
17827
17827
17827
17827
17823
17827
17827
17827
17806
17806
17806
17806
17806
17806
17806
17806
17806
17806
17806
17806
17806
17806
17806
17806
17827
17827
17827
17827
17827
17827
17827
17827
17827
17827
17829
17830
17830
17842
17851
17875
17901
17944
18025
18119
18138
18143
18143
18144
18144
18144
18144
18144
18152
18159
18173
18193
18251
18251
18366
18396
18389
18396
18396
18394
18391
18380
18391
18394
18394
18394
18394
18394
18394
18394
18373
18373
18373
18373
18373
18373
18373
18374
18374
18374
18374
18374
18738
19885
19887
19888
23944
23946
28236
28242
28241
29035
29048
29050
29056
29056
29063
29056
29070
29065
29068
29064
29059
29060
29060
29058
29069
29168
29230
29313
29311
29311
29311
29671
29669
29800
29887
29934
30008
30097
30217
30294
30399
30401
30403
30403
30403
30403
30404
30383
30383
30383
30383
30383
30383
30383
30383
30383
30383
30383
30383
30311
30311
19680
19684
19683
17742
17746
17746
15952
15952
15956
16022
16022
16023
16022
16023
16022
16023
16022
16023
16022
16023
16022
16023
16022
16023
16063
16089
16081
16085
16084
16095
16100
16120
16134
16134
16151
16186
16183
16185
16187
16187
16186
16187
16186
16186
16184
16186
16185
16186
16185
16186
16185
16186
16185
16184
16185
16186
16185
16186
16185
16186
16185
16185
16184
16185
16184
16185
16184
16185
16187
16187
16187
16187
16187
16186
16187
16188
16183
16188
16187
16188
16187
16188
16187
16188
16189
16189
16188
16189
16188
16190
16195
16227
16279
16303
16340
16370
16371
16372
16371
16373
16372
16373
16372
16372
16372
16373
16372
16373
16372
16373
16372
16373
16372
16373
16372
16373
16370
16367
16369
16368
16370
16369
16367
16373
16370
16372
16372
16373
16372
16373
16372
16373
16372
16373
16371
16372
16370
16371
16370
16372
16371
16372
16371
16432
16432
16426
16436
16440
16459
16482
16495
16497
16498
16499
16498
16499
16498
16499
16496
16497
16496
16497
16494
16495
16494
16494
16495
16497
16498
16574
16589
16592
16589
16590
16609
16628
16680
16706
16758
16761
16768
16769
16768
16769
16768
16769
16768
16768
16763
16772
16802
16817
16830
16876
16915
16955
16961
16962
16961
16962
16961
16962
16961
16962
16962
16962
16979
17005
17055
17089
17087
17088
17106
17133
17140
17199
17218
17266
17265
17264
17263
17273
17305
17352
17351
17352
17366
17367
17365
17376
17406
17418
17411
17408
17434
17446
17450
17451
17450
17451
17450
17451
17450
17451
17450
17451
17450
17451
17450
17450
17449
17448
17455
17456
17455
17456
17455
17456
17455
17457
17455
17453
17455
17456
17447
17455
17454
17436
17451
17454
17444
17443
17445
17442
17449
17454
17453
17454
17453
17456
17446
17436
17456
17456
17455
17456
17455
17433
17448
17455
17443
17453
17456
17450
17447
17455
17455
17454
17455
17456
17455
17456
17455
17453
17449
17453
17454
17455
17454
17455
17454
17455
17454
17455
17453
17454
17453
17453
17451
17452
17452
17452
17451
17453
17453
17452
17453
17455
17457
17458
17458
17458
17455
17449
17445
17458
17451
17455
17454
17457
17454
17451
17451
17444
17445
17446
17445
17446
17443
17446
17444
17450
17454
17452
17455
17456
17456
17436
17436
17448
17449
17451
17452
17450
17451
17445
17445
17446
17445
17448
17448
17448
17447
17445
17452
17455
17454
17452
17452
17453
17453
17445
17451
17452
17455
17456
17453
17454
17450
17450
17448
17449
17448
17447
17446
17444
17456
17457
17456
17459
17457
17459
17456
17458
17457
17458
17457
17458
17457
17458
17457
17460
17458
17452
17449
17460
17453
17447
17446
17452
17451
17452
17451
17452
17451
17452
17454
17458
17441
17436
17460
17462
17456
17456
17444
17461
17452
17463
17462
17463
17462
17463
17462
17464
17457
17458
17457
17458
17457
17460
17455
17449
17453
17459
17458
17459
17458
17459
17437
17437
17436
17437
17436
17437
17436
17437
17436
17437
17436
17437
17436
17437
17447
17458
17457
17458
17457
17458
17457
17447
17453
17456
17454
17456
17452
17460
17468
17469
17473
17479
17478
17485
17483
17491
17490
17477
17485
17487
17484
17485
17490
17492
17491
17492
17488
17489
17488
17494
17511
17514
17531
17535
17537
17545
17548
17549
17548
17549
17548
17549
17548
17549
17548
17549
17548
17549
17548
17543
17535
17534
17545
17535
17538
17534
17533
17526
17536
17545
17545
17546
17539
17548
17533
17544
17540
17541
17542
17535
17548
17548
17547
17536
17539
17548
17546
17547
17547
17548
17547
17541
17540
17539
17544
17542
17541
17543
17544
17534
17545
17548
17546
17541
17537
17548
17547
17548
17547
17548
17547
17547
17546
17547
17546
17547
17546
17547
17546
17547
17546
17547
17546
17547
17546
17547
17546
17547
17546
17547
17546
17547
17546
17547
17546
17547
17546
17547
17546
17547
17546
17547
17537
17547
17542
17539
17532
17545
17531
17544
17543
17541
17538
17539
17538
17544
17533
17543
17546
17537
17536
17537
17536
17537
17536
17537
17536
17526
17525
17526
17525
17526
17525
17526
17525
17526
17525
17526
17525
17526
18134
18134
20248
20253
20824
27095
27119
27119
27119
30153
30154
29845
29848
29847
29848
29869
29870
29870
29870
29870
29870
29890
29889
29889
29886
29888
29886
29888
29889
29890
29889
29890
29891
29888
29890
29890
29890
29890
29889
29889
29875
29887
29886
29888
29889
29887
29883
29890
29886
29888
29883
29886
29883
29885
29884
29885
29885
29882
29887
29884
29887
29883
29884
29885
29879
29877
29879
29885
29888
29888
29888
29886
29889
29887
29891
29890
29890
29889
29892
29892
29894
29892
29893
29893
29893
29892
29894
29892
29893
29893
29893
29892
29894
29892
29893
29893
29887
29891
29893
29891
29892
29870
29870
29869
29870
29869
29870
29870
29870
29870
29870
29870
