0
0
0
0
0
0
0
534
1272
1410
1107
1143
1104
672
846
999
846
1044
1026
1179
408
1125
1146
1026
984
864
777
903
954
903
417
1065
1361
1357
1678
2194
2365
2319
2612
2539
1728
1934
3559
2868
5333
2553
3002
1622
2968
2392
3163
1846
1291
2317
2256
1683
1950
2212
1724
5820
1529
1018
1123
1314
1461
1889
1613
1818
1931
1978
1908
2184
1931
2252
5973
3563
2829
1712
2520
2157
1527
1577
2399
1094
1013
1392
1914
3422
2824
6642
2225
2138
2937
3530
2747
1958
1779
1834
2011
2068
2045
1740
1343
2493
6324
1729
1481
1524
1695
1935
1818
1096
1085
1212
1268
431
1339
1402
2283
10339
1791
2206
2605
1980
976
112
0
0
0
0
0
0
0
908
3640
0
0
543
1347
1308
1429
1384
1188
1303
1210
843
1002
930
933
3163
1028
1014
1035
213
990
948
984
309
900
210
939
225
237
954
942
1227
1284
105
978
1097
1209
998
1526
1372
1289
1557
1896
2107
2398
7329
1901
1545
1926
2138
1754
1389
1672
1464
1858
1546
1606
1725
1939
3478
6693
1191
1384
1618
1624
1593
1922
1724
2019
1858
2373
1894
2180
1840
3826
8798
1933
1743
2221
2205
1969
2017
2017
1676
1915
2151
1709
1996
1631
3100
16734
1914
1796
2034
2115
1830
1644
1436
1404
1553
1733
1452
1446
1316
2895
9332
1690
1506
1684
2215
2369
1803
1608
1273
486
159
389
1348
1611
3150
8453
2053
1509
1919
1978
1990
1637
1184
1246
1382
1525
1801
1507
1610
1915
4620
1082
651
1499
1756
1816
1618
1777
2126
2282
1862
1507
1519
1463
2300
16121
1110
1134
343
1130
1818
1943
1262
1018
1723
2344
2638
2791
1987
2938
6634
1523
1278
1325
1487
1844
1597
1468
1733
1964
1997
2195
1768
1294
2503
6488
1625
1427
1567
1591
1596
1773
1924
2384
2487
2394
2146
2198
2315
3625
7745
1543
1795
1589
1789
1846
1784
1440
1800
2017
2606
2649
2737
2167
3248
16354
1975
1113
778
1579
1868
1955
1599
1717
1483
2070
2320
2054
1754
2809
8027
1511
1230
945
1996
1651
1507
2828
3048
2626
2478
1517
1315
1258
3348
7591
2480
2081
1569
1895
2277
2801
2573
2102
1049
1584
1567
1495
1667
3621
8722
1665
1677
2319
2756
2387
2135
2529
1469
948
1098
1125
979
895
1708
14667
1528
1244
1092
963
141
873
843
981
1065
1614
1552
1408
1802
2172
7413
2103
2766
2894
1836
2171
2451
2060
1735
1918
2310
1532
466
0
2494
8024
177
50
0
0
0
0
0
0
0
153
0
0
24
255
11220
249
46
0
0
0
0
0
0
0
0
0
0
0
1156
1621
1510
1396
1329
1314
704
0
0
0
0
0
0
0
0
0
364
0
0
0
0
0
0
0
0
0
0
597
1254
1293
1477
1345
900
1056
1104
1492
1477
993
822
861
1023
1083
1324
1348
1420
1558
2002
1080
1078
1002
1378
1832
1560
2126
2047
1568
1720
1778
1686
1789
1886
2547
1789
1751
2533
2422
1712
1394
1005
1645
1749
2412
2428
2593
1948
3183
4470
2284
2063
1780
1844
2056
1822
1987
1626
1953
1882
2031
2637
2310
3386
7048
2322
2185
2481
2153
1937
1872
1676
1530
1640
2003
1978
572
1471
2485
12854
1823
1417
1113
897
918
1050
1056
1105
967
1035
930
906
1041
1002
4439
1444
1065
870
1089
1116
1237
1140
1221
1074
1164
1071
987
1017
1068
1093
1114
339
972
315
966
1047
1179
1179
1197
1101
1414
1598
1248
1202
1215
1264
1236
1420
1345
1182
1176
873
882
1038
1053
834
837
1324
1147
8032
1226
841
1049
1156
1468
1271
1093
1087
1269
1975
492
1494
1876
1595
4785
1531
1076
1040
1206
1128
906
1469
1370
1245
1731
2007
2280
1718
2098
5553
1750
1989
2329
2440
2099
2205
1935
1882
2192
2782
1785
1531
1829
2044
12059
2246
1575
1749
1607
1710
1338
1023
1795
2148
1914
1496
1911
1739
2628
5815
2232
2034
2142
2308
1949
2434
3048
3042
2669
2028
2179
2040
1386
2409
6562
2169
1661
1506
1646
1480
1542
1399
1248
1266
1586
2935
2338
1891
2136
6016
2238
1662
1237
1241
1253
1193
1229
1059
1175
482
1420
1301
1243
1422
13006
1657
901
804
928
1038
1086
903
934
879
917
1365
1394
1504
1596
2317
1096
1379
1545
1517
1672
1714
1885
1951
2161
1931
1722
2015
2081
2746
8347
2133
2329
2478
2223
1495
1756
2009
2566
1965
2357
2142
2255
1832
3003
9975
1931
1614
1562
1315
1320
1618
1442
1589
1177
1223
1546
1232
1129
1624
17665
2711
1955
1499
1493
1524
1450
1829
1796
1748
1462
2115
1469
1655
2252
6313
793
1663
2117
1599
1526
1208
1654
1478
1487
1227
1497
1663
1893
2949
7911
1635
1280
1041
1571
1611
1404
1530
1816
1625
2014
1980
1144
1507
2517
7557
1723
1358
1467
1708
2071
2601
2814
2524
1626
1389
1280
1252
1617
2568
18077
2133
2038
2169
2461
2447
2148
2613
2127
1895
1872
1714
1445
1635
3157
11115
1238
1350
1130
1103
1460
1470
1788
1531
1773
2107
2389
2586
2504
2826
11622
2199
2163
1863
2155
1589
1274
1640
2572
2271
1782
1640
1782
2759
2798
28451
1905
1593
1165
1339
1163
1393
1826
1840
1779
1575
1150
1081
2093
2654
12807
2495
3645
3278
2331
1769
1590
2085
1593
1441
1343
1578
1769
2057
2939
8795
1640
1324
1226
295
1522
1410
1324
1511
1453
2178
3449
3195
3618
4546
8775
2036
1658
990
1044
1044
1735
1852
1156
1161
1403
1381
1816
2273
2080
26792
1625
1197
1342
1695
1599
1310
1281
1566
2512
2636
1726
1154
1098
2640
7040
2362
1308
1265
1137
1172
1202
1540
1930
1736
1703
2092
2489
1624
1464
5135
1833
1984
1414
1135
360
1555
1411
1415
1605
1627
2695
2732
2620
3832
7362
1259
1119
1302
1334
1446
1286
1554
1554
1542
1975
1839
1346
1230
1786
18437
2116
1603
1462
2313
2414
2374
3158
3862
3564
1887
1627
1910
2408
3537
8810
2850
1464
1766
1987
2144
2882
2343
1706
1771
2092
2441
2775
2260
4376
13614
2742
1756
2891
2723
2609
1316
2057
1998
1388
632
947
847
787
2117
11154
1975
2160
2127
1235
2122
2233
1527
1177
1287
1076
1795
1792
994
1098
21167
1275
1041
1144
1229
1242
1155
927
1074
1425
1718
1986
1536
1702
1565
3922
209
0
0
0
0
0
0
0
0
0
0
0
0
0
1510
88
0
0
0
0
585
1275
1422
1756
1519
1197
1239
1684
1164
9466
1667
229
1032
1025
957
852
1038
1032
1176
1914
1204
1726
1794
2323
3883
2051
1626
2268
2083
1857
1683
1652
1736
1678
1566
1229
1325
901
1942
3605
1419
1521
1811
1701
1761
2000
1859
2832
2402
2192
2326
1956
1534
2869
4308
1360
1305
1089
999
1458
1288
1257
1065
703
1339
1083
1284
1094
1467
12049
2829
2556
1739
2236
2658
2277
1785
1325
1710
1450
1140
1147
1480
2040
7061
1505
1374
1436
1232
1271
1525
1604
1921
1880
2274
1648
1265
1206
2201
7895
2871
1244
1437
1633
1390
1540
1737
1545
1741
1840
1808
1767
1042
938
4066
273
0
0
0
0
0
0
0
0
0
255
1138
1847
2247
18453
1792
1270
2194
807
1071
984
945
965
929
940
1554
1358
1747
1871
5024
1757
1808
1927
1712
1344
2026
1548
1581
1992
2455
1578
1349
1521
2220
4338
1888
1948
1212
1130
1057
2599
2163
1619
1734
1817
1844
1573
1664
1957
5109
2770
2817
1671
2163
1994
2116
2494
1242
2517
2792
1957
2090
2107
3099
20298
2080
1313
1544
1574
1063
1564
1942
1660
1606
1841
1934
1557
1615
1967
6754
1461
1134
1110
1245
329
194
1247
1110
1028
1046
881
963
1080
1049
2899
1129
1167
1033
983
1100
1211
928
1234
1715
2005
2412
2509
2803
3207
13179
2387
1445
1451
1403
1510
2100
2054
2828
2473
1978
2229
1607
1074
2486
9468
1214
948
960
878
1038
1008
1062
1053
1142
1629
1665
1955
1863
1604
6993
1874
1595
1643
1824
1815
1812
1604
1801
1521
1468
2039
1325
1904
2335
3889
1611
1760
3067
1536
1027
1586
1338
1392
1569
1653
1465
1476
1599
2535
19406
2122
1997
1921
2148
1807
1532
1520
762
1707
1911
2149
1946
1783
2667
4991
1927
1817
2128
2180
1549
1187
1084
1413
3167
2212
1452
2368
2698
2741
6229
1525
1481
1825
1469
1645
1639
1432
1680
1830
1477
2658
3024
2918
3607
7208
1149
1515
1391
1205
1186
583
1350
1106
1231
1201
1779
2018
1737
2599
16738
1489
1136
1030
1153
960
356
171
0
395
1125
1197
1180
542
1108
4429
2193
2580
2654
1762
1295
1267
1198
972
984
954
996
1668
1141
2030
5364
1278
1317
1215
933
900
1041
1143
1253
1505
1292
1147
2467
1782
1113
5389
856
1001
1020
1304
1484
1219
1562
1812
1550
1313
1627
1531
1626
1607
12882
1857
1555
1639
1236
897
1221
876
1558
1545
1266
1266
1128
1493
1108
2828
1558
1421
1386
1112
1370
764
1403
1597
1526
1714
1464
885
1336
1611
3090
1123
1124
1266
1322
1725
1658
1230
1514
3544
1988
1625
2327
2114
2713
11364
1760
1291
1020
1122
1140
912
1137
1248
3045
1681
1470
1446
1188
1137
4222
1386
1050
1032
1104
1077
996
1143
1260
1092
1017
1810
2617
2240
2285
3221
1809
1458
2108
2183
2063
1981
1878
1886
2114
2098
2021
2095
1759
2592
5380
1811
1352
898
1288
1032
1446
1619
1614
1779
2381
1928
1252
1002
2039
19126
2230
1573
1679
1494
1425
1636
2123
1880
1994
1824
2278
3141
2490
2866
6253
2590
1987
2260
1665
2260
2105
1730
1611
2121
2122
1716
1729
1644
3015
5962
1565
1425
1751
1572
1804
1818
1353
1716
2115
1650
1386
1001
1055
1913
5962
2901
1827
1355
1450
1662
2161
1305
1445
1514
1371
1781
1887
1631
2073
20115
2451
1519
1620
1732
3298
2581
1778
2350
1837
1909
1622
2680
2967
2697
5432
2101
1746
1662
1945
1985
2182
1901
2226
2508
2161
1939
2143
2353
3632
6686
1739
1208
1648
3066
2514
1812
2077
2463
2023
1428
2207
1970
1514
2054
6356
2002
2116
1882
1695
2348
2529
1303
1576
1389
1133
1087
1322
1387
2208
22079
2168
3940
2488
2472
2110
1718
1881
1447
1389
1103
1432
1082
2064
3647
8445
2449
1662
1839
2191
2891
2574
2825
2673
2516
3223
2617
2211
2493
4789
12262
1324
1939
2328
2367
2291
2590
1831
2112
2425
3223
2747
2033
2938
3105
22723
2915
1605
1552
1172
1323
1248
1141
1274
1012
926
1303
1975
2248
2699
10304
1868
4219
2345
1684
1973
1520
1520
1337
1148
1262
1529
1429
1282
1861
7271
1347
991
1263
1175
1397
2381
2381
1486
1555
1149
1801
1771
1896
1100
4324
1561
1653
1645
1538
1497
1566
1484
1607
2004
2617
2581
2221
1513
3106
22179
2902
2115
1661
1830
2738
2842
1844
1455
1543
1637
1577
1788
2020
2823
6819
1543
1075
1187
1286
1482
1471
1701
1517
1553
1641
2032
1991
1649
2085
6725
1546
1617
1056
1443
1393
1381
1627
1857
1786
1740
1807
1812
1425
2424
5845
1964
1616
1610
1935
1965
2795
3098
2260
2299
2414
1773
1626
1650
3084
20624
2676
1423
775
1620
1678
1662
1588
1463
1074
1606
1497
1661
1461
1365
7603
1334
1375
1190
1145
1377
1314
1387
863
1263
1041
552
1136
1255
669
3723
1507
1768
1825
2277
1929
4188
2502
1625
1859
1761
1648
1905
2293
3470
10336
2319
1905
1595
1809
1843
1973
2085
1567
1561
1848
2413
2291
2173
3615
28760
840
40
0
0
0
0
0
0
0
0
0
0
1048
2052
11331
2222
5404
4008
1933
2224
1854
2025
1987
2570
2319
1211
1163
1232
2088
8129
1515
1524
2008
2284
2383
2541
2523
2954
3288
3497
2416
3933
2871
4381
34562
2912
2426
2451
2718
2925
1485
1729
1437
1500
1662
1458
1254
1179
2851
13052
2095
1957
1661
1369
1515
1666
2200
2243
2849
2839
2685
2251
1418
2034
10204
362
0
0
0
0
0
0
0
0
0
0
0
0
0
4193
99
0
0
0
0
0
0
0
555
1176
1554
1515
1317
1299
23530
1719
1146
876
1023
1062
978
1170
1182
1185
1011
795
897
912
822
1029
1110
1002
450
993
1020
1056
990
966
1080
1324
1915
870
647
1849
2735
1744
1172
920
951
963
1249
1225
1273
1611
2066
2091
1726
1831
2538
3468
1280
1187
1312
1291
1334
1311
1268
1004
1336
1109
1334
1342
1590
1778
4779
2072
1095
1131
1360
2100
1170
1062
1179
1586
2700
732
891
972
1167
1916
1334
1379
1475
1224
1203
1155
948
1128
969
957
1167
1047
753
970
1532
1011
813
906
1032
1269
1615
2121
2121
1809
1673
1803
1779
1928
2341
4162
1174
952
1320
678
241
1621
2021
1858
2071
2048
1419
1422
1432
1844
5618
1371
632
1412
1457
1792
2083
2193
2158
2875
2465
2071
2333
1964
2620
4967
408
0
528
1296
1344
1344
1383
1062
1339
2312
2454
2385
2641
2638
5528
1352
1479
1183
874
1168
1268
1811
2135
2084
1685
4292
3342
2317
3611
18428
2457
3507
2644
1525
1650
2551
3285
3359
1965
1253
2100
2623
2694
5878
21190
3254
2909
2619
2628
2750
3227
2971
2473
2124
1755
724
293
645
1857
16519
937
59
33
0
0
0
0
0
0
0
0
0
0
0
5895
295
36
0
0
0
0
0
0
0
849
1968
1962
2527
2126
34156
2663
2137
2290
2935
2554
3618
4440
3381
2860
2424
2379
2239
2356
5688
15159
2296
2108
2236
2511
1952
2369
2880
2413
2636
2599
2356
1840
2628
3461
13813
2501
1717
1516
1461
4836
3758
2877
2681
2755
2496
2663
2652
3025
4126
11092
1863
1353
210
2158
1889
1975
2569
1725
2157
2126
1728
1501
1338
2173
33415
1794
1369
1346
1201
1281
1387
1673
1621
1552
1984
2206
1945
1934
2546
5124
287
762
1511
1316
1283
1131
1242
1202
1258
442
1414
1491
1759
1519
3095
1635
2129
994
72
37
61
10
0
0
0
0
0
0
487
2434
0
0
0
0
0
0
0
0
0
0
0
0
0
0
10093
873
108
0
429
870
1349
1694
1411
489
1235
1154
1101
918
1480
2508
810
714
1751
1869
2016
1995
1987
1671
2131
2604
2250
2207
1995
2527
6084
1858
1653
1687
1863
1697
1432
1803
1544
1037
1715
2860
3082
2128
3338
12024
2918
1888
2066
2154
2671
2994
2488
2107
2775
3526
3166
3110
3072
4238
11471
2598
3011
2184
2437
2229
1517
1836
2359
2108
2025
1918
2053
2159
3643
17116
3479
5324
3848
2347
1691
1767
2124
2671
2492
2322
1890
1535
1994
4385
17722
3139
1596
1724
2027
1638
1465
1481
1208
574
1250
1467
1631
1995
2958
27405
2473
1403
1433
1872
1929
1646
1397
1511
1340
1946
2165
1633
1423
2790
7107
1849
1307
1317
1329
1266
1014
1041
1152
4558
2705
828
1204
1284
254
3914
1283
1476
1369
1360
439
165
1151
1326
1571
1461
1494
357
103
1468
1946
1092
953
1024
1116
3316
4086
2705
2963
3077
2547
2399
2000
2176
3465
27952
3214
1917
2153
1377
1348
1422
1089
849
1641
1230
1539
1539
1647
1711
9519
2297
1735
1941
1666
1639
699
1448
1743
2062
1682
2018
1984
2829
3085
7678
1612
1219
1110
1426
1839
954
1802
2940
2771
2353
1702
1495
1299
2425
11282
2829
1609
1897
2265
2558
2276
1812
2063
2546
2173
2274
1998
1675
1988
27135
2290
1768
1769
1576
1605
1642
1501
1612
1485
1676
1713
1602
2294
2298
6786
2950
2663
2924
2917
2820
2327
2060
1786
2799
2792
2856
2379
1819
2771
8884
1286
373
0
108
0
0
0
0
0
0
877
1244
301
1105
13498
1143
144
0
0
0
0
0
0
764
1329
1921
2316
3582
2889
6801
2677
2568
3328
2204
2165
1893
3050
2731
1584
1827
2022
1903
2216
2382
6860
1099
1539
1644
1353
1079
477
1342
1537
1593
2078
2570
2570
2707
3219
7632
2116
1257
1958
1788
1662
1879
823
1467
1778
1963
2258
2555
2942
3457
24401
3150
2373
2580
3078
2335
1493
2421
2834
3145
3040
2893
3004
3103
5863
21775
3075
1935
1677
1450
1338
1386
1575
1043
1081
1437
1018
1280
1100
2152
15637
1435
1285
1124
1131
478
1291
2492
2043
1150
1095
982
1094
1705
2460
5140
1175
1022
1307
1438
1417
1417
1550
1214
860
1365
1125
1012
623
1044
29043
2392
1551
1493
1613
1534
1414
649
1237
2177
1797
1609
1317
1236
1800
5015
1241
2132
2427
2553
2548
2561
2656
3236
2311
2102
2009
1316
1737
3976
10104
2335
1303
1631
1476
1342
1018
1351
1195
1332
1457
1518
1555
1514
1703
8515
1679
2145
1927
1507
1251
1179
1634
1970
1955
1867
1575
1912
1734
2648
20294
2339
1443
1784
1809
1589
1307
1698
1873
1607
1520
1559
1968
1711
1557
6782
2161
1543
1512
1498
1248
1146
1299
1446
1437
1493
1249
1257
1405
898
4425
715
1376
1216
1239
742
1287
1304
1158
1510
1661
2538
3080
2406
3025
15882
3139
1494
468
0
0
0
0
0
0
0
0
0
0
0
5098
208
0
0
0
0
0
0
0
0
0
0
0
0
0
0
0
0
0
0
0
0
0
0
0
0
0
681
1402
1833
5910
3508
2382
2147
2107
2830
3064
1551
2112
1735
1374
1409
1196
890
2083
17006
1483
1429
756
336
287
2182
1946
2094
2180
996
1189
1914
2149
2250
5442
1607
1158
1454
1658
1597
1460
1667
2264
2187
2080
1371
1265
1991
1506
4449
1742
1466
1817
1976
1922
1910
2327
2418
2245
1600
1837
1790
2067
3442
8645
1914
1130
1144
1230
1173
1092
545
986
1334
1360
1169
1586
1751
1387
17500
2861
1875
1885
2297
1946
1458
1851
2294
1665
2521
2608
2374
4965
4581
10364
2016
1235
1209
1478
1558
826
231
557
1850
1817
1766
1741
2973
2966
7494
1810
1711
1541
1747
1871
3401
3689
1719
1944
1847
1751
1765
1873
2116
4475
2329
2635
1672
1056
2948
2667
1926
1919
1866
1979
2591
1882
1937
3232
24126
2804
1869
2022
1750
1543
1897
1974
2243
1682
1256
1121
1677
1912
1758
8825
1623
1381
1553
1330
1426
1569
691
1260
864
1600
1599
777
1525
2048
4853
1577
1421
1419
1509
1445
1464
1566
1712
1557
1755
3132
3417
2463
2379
22303
2035
1242
1128
1152
1068
960
1005
1053
1215
1254
1400
1428
2466
2685
10653
2589
2967
2458
2266
2572
2410
1983
1994
1888
1777
2032
2163
2444
3088
13564
5048
2901
2619
2648
2713
2847
3099
2937
2376
2507
2889
5704
4112
5534
18458
3047
2817
2560
1997
2851
2395
2298
1966
2471
2950
2922
2614
2383
4794
41491
2761
950
1882
1748
1997
1654
1771
2088
1855
1652
1758
2595
2756
4037
17908
3439
2317
2576
2964
2907
3121
2130
1038
840
75
0
389
1662
3511
12439
4245
3876
2098
1949
1863
2093
1590
1620
1964
1798
2124
2319
2462
3007
10261
2922
1620
947
464
1357
1546
1869
1657
1689
1382
1465
1599
1547
1843
32817
2540
1369
1205
1581
1711
2808
2237
1642
1670
1469
1588
1929
1686
2018
4873
1507
1764
2117
2105
2343
2422
2012
2052
2551
2325
2563
1434
2066
2805
6516
1937
1725
1810
1880
2371
3355
4019
4550
3365
3265
2497
2327
2246
4771
12014
2824
2469
2959
2808
3299
2914
2636
2204
2917
2780
3052
2365
3045
6694
24432
4030
3098
2559
2922
2872
2438
2486
4526
3321
1406
1942
1643
1976
3952
15954
1813
1880
1022
1610
1612
1383
1223
1241
1398
1380
1157
847
1461
1212
9303
3201
1329
1222
1042
989
991
958
1103
1193
1446
1718
2042
1661
1556
27304
2167
3556
2057
1141
644
889
917
926
534
972
772
1320
1355
1345
4029
1500
1616
1616
1485
1297
1294
1544
1611
1524
1616
1775
1845
2422
2949
8001
3199
3578
3640
3163
3264
2940
2814
2707
2530
2623
2698
2658
2160
4979
16157
2925
1719
1255
2273
2656
2509
3083
3318
3190
3845
3945
3481
3087
6293
34439
3183
1945
1519
1715
1455
1347
1643
2067
2393
2269
2364
2459
1882
3326
17746
2456
2489
2020
1687
1644
1820
2104
1974
1553
1551
1591
1131
381
1449
11613
1637
1288
1408
1008
564
418
1041
1395
1588
1417
1533
2049
2370
2018
7216
1773
1632
1545
1342
1523
2068
2681
2105
2330
2129
2237
1832
2291
2912
37137
3350
1968
1830
2033
1704
2072
1651
1314
627
1128
1335
1598
1288
1357
6252
2441
2219
5477
3465
1684
3211
2997
1769
3013
3742
3570
3216
3156
5434
12947
2666
1026
165
0
0
0
0
0
0
0
0
0
1017
1707
13838
1924
1368
1922
2323
2023
1828
1672
259
600
0
0
0
0
838
32795
1314
207
0
0
0
0
0
0
0
0
0
0
0
0
2472
0
0
0
0
0
0
0
0
0
875
1771
1997
2595
2929
7099
2601
1569
2234
2001
1334
605
1867
1855
2171
1640
1880
2320
2547
2353
20260
2537
805
1291
1208
1113
1371
1045
1184
1401
1210
1843
1928
2091
2187
5226
2274
2369
1472
1811
1914
2427
2737
2302
1178
97
70
0
0
1779
5847
486
0
0
0
0
0
0
105
1048
2309
2189
2117
2079
2283
5502
1747
1594
1499
1833
1503
1487
1888
2211
2565
2643
2774
2747
2227
3357
20038
2674
2461
1706
2166
1982
2281
2297
2324
2597
3008
2279
2237
2138
3464
11719
2228
1527
2094
2354
2206
2194
2100
2162
2690
2567
2275
2448
2550
3911
10971
1984
2655
2492
2548
3846
3171
3503
3705
3059
2376
2933
3470
3379
5500
15581
3106
2126
2133
2032
1906
1690
1069
1334
1661
1270
1196
1477
1609
1379
34132
2013
1567
1728
1883
2647
2175
1682
1783
1964
3004
2711
2330
2042
3605
9641
1516
1265
656
1342
1341
1389
1068
1406
1257
1258
1876
2803
3043
3205
10932
514
25
0
0
0
0
0
0
0
0
0
0
0
0
5598
97
0
0
0
0
0
0
0
0
0
0
0
768
1632
28553
3736
3505
2832
2475
2856
2415
2368
1989
1828
1795
1876
1534
1761
4015
12317
1138
1037
704
191
584
1586
1819
1266
1232
1316
1463
1305
1060
1836
10511
515
575
1822
2059
2107
2628
2781
2760
1935
1716
3156
2567
2317
3880
32275
2598
1771
1352
1429
1211
1276
903
594
1172
1538
1403
1496
1485
1862
8796
2821
2539
2769
2705
2234
2329
2315
2462
3037
2462
2364
1918
2077
3894
13399
1887
1181
1982
2004
2083
2198
2431
2429
2300
2040
1998
5207
3600
3950
12622
2533
1920
2040
2200
1969
2219
2642
2674
2590
2622
2611
2973
2612
3591
40027
3072
1915
2386
2787
2539
2665
2495
2170
2309
2393
2171
1993
1969
4483
14388
2161
1545
1473
1930
2268
2232
2078
2317
2747
2117
2162
1742
1486
3164
12419
827
1373
1814
1635
1780
1609
1448
1933
1897
1636
1960
2146
2028
3096
14246
2987
2317
2387
2389
2381
2052
2413
3156
3273
3309
3453
3058
2745
3893
47879
1524
905
117
68
0
0
0
0
0
0
0
0
0
72
9038
267
0
0
0
0
0
0
0
0
0
66
728
1421
1589
4433
2180
1754
2449
2730
2372
2326
2654
2250
2914
2837
2079
1402
429
2582
6817
390
65
0
0
0
0
0
0
0
0
0
0
0
1188
25177
3064
2085
1875
1415
1122
1216
1206
1026
960
837
798
879
849
1538
4666
1212
930
885
888
1005
1086
1146
1173
1185
1068
0
1026
1185
1413
3356
1289
1631
1459
1221
963
904
1057
834
825
885
1362
1920
1573
2133
11762
1794
1008
913
981
1224
1200
1141
1211
1776
1882
1881
2274
2215
2892
6924
2228
2743
2781
2590
2242
2200
2239
3277
3402
3723
3324
3234
2130
4560
16577
3854
3371
3535
3605
4070
4206
3359
3557
3265
2143
1596
1573
1416
4405
15945
1688
1022
959
961
974
119
1003
1148
328
1241
1179
1225
1343
1214
20642
2329
1405
1110
1042
1524
2324
2112
1924
1581
1098
1214
1061
1070
1423
3793
2068
2007
1058
1142
1123
1354
1481
1568
1645
1454
2028
2613
2745
3297
8280
1623
547
162
76
0
0
0
0
0
0
0
0
0
430
5330
71
729
1341
1391
903
407
1660
1570
1152
1182
1077
973
975
1464
13426
2821
1448
1580
1812
1933
2017
1972
2365
2507
1851
1913
2412
3087
3674
5899
1424
1802
1422
687
1430
1742
1714
2098
1888
2288
2239
3197
3068
3485
9030
2195
1775
2010
1832
2464
3238
2055
2392
2268
2318
2858
2573
2789
3685
17942
2360
1647
1877
1496
1107
1790
1054
1870
2305
2176
1866
2090
1978
2192
23114
2797
1510
1526
1605
1899
2005
2518
2475
2573
2309
3240
2665
1896
3369
11376
1466
1876
2499
2778
2966
3033
3473
3148
3722
3610
2792
2614
2243
5198
16197
3380
1878
1780
1978
2299
1858
2144
2547
2243
2835
2866
3813
3744
3779
32875
3511
2825
3537
2830
2682
2359
2062
2108
1946
1762
1334
1142
2435
3522
8225
2791
2576
2413
3508
3209
3084
3620
2608
1828
2357
2509
2305
2142
5664
13884
2533
1929
1879
1286
1167
1161
882
997
861
1206
1213
1057
1147
1548
10261
1398
1550
1953
1275
821
2061
1970
1649
2129
2028
1975
2303
1989
2542
26283
2650
1552
1434
1006
1561
1504
2104
2359
1576
1605
1944
1878
1755
2183
5291
1316
1405
1140
1828
2622
2280
2050
1987
2165
2314
2335
2387
2465
4279
10831
1586
1868
1531
1981
2134
2198
2832
2488
2638
1968
2434
1927
1309
3091
14421
2813
3399
3244
3328
2651
2472
2579
2648
2549
2369
2977
2707
2810
4501
30523
3156
1735
2140
1924
2094
2321
2344
1895
1512
1590
1556
1153
1748
3122
15677
2971
2400
2941
2852
1898
2483
2670
1498
1856
1550
1123
1279
1287
2362
11757
1499
478
219
1233
2129
2268
2015
1909
1441
1542
1486
1273
1600
2794
8832
2165
1855
1866
1446
1780
1898
1865
2195
2633
2378
2511
1790
2066
3705
37205
4778
3062
2272
2461
2754
2806
3383
1803
599
327
36
0
0
2505
11688
749
17
84
0
0
0
0
0
0
0
0
0
0
0
4970
83
570
638
420
1623
1564
1798
1355
1035
1060
1701
1707
2196
1403
26521
2179
1011
862
774
831
1251
1157
1511
2076
2816
2436
2154
2008
3474
7507
2390
1770
2140
2188
2533
2442
1727
1250
1652
2057
3517
3256
2928
4439
17337
3149
3262
3164
3480
3469
2887
2111
1801
2187
1988
2032
2202
2139
3551
16172
2795
2268
1573
2046
2002
2226
2657
3138
2896
2110
1891
2821
1918
3786
31459
3260
1631
1686
2123
1519
2266
2490
2803
2760
2364
2449
1415
1634
3274
13301
2782
2489
3539
3770
4646
4786
5436
4291
3749
2988
2236
2408
2126
6866
24651
3905
2038
1741
1484
1426
1200
1091
1258
390
75
1192
1361
1335
1138
18754
1830
2418
2115
1927
1534
1496
2056
2022
1530
1396
1619
1459
1353
2173
36713
3215
1700
2078
2818
2671
3953
3370
3124
3107
2599
2328
1919
1614
3528
12888
2395
1355
1234
1267
1204
1655
1562
2556
3488
3952
4470
4794
4509
6717
17961
4600
3209
2172
1262
2025
1844
1284
2049
1480
1835
2826
2985
2608
3565
19061
2732
1759
2217
2382
4670
3485
2268
2293
2882
3260
3676
3142
3036
5253
50344
5030
2658
3092
3036
4583
2980
2294
1643
434
67
19
0
0
2685
17564
1290
104
0
0
0
603
615
612
624
448
188
51
0
219
7338
450
82
0
0
0
0
0
0
0
580
208
699
247
889
35317
1753
236
805
24
75
0
0
867
1646
848
572
1605
2175
3042
10829
3984
3999
3256
2598
3730
2485
1718
1425
1179
879
1092
1077
975
2801
13929
2139
1159
913
855
1100
1038
1024
1261
1542
1417
1308
921
1398
1763
8795
1439
1103
1174
1247
1136
1246
1066
1069
1173
1241
1289
1254
954
1217
22075
2889
1661
1609
1791
1619
1195
1234
1317
1197
1140
1233
981
997
1095
1785
1358
492
879
921
942
888
852
117
1235
1125
1213
1295
1612
1636
2563
1463
492
1026
969
546
1149
1137
1155
1025
997
1111
1509
1882
2149
4085
1685
1671
1481
1937
1907
1972
2397
1926
1530
1376
1567
1719
1864
3527
27535
3849
2013
2072
2854
3213
3149
2916
2339
2244
1683
1844
1666
1766
4358
14075
1406
1256
617
604
1380
615
1460
1444
828
1326
1564
2884
3097
3591
10021
1774
1317
1811
1063
1181
589
745
1245
2037
3424
3692
3198
2925
4209
14402
2368
1634
1517
2347
2692
3305
2837
2731
1573
1830
433
1411
1687
3818
33062
2893
1270
1006
1142
1036
1256
554
1537
1590
1633
1171
1329
1467
1679
7836
2148
2403
2334
1572
1452
1399
1282
1163
1158
1227
1274
692
1340
2464
4784
1639
1485
1453
1551
1464
1226
1331
796
789
1141
2234
3338
2475
2729
21321
3318
1995
1962
1736
1997
1205
981
1146
1079
1258
1165
1043
1210
1689
4287
1487
1547
1566
1950
1615
1714
1207
337
0
0
0
0
0
415
4516
253
0
0
0
0
0
0
0
0
0
0
0
0
0
1286
200
573
1038
1906
1924
1563
1405
1011
1197
1233
1074
1114
1054
1605
40944
4504
1734
2118
1835
2596
2807
1803
1499
1667
2013
2059
2334
2284
2453
7026
1534
1499
1353
1513
1614
1350
1364
1384
1213
1339
1297
1342
1060
1333
3361
1867
1763
1985
1672
1556
1681
2018
1959
1861
1917
2168
2441
1972
2388
4962
2026
1861
2093
2643
3219
2757
2520
1551
554
1414
1487
2085
2296
4678
48001
3876
2485
2295
2050
2783
2142
2271
3527
3157
2685
2823
2218
2022
5123
27395
2936
2150
2105
1976
1949
1978
2557
3418
4057
2696
2589
2434
2281
3989
19248
3253
3336
2976
2623
2411
2512
2168
1954
2149
2161
1842
1726
1883
3411
11569
2234
2020
2073
1915
2056
2270
1909
1972
2001
1983
2178
2617
2746
3689
49681
3117
2203
2864
2822
3301
2860
3575
3219
3378
3077
2489
2851
3104
6513
15650
1876
2065
2214
3059
2942
2358
2285
1504
1497
1588
1914
1439
1467
3376
17514
2410
1124
2142
1840
1204
1588
1828
1564
2019
3151
2268
3227
2746
2757
35909
2639
1328
1619
2063
1939
1842
1953
1843
1676
1921
2179
1931
1912
2978
5626
1749
1173
1752
1922
1430
1411
1895
2053
1944
1881
1805
1787
1640
2161
5750
1393
1756
2244
2274
1908
2357
1844
1619
2353
2223
1786
2367
2188
2885
5795
1872
1534
1771
1485
1702
2861
1962
485
1617
1968
1350
1074
1272
2612
17264
3138
1682
1611
1492
1404
1187
1137
1098
990
1026
1246
1151
981
1054
5077
1201
1027
1007
1534
1151
1113
1297
1218
1061
1219
1419
1879
2263
2739
4826
1788
1832
1929
1985
2190
2007
1846
1658
1866
1710
1646
1864
1709
3411
8075
2071
2322
2329
2152
1427
949
1126
1414
1499
2298
2347
2257
2323
2844
21938
3552
1535
1474
1188
1045
1140
1032
1242
1164
1277
1200
1292
1365
834
5928
1366
246
1552
1351
1444
1938
2283
1764
1700
1643
1763
1938
2230
3254
8028
2929
3053
2877
2621
2672
2990
3198
3176
2618
2396
2073
2427
2689
4549
16723
2775
2678
3049
2041
1583
1684
1337
1309
1445
1273
5773
3100
2453
3085
38526
3281
2092
1619
2071
2841
3714
4175
3244
3384
2716
2694
2632
2479
4985
15428
3187
2480
2476
3113
3422
3152
3626
3257
3592
3454
3389
3386
3091
7312
20827
4472
2972
1824
3546
4566
3369
2385
1800
2038
2373
3840
5234
4496
5946
49974
4904
3602
3958
3822
3256
2939
3310
2581
2605
2179
2550
2211
2368
6445
26664
3322
2640
2646
2550
2021
2236
2132
1887
1860
1914
1705
1663
4596
3912
14347
2912
2698
2425
2603
3393
3905
3296
3057
2595
1873
637
2417
2274
4835
14840
3290
2106
1666
1720
1758
1902
2216
2656
2299
1610
1801
1950
1392
2650
54846
3498
1863
1574
1307
1480
1712
1663
1780
1563
1636
1500
1388
1188
1012
4962
684
1050
1245
1326
1124
1200
1075
1484
1487
1462
1641
1371
1390
1260
3536
1363
1609
1787
2659
2987
3138
3049
2593
2288
2410
2569
3222
3033
5164
14176
2772
1838
1804
2379
2357
2472
2694
2929
2291
3175
2787
3037
3189
3718
28666
3648
2882
2556
2094
2234
2502
2272
2641
2216
1985
1820
1214
468
2917
11380
1031
51
0
0
0
0
0
0
0
0
0
0
0
0
6844
212
717
1756
2255
2309
2226
1285
394
635
1683
2470
2997
2853
3181
8898
2879
2562
2835
3089
2385
2202
2270
2407
2328
1920
1739
1724
1468
3771
21675
3062
1458
1039
1153
1206
1103
1103
1313
1194
1439
1570
2193
2374
2910
9407
3197
2151
1466
1818
1629
1664
1419
1409
1742
3163
2600
1756
1787
2098
7987
1974
1727
1845
1837
1927
1875
2921
2707
1839
1544
2322
3110
2071
3654
24028
3932
1748
1789
1776
1893
2077
1925
1768
1784
1948
1890
2057
1898
2461
10116
559
1071
1181
1527
1669
2178
1470
1510
1805
2606
2383
2055
1554
2279
8320
3380
1664
2460
2375
1924
2206
2057
2163
2372
2026
2067
2309
1840
2124
6863
1798
1613
1424
1283
715
436
2324
2147
1708
2437
1715
1720
1561
1884
22294
3894
2878
2074
1887
1912
1251
1558
1732
1649
1287
703
45
0
1661
7971
2518
1823
2618
2908
2610
2477
2558
2618
3120
3542
3174
3193
2832
5145
15744
2729
2630
2966
2355
2787
2427
1674
499
1143
1236
1245
1122
1044
2192
15430
1730
1144
1086
1056
1182
1032
996
927
1050
1188
1062
1032
1059
831
22070
2568
1288
1160
1076
954
1107
1372
1247
1423
1601
1223
1164
1185
1433
1744
1127
810
930
1014
1215
270
1191
1080
1436
2094
2920
2489
2425
3073
5554
1724
1209
1142
1115
1487
1607
1678
1522
1966
2659
3399
1999
1757
2699
5697
1884
599
1700
1501
1527
1367
1636
1808
2271
2358
2503
2960
2628
3078
27997
2766
1703
2081
1827
2108
2654
2399
2376
2817
2645
2677
2505
2718
3547
12641
1514
22
0
0
0
0
0
0
0
0
0
0
0
0
5609
423
11
33
0
0
0
0
0
0
0
693
1292
314
985
31901
3560
1347
1300
1240
1278
1138
1228
1324
1360
398
1765
1829
1564
1753
4791
2320
2077
1912
2023
2352
2560
2409
2330
1929
2052
2076
2304
1856
3105
6635
1911
1714
1695
1736
1815
1662
929
156
433
1526
1834
2243
1870
2497
7896
1731
1764
1785
1721
1220
1632
1821
2123
1561
1956
1817
1825
1989
2615
14947
3449
2548
1983
2174
1881
1749
1594
1344
1333
1616
1649
2524
2827
2864
7533
2105
1522
1170
1191
1373
1383
1701
2204
1525
1791
1712
88
68
596
6713
322
0
0
0
0
0
0
372
1122
1626
1722
1590
1607
1604
9963
2616
2030
2360
2486
2818
2406
1873
1938
1332
1399
1674
1343
1428
3032
24521
2501
1616
780
1819
1703
1309
1038
1061
1108
1017
1017
453
1528
2291
8013
1854
1461
1643
1913
1798
2071
1997
1785
1796
1602
2127
2154
2105
2836
5389
2295
1596
1327
1752
1771
1763
1458
1963
1741
1640
1725
1602
2000
2945
7043
2071
1676
1680
1458
1903
2168
1926
2190
2286
2045
1839
2040
2116
3245
28370
3617
2074
1458
1556
1645
1561
1892
2686
2233
2106
2385
2405
1981
2227
6626
1634
2557
3847
3049
3047
2660
2154
1431
1410
2139
2529
2280
1620
4497
10829
2172
1140
1101
649
0
0
0
0
0
0
391
1600
704
1046
20993
1826
418
86
47
0
0
111
745
1610
2342
2292
1933
1884
2237
5823
1987
1736
787
384
314
83
45
397
1100
2380
2427
2388
2862
3436
8072
2624
2119
1496
1288
1366
2942
3635
3884
2985
2847
3222
2433
2046
5410
18531
3387
1463
1594
1623
1210
1265
2129
3114
2564
2201
1342
1160
1008
2354
24437
1697
565
1783
1968
2142
2099
1851
1793
1378
1572
1642
2248
1662
2449
7407
2416
2113
1178
601
1350
1806
1208
977
1071
1128
954
1105
924
1667
7185
1684
1136
1116
1013
506
90
309
914
1034
1146
1101
1536
1832
1361
6510
1728
1133
1139
1075
1437
1047
957
1166
1319
1252
1452
411
1490
1666
18562
3238
1987
1359
1372
1421
1297
1389
1305
1373
1359
1648
889
1648
1725
4833
1633
1363
1378
1710
1526
1648
1529
1147
720
1446
1260
1411
1338
1342
4268
1758
1680
2060
1789
1960
1892
1929
1811
1650
1456
1637
1554
1392
2108
4654
1745
1004
1027
1347
1290
954
925
1050
1077
1174
1068
1040
1240
579
10508
2935
1855
1390
1147
1171
1110
1014
801
1134
915
786
900
1068
1190
2677
1184
996
1095
1167
1724
1447
1502
1970
2348
1982
1956
2647
3296
3603
9271
2279
2620
3100
2452
2693
3137
3246
3241
3120
2821
3333
3764
2334
5361
25403
2045
950
1423
1347
1515
1701
2198
1700
1814
1984
1487
1558
1412
1799
13321
2515
980
1557
1657
1536
1552
2152
2334
2689
3268
3457
3498
2478
4330
10268
1912
1369
1423
1421
775
1519
1710
1305
1056
1221
1344
1217
1218
1573
8308
1608
1237
1240
1518
1723
1434
1317
1212
1530
1720
1632
1639
1592
1709
21830
3019
1657
693
1342
1588
1342
1239
1585
1181
1369
1453
1473
1418
1679
5087
1253
1003
1039
1025
255
994
1254
465
226
454
1627
1812
2397
2196
6283
2721
2674
2560
2656
1985
1554
1927
2374
2668
2528
2438
2122
2022
3376
10911
535
1494
1665
986
2465
2920
3754
3415
3086
2731
2276
2255
2655
5880
25813
3058
1745
820
1134
303
1185
1109
1010
1123
1140
508
1001
752
999
12533
1468
1005
1075
1119
1011
453
915
1138
1011
989
1017
920
945
1161
1383
1268
1083
276
1119
1029
981
909
1002
963
1092
1002
1071
1092
987
1333
1280
606
87
48
300
876
945
918
996
768
822
957
903
939
19463
3029
1548
1750
1787
1716
2153
2868
2450
2857
2566
2537
2382
2967
4183
11080
2690
2125
2242
3038
3155
3268
2828
1889
1742
2642
3083
2457
2105
4860
14794
3281
2351
1849
1579
1265
141
80
0
0
0
391
1896
515
1472
26116
2043
419
71
0
0
0
0
0
0
0
0
0
1428
1705
5850
2197
1319
1578
1691
1954
2265
2102
2263
1672
693
302
1155
1261
2412
8722
1554
1026
1149
1104
1256
1369
1062
1167
1033
981
963
1257
1206
310
5725
1572
980
1436
1667
1619
1300
1080
951
1077
972
834
1053
1140
1492
19633
2835
712
1064
1095
1130
967
1128
1162
1367
1822
2341
2562
1914
2579
4434
1742
1270
1585
1693
1878
1768
1831
1889
1428
1172
1484
1207
1575
917
3900
2001
1862
1520
2032
2352
1645
1161
1315
1311
1265
1167
1460
1380
2335
4485
1827
1864
1323
538
1273
195
1599
1657
1967
2478
2269
2774
2419
4265
24981
4361
3525
3194
2608
2719
2819
2856
2937
2532
1775
1573
1373
1371
4042
15673
2550
1400
954
1008
840
909
1014
1057
1002
891
810
951
816
861
8403
1279
1897
1783
1054
1265
1390
1754
1878
1324
784
1573
2078
2152
1877
2435
2139
2549
1947
1612
1967
2350
2445
3082
3017
2663
2502
2252
2283
4402
26624
4964
3103
2610
2116
2034
1972
2353
2877
3088
2992
1631
1075
2651
4051
15532
3244
2853
3284
3624
3503
2715
2546
2424
3537
4200
2963
2685
2985
6027
14278
2952
2473
2926
2546
2556
2795
1396
1053
414
92
415
1583
660
3178
30780
2086
493
882
980
1046
0
1380
1750
842
2027
2512
2449
2015
2778
12797
2243
1756
1277
1382
1521
1496
1419
1446
1500
516
1474
1923
1474
2337
7570
1715
1644
2333
1933
2196
2100
1870
2166
2520
2224
1636
2340
2128
2660
6390
2301
1681
1736
1293
891
1472
1789
1836
1581
1619
2125
2187
1697
3044
28447
2390
1670
1611
1581
1686
1731
1672
1981
1904
1971
2066
1869
1820
2252
5883
1641
1668
2073
2112
2047
2110
1999
1583
1738
2616
2630
1970
1986
2900
5801
1712
1286
1406
1367
1313
1192
1166
990
1193
967
1133
998
986
1053
4495
1284
938
942
1347
2192
2310
2213
2653
1921
1340
554
268
172
1746
20309
2033
385
77
0
0
0
0
0
0
0
0
0
0
0
4065
224
0
0
0
0
0
0
0
0
0
0
298
1481
1774
6183
2014
1379
1311
1251
1310
1194
1222
1056
941
1114
1356
1199
1569
1317
6234
2123
1760
1757
2367
2099
2164
2123
1982
2147
2254
1977
2018
2042
2979
21190
4082
2365
1469
260
0
78
208
1522
1364
1206
1065
1148
1176
1880
4615
1546
1544
1621
863
1408
1499
1556
1803
1376
1507
1329
1272
1598
1729
4194
1691
2342
1418
624
840
1908
1677
1756
1795
1287
1713
2914
1921
2204
14350
2899
1626
1906
1616
1524
1614
1717
1628
1930
1933
1645
1952
1874
2419
5025
2030
1753
1431
1321
1654
1969
1667
1905
1912
1630
1849
2462
3058
3237
7751
2242
1405
1053
1035
1741
2565
1862
2117
2092
1913
1463
1401
1559
2306
9271
1696
1271
1129
927
1128
1388
1432
1377
1555
2049
1694
1677
1277
1669
27828
4407
2656
2245
1680
1447
1000
1200
1359
1378
1423
994
394
732
2218
10486
1662
1682
1572
1476
1535
1642
1927
2025
2089
1696
1416
460
1054
1746
6076
1822
1424
892
817
1466
1304
1241
1381
925
1478
1383
1280
1282
1479
5102
2319
3012
2719
2215
2557
1938
2368
2040
1977
2723
2607
1797
1578
4606
27486
3734
2523
2516
3340
2883
2392
2794
3508
3042
2762
2475
2122
2089
3863
16557
2178
2425
2724
949
1617
2082
4094
3796
3269
2523
2617
2416
1965
4231
16352
3348
3211
1405
867
218
1086
3112
3237
3618
2947
2479
2011
1816
4427
15645
2748
3215
3244
2003
1821
1970
1121
249
56
18
0
0
0
1676
39809
2543
376
90
0
0
0
0
0
0
0
0
884
1750
1871
11816
2646
1151
1341
1218
1094
1068
897
924
801
930
813
342
900
1020
4947
1473
1006
1061
1203
1819
1656
1711
1776
1422
1412
1966
2968
1412
3078
32304
3665
1849
1646
1754
2005
1911
1486
1576
1778
1292
1863
2101
1647
1684
12925
2675
3166
3597
3810
2748
3651
3414
3178
3110
3272
3331
3666
3358
5876
16660
2701
2457
2015
1971
2376
2599
2691
2482
2634
1878
1541
1478
1548
3400
16494
2857
1947
1937
1769
1758
2084
2764
2913
2548
1815
1847
2653
1998
4952
36836
4591
2333
2500
2092
2137
3116
3233
2538
2865
3827
3431
3100
2980
5146
19501
3368
2036
1449
987
1399
1684
1757
1664
1819
1775
1299
1551
2071
2779
13146
1266
2099
2265
2022
2123
1252
602
1096
385
1231
1362
1322
706
838
7283
1597
1253
1026
1389
1892
2321
2119
2463
2439
1774
1585
1455
1613
1998
27240
1918
432
65
0
0
0
0
0
0
0
0
0
0
0
3126
200
0
0
0
0
0
0
0
0
0
5657
378161
86129
56890
305022
18797
385626
381719
113101
423773
83632
452855
42183
38560
461150
437647
59609
50267
385322
349522
50191
16239
326396
251138
36313
276187
64732
259897
40262
222010
43906
212936
34921
42278
170301
12751
943
173
0
0
0
0
0
0
0
0
0
0
0
119563
4067
1053
36
0
0
0
0
0
0
0
0
0
0
0
242
0
242
0
0
0
0
0
0
0
0
0
3207
694
927
104805
642
196
0
0
0
0
0
0
0
0
0
0
0
0
184
0
184
0
0
0
0
0
0
0
0
0
0
0
0
184
0
184
0
0
0
0
0
0
0
0
0
0
0
0
184
0
184
0
0
0
0
0
0
0
0
0
0
0
0
838
642
196
0
0
0
0
0
0
0
0
0
0
0
0
184
0
184
0
0
0
0
0
0
0
714
1353
1281
1227
1248
1483
1173
964
1032
999
1086
1086
1095
1017
1158
915
951
954
981
1059
1261
855
1039
951
360
855
675
1128
102
1436
1141
1097
1184
1343
1628
3080
2075
1125
681
1005
1288
1272
1158
1026
1164
981
954
1224
608
269
2235
1629
1787
1581
764
1761
1573
1690
1476
1897
2393
1606
1294
1326
2041
5553
2265
1893
1513
1073
226
409
125
61
0
831
1883
1320
1408
2175
6356
1352
1327
1074
1044
887
952
1035
1602
1469
1441
1382
958
897
1345
7629
1699
1147
807
870
825
924
132
1007
989
1227
1116
1304
1520
1827
3263
1894
2236
2081
1610
1590
1683
1643
1672
1456
1420
1611
1348
1295
2546
5126
1561
1511
1317
1811
2421
1755
947
2027
1500
1367
1784
2320
536
2071
8556
2444
1733
1530
1698
1738
1763
1822
1760
2167
2034
2398
2228
907
1571
4574
130
262
0
0
0
0
0
0
0
0
0
0
0
0
2210
24
184
0
0
0
0
0
0
0
0
0
0
0
0
184
0
184
0
0
0
0
0
0
0
0
0
0
0
0
5390
2005
1345
1218
1260
1017
1065
1086
978
795
933
852
432
108
324
1129
864
1072
882
906
903
897
861
63
1316
1849
1903
1697
1741
1285
3044
2149
2403
2124
2436
2267
409
1407
1087
1287
1236
1138
1667
2265
3819
5994
1856
1936
1931
1569
959
1293
1491
1220
1286
1524
1516
1573
1859
2020
8782
2433
1974
1600
1538
1721
2104
1997
1628
1190
1732
1601
1501
1628
2417
5613
1963
2070
1972
1626
1650
1624
2733
3351
4059
3580
3257
2859
2125
4451
7850
2779
2986
2533
2918
1734
1938
1909
1373
1236
397
1141
1233
1245
2444
7871
1254
1277
2203
2731
2815
2291
3407
2809
2091
2308
1436
587
1411
3594
14132
2680
2307
1919
2351
1960
1341
1426
1132
1070
1280
1247
1624
1841
2853
7377
2100
2220
1749
1718
1831
1911
2000
2119
1741
1705
1300
1482
1658
2147
5728
1741
1532
1769
1753
1829
1964
1818
1701
1737
1676
1567
2612
2782
3477
15316
2425
1598
1580
1249
925
1185
1171
1337
1495
1375
1183
492
196
1459
7013
1485
1848
1538
1225
1328
1383
1762
1513
1851
1611
1989
1578
1238
1499
4696
1234
1396
1070
1304
1331
1355
1193
1230
1299
1165
1050
1275
1432
1468
6416
435
1147
1150
1759
1393
1127
1546
1879
1516
1800
2433
1615
1296
1752
10772
2780
2312
2495
2145
3232
1621
1565
1740
2235
2060
1903
1724
1213
2036
4750
1403
1509
1486
1333
1455
1761
1756
1719
2063
1845
1704
1715
1677
2085
5747
1323
1711
1414
779
1172
1340
1637
1983
1628
1970
1190
1882
2074
1988
5050
2112
1946
1554
1714
1755
1870
1810
1431
1847
1660
1541
1376
1717
1843
12935
2134
2166
2532
2971
3081
2825
2896
2747
2700
2562
2076
1790
2880
4756
11396
2303
2070
2192
1729
1842
2271
2712
2935
2016
1606
1293
1254
1088
2367
10110
585
1920
1642
1780
1879
2058
1586
1498
1620
1643
1615
1300
1421
2209
7046
1558
1479
1343
1110
1538
1426
1518
1231
1245
1589
1132
799
1330
2135
15962
2564
2174
1904
1525
1779
1698
1781
1794
1392
2280
2319
2314
2505
2599
6428
1757
1625
1742
1866
1855
1798
3218
3410
2675
2773
2559
2275
2050
3456
8781
182
184
0
0
0
0
0
0
0
582
1157
1509
662
650
14344
745
196
0
0
0
0
758
0
0
0
651
1711
1648
1324
2721
1359
1337
1266
1119
981
831
867
858
1071
1140
1099
1015
1150
1430
3562
1892
1759
1025
1621
1011
1839
1696
1754
2133
3046
2751
1912
1640
2995
5854
1388
1506
2154
2168
2368
2596
2204
2707
2623
3387
2875
2382
2476
4398
20330
2985
2948
3623
2533
1872
1820
2301
1861
1660
1225
1454
1842
1457
3484
14771
2293
2450
2038
1946
1250
116
0
0
0
0
0
0
0
748
10396
300
177
0
0
0
0
0
0
0
0
0
0
0
0
2381
27
170
0
0
0
0
0
0
0
0
0
0
0
645
20084
2200
1811
2143
2273
1960
1625
1740
1383
1548
1726
1523
883
821
2314
4935
1648
1253
2315
2790
2979
2979
2674
3027
2838
3005
2850
3258
3310
6300
18309
2555
2975
2846
2519
2109
1825
1845
1601
1755
1499
1392
1164
1607
3814
19481
3489
4078
3903
4509
3894
3120
2813
2597
1914
2305
2221
1879
1903
5692
29370
1205
276
0
0
0
0
0
0
0
0
0
0
0
0
11576
454
315
0
0
0
0
0
0
0
0
0
0
0
0
184
0
184
0
0
0
0
0
0
0
0
248
875
0
594
19194
2559
1456
1392
1741
1604
1845
1390
1622
1721
1670
1983
2244
1962
2636
8480
2014
2534
1554
2362
2185
1732
1818
2260
2628
2641
2153
2340
2422
2818
6661
1620
1187
1701
1447
976
1671
1384
1564
1197
642
1092
1253
1101
1691
6140
1768
1906
1573
661
482
527
1499
1633
1033
911
1780
2183
2470
2610
14852
2793
2491
2494
2473
1845
2119
1224
1394
1127
1408
1648
1633
1602
2038
4767
2057
2668
2148
2296
3112
2450
2166
2029
2011
2675
2587
2287
1937
3596
9156
2000
2230
1859
1377
1911
2445
2017
2007
2111
1572
2034
1587
1837
2620
8404
2091
1811
1464
1552
1854
1838
1821
1331
72
0
0
0
0
437
11696
781
347
0
0
0
0
0
0
0
0
0
0
0
0
1703
0
184
0
0
0
0
0
0
0
0
0
0
0
0
184
0
184
0
0
0
0
0
0
0
0
0
0
0
0
184
0
184
0
0
0
0
0
0
0
0
0
0
0
0
4945
761
196
0
0
0
0
0
0
0
0
0
0
0
191
2713
2078
1813
1296
1253
1179
1041
1005
1077
852
1026
1107
1107
1110
1346
3105
1320
1218
1232
1299
1188
1386
1439
811
83
1606
1859
2050
1227
1978
8849
2129
1396
504
1179
1122
1128
1125
888
951
1020
1288
1557
1696
2192
2855
1280
1189
1152
1131
1002
1374
1371
999
1149
1166
1233
1161
1866
2084
3167
1690
1974
1907
2104
1541
1724
1596
1682
1336
1160
1411
1456
1804
2438
5585
1483
1598
1464
1296
1355
1270
1213
1268
1223
1047
427
1042
1005
1158
11796
1216
1102
177
1071
1020
1032
1023
990
900
798
843
1026
952
807
1732
376
1144
1047
1152
1044
477
1074
1071
1047
1109
1299
1354
1368
1462
2483
1808
2072
1907
1521
1619
1903
1732
1612
1537
1393
1210
673
1122
2177
4801
1080
408
1559
1237
1006
865
875
1109
1105
1113
1384
2105
1950
1511
10484
2033
1576
1315
1426
1424
1776
2293
2657
2783
3234
2476
2609
2756
3327
5238
1793
1120
951
987
1149
1113
1173
1372
1372
1053
1083
894
978
966
3799
1069
1121
981
963
891
933
204
240
840
989
1097
1286
1489
2032
2492
1634
1562
927
1260
1332
1521
1933
1844
1925
1663
2611
2040
2082
3424
12156
2788
2549
2387
2800
3839
3758
3104
2372
2547
3408
3024
2514
2593
4290
13508
2151
2496
3022
3634
2395
1530
1144
1368
1595
1714
2179
2646
2498
4191
13232
1865
1498
513
165
128
67
60
0
0
0
154
709
0
1029
18107
971
196
0
0
0
0
0
0
0
0
0
0
0
0
1790
0
184
0
0
0
0
0
0
0
0
0
0
0
0
184
0
184
0
0
0
0
0
0
609
2227
2469
2766
3063
2382
6768
2448
3441
3309
2876
2234
1908
2389
3050
3985
3495
2285
3093
3849
3953
19521
2847
2906
3506
3199
2294
2029
1529
1794
1702
1674
1724
1843
1686
3132
9713
1547
1452
1191
1314
1312
1012
1026
1101
946
1083
1220
1064
1361
2056
9729
1550
1452
1252
1883
4291
2827
1154
1963
2151
2236
2403
1834
1710
4566
10879
1419
2320
2739
1781
2580
2423
1910
1512
1082
1021
1104
1290
1284
2677
27669
2677
2009
1514
1626
1490
1283
1200
993
903
1453
1300
1110
1092
1537
7842
1358
1162
1104
1026
1340
1418
1981
1883
1725
1790
2020
2049
1943
2400
4907
1604
2253
2026
1740
1559
1499
1568
2157
2344
2299
2345
2575
2050
2325
5200
1846
2490
1715
2149
2353
2420
1987
2361
2345
2078
1964
2043
2298
2526
22519
3623
2607
2732
2022
1727
1621
1584
1093
1921
1861
1892
774
1402
1897
5779
1943
2311
2057
1834
1839
1617
913
783
1759
2402
2340
2445
2606
3339
5734
2378
3222
2548
2648
2108
1492
2041
1811
2171
1303
1376
1940
1190
2805
41269
3536
1867
1954
1324
1362
1515
1514
1586
1645
1449
1843
1766
2023
2576
7160
2580
3223
3594
2773
2070
1263
1056
1137
1047
975
935
1147
1229
1987
7256
2371
1978
1817
969
1034
653
522
1228
1696
2155
2078
1778
1949
2346
8046
2046
1972
1596
1837
2366
2372
1999
1912
1523
1357
1314
1831
2228
3494
45551
2675
848
496
1986
1925
1958
2629
2217
2144
1772
1676
1627
1323
2187
6861
1385
1608
1666
1835
1999
1986
1979
1945
1649
1770
2065
1727
1755
2106
5665
2187
2281
2236
1912
1865
1711
1729
1951
1984
1505
1869
3256
3252
3456
7355
1960
1675
1977
1620
1543
2231
2323
1431
1169
1353
1432
1398
652
928
20562
2221
1466
1363
1312
1613
2007
2328
2207
1869
1749
1685
1818
1779
2520
5642
1452
2433
2702
2040
2255
2166
1760
2571
2546
1951
1733
1841
1214
2501
7034
3148
3566
2813
2208
1826
1484
1471
1390
1755
1700
1198
1855
2016
2566
9896
1656
1928
2137
2338
1918
2239
2216
1720
1874
1626
2064
2048
2187
2757
22239
3373
2479
2683
2456
2094
1574
1571
1421
1377
1311
1804
2191
1862
3413
12887
3290
2121
2737
1753
1502
872
334
1074
1162
1497
1309
1791
2137
3481
12117
2992
2671
2005
2654
3125
3898
4564
4025
2307
2553
2513
3002
2636
4206
28313
3562
2871
3184
3363
3190
3361
3422
3563
2857
2335
1635
1700
1968
5224
16902
2891
2481
2333
2494
2248
1968
1833
1876
2430
1812
1633
1389
1468
2470
13548
1714
1386
1025
1256
1319
369
1118
1268
1938
1507
1778
1953
1799
2190
6487
1468
1869
2125
2688
2815
3355
2815
2558
1984
1730
2293
1983
1242
2786
35835
3932
3197
2635
2605
1964
2478
3421
2886
3027
3113
2778
2401
3457
6152
22801
2875
2533
2177
2125
2960
3022
2751
2662
2101
1946
1676
2336
1943
3633
17142
2993
3259
2680
3569
4025
3150
2217
2292
2805
2313
2167
2325
1509
3758
13339
2070
1787
2075
2102
1806
1706
1173
1101
1775
1549
1475
1470
1773
1598
30924
2613
1360
1047
1346
1623
1691
1958
1802
1640
1930
1860
1995
2058
2255
3549
1829
2847
3586
3616
2909
2048
1198
2108
2352
2674
2576
2411
1876
5301
12394
2698
2070
3188
2668
2164
1439
1538
1545
1637
1348
1718
3368
3281
3482
15706
1925
1389
775
197
0
0
0
0
0
0
0
0
0
321
19281
1622
1196
1513
2070
2056
1514
1283
1070
1049
967
1225
1102
1005
1881
6310
1334
1567
1336
1403
979
1161
1589
2294
2228
2190
3351
2929
2095
3365
10198
1898
1506
1304
1511
1526
1498
1770
1833
2114
2126
2783
3884
1640
2017
25554
3716
3650
3188
3142
3110
2142
1906
2117
2233
2542
2371
2138
1823
5645
17943
2278
2331
2041
3156
3063
3092
2501
1576
1815
2312
2110
1100
2113
3432
11786
1854
1974
645
1624
1466
1558
1697
1896
2416
2073
1880
1503
1679
2354
9234
2028
1738
1678
1896
1120
1813
1092
1614
1993
2128
1948
2159
1878
2092
26784
3121
2176
2322
2284
2158
1787
1826
2124
2310
2185
2067
2664
2874
4573
8794
1723
1229
1644
1511
1722
1145
57
799
1336
1457
1489
1018
932
1662
7991
2167
2439
1268
1581
1838
2171
2406
2346
2412
2208
1721
1879
1852
2958
5954
1438
1826
1120
1517
1599
1913
1712
1997
2332
3088
3546
3245
2942
2833
16536
2731
1618
1903
1757
2060
1579
1822
2034
1312
2058
2014
2080
1988
1871
6988
1759
2011
1542
1912
2461
2503
2337
2536
2548
2579
2057
2138
2220
2756
5609
1925
1750
2129
2052
2565
2623
2476
2504
2211
2535
1876
2186
1899
1943
11789
1207
1341
1541
1569
2169
2060
1992
1960
2092
1824
2088
1623
2124
3065
26549
3296
2178
2181
1801
2327
2084
2292
1806
1475
1573
1625
2414
2130
2966
13293
1224
1270
549
1776
1658
1878
1965
1817
1214
1891
2406
2722
2953
3818
11660
2643
3089
3169
3620
2513
1905
1493
1385
2314
3149
3148
3295
2073
2555
28828
1897
1820
1588
1885
2347
2521
2366
2487
2211
1813
1609
1389
1325
3463
10062
2321
2765
2326
1765
1835
1504
701
533
1410
1586
1516
1972
806
1922
11482
847
1557
1284
581
311
731
1413
1464
1105
643
1237
1442
1761
1845
7882
2586
2804
2755
3100
2281
2438
2020
1912
2553
2205
1982
1148
1713
2462
26852
2758
1362
403
144
59
51
0
1071
1867
1760
1693
1549
1818
1571
6492
1701
2459
2539
2169
1918
1198
1826
887
1713
811
1687
1668
1988
2568
5387
2413
2289
1661
1600
750
1853
1857
1694
1859
2018
1570
1828
1716
2018
8191
334
460
1870
1928
1544
1760
2530
2485
2938
2864
3397
2839
2172
3876
26527
3453
3429
2255
2555
2398
2086
2024
1269
1727
1469
1741
2291
1737
1380
14011
1986
1687
1188
1328
667
1190
356
1222
1197
1788
2567
3347
2954
2328
9475
2248
2464
2244
2119
2132
2333
2055
1921
1823
1541
1415
1571
1431
2243
10094
1831
1678
1540
1641
1754
1626
1697
765
1231
1383
1703
1199
1618
1919
21719
2335
1425
467
1320
1169
1422
2080
1164
483
1414
1288
1472
1825
2497
12486
3290
3529
2435
2419
1635
1894
1878
1608
2000
2077
1785
1786
1610
1945
11220
1475
1455
1250
878
609
883
1239
1325
1038
1104
1006
2213
2097
1998
20911
1671
1909
1787
1766
1798
1466
1569
1393
1794
1788
1628
1699
1701
1572
5907
1543
1879
1568
1938
2016
2281
1408
1820
1444
1645
2238
2873
3368
3783
9056
1905
1807
1495
1214
1519
2006
1519
1698
1929
2680
2165
1654
1881
2487
14397
794
657
2496
2941
2448
2583
2341
1892
1585
1365
1675
1784
1778
2903
28304
2151
1454
1426
1404
1274
1082
1226
1471
401
1577
1641
687
1093
1258
7398
1088
1203
1057
1080
1094
1135
1373
1187
1399
1267
1636
1207
1657
2141
4933
2210
2778
2946
2693
2936
2610
2903
2451
2719
2983
2387
2516
2928
3954
7648
2248
2368
2259
1986
2650
2623
3600
3012
2492
1814
1938
1964
2176
3328
22995
2625
2664
2540
2596
2626
3378
3469
2848
1126
1917
1891
1529
1789
3638
12278
1836
1703
2120
2681
2027
1594
1214
850
1453
1539
1376
1525
625
1908
9433
1646
1742
1528
2152
1778
1413
1331
1105
1827
1902
1435
1527
1895
1995
6069
2285
2319
2101
1473
1622
1816
1897
1192
1510
1756
2230
2134
1672
1925
17927
2316
2110
2067
1584
1523
1624
1505
1470
1294
1837
2049
1727
1573
2099
4847
694
1847
2367
1564
1434
1723
1655
1588
1723
1617
1759
1903
1736
1859
6524
840
463
1324
1335
1588
1500
1877
2292
2884
2695
2324
2724
1325
3076
15836
3710
3039
3247
2551
1745
2288
2656
3556
3987
3216
3178
2747
3510
5309
14075
2592
1800
2300
2644
2668
3545
3721
2140
1815
1563
1347
633
0
1755
10374
495
184
0
0
0
0
0
0
96
96
1211
339657
396958
60033
183946
435492
455435
41608
31545
482737
492428
43941
35914
523082
92587
24743
511456
444223
165094
390216
26278
2633
0
0
0
0
79
8397
473952
35817
8354
1957
404
3961
475279
12658
1520
135
0
0
0
0
0
0
0
0
0
0
0
147018
11390
3355
1848
1556
2452
2827
2682
2844
2691
2516
2777
3595
2651
5249
12071
2626
2631
2982
3356
3085
3287
3430
3012
2861
2858
1956
819
835
3424
256717
1875
84
0
0
0
0
0
0
0
0
0
0
0
0
10544
238
42
0
0
0
0
1180
1671
2049
2296
2794
2967
1726
3005
7690
2153
1878
1567
1693
1454
1762
1630
2083
2610
2558
2845
2746
2788
3369
11259
1976
1180
505
881
1577
2177
1830
1780
1961
2262
1804
2326
2692
2734
30810
3602
1546
1485
1538
2404
3532
3257
2692
2255
1441
1434
1420
1105
2705
9494
1273
1096
1261
1481
1924
1754
2185
2338
2383
2584
2610
2206
2707
4502
11009
2790
2350
2998
2869
2543
2345
2647
2142
1996
2007
3269
4876
3711
5115
223158
10350
8138
8282
8674
8486
8472
8000
6836
6599
6474
6047
6970
5397
6952
29106
9696
3508
4052
3385
3429
3156
2485
1870
1837
924
133
56
302
3509
18675
1993
1327
1221
1215
1332
1281
1776
1922
1676
1402
1176
1060
1229
1091
7948
1198
894
1433
3188
2806
2603
2520
2309
1544
1194
1154
2585
3186
4838
224863
3448
1471
1855
2269
2423
2370
4555
3741
1462
1092
1141
2787
3149
2297
6925
1697
1409
1303
1543
1680
1746
2087
1535
3525
3341
1882
4362
775
2755
4746
3031
342
99
0
354
1317
1158
1035
1014
3091
3001
1068
1056
885
1383
1213
1041
4388
2462
555
905
1585
1404
1184
1348
1757
2458
2665
3759
19830
3583
1022
1258
1280
3281
2837
1167
1198
1472
2150
2530
2566
2852
3488
9138
1331
1501
1248
1447
2048
4076
4294
2044
1093
497
1346
1287
1183
2369
7625
1929
1227
969
1267
1027
1312
2011
2771
2490
1115
4813
3952
1157
2686
7998
1649
1674
1843
1439
933
1052
1624
1606
1536
1403
1789
1340
1984
2605
31820
3935
1335
1284
1083
1146
1073
1220
1198
1049
4499
3331
752
158
424
4602
1698
1823
2171
2400
1939
1564
1076
2743
2796
837
1040
1191
1371
2863
6334
2289
1705
1437
2353
1908
1750
1635
2365
1489
1398
1597
2679
4138
4834
51780
5316
2522
2822
2401
1951
2426
2080
2494
2747
2036
1709
967
702
2414
16444
305
42
0
0
0
0
693
693
0
570
1004
1687
1936
2009
11619
2554
2965
2904
3191
3650
3693
2856
2051
2186
2295
3219
3159
2920
4678
14942
3269
3372
3481
2289
1068
253
83
0
583
1580
1939
2601
2567
4228
61008
3978
1855
2173
2014
1973
1670
1522
1749
1832
1672
1456
694
268
2283
16912
2896
3100
2929
2648
2020
3666
2071
1484
1520
2573
3393
2150
2918
4766
12598
1735
1395
1341
1313
1472
2383
2790
2777
2351
2176
1633
1342
1468
2379
11046
860
1249
1606
1373
1977
2105
1813
1881
1896
1499
1528
4947
4430
2412
50820
3612
1821
2166
2557
2324
5092
3542
1732
1927
2602
2095
1637
1450
3364
10606
206
0
342
1174
1243
1308
1023
1030
1281
1179
616
210
0
344
9859
2602
2474
3171
2970
2654
2692
2596
2342
3017
2926
2911
2898
3437
6103
18387
2676
2861
3758
4036
3871
2975
2248
2044
3791
3924
3083
3095
4051
7425
45052
3853
2765
3260
3063
3361
3531
3708
3365
3582
3667
3056
2969
2206
5866
17555
1936
1584
1555
1638
1485
1722
2280
2083
2101
2312
2442
3237
2676
3401
14048
2577
2217
2647
2984
2717
2635
2728
2181
1812
824
85
2259
3394
3062
30574
3380
1595
1802
1978
2576
2172
2175
1686
2978
2885
2505
3036
2780
3514
11792
2606
2236
2553
2983
2317
1976
2026
2384
2727
2943
2779
1490
2356
4477
13345
3734
3484
3756
2599
2450
2809
2276
2403
2428
2189
2138
1980
2128
5060
16111
3743
3337
2468
2305
2430
2302
2402
2445
2901
2591
2901
2434
1669
4819
46435
3690
2404
3087
2169
2632
2364
2271
2272
3130
3915
3349
2827
3078
5891
23712
3160
2861
2184
589
266
702
78
0
0
0
0
0
0
1266
14900
1361
679
748
689
573
0
770
750
759
761
656
0
0
0
7283
1475
2229
2252
2040
1724
2182
1752
1583
1719
1979
2089
4816
4090
2708
55414
3682
1977
1484
1947
1841
1020
1928
1805
1694
1842
1593
1678
1414
828
7428
1774
1545
1667
2220
1875
2172
2199
1876
1887
1748
1669
2100
1642
6071
9995
1543
1088
1176
1351
1368
1477
1576
1619
2102
2565
2108
1630
679
1572
10949
2329
3147
2761
3492
3448
2835
3079
2434
2294
2873
3215
3398
2926
5308
45057
2583
149
315
1394
1826
2399
1840
3069
3081
5081
4100
1817
1962
4009
19755
2652
1431
1354
1202
2757
2814
1083
1008
1020
2990
2989
1190
825
1320
9601
2378
1174
1270
1230
1245
1249
1399
1230
1190
1474
1940
4553
4146
2043
35202
3443
655
1437
1569
1391
1313
1354
1667
1932
1682
1635
3664
2753
3779
8581
2370
2093
2044
2146
2421
1036
560
51
116
1637
2094
2657
2657
3807
14259
3057
2797
2410
2386
1993
1329
3734
3268
1464
3115
2995
1297
3029
3985
9940
2272
2568
3121
2553
4877
5478
1670
2670
3640
3507
4573
4004
3156
6819
53018
3643
56
64
0
0
0
0
0
0
0
0
180
1016
526778
645702
34695
4118
874
170
889
1239
1347
2506
2920
1996
2489
1553
1108
2025
316646
15604
15381
10373
4017
2184
2576
2042
2079
2199
1829
1955
1664
1629
1983
9082
2327
2599
2793
2191
769
265
618
1413
1617
11004
12379
3728
3008
2683
305713
4814
1948
2115
2990
3689
4084
3745
3218
3914
4360
3431
3720
3827
5465
12420
4189
3394
3167
4001
4197
4241
4031
4584
5097
5300
4077
3766
4130
8489
21262
3449
2725
3610
3235
3150
3016
3716
2794
3608
3060
9479
8086
4875
6581
27037
4467
3984
5399
4397
4027
4380
4330
4222
3874
2732
4062
5068
4554
7640
60801
6500
4250
3644
4008
4405
4383
4634
3891
4230
4715
4551
3279
3187
6651
26178
2114
833
2560
2303
2713
3258
2551
3050
3263
2915
3061
3752
3546
6721
30375
4934
2885
2139
2045
1958
2506
8223
4197
6532
5690
3139
3300
3383
5130
55580
5587
2416
2809
8778
5792
2309
1782
1817
2160
1779
1893
5043
5200
3793
17153
2476
1651
1431
1801
1382
1472
1337
1214
1367
2167
1940
2679
2164
2411
14303
4162
2727
2734
3219
2283
2112
2328
2569
2716
2552
2064
2688
2411
5811
22615
2845
2433
1738
666
621
48
77
48
0
0
0
0
0
667
50217
3114
62
8537
547440
589594
81958
58242
662562
82077
33319
9902
3035
1124
91247
362081
49857
9980
3581
3402
2439
2278
1652
2924
2860
1900
1785
2058
2256
5677
236775
10132
3702
2475
2303
2970
4336
3586
2833
2238
2877
2597
2859
2764
5374
25093
2786
1591
1054
1316
1318
1078
1554
2424
1546
1929
1694
1899
1711
2495
294637
4484
2617
2475
2587
3280
3175
3053
2556
2542
2713
4217
4095
2841
4790
14942
2449
2071
2547
2525
2331
2256
2439
2376
1862
499
63
513
1520
2076
12055
2915
2498
2417
2164
1758
1909
1974
2162
2485
2760
2614
2432
2810
3403
9457
2620
1798
2295
2133
2231
3533
3438
2771
2172
1548
1550
1554
1347
2810
34074
4524
2984
3032
3494
3693
3563
2945
3450
2396
2363
2978
3687
3062
5975
24105
3289
2593
2597
2337
1674
2165
2483
2158
2372
1435
1920
1974
1611
2483
16494
2369
1487
1700
1523
1684
1215
1520
1486
1510
1337
1652
2062
2878
1554
49232
3425
1610
1862
811
394
113
0
132
1394
1577
427
1323
1964
1952
6973
1875
1686
1709
660
1640
1495
656
1876
1977
2273
3315
2427
2264
2865
12124
3141
2318
1287
198
0
0
0
0
0
0
0
0
0
690
7571
654
0
0
15167
589252
107986
28393
35137
636922
561397
92604
26068
7055
109211
444390
25225
4297
1808
1625
1532
869
429
387
0
0
0
0
0
233
321102
11755
2025
205
57
0
0
0
0
0
0
0
0
0
0
2299
294
726
1877
1949
1079
467
395
32
1289
1177
1303
1299
1689
3478
7839
3136
3025
2800
3140
2995
3274
2564
2739
3647
4170
3908
3334
4142
5888
292493
4185
2035
1390
378
299
64
0
0
0
0
0
0
0
395
180426
528296
514290
139827
32695
48518
678485
71396
659232
102056
21218
533219
146655
40323
89148
433250
39353
6626
2903
2114
2127
2312
1990
2102
2372
2622
2682
2161
1926
3853
327444
15800
3097
1823
1882
1538
1602
1513
1467
2147
1872
4782
2676
1780
2514
324388
5058
2876
2040
1038
994
1223
1385
1332
1469
1284
442
57
454
1948
10729
3044
2778
2576
2434
2254
2724
2482
2784
2677
3140
2045
1703
1607
3368
14121
4506
1896
1879
1792
2168
2278
1813
1381
2203
2606
2508
4638
5384
4235
49356
4703
2282
1671
2108
1719
2617
3501
3448
3337
2423
2804
3419
2844
4111
9587
2990
2755
2068
2424
2766
2821
2863
2972
2779
7285
4418
2301
2118
3755
8777
1536
1132
1030
447
971
987
1004
1018
1044
1127
1041
1129
1193
1170
5984
705
1299
939
471
90
0
393
879
1015
963
276
1100
990
1271
37194
3595
1347
1638
1652
1374
1158
1071
1248
1350
1296
1365
1104
1235
1290
3372
1777
1427
1311
1425
1387
1958
1634
1277
1132
1269
1245
1003
840
933
3248
5551
3702
1287
1176
3260
3251
1065
1530
1694
1610
1895
1664
1995
1988
6551
2388
2404
2444
2395
2943
3065
2978
4038
4910
3440
3124
2511
2708
4493
25764
4069
1982
1737
1696
1644
2142
1981
1964
2051
1909
1357
1159
495
1343
11603
928
1398
570
0
0
0
0
0
0
0
0
0
1277
1410
318615
650245
629963
130981
89283
521664
93167
70356
444254
127237
455913
60551
423463
134258
108388
292622
34701
6901
2165
2205
1933
1698
7319
4427
2120
1139
1251
1349
1525
1934
222264
10583
5372
4320
4019
2935
2156
2540
2172
2832
2037
4800
4342
2224
4876
15151
1907
498
1585
1751
995
998
1368
1365
1179
1068
1008
1143
1155
1192
10005
1515
217830
2509
1202
1176
381
1194
1134
1221
102
1290
1813
2642
2400
11061
2321
256
1429
1662
1914
1705
1665
1313
1567
1639
1347
1338
1178
2128
4437
2038
1949
2032
1989
1815
1810
1899
1569
1505
1380
1484
1475
1897
2851
4993
1793
2252
2049
2399
2416
2389
2262
1621
1824
1713
1685
1554
1706
3383
6743
1777
1059
1017
1005
996
957
1260
1334
1103
879
999
945
1003
1550
8949
3282
1816
1950
2204
2347
1967
2281
2298
2001
1963
2576
2685
1876
3350
4854
1521
1381
1364
1638
1660
2149
1887
1927
1919
650
1005
1846
2057
3203
6493
2545
2042
1536
2187
2493
2441
2344
1643
1455
1846
1920
2035
1739
3626
7356
1843
1916
2002
1628
1937
1866
1973
1700
1778
1866
1511
1713
2029
3686
13932
4238
2531
1718
1364
1445
1764
1702
1649
2723
1878
1873
1727
1966
3245
11734
2799
2864
1860
1932
1796
2470
2882
2426
2106
1927
1644
1417
1922
3809
13250
2464
773
0
0
0
0
0
0
0
0
0
0
0
0
6760
751
570
84
75
1098
978
1068
1068
921
1495
1363
453
858
1029
18135
2647
1271
917
1350
1644
2102
2442
1957
1910
2235
1600
1061
1096
2527
4181
1220
1436
1185
1573
2015
1281
2878
2613
2443
2200
3028
3023
2654
4197
6664
2560
2111
2396
2532
2376
1841
1711
731
0
0
157
903
1454
2064
238459
4212
1370
469
30
409154
517515
18646
592523
47037
20581
663412
136820
673221
141882
399533
26562
6558
2582
2847
2810
2623
2690
2896
2796
4030
3562
3415
3504
5945
91902
8304
5353
9860
5714
2166
793
1903
5385
6434
5668
6010
6197
10745
18270
60293
27856
4640
3451
2197
1610
1867
1300
238
0
0
0
1291
580
5331
342086
6038
2960
5428
641167
641355
120490
64883
522843
83657
87001
463079
135189
49566
112232
282221
42739
6929
3516
2027
1076
1215
1256
1316
1244
1115
438
1290
1120
1456
197458
10212
2542
1590
1712
2100
1937
1811
1547
1718
1682
1823
2593
2108
3079
10100
3089
3366
3087
3437
2665
2335
2534
1807
4665
3849
1885
2219
2529
3950
212360
3831
2422
2553
3133
1855
992
1912
1019
2099
1985
1608
1866
989
3140
15164
3064
2892
2520
2580
2967
2668
2425
1849
1846
1718
1345
1339
960
3448
13255
2005
1036
1170
1292
1113
1048
1198
1786
1963
1966
2192
2234
1753
2008
10450
2068
1058
1269
1236
1123
1360
1311
1307
1726
1711
1458
1305
1724
1515
32270
3042
1448
1165
1379
1205
1058
1012
1275
1437
1411
1465
1519
1364
1366
2705
1381
1080
1014
1087
1260
1215
1235
1251
803
1376
1196
1515
879
1205
2537
1457
1770
1695
1673
1671
1853
2338
2590
1689
1563
2313
1977
2456
2369
10424
3203
1758
1344
1377
1199
1669
1455
1317
1901
2121
2023
2133
2151
2344
5221
2142
2411
2121
2291
2073
2247
2191
2127
1503
1522
1587
1462
1493
2124
5892
1779
1671
1647
1846
2094
2283
2153
2027
1453
1509
1165
1266
936
2951
5628
1380
1226
1033
1485
1372
1361
1524
1722
1761
1728
1832
2036
2152
2721
15464
3126
1274
1592
1829
2227
1162
345
617
1322
1583
1944
1812
1413
2294
5806
2314
2469
2159
1921
1419
1202
1090
1500
1530
1668
1483
1155
1124
1279
6366
1842
1370
1269
1232
1155
1168
373
1027
912
978
1239
1339
1291
1310
4870
1635
1453
1624
1349
2402
2915
2348
2074
2264
1995
2040
1793
1447
3089
17129
3070
1981
1579
1352
1602
1979
2025
1810
1902
2022
1507
1671
1498
1916
8888
1905
1485
1906
1942
2294
2780
2392
1828
1382
1203
1426
1673
1246
3054
6896
1078
884
881
1046
1098
1336
1375
1124
1098
674
1378
1134
1214
1242
4338
1366
1249
1309
1440
1627
1239
1412
1469
1808
2036
2197
2792
3234
4292
21416
3483
1702
1526
1594
1438
1592
1937
1119
1483
1573
1578
1500
1579
1847
9482
1591
1310
1512
1668
1891
1962
1743
1487
2036
1819
1742
1928
1735
2075
4641
1922
1749
1777
1678
1667
1446
1487
1309
1458
1219
2150
1642
2093
1854
14531
1768
972
1405
1570
1312
1436
1523
1368
436
1030
1584
1395
1531
1909
4890
1528
1403
1576
1430
1598
1549
1557
1447
1333
1587
1516
1313
1389
1203
4233
1463
1551
1341
1628
1644
1319
640
1138
1433
1446
1323
1624
2203
3328
8951
3096
2906
2456
1475
2079
2136
2679
2409
2505
1510
1744
1452
920
3587
21357
2482
1273
1388
1515
1745
1707
2123
2535
2677
3283
2825
1921
1862
2868
11333
329
83
0
0
0
0
0
0
0
0
0
575
940
1649
8035
2081
610
1304
1415
1691
1590
1111
1232
1184
1364
1438
1488
711
1619
3482
1465
1188
1206
1650
2478
1728
1531
1775
2169
2412
2239
2415
1638
3219
23963
2526
1143
1173
1099
1343
1772
1847
1236
1167
1637
2236
2049
1230
1806
6957
1629
1384
1318
1334
1342
1526
1421
1292
1774
1829
1451
1849
1849
1677
5265
1911
2311
2967
2923
2645
2796
2773
3192
3364
2772
2804
2528
3024
4313
10602
2089
1281
1338
1229
1266
1437
1800
2050
1270
534
784
1239
1175
1732
20188
2736
1323
1349
1393
1290
1187
1383
1452
1847
2060
1315
1418
1235
1747
5033
1458
1343
1066
734
1254
1363
1372
1216
1215
1316
1547
1187
1125
1466
3947
1400
1183
1244
1183
1293
1513
1436
1261
1323
1330
1889
1852
2021
2077
21549
4466
3596
3340
2701
2058
2079
1743
2103
1186
1994
1666
1587
1446
1438
6822
2348
2650
2561
1454
532
295
0
0
0
309
1008
640
408
1473
6366
413
52
0
0
0
321
0
742
371165
501850
54731
20975
558514
611899
364599
676801
165480
52257
129305
641700
53538
12561
2853
510
523
1591
1911
1152
14740
357339
21946
3532
3289
1806
2403
1941
16136
13078
2844
1677
2056
1586
1541
2420
71750
5815
2110
1465
2069
13157
12485
12849
12943
1770
1445
1681
1731
1319
1592
6102
1832
1596
1432
1724
1277
1391
1536
1476
1675
1535
1172
1380
320828
3900
3896
5160
3689
3577
3746
1367
1484
1838
3860
3080
3881
3497
1576
3750
4158
3626
1704
1171
969
1023
483
246
0
276
909
930
1032
1182
1348
1620
6902
2403
2265
1775
1520
620
43
0
0
0
0
0
0
0
1651
4840
1985
2211
