8	13
32	50
53	61
63	70
72	77
81	85
87	105
106	112
115	116
117	122
124	126
132	133
144	145
147	149
170	246
250	258
263	267
269	270
271	272
273	283
285	286
287	292
294	300
302	314
316	326
329	330
333	358
360	363
364	366
367	370
379	386
389	394
396	397
408	409
412	422
424	428
431	432
468	470
480	481
492	494
500	502
504	505
514	518
519	523
526	530
531	542
543	556
557	566
574	577
584	586
605	607
624	626
631	633
644	646
652	665
668	670
674	677
678	682
683	701
705	706
708	717
718	721
725	726
731	733
735	737
756	760
762	765
768	769
771	772
774	777
783	784
785	787
792	798
799	803
804	805
806	811
812	813
817	827
829	831
832	836
839	842
843	848
852	863
864	868
871	883
886	887
889	894
899	901
906	925
926	929
935	937
938	944
950	959
960	961
963	973
983	992
993	995
996	998
999	1005
1008	1016
1020	1023
1024	1029
1033	1039
1040	1041
1044	1057
1062	1064
1068	1069
1080	1082
1091	1094
1116	1119
1130	1146
1151	1153
1156	1167
1171	1173
1176	1177
1183	1185
1187	1190
1193	1194
1200	1201
1202	1210
1211	1213
1218	1220
1223	1225
1236	1237
1250	1251
1254	1265
1266	1271
1272	1277
1280	1298
1299	1300
1301	1304
1307	1310
1312	1316
1320	1321
1344	1349
1351	1352
1358	1361
1365	1366
1369	1371
1373	1379
1381	1394
1395	1397
1400	1405
1406	1413
1414	1415
1419	1431
1433	1438
1440	1445
1447	1456
1458	1459
1463	1465
1466	1472
1473	1475
1476	1477
1481	1483
1485	1489
1499	1501
1506	1508
1513	1515
1522	1524
1525	1534
1545	1549
1550	1551
1554	1555
1560	1561
1565	1567
1572	1575
1577	1579
1582	1585
1599	1603
1605	1622
1626	1630
1633	1637
1638	1644
1645	1647
1648	1675
1678	1682
1683	1686
1688	1693
1695	1721
1722	1723
1725	1738
1739	1742
1743	1746
1750	1754
1758	1760
1761	1773
1775	1779
1783	1786
1787	1795
1798	1802
1808	1810
1811	1818
1822	1830
1833	1840
1843	1844
1845	1858
1860	1867
1871	1880
1883	1889
1892	1917
1919	1921
1927	1929
1931	1943
1953	1954
1959	1960
1962	1972
1977	1981
1992	1993
1996	1998
1999	2003
2007	2009
2010	2031
2040	2041
2046	2051
2054	2055
2057	2058
2088	2089
2102	2103
2106	2111
2112	2113
2114	2116
2121	2126
2127	2129
2132	2134
2139	2140
2148	2151
2154	2156
2162	2164
2176	2187
2192	2193
2194	2204
2208	2221
2223	2225
2230	2235
2238	2243
2246	2252
2254	2260
2262	2273
2276	2279
2305	2312
2315	2320
2322	2337
2348	2354
2355	2358
2360	2362
2377	2384
2388	2390
2401	2404
2424	2425
2441	2443
2446	2447
2448	2457
2459	2462
2463	2469
2470	2482
2484	2488
2492	2493
2496	2497
2500	2515
2520	2522
2523	2526
2530	2546
2556	2557
2568	2569
2580	2581
2585	2601
2604	2605
2607	2610
2612	2631
2633	2635
2644	2651
2654	2656
2659	2683
2686	2687
2688	2689
2700	2701
2713	2719
2721	2735
2738	2743
2745	2746
2748	2752
2755	2758
2761	2762
2763	2766
2768	2777
2782	2785
2792	2794
2798	2800
2803	2804
2809	2812
2817	2818
2819	2821
2833	2843
2845	2846
2847	2849
2850	2851
2854	2857
2859	2860
2862	2863
2866	2867
2868	2869
2876	2879
2885	2888
2890	2895
2896	2897
2906	2907
2910	2911
2924	2925
2926	2929
2971	2978
2980	2981
2982	2983
2985	2986
2987	2989
2992	3010
3015	3023
3024	3032
3036	3037
3039	3051
3053	3058
3060	3066
3071	3078
3080	3086
3088	3092
3093	3094
3095	3109
3110	3113
3116	3118
3120	3121
3122	3126
3130	3131
3134	3149
3165	3172
3173	3179
3182	3183
3187	3188
3191	3198
3204	3217
3219	3226
3228	3233
3239	3240
3241	3245
3247	3257
3263	3270
3277	3291
3293	3332
3335	3340
3346	3347
3348	3349
3354	3357
3360	3361
3372	3373
3381	3386
3388	3420
3424	3438
3441	3445
3447	3452
3458	3459
3463	3465
3473	3483
3485	3490
3493	3503
3504	3505
3506	3509
3511	3514
3519	3526
3540	3543
3545	3546
3552	3553
3564	3565
3582	3587
3589	3590
3592	3597
3598	3602
3608	3619
3621	3625
3640	3642
3643	3645
3649	3669
3671	3677
3679	3695
3696	3703
3707	3712
3716	3721
3722	3734
3736	3737
3741	3742
3743	3753
3780	3782
3783	3796
3801	3803
3809	3812
3814	3820
3824	3827
3829	3830
3832	3833
3835	3836
3838	3843
3845	3857
3859	3914
3919	3923
3924	3934
3936	3937
3939	3941
3944	3947
3960	3961
3976	3988
4004	4007
4032	4034
4036	4038
4044	4045
4052	4066
4068	4075
4078	4079
4081	4089
4091	4094
4104	4105
4108	4117
4120	4123
4126	4137
4140	4142
4160	4167
4169	4178
4181	4184
4186	4189
4190	4194
4195	4197
4199	4204
4208	4220
4224	4237
4241	4243
4246	4260
4261	4278
4282	4287
4292	4298
4300	4303
4306	4307
4308	4310
4312	4314
4320	4325
4326	4336
4340	4344
4345	4352
4354	4357
4360	4367
4369	4378
4380	4382
4384	4397
4401	4404
4410	4418
4429	4433
4437	4447
4449	4450
4452	4461
4462	4465
4491	4492
4500	4501
4506	4538
4541	4547
4548	4560
4565	4569
4571	4591
4601	4609
4610	4613
4618	4621
4623	4624
4627	4654
4663	4664
4665	4667
4670	4678
4680	4689
4692	4693
4702	4705
4739	4747
4752	4754
4759	4766
4770	4780
4784	4790
4800	4801
4809	4814
4823	4837
4839	4842
4846	4847
4851	4863
4872	4877
4880	4881
4883	4892
4895	4896
4898	4899
4902	4906
4908	4909
4913	4926
4927	4929
4932	4943
4945	4951
4954	4955
4956	4958
4962	4964
4969	4971
4981	4982
4992	4994
4999	5002
5004	5006
5012	5025
5029	5030
5034	5037
5040	5054
5056	5062
5068	5073
5075	5086
5089	5094
5096	5097
5099	5102
5104	5109
5113	5115
5117	5123
5124	5129
5132	5141
5143	5144
5149	5152
5159	5162
5165	5176
5178	5183
5185	5195
5196	5201
5207	5211
5213	5225
5227	5228
5229	5234
5240	5241
5244	5246
5254	5257
5259	5284
5290	5297
5303	5306
5311	5312
5313	5318
5320	5324
5326	5334
5336	5346
5349	5388
5392	5393
5394	5398
5400	5407
5409	5422
5424	5425
5426	5428
5429	5440
5443	5447
5452	5453
5458	5461
5466	5473
5474	5475
5477	5499
5501	5502
5503	5517
5519	5528
5531	5533
5544	5545
5553	5557
5561	5562
5564	5569
5572	5574
5575	5577
5579	5580
5593	5595
5596	5615
5616	5639
5640	5641
5643	5675
5677	5689
5700	5703
5707	5717
5719	5722
5724	5726
5729	5731
5736	5737
5738	5740
5743	5745
5748	5755
5765	5766
5767	5776
5779	5786
5789	5791
5793	5803
5808	5811
5814	5821
5861	5870
5871	5874
5875	5885
5888	5899
5901	5915
5921	5926
5935	5936
5940	5941
5950	5953
5955	5956
5958	5959
5960	5961
5963	5967
5970	5971
5972	5973
5974	5975
5983	5987
5988	5992
5993	5994
5996	6019
6020	6025
6026	6052
6053	6054
6060	6061
6063	6065
6085	6089
6090	6094
6096	6097
6102	6109
6111	6118
6120	6121
6127	6130
6136	6137
6138	6153
6155	6157
6180	6181
6192	6193
6202	6207
6213	6217
6218	6219
6220	6221
6222	6229
6234	6235
6239	6241
6252	6253
6256	6258
6259	6260
6261	6263
6264	6265
6275	6284
6287	6291
6294	6299
6301	6302
6304	6308
6310	6315
6317	6324
6328	6330
6336	6337
6348	6350
6356	6357
6358	6359
6360	6361
6389	6394
6399	6404
6407	6408
6412	6414
6418	6421
6427	6429
6434	6436
6449	6451
6472	6476
6480	6481
6486	6487
6489	6494
6497	6498
6500	6509
6514	6515
6516	6517
6528	6529
6540	6542
6544	6548
6557	6559
6563	6565
6570	6577
6588	6589
6590	6602
6605	6608
6613	6620
6627	6632
6633	6634
6639	6641
6646	6655
6659	6661
6676	6685
6686	6693
6698	6710
6713	6715
6720	6726
6729	6730
6732	6736
6738	6743
6753	6757
6761	6762
6764	6767
6777	6786
6787	6798
6799	6800
6801	6802
6803	6811
6812	6817
6819	6821
6822	6843
6858	6860
6862	6863
6865	6866
6870	6871
6900	6902
6913	6922
6923	6932
6938	6940
6950	6955
6958	6963
6964	6974
6976	6979
6983	6999
7002	7006
7008	7009
7013	7014
7031	7033
7035	7040
7044	7045
7047	7048
7050	7061
7064	7069
7077	7082
7084	7093
7095	7113
7116	7129
7132	7134
7136	7137
7141	7148
7158	7159
7164	7165
7170	7173
7176	7177
7184	7191
7193	7196
7201	7206
7210	7215
7217	7229
7231	7239
7241	7243
7248	7253
7256	7277
7283	7287
7292	7295
7298	7299
7305	7309
7312	7316
7318	7321
7348	7349
7351	7357
7361	7379
7440	7441
7512	7513
7515	7517
7536	7537
7539	7540
7542	7550
7560	7562
7565	7573
7578	7579
7588	7591
7595	7598
7613	7627
7632	7640
7641	7642
7644	7645
7650	7662
7692	7693
7734	7736
7737	7739
7740	7745
7749	7751
7752	7760
7762	7764
7766	7796
7798	7800
7803	7805
7806	7809
7812	7813
7817	7825
7826	7828
7830	7835
7836	7839
7840	7855
7858	7870
7872	7878
7884	7885
7890	7891
7894	7895
7896	7897
7907	7908
7913	7915
7932	7937
7943	7947
7953	7963
7965	7967
7968	7969
7970	7982
7984	7999
8001	8005
8007	8009
8010	8014
8016	8021
8025	8026
8027	8035
8038	8047
8051	8063
8064	8075
8077	8080
8083	8086
8088	8089
8095	8097
8100	8101
8112	8114
8117	8119
8126	8133
8134	8135
8136	8141
8146	8147
8150	8151
8154	8157
8159	8162
8164	8165
8172	8175
8177	8180
8196	8197
8220	8226
8231	8233
8234	8260
8261	8262
8263	8270
8277	8281
8304	8305
8325	8326
8335	8343
8347	8360
8362	8365
8366	8368
8376	8378
8384	8386
8389	8390
8393	8394
8399	8418
8424	8425
8427	8430
8433	8434
8436	8438
8446	8447
8500	8501
8520	8521
8523	8526
8538	8539
8541	8542
8543	8545
8549	8552
8556	8557
8561	8563
8564	8566
8572	8586
8592	8594
8597	8599
8604	8605
8635	8643
8647	8649
8652	8653
8659	8661
8664	8665
8667	8681
8684	8687
8689	8691
8710	8717
8719	8725
8726	8752
8754	8763
8772	8773
8817	8831
8834	8839
8842	8847
8849	8851
8864	8868
8869	8870
8871	8884
8885	8886
8892	8893
8896	8901
8904	8905
8906	8908
8915	8924
8925	8931
8932	8938
8940	8946
8947	8948
8949	8953
8954	8958
8968	8977
8979	8990
9000	9009
9011	9020
9032	9035
9036	9037
9038	9053
9054	9056
9059	9060
9066	9073
9077	9084
9085	9100
9101	9107
9108	9113
9123	9136
9138	9141
9142	9158
9161	9162
9164	9176
9178	9185
9190	9191
9193	9200
9204	9209
9211	9219
9222	9231
9232	9237
9241	9244
9247	9253
9262	9277
9280	9281
9285	9289
9291	9307
9310	9314
9316	9325
9330	9337
9339	9346
9348	9367
9369	9372
9373	9375
9378	9382
9386	9393
9396	9397
9408	9409
9420	9421
9423	9446
9450	9452
9454	9459
9462	9471
9473	9477
9478	9479
9482	9483
9484	9485
9486	9497
9500	9502
9503	9506
9512	9522
9524	9526
9528	9532
9540	9551
9553	9558
9560	9566
9572	9579
9581	9585
9587	9592
9595	9602
9605	9611
9618	9626
9628	9638
9642	9645
9647	9648
9650	9652
9655	9657
9660	9666
9668	9669
9670	9676
9678	9682
9684	9694
9700	9702
9708	9709
9712	9714
9716	9722
9726	9728
9731	9734
9744	9749
9755	9760
9762	9763
9765	9766
9774	9776
9780	9782
9783	9785
9787	9793
9796	9801
9806	9809
9813	9814
9824	9825
9828	9830
9835	9837
9838	9843
9847	9848
9852	9853
9859	9861
9864	9865
9871	9889
9893	9894
9897	9932
9935	9943
9947	9951
9952	9956
9960	9962
9984	9985
9986	9994
9997	10001
10004	10006
10008	10013
10015	10016
10018	10027
10030	10031
10032	10033
10037	10046
10049	10052
10056	10058
10061	10062
10065	10087
10092	10103
10110	10111
10114	10118
10119	10120
10125	10131
10134	10138
10140	10142
10144	10149
10152	10153
10167	10190
10194	10197
10212	10213
10217	10237
10239	10240
10241	10243
10248	10249
10260	10265
10269	10276
10279	10280
10281	10287
10289	10291
10294	10297
10300	10306
10313	10315
10322	10357
10364	10371
10382	10383
10387	10388
10389	10391
10393	10394
10397	10405
10407	10416
10420	10421
10423	10425
10428	10429
10440	10444
10452	10453
10460	10469
10476	10479
10480	10492
10502	10506
10507	10520
10521	10531
10543	10544
10545	10549
10554	10564
10567	10574
10577	10588
10596	10597
10602	10603
10605	10610
10613	10624
10625	10626
10632	10635
10637	10639
10642	10645
10650	10657
10658	10669
10670	10676
10680	10681
10683	10688
10689	10690
10692	10701
10704	10705
10712	10713
10714	10717
10728	10731
10737	10745
10748	10758
10761	10763
10764	10765
10766	10767
10769	10783
10788	10793
10796	10797
10803	10806
10808	10809
10812	10825
10827	10835
10840	10844
10846	10849
10852	10853
10854	10855
10858	10859
10862	10874
10876	10878
10879	10880
10891	10893
10908	10911
10913	10915
10919	10922
10924	10926
10931	10934
10937	10955
10956	10959
10964	10965
10967	10969
10970	10974
10976	10982
10984	10992
10994	10995
11028	11044
11050	11058
11062	11067
11068	11069
11074	11075
11076	11077
11079	11086
11099	11113
11115	11119
11123	11133
11136	11137
11140	11209
11210	11218
11220	11228
11230	11247
11249	11257
11260	11273
11275	11284
11286	11289
11291	11295
11297	11299
11304	11305
11315	11318
11321	11326
11328	11342
11343	11350
11353	11356
11358	11359
11362	11380
11382	11384
11385	11393
11398	11407
11409	11415
11420	11422
11426	11429
11431	11432
11435	11438
11440	11447
11452	11457
11459	11464
11467	11476
11489	11490
11499	11504
11506	11507
11520	11522
11528	11533
11535	11536
11541	11543
11573	11576
11578	11581
11582	11595
11597	11598
11604	11605
11611	11612
11614	11620
11625	11627
11628	11633
11635	11644
11648	11650
11656	11657
11659	11660
11661	11662
11664	11666
11667	11668
11670	11681
11686	11691
11694	11726
11728	11729
11730	11732
11736	11738
11740	11743
11748	11750
11755	11757
11759	11762
11772	11774
11776	11778
11780	11782
11796	11797
11800	11801
11805	11806
11809	11823
11824	11826
11829	11830
11832	11833
11837	11839
11851	11857
11861	11872
11880	11887
11891	11896
11900	11902
11922	11927
11928	11933
11936	11945
11947	11948
11949	11950
11951	11962
11964	11965
11967	11970
11976	11977
11984	11998
11999	12001
12002	12004
12005	12008
12010	12011
12012	12022
12024	12038
12039	12049
12053	12055
12058	12071
12073	12076
12096	12097
12105	12115
12121	12126
12127	12131
12132	12137
12142	12145
12155	12157
12159	12163
12164	12166
12168	12172
12178	12184
12186	12196
12197	12198
12201	12202
12204	12206
12210	12211
12214	12218
12221	12230
12240	12253
12254	12260
12262	12269
12275	12278
12280	12283
12284	12285
12289	12291
12293	12294
12300	12301
12305	12313
12319	12321
12324	12325
12336	12343
12348	12349
12353	12354
12355	12356
12359	12369
12372	12373
12375	12376
12379	12380
12382	12398
12405	12413
12422	12434
12437	12440
12442	12443
12444	12453
12456	12457
12468	12469
12478	12479
12481	12493
12498	12501
12502	12512
12514	12517
12522	12523
12531	12534
12538	12542
12544	12545
12550	12554
12560	12563
12565	12577
12580	12583
12589	12591
12592	12595
12598	12602
12607	12608
12612	12618
12621	12624
12626	12627
12631	12637
12639	12642
12643	12645
12649	12654
12660	12662
12668	12670
12672	12674
12688	12690
12697	12700
12701	12707
12708	12710
12712	12717
12720	12722
12723	12734
12745	12756
12759	12766
12769	12770
12778	12781
12784	12785
12789	12790
12792	12793
12796	12797
12816	12817
12824	12834
12837	12844
12851	12853
12864	12865
12866	12878
12885	12891
12898	12899
12903	12907
12911	12917
12920	12925
12927	12929
12931	12932
12933	12939
12941	12943
12945	12946
12960	12962
