544
544
544
544
544
544
544
544
561
544
547
544
547
547
547
547
547
547
547
547
547
547
547
547
547
547
547
547
547
547
547
547
549
563
586
618
653
687
730
774
818
867
925
972
1003
1006
1005
1006
1002
1007
1007
1006
1006
1008
1007
1039
1054
1081
1108
1104
1110
1110
1110
1126
1143
1153
1177
1213
1241
1268
1268
1266
1271
1275
1271
1272
1271
1271
1271
1271
1271
1272
1271
1272
1267
1267
1267
1283
1327
1373
1409
1467
1501
1537
1572
1598
1631
1650
1680
1719
1745
1771
1774
1773
1774
1774
1777
1779
1811
1815
1827
1821
1821
1821
1821
1823
1823
1876
1893
1895
1909
1944
1944
1940
1941
1942
1942
1942
1942
1942
1942
1942
1943
1943
1943
1943
1943
1943
1943
1943
1943
1943
1943
1943
1944
1944
1944
1948
1944
1944
1944
1944
1944
1944
1944
1944
1941
1941
1941
1941
1941
1941
1941
1941
1941
1941
1941
1941
1941
1941
1950
1961
1976
1993
2011
2032
2057
2080
2114
2131
2162
2201
2251
2297
2340
2376
2401
2430
2446
2473
2498
2506
2543
2573
2604
2629
2652
2676
2704
2723
2759
2793
2825
2855
2884
2911
2939
2994
3033
3076
3105
3162
3204
3256
3292
3326
3377
3415
3435
3480
3512
3542
3584
3619
3656
3688
3728
3773
3801
3829
3852
3876
3893
3914
3950
3977
4000
4006
4029
4045
4064
4081
4097
4103
4105
4106
4106
4106
4106
4106
4109
4106
4112
4113
4115
4113
4110
4114
4114
4114
4110
4110
4110
4112
4113
4112
4113
4113
4110
4112
4112
4113
4113
4118
4158
4165
4192
4203
4205
4212
4211
4210
4207
4207
4207
4210
4210
4212
4215
4214
4247
4260
4260
4260
4274
4286
4281
4280
4286
4281
4281
4283
4284
4283
4285
4315
4338
4352
4376
4360
4369
4366
4364
4363
4363
4362
4363
4362
4365
4362
4421
4438
4451
4457
4452
4450
4450
4450
4450
4452
4452
4452
4451
4453
4461
4508
4524
4529
4532
4544
4525
4530
4527
4526
4527
4533
4536
4534
4530
4531
4588
4592
4593
4589
4602
4610
4607
4596
4596
4594
4603
4606
4609
4609
4652
4680
4680
4709
4703
4709
4709
4708
4707
4707
4707
4707
4707
4707
4704
4718
4700
4705
4704
4705
4707
4706
4706
4707
4704
4751
4772
4776
4781
4807
4807
4804
4808
4808
4808
4808
4808
4808
4808
4808
4808
4808
4808
4808
4809
4809
4809
4809
4821
4823
4828
4833
4852
4879
4899
4951
4975
4981
4981
4969
4976
4981
4983
4981
4981
4980
4978
4981
4981
4981
4981
4981
4981
4981
4981
4981
4981
4981
4981
4981
4978
4978
4978
4978
4978
4978
4978
4978
4978
4978
4978
4978
4978
4978
4978
4978
4978
4978
4978
4978
4978
4978
4978
4978
4988
4979
4979
4979
4979
4979
4979
4979
4979
4979
4979
4979
4980
4980
4980
4980
4980
4980
4980
4980
4980
4980
4980
4980
4991
4980
4980
4980
4980
4980
4980
4980
4981
4980
4980
4980
4989
4989
4989
4989
4989
4989
4989
4989
4989
4989
5007
5081
5091
5096
5096
5101
5133
5160
5167
5167
5167
5163
5211
5235
5239
5240
5240
5243
5240
5272
5314
5337
5333
5354
5376
5377
5368
5411
5411
5415
5420
5470
5476
5477
5491
5514
5532
5561
5607
5637
5693
5694
5694
5701
5748
5784
5774
5777
5784
5793
5790
5800
5800
5800
5800
5800
5800
5800
5800
5800
5804
5800
5798
5798
5798
5798
5798
5798
5798
5798
5801
5798
5798
5798
5797
5797
5797
5797
5797
5797
5797
5797
5797
5797
5797
5797
5796
5796
5796
5796
5796
5798
5796
5796
5796
5796
5796
5796
5795
5795
5795
5795
5795
5795
5795
5795
5795
5795
5795
5795
5796
5795
5795
5796
5795
5795
5795
5797
5795
5795
5795
5795
5795
5795
5795
5795
5795
5795
5794
5789
5794
5795
5795
5795
5793
5793
5793
5793
5797
5793
5807
5867
5876
5883
5886
5925
5953
5992
5998
5997
6001
6001
6000
5992
5995
6001
6001
6001
6000
6000
6040
6085
6084
6084
6103
6109
6115
6135
6135
6137
6185
6183
6186
6194
6215
6228
6239
6295
6345
6361
6362
6361
6390
6460
6464
6465
6466
6466
6466
6466
6466
6467
6467
6467
6498
6515
6510
6518
6517
6516
6518
6533
6540
6540
6561
6569
6583
6583
6583
6583
6582
6583
6583
6583
6580
6578
6578
6583
6582
6582
6582
6585
6582
6582
6582
6582
6582
6582
6582
6582
6581
6581
6581
6581
6581
6581
6581
6581
6581
6581
6581
6578
6585
6588
6586
6587
6587
6587
6589
6587
6586
6586
6586
6582
6587
6587
6585
6587
6587
6582
6583
6591
6588
6588
6590
6587
6584
6583
6581
6582
6582
6588
6582
6582
6586
6582
6582
6582
6585
6586
6595
6614
6686
6700
6700
6702
6716
6720
6727
6727
6728
6728
6751
6778
6782
6790
6802
6802
6815
6815
6815
6815
6812
6833
6856
6855
6858
6867
6903
6907
6913
6906
6905
6905
6905
6962
6961
6961
6963
6981
7013
7015
7015
7015
7014
7019
7060
7058
7058
7062
7081
7108
7109
7112
7112
7112
7112
7112
7117
7140
7197
7205
7208
7240
7272
7269
7273
7269
7273
7273
7276
7275
7277
7276
7276
7276
7276
7277
7287
7312
7322
7320
7318
7324
7337
7361
7362
7372
7374
7374
7374
7373
7374
7374
7368
7370
7366
7367
7370
7372
7372
7372
7372
7370
7368
7369
7371
7371
7371
7371
7371
7371
7378
7418
7473
7476
7484
7482
7481
7523
7545
7546
7544
7543
7547
7546
7545
7543
7571
7590
7599
7599
7602
7618
7634
7634
7634
7634
7634
7634
7634
7665
7690
7690
7692
7705
7739
7731
7734
7741
7741
7740
7740
7740
7739
7739
7741
7797
7805
7802
7816
7833
7847
7855
7857
7857
7859
7859
7859
7866
7913
7924
7925
7953
7971
7995
7992
7995
8004
8004
8004
8004
8004
8004
8004
8004
8004
8004
8004
8044
8051
8058
8057
8065
8083
8094
8117
8127
8127
8130
8128
8128
8191
8192
8192
8202
8229
8234
8241
8236
8235
8235
8235
8235
8241
8284
8290
8291
8301
8309
8329
8330
8330
8330
8330
8330
8355
8382
8392
8392
8419
8435
8462
8452
8460
8460
8460
8460
8457
8465
8528
8526
8525
8535
8570
8570
8577
8577
8576
8574
8575
8571
8565
8566
8567
8573
8574
8567
8566
8573
8570
8573
8571
8571
8571
8571
8571
8569
8575
8571
8571
8571
8571
8571
8572
8572
8572
8572
8572
8572
8572
8572
8572
8572
8572
8572
8578
8577
8577
8577
8577
8577
8577
8577
8577
8577
8577
8578
8580
8581
8581
8581
8581
8581
8581
8581
8581
8581
8581
8581
8581
8581
8581
8581
8581
8581
8581
8581
8581
8581
8581
8581
8591
8583
8581
8581
8581
8581
8581
8581
8581
8581
8581
8581
8581
8581
8590
8592
8605
8613
8629
8731
8732
8791
8828
8864
8880
8861
8866
8858
8862
8860
8860
8864
8863
8862
8859
8862
8861
8861
8861
8860
8874
8892
8910
8936
8944
8963
8977
9011
9038
9034
9037
9037
9037
9037
9036
9038
9035
9035
9035
9035
9036
9036
9036
9036
9036
9036
9036
9040
9036
9036
9033
9041
9045
9035
9035
9036
9033
9036
9036
9036
9036
9036
9036
9036
9037
9037
9049
9054
9055
9073
9114
9138
9170
9176
9176
9179
9178
9178
9178
9177
9177
9171
9176
9175
9175
9175
9168
9175
9172
9172
9172
9172
9172
9172
9172
9172
9172
9172
9172
9172
9174
9174
9174
9174
9174
9174
9174
9174
9174
9174
9174
9174
9174
9174
9176
9176
9176
9176
9180
9177
9250
9263
9261
9267
9277
9312
9344
9342
9343
9343
9368
9387
9413
9417
9422
9422
9428
9427
9441
9444
9445
9445
9445
9445
9456
9482
9509
9541
9572
9570
9572
9568
9585
9604
9613
9652
9641
9651
9652
9651
9680
9689
9689
9693
9693
9706
9699
9693
9693
9693
9693
9696
9694
9687
9687
9692
9696
9692
9688
9695
9695
9695
9695
9695
9697
9697
9697
9697
9697
9697
9697
9697
9697
9697
9697
9697
9695
9695
9695
9695
9695
9695
9695
9695
9695
9695
9695
9695
9697
9695
9703
9701
9698
9698
9696
9697
9697
9697
9697
9697
9693
9685
9692
9695
9696
9696
9696
9696
9696
9697
9697
9697
9696
9699
9696
9696
9696
9707
9719
9787
9814
9872
9878
9878
9877
9903
9930
9958
9966
9965
9969
9986
10025
10047
10046
10049
10053
10082
10082
10094
10112
10112
10111
10110
10116
10148
10167
10203
10230
10230
10231
10239
10273
10303
10308
10313
10359
10359
10365
10365
10363
10363
10363
10379
10427
10434
10442
10438
10440
10460
10470
10500
10503
10506
10503
10503
10503
10505
10542
10544
10545
10569
10569
10568
10571
10587
10608
10650
10698
10698
10695
10701
10736
10756
10765
10844
10883
10929
10933
10932
10932
10932
10934
10934
10934
10934
10934
10935
10933
10933
10945
10964
10993
10997
11000
10997
10997
11001
11012
11012
11013
11013
11013
11013
11011
11015
11014
11014
11014
11032
11033
11035
11039
11039
11039
11039
11039
11039
11039
11039
11039
11039
11039
11046
11037
11037
11037
11037
11037
11037
11041
11037
11037
11037
11037
11037
11026
11031
11032
11032
11032
11032
11032
11032
11026
11026
11027
11042
11042
11043
11030
11028
11022
11040
11042
11038
11022
11029
11029
11029
11028
11028
11024
11021
11021
11020
11020
11017
11017
11037
11040
11039
11044
11044
11048
11048
11043
11025
11034
11034
11034
11034
11034
11034
11036
11036
11036
11031
11031
11033
11036
11036
11036
11036
11036
11025
11036
11040
11036
11036
11036
11039
11036
11036
11036
11036
11039
11036
11035
11035
11035
11035
11035
11035
11035
11035
11035
11035
11035
11035
11033
11033
11032
11035
11034
11121
11212
11212
11212
11215
11237
11260
11300
11331
11329
11331
11356
11371
11398
11393
11397
11398
11417
11432
11449
11456
11456
11456
11456
11456
11470
11468
11471
11487
11487
11487
11487
11497
11522
11565
11571
11571
11588
11613
11607
11622
11629
11633
11633
11677
11683
11683
11687
11707
11741
11760
11767
11773
11770
11811
11825
11828
11835
11855
11859
11855
11872
11896
11928
11948
11952
11956
11958
11965
12006
12010
12015
12024
12026
12026
12026
12026
12030
12052
12058
12062
12062
12084
12097
12111
12111
12110
12128
12129
12134
12143
12146
12146
12146
12157
12193
12249
12248
12250
12270
12282
12293
12371
12372
12417
12426
12411
12417
12432
12446
12448
12454
12474
12515
12529
12541
12543
12549
12591
12593
12593
12622
12622
12622
12625
12645
12674
12696
12721
12723
12724
12763
12781
12803
12788
12802
12804
12804
12811
12844
12879
12879
12880
12881
12883
12883
12883
12883
12883
12886
12882
12883
12884
12884
12885
12885
12882
12883
12894
12894
12927
12929
12927
12932
12937
12932
12933
12984
13028
13024
13041
13023
13023
13024
13047
13032
13023
13022
13022
13029
13022
13021
13026
13027
13024
13024
13043
13024
13021
13022
13023
13020
13024
13021
13021
13022
13021
13023
13022
13023
13025
13025
13025
13021
13020
13019
13017
13019
13020
13020
13023
13029
13026
13030
13029
13030
13031
13031
13026
13025
13018
13038
13037
13017
13023
13019
13015
13014
13035
13035
13028
13020
13034
13037
13039
13034
13023
13024
13020
13020
13023
13019
13021
13021
13039
13042
13024
13027
13031
13019
13020
13032
13031
13019
13021
13017
13021
13021
13018
13025
13024
13033
13034
13025
13019
13022
13022
13025
13024
13018
13024
13015
13016
13021
13019
13023
13018
13022
13023
13023
13017
13014
13018
13025
13027
13019
13021
13019
13019
13026
13024
13031
13025
13027
13025
13020
13031
13014
13022
13021
13023
13021
13023
13020
13016
13033
13036
13034
13036
13018
13025
13020
13023
13020
13021
13020
13020
13019
13024
13027
13027
13027
13027
13027
13027
13027
13031
13022
13022
13024
13027
13026
13024
13027
13024
13025
13029
13027
13025
13022
13024
13027
13027
13029
13029
13029
13029
13029
13029
13029
13029
13027
13029
13029
13029
13029
13029
13017
13028
13028
13024
13025
13028
13029
13026
13032
13031
13023
13048
13034
13035
13035
13035
13035
13035
13035
13042
13028
13048
13029
13029
13029
13029
13029
13029
13029
13029
13029
13029
13029
13029
13030
13030
13023
13023
13028
13029
13029
13033
13044
13026
13030
13030
13022
13021
13020
13022
13024
13024
13025
13036
13065
13086
13118
13144
13184
13204
13251
13283
13311
13335
13361
13421
13447
13486
13539
13561
13589
13630
13621
13621
13621
13621
13621
13621
13621
13621
13621
13621
13622
13622
13622
13619
13619
13616
13619
13622
13624
13623
13626
13626
13623
13623
13624
13624
13624
13625
13625
13625
13625
13625
13625
13625
13624
13624
13624
13624
13624
13624
13624
13624
13624
13624
13624
13624
13623
13623
13623
13623
13623
13623
13623
13622
13622
13622
13622
13622
13624
13624
13624
13624
13624
13624
13624
13624
13624
13624
13624
13624
13620
13619
13620
13620
13620
13620
13628
13634
13646
13664
13703
13703
13793
13793
13849
13852
13852
13852
13851
13851
13851
13863
13868
13884
13936
13970
13970
13978
13972
13972
13971
13966
13968
13972
13972
13972
13968
13968
13968
13971
13971
13971
13971
13971
13971
13971
13971
13971
13973
13969
13850
13850
13850
13850
13853
13617
13617
13617
13617
13617
13617
13617
13623
13617
13617
13620
13617
13617
13617
13617
13617
13617
13615
13615
13615
13615
13617
13618
13631
13637
13652
13704
13800
13855
13890
13906
13909
13909
13909
13909
13909
13908
13919
13919
13953
13952
14039
14042
14039
14036
14029
14030
14032
14033
14033
14035
14035
14035
14042
14061
14094
14122
14165
14207
14251
14321
14307
14306
14323
14307
14308
14308
14308
14326
14308
14308
14307
14302
14302
14302
14326
14307
14306
14301
14305
14305
14305
14302
14304
14302
14319
14300
14305
14305
14304
14300
14304
14315
14303
14300
14299
14303
14303
14306
14308
14294
14302
14295
14293
14291
14291
14293
14298
14299
14304
14310
14299
14301
14300
14304
14299
14305
14304
14304
14301
14301
14309
14302
14301
14301
14304
14304
14304
14304
14304
14304
14304
14304
14304
14304
14304
14304
14302
14302
14302
14302
14302
14302
14302
14302
14302
14302
14302
14302
14302
14319
14302
14309
14302
14301
14299
14301
14301
14295
14295
14297
14304
14312
14301
14305
14305
14302
14305
14299
14303
14304
14305
14304
14305
14319
14321
14304
14303
14317
14304
14301
14295
14295
14321
14309
14304
14304
14304
14304
14304
14304
14304
14297
14304
14313
14295
14301
14304
14307
14307
14316
14308
14307
14307
14307
14321
14306
14306
14306
14305
14304
14304
14304
14304
14304
14304
14304
14304
14304
14304
14304
14304
14307
14299
14309
14300
14302
14300
14303
14303
14303
14303
14303
14312
14303
14303
14303
14303
14303
14303
14303
14303
14303
14300
14297
14293
14302
14321
14302
14302
14302
14302
14302
14302
14302
14302
14302
14301
14301
14301
14301
14301
14301
14301
14301
14301
14301
14301
14301
14302
14302
14302
14302
14302
14302
14302
14302
14302
14302
14302
14302
14301
14301
14301
14301
14301
14302
14301
14301
14301
14301
14304
14304
14369
14433
14434
14431
14433
14446
14468
14518
14522
14522
14522
14557
14641
14648
14648
14655
14683
14685
14682
14709
14720
14720
14721
14748
14776
14778
14777
14806
14831
14852
14872
14929
14977
14996
14996
14996
15034
15139
15164
15153
15153
15153
15151
15147
15151
15151
15151
15140
15150
15150
15149
15146
15151
15155
15153
15148
15145
15147
15152
15151
15165
15163
15156
15164
15162
15163
15165
15165
15165
15165
15165
15159
15160
15158
15158
15163
15159
15163
15163
15163
15162
15162
15170
15200
15229
15269
15326
15331
15329
15327
15345
15379
15386
15387
15381
15403
15430
15432
15432
15432
15432
15432
15432
15432
15432
15432
15432
15432
15434
15434
15434
15434
15434
15434
15434
15434
15434
15434
15434
15434
15437
15437
15437
15437
15437
15437
15437
15437
15437
15437
15437
15437
15441
15441
15441
15441
15441
15444
15448
15435
15433
15440
15437
15432
15446
15450
15443
15441
15445
15448
15451
15450
15449
15449
15447
15447
15451
15451
15445
15447
15431
15446
15446
15435
15436
15437
15446
15431
15427
15441
15444
15442
15432
15424
15420
15425
15428
15423
15420
15421
15428
15435
15430
15430
15422
15435
15434
15434
15434
15434
15434
15434
15432
15432
15430
15425
15431
15426
15425
15424
15425
15426
15424
15424
15424
15424
15428
15431
15431
15431
15425
15429
15424
15425
15427
15425
15429
15428
15448
15438
15436
15442
15426
15424
15430
15429
15430
15420
15423
15431
15430
15431
15429
15428
15431
15431
15428
15428
15431
15431
15432
15432
15432
15432
15432
15432
15432
15432
15432
15432
15432
15432
15434
15434
15434
15434
15434
15434
15434
15434
15434
15434
15434
15434
15425
15428
15430
15429
15442
15437
15433
15433
15427
15448
15424
15418
15443
15445
15449
15433
15429
15432
15425
15433
15432
15429
15432
15432
15431
15426
15429
15423
15428
15444
15432
15432
15432
15433
15433
15433
15436
15435
15429
15435
15435
15431
15431
15432
15431
15438
15438
15431
15428
15429
15429
15431
15423
15433
15433
15420
15421
15424
15433
15430
15427
15430
15424
15427
15430
15430
15431
15431
15431
15431
15434
15431
15433
15433
15433
15433
15433
15433
15433
15433
15438
15434
15434
15434
15433
15432
15436
15432
15432
15432
15432
15433
15433
15432
15432
15432
15426
15429
15430
15431
15431
15429
15429
15429
15428
15429
15429
15430
15432
15432
15432
15432
15432
15432
15432
15432
15432
15432
15429
15424
15419
15423
15436
15437
15435
15421
15416
15418
15432
15415
15423
15423
15419
15422
15422
15424
15422
15422
15426
15426
15426
15423
15424
15429
15428
15428
15428
15429
15429
15425
15429
15429
15422
15422
15429
15429
15431
15431
15431
15431
15431
15431
15425
15425
15426
15422
15428
15428
15425
15425
15425
15425
15420
15423
15424
15426
15426
15420
15422
15418
15422
15420
15423
15423
15427
15427
15427
15427
15427
15427
15427
15425
15425
15425
15426
15426
15426
15426
15427
15427
15427
15427
15427
15427
15423
15423
15423
15423
15423
15423
15418
15414
15423
15423
15425
15439
15424
15424
15424
15424
15424
15424
15424
15424
15424
15424
15424
15424
15423
15423
15423
15423
15423
15423
15423
15423
15423
15423
15423
15423
15421
15421
15421
15421
15421
15421
15421
15421
15421
15421
15421
15421
15421
15421
15421
15421
15421
15421
15407
15419
15415
15418
15415
15417
15420
15419
15419
15418
15421
15421
15422
15422
15421
15422
15422
15423
15418
15418
15418
15418
15419
15420
15425
15429
15431
15432
15437
15445
15462
15466
15465
15490
15473
15475
15492
15500
15489
15487
15487
15487
15481
15480
15480
15497
15494
15505
15523
15537
15547
15575
15579
15579
15590
15587
15604
15596
15613
15619
15621
15619
15619
15619
15619
15616
15621
15621
15617
15618
15617
15635
15656
15678
15698
15700
15725
15733
15740
15739
15740
15740
15740
15741
15733
15740
15735
15740
15740
15741
15744
15743
15744
15749
15743
15744
15744
15744
15744
15740
15733
15736
15756
15751
15752
15755
15757
15773
15773
15767
15771
15784
15780
15773
15776
15775
15775
15769
15771
15770
15771
15785
15785
15800
15800
15823
15827
15843
15853
15855
15868
15879
15894
15908
15919
15924
15931
15943
15941
15941
15959
15955
15963
15963
15963
15963
15966
15963
15963
15963
15967
15967
15975
16018
16013
16014
16014
16014
16013
16013
16016
16016
16014
16013
16029
16033
16052
16059
16080
16091
16095
16098
16099
16112
16114
16117
16124
16128
16124
16124
16123
16123
16123
16123
16123
16123
16121
16121
16121
16121
16121
16121
16121
16121
16115
16119
16120
16133
16114
16118
16114
16137
16137
16141
16142
16136
16137
16116
16122
16122
16124
16118
16128
16128
16115
16115
16111
16116
16116
16115
16113
16114
16120
16128
16123
16125
16110
16113
16113
16113
16113
16113
16112
16102
16112
16113
16111
16127
16128
16132
16128
16130
16131
16124
16121
16107
16106
16106
16110
16111
16108
16104
16118
16113
16104
16107
16107
16095
16104
16098
16100
16105
16108
16108
16108
16108
16108
16108
16106
16109
16109
16110
16109
16106
16112
16112
16109
16112
16108
16113
16129
16114
16121
16117
16115
16117
16116
16116
16120
16120
16120
16120
16115
16119
16120
16118
16117
16113
16118
16122
16122
16122
16122
16122
16122
16122
16120
16126
16127
16140
16173
16205
16206
16252
16286
16310
16323
16296
16320
16348
16335
16335
16335
16338
16363
16396
16395
16396
16442
16427
16437
16440
16488
16471
16470
16482
16548
16562
16545
16548
16542
16544
16545
16565
16567
16565
16545
16539
16566
16542
16540
16553
16556
16537
16549
16558
16557
16558
16554
16557
16555
16550
16550
16528
16528
16530
16564
16547
16559
16546
16546
16546
16546
16545
16545
16545
16547
16547
16551
16551
16551
16551
16551
16551
16554
16551
16552
16552
16552
16552
16553
16553
16553
16553
16553
16553
16553
16553
16553
16553
16553
16553
16555
16555
16555
16555
16555
16555
16555
16555
16555
16558
16554
16553
16555
16554
16554
16549
16566
16564
16545
16546
16547
16550
16547
16551
16546
16549
16560
16542
16545
16544
16542
16547
16539
16554
16558
16541
16551
16547
16560
16554
16542
16544
16568
16542
16547
16549
16560
16555
16555
16555
16552
16552
16553
16571
16549
16573
16570
16564
16561
16540
16541
16542
16547
16550
16549
16548
16548
16548
16546
16547
16546
16545
16550
16550
16549
16552
16549
16550
16547
16549
16549
16549
16549
16548
16548
16547
16548
16548
16548
16548
16548
16550
16548
16548
16548
16548
16546
16546
16546
16546
16546
16573
16585
16604
16602
16628
16661
16693
16710
16711
16712
16712
16712
16724
16727
16781
16790
16793
16793
16793
16790
16809
16834
16864
16868
16866
16874
16906
16913
16912
16914
16914
16935
16935
16936
16942
16943
16943
16939
16975
16983
16979
16979
16982
16979
16979
16979
17004
17091
17076
17077
17076
17072
17069
17069
17069
17067
17067
17067
17067
17067
17067
17067
17067
17067
17067
17067
17066
17070
17068
17070
17070
17068
17069
17069
17069
17069
17069
17069
17069
17070
17070
17070
17070
17070
17070
17070
17070
17070
17070
17070
17070
17073
17073
17073
17073
17073
17073
17073
17073
17073
17073
17073
17073
17072
17072
17072
17072
17072
17060
17072
17070
17077
17079
17068
17068
17070
17071
17071
17071
17072
17070
17078
17064
17066
17066
17088
17070
17077
17075
17075
17077
17076
17076
17076
17073
17088
17089
17067
17084
17094
17117
17128
17140
17159
17163
17165
17165
17146
17147
17150
17149
17152
17152
17152
17152
17152
17152
17152
17152
17152
17152
17152
17152
17151
17151
17151
17149
17151
17149
17149
17161
17163
17163
17160
17158
17157
17161
17165
17164
17168
17185
17197
17224
17234
17238
17250
17265
17238
17236
17238
17241
17262
17261
17265
17271
17259
17259
17268
17269
17302
17284
17304
17320
17323
17323
17320
17328
17324
17321
17326
17320
17327
17330
17348
17357
17361
17368
17387
17394
17405
17421
17411
17411
17424
17458
17464
17472
17467
17475
17467
17467
17469
17468
17466
17468
17465
17463
17468
17469
17469
17469
17467
17465
17467
17465
17462
17463
17469
17469
17472
17473
17476
17473
17474
17470
17469
17472
17471
17472
17474
17472
17472
17471
17472
17472
17471
17471
17468
17470
17470
17481
17480
17483
17478
17476
17472
17474
17475
17474
17475
17475
17475
17475
17473
17473
17473
17473
17473
17473
17473
17473
17473
17473
17473
17473
17472
17472
17472
17472
17472
17472
17472
17472
17472
17472
17471
17471
17475
17477
17477
17478
17482
17492
17491
17487
17493
17486
17473
17471
17488
17491
17473
17472
17472
17473
17473
17473
17473
17481
17471
17471
17477
17477
17476
17474
17474
17486
17487
17486
17486
17471
17473
17471
17476
17468
17477
17476
17476
17476
17474
17474
17477
17473
17466
17466
17468
17471
17471
17471
17473
17473
17471
17472
17472
17464
17465
17469
17470
17474
17475
17475
17467
17474
17473
17469
17474
17470
17463
17476
17461
17462
17482
17485
17486
17486
17482
17494
17507
17517
17529
17546
17541
17551
17556
17560
17562
17561
17565
17580
17570
17577
17578
17585
17595
17598
17604
17600
17603
17605
17597
17612
17654
17650
17667
17688
17716
17739
17768
17785
17771
17773
17778
17776
17784
17792
17791
17789
17816
17822
17831
17838
17832
17839
17830
17829
17816
17819
17818
17820
17814
17816
17816
17815
17815
17813
17812
17815
17816
17805
17814
17814
17817
17818
17812
17810
17822
17821
17819
17812
17807
17815
17815
17817
17818
17818
17812
17835
17811
17811
17816
17816
17819
17816
17815
17815
17818
17818
17818
17818
17818
17818
17818
17818
17818
17818
17818
17818
17825
17825
17825
17825
17825
17825
17825
17825
17825
17825
17825
17825
17822
17822
17822
17822
17831
17818
17819
17818
17827
17838
17821
17820
17829
17826
17827
17830
17830
17830
17830
17830
17830
17830
17830
17830
17828
17828
17828
17828
17828
17828
17828
17828
17835
17826
17828
17828
17833
17833
17833
17833
17833
17833
17833
17833
17833
17833
17833
17833
17828
17828
17828
17828
17828
17828
17828
17828
17828
17828
17828
17828
17838
17855
17855
17852
17877
17879
17879
17879
17879
17879
17879
17879
17881
17881
17881
17881
17881
17881
17881
17881
17886
17888
17892
17898
17914
17938
17974
18016
18056
18093
18131
18149
18148
18147
18147
18146
18154
18155
18162
18159
18158
18143
18147
18147
18149
18149
18163
18163
18150
18151
18153
18137
18126
18141
18150
18135
18139
18139
18131
18134
18133
18134
18134
18134
18134
18134
18134
18134
18134
18134
18134
18134
18139
18139
18139
18139
18151
18172
18194
18212
18241
18247
18255
18279
18287
18287
18287
18284
18286
18289
18287
18287
18287
18287
18293
18336
18359
18379
18361
18368
18380
18396
18437
18447
18438
18438
18438
18435
18441
18444
18444
18444
18444
18444
18444
18444
18444
18444
18444
18444
18443
18443
18443
18443
18443
18443
18438
18438
18441
18439
18441
18440
18442
18446
18441
18441
18441
18459
18533
18552
18551
18557
18566
18590
18657
18645
18645
18645
18645
18679
18772
18793
18793
18792
18825
18846
18847
18847
18868
18897
18899
18898
18898
18945
18961
18961
18954
18960
18971
18960
18969
18970
18970
18970
18970
18965
18970
18968
18970
18969
18962
18959
18974
18951
18957
18956
18953
18952
18952
18955
18955
18953
18955
18958
18959
18960
18976
18974
18976
18972
18973
18976
18980
18979
18965
18965
18965
18965
18963
18966
18970
18970
18968
18966
18971
18977
18976
18975
18976
18964
18967
18980
18968
18952
18964
18980
18963
18985
18985
18991
18993
18991
18981
18987
18997
18972
18995
18984
18982
18979
18968
18975
18950
18954
18977
18972
18972
18974
18970
18968
18977
18981
18972
18969
18972
18972
18969
18968
18967
18962
18974
18969
18958
18962
18958
18962
18962
18961
18963
18954
18963
18963
18961
18957
18963
18963
18972
18967
18967
18967
18969
18967
18967
18967
18967
18967
18967
18967
18974
18982
19017
19016
19085
19085
19139
19161
19200
19208
19211
19209
19234
19249
19254
19250
19250
19250
19250
19250
19277
19319
19342
19338
19338
19364
19368
19367
19373
19397
19408
19406
19406
19406
19435
19474
19470
19470
19470
19468
19470
19484
19467
19466
19471
19468
19472
19472
19473
19476
19472
19463
19473
19466
19468
19481
19487
19483
19483
19473
19490
19480
19480
19480
19492
19487
19491
19489
19486
19492
19485
19487
19485
19484
19485
19483
19486
19486
19485
19484
19467
19475
19471
19473
19473
19473
19473
19473
19470
19468
19475
19476
19470
19476
19479
19476
19477
19476
19476
19477
19477
19477
19477
19477
19477
19477
19477
19477
19474
19504
19580
19637
19641
19641
19640
19640
19640
19641
19671
19716
19744
19804
19817
19814
19816
19841
19876
19876
19872
19967
19967
19967
19969
19967
19963
19975
19974
19982
19986
19977
19970
19970
19990
19969
19965
19965
19965
19965
19965
19965
19965
19965
19965
19965
19965
19965
19964
19964
19964
19964
19964
19964
19964
19964
19964
19964
19964
19964
19964
19964
19961
19965
19965
19965
19965
19965
19965
19965
19965
19965
19971
19971
19971
19971
19971
19971
19976
19987
20001
20061
20116
20170
20237
20289
20376
20425
20475
20520
20550
20590
20627
20646
20659
20662
20679
20717
20735
20730
20732
20734
20735
20732
20723
20724
20731
20729
20731
20734
20734
20734
20730
20732
20739
20747
20753
20797
20821
20821
20822
20847
20851
20856
20840
20850
20851
20850
20855
20856
20859
20856
20856
20856
20856
20856
20849
20852
20855
20853
20851
20851
20851
20861
20857
20861
20864
20861
20860
20857
20853
20858
20841
20852
20847
20843
20851
20854
20851
20869
20853
20854
20861
20861
20862
20862
20862
20862
20861
20861
20861
20861
20861
20868
20869
20876
20883
20909
20934
20981
20989
20989
20990
21005
21011
21011
21011
21011
21011
21010
21016
21011
21007
21007
21004
21008
21008
21003
21003
21016
21015
21019
21014
21019
21018
21015
21019
21020
21019
21018
21017
21022
21021
21023
21025
21018
21009
20999
21020
20998
21013
21008
21000
21011
21012
21008
21008
21011
21009
21009
21009
21009
21009
21005
21004
21006
21006
21009
21008
21008
21007
20996
21006
21019
20995
21011
21002
20999
20998
21017
21017
20998
20999
20996
21010
20999
20998
21000
20996
20994
21000
21000
21000
21000
21008
21008
21008
21007
21007
21007
21007
21007
21007
21007
21140
21145
21143
21143
21143
21143
21143
21143
21143
21143
21143
21143
21143
21143
21143
21143
21143
21143
21143
21143
21143
21143
21143
21143
21143
21143
21005
21005
21005
21005
21005
21005
21005
21005
21005
21005
21005
21014
20998
20983
20992
20990
20994
20998
20995
20995
20995
20995
20994
20994
21006
21007
21007
21007
21007
21007
21007
21008
21031
21033
21044
21057
21055
21056
21056
21056
21056
21056
21059
21055
21058
21055
21053
21058
21050
21051
21049
21052
21052
21052
21052
21052
21053
21029
21027
21030
21029
21030
21030
21030
21030
21001
21001
21001
21001
21001
21001
21001
21008
21008
21008
21008
21008
21008
21008
21008
21008
21062
21093
21095
21094
21128
21128
21128
21127
21127
21127
21127
21127
21127
21127
21140
21143
21152
21158
21190
21233
21272
21335
21356
21386
21421
21442
21454
21453
21453
21453
21454
21460
21453
21453
21453
21453
21452
21455
21455
21451
21445
21444
21452
21465
21462
21451
21450
21463
21462
21460
21449
21451
21450
21451
21451
21451
21451
21451
21451
21451
21450
21450
21450
21465
21452
21454
21451
21450
21450
21447
21447
21449
21449
21449
21452
21456
21457
21456
21454
21453
21452
21453
21456
21456
21452
21442
21458
21458
21458
21460
21460
21454
21454
21460
21459
21463
21457
21457
21457
21458
21458
21458
21458
21458
21498
21533
21531
21530
21533
21551
21579
21586
21590
21589
21587
21588
21590
21590
21591
21590
21590
21590
21590
21593
21594
21598
21611
21636
21641
21657
21666
21678
21675
21685
21685
21682
21687
21734
21731
21722
21732
21733
21733
21733
21726
21733
21733
21736
21737
21737
21737
21737
21737
21739
21737
21737
21737
21737
21737
21736
21737
21738
21738
21738
21738
21738
21738
21738
21738
21738
21738
21733
21734
21734
21734
21734
21734
21734
21734
21734
21734
21734
21734
21736
21737
21737
21737
21737
21737
21730
21736
21745
21739
21739
21739
21746
21747
21747
21747
21747
21747
21747
21747
21750
21852
21854
21869
21867
21872
21887
21926
21974
21989
21980
21976
21980
21980
21980
21980
21980
21981
21981
21979
21979
21976
21984
21985
21980
21980
21980
21980
21987
22010
22077
22110
22106
22107
22121
22146
22142
22145
22153
22186
22197
22200
22200
22200
22248
22258
22257
22271
22255
22254
22254
22264
22253
22252
22252
22246
22252
22255
22253
22252
22247
22247
22246
22251
22249
22246
22255
22243
22253
22256
22253
22249
22253
22252
22252
22251
22246
22266
22259
22261
22248
22244
22244
22246
22251
22251
22246
22256
22252
22242
22242
22236
22250
22243
22248
22252
22251
22251
22247
22244
22239
22249
22243
22243
22242
22248
22245
22244
22250
22247
22250
22250
22255
22250
22247
22249
22244
22244
22242
22241
22243
22238
22245
22251
22243
22239
22259
22253
22254
22254
22252
22261
22261
22250
22250
22249
22239
22251
22239
22243
22243
22243
22243
22242
22239
22239
22237
22240
22248
22249
22249
22249
22249
22257
22310
22336
22357
22387
22453
22515
22508
22515
22512
22513
22513
22514
22531
22552
22567
22589
22591
22591
22591
22609
22652
22670
22669
22681
22703
22705
22702
22739
22736
22736
22744
22779
22812
22818
22820
22820
22820
22820
22820
22820
22820
22866
22935
22928
22936
22936
22936
22938
22942
22976
22994
23067
23081
23084
23077
23086
23119
23152
23164
23164
23164
23244
23244
23249
23252
23249
23245
23246
23246
23246
23246
23246
23246
23244
23247
23247
23247
23247
23248
23249
23249
23249
23249
23249
23247
23247
23247
23247
23297
23310
23329
23329
23329
23330
23329
23337
23392
23426
23451
23502
23551
23605
23651
23718
23759
23792
23833
23867
23895
23925
23936
23964
23975
23983
23987
24025
24050
24052
24052
24052
24052
24052
24052
24049
24050
24048
24053
24054
24052
24051
24052
24052
24053
24053
24053
24053
24053
24056
24048
24049
24049
24049
24049
24046
24046
24047
24047
24064
24069
24083
24110
24181
24181
24181
24200
24244
24253
24255
24255
24248
24254
24252
24271
24275
24282
24279
24290
24271
24271
24264
24282
24283
24270
24273
24272
24266
24248
24252
24259
24254
24254
24256
24255
24256
24257
24266
24276
24284
24320
24326
24332
24330
24352
24379
24392
24379
24385
24388
24383
24395
24394
24396
24397
24393
24390
24397
24391
24396
24392
24378
24384
24375
24392
24393
24391
24396
24397
24398
24397
24398
24377
24392
24392
24397
24370
24370
24376
24376
24389
24395
24391
24395
24395
24380
24389
24388
24381
24387
24395
24380
24381
24381
24378
24393
24387
24397
24393
24388
24374
24367
24379
24393
24387
24375
24372
24375
24375
24377
24379
24379
24382
24384
24384
24394
24374
24391
24393
24396
24390
24377
24382
24380
24378
24381
24381
24381
24381
24382
24381
24383
24382
24382
24381
24380
24379
24372
24378
24378
24378
24374
24372
24370
24371
24374
24386
24386
24386
24386
24380
24375
24376
24377
24383
24379
24378
24381
24368
24368
24391
24391
24391
24392
24397
24388
24391
24393
24394
24366
24387
24368
24375
24371
24373
24375
24372
24392
24369
24373
24379
24374
24376
24379
24380
24380
24370
24371
24371
24373
24379
24376
24374
24373
24353
24351
24350
24352
24346
24348
24349
24348
24345
24345
24340
24346
24348
24351
24350
24342
24343
24349
24347
24350
24350
24350
24347
24350
24347
24347
24347
24347
24346
24346
24346
24346
24346
24346
24346
24346
24348
24348
24348
24348
24348
24348
24348
24348
24348
24354
24348
24345
24343
24343
24343
24342
24333
24341
24341
24336
24342
24347
24338
24343
24350
24350
24349
24340
24349
24351
24351
24361
24353
24353
24350
24351
24351
24351
24351
24351
24351
24351
24351
24351
24351
24351
24351
24351
24347
24348
24346
24346
24351
24349
24362
24360
24363
24362
24345
24343
24368
24392
24408
24419
24417
24424
24430
24433
24423
24427
24433
24433
24443
24444
24477
24493
24495
24520
24532
24599
24580
24584
24577
24595
24579
24582
24584
24600
24635
24620
24650
24675
24686
24706
24712
24712
24726
24726
24726
24737
24765
24797
24839
24852
24859
24873
24870
24873
24858
24853
24855
24847
24855
24903
24934
24954
24995
25078
25082
25109
25126
25123
25134
25138
25135
25115
25123
25121
25119
25121
25122
25122
25127
25130
25133
25138
25175
25182
25212
25224
25222
25223
25229
25227
25234
25234
25234
25234
25234
25234
25234
25234
25234
25234
25234
25234
25247
25260
25247
25247
25247
25247
25239
25242
25243
25241
25246
25234
25237
25240
25232
25237
25240
25240
25236
25238
25239
25238
25238
25238
25254
25244
25244
25244
25244
25246
25243
25243
25243
25243
25243
25243
25245
25245
25246
25245
25245
25245
25245
25248
25245
25245
25245
25245
25279
25284
25281
25315
25314
25308
25313
25313
25313
25313
25313
25313
25296
25296
25296
25296
25296
25298
25298
25318
25327
25353
25430
25568
25632
25634
25635
25634
25634
25634
25634
25641
25660
25713
25746
25783
25784
25814
25814
25808
25808
25813
25812
25812
25812
25834
25876
25875
25877
25886
25913
25981
25982
25962
25973
25973
25973
25970
25970
25970
25973
25975
25973
25973
25969
25962
25968
25969
25973
25972
25967
25974
25972
25972
25972
25972
25972
25972
25972
25972
25972
25972
25972
25972
25970
25970
25970
25970
25970
25970
25970
25970
25970
25970
25970
25970
25970
25970
25970
25970
25970
25970
25970
25970
25970
25970
25970
25970
25970
25970
25970
25970
25970
26035
26071
26083
26081
26096
26122
26158
26172
26176
26176
26231
26284
26297
26297
26307
26338
26335
26353
26378
26387
26385
26399
26436
26440
26440
26440
26440
26448
26449
26492
26503
26558
26575
26604
26609
26615
26656
26658
26658
26658
26679
26726
26729
26735
26775
26783
26788
26808
26819
26817
26824
26857
26892
26902
26902
26901
26901
26901
26901
26901
26914
26973
27021
27027
27031
27031
27031
27025
27025
27025
27025
27025
27025
27017
27025
27025
27025
27025
27025
27034
27034
27034
27034
27034
27034
27034
27034
27034
27031
27034
27039
27030
27030
27029
27030
27030
27019
27022
27022
27028
27028
27028
27029
27025
27026
27029
27029
27029
27029
27058
27058
27075
27075
27077
27077
27076
27076
27076
27076
27076
27076
27076
27091
27170
27179
27189
27189
27228
27264
27292
27301
27301
27304
27304
27304
27344
27415
27421
27422
27434
27470
27464
27470
27494
27509
27512
27514
27555
27559
27567
27572
27599
27638
27639
27716
27768
27794
27790
27790
27804
27815
27867
27891
27893
27893
27895
27960
27994
27991
27996
28035
28041
28047
28072
28073
28077
28089
28161
28166
28169
28171
28169
28167
28172
28170
28175
28253
28338
28334
28333
28330
28330
28350
28350
28336
28336
28336
28336
28336
28340
28340
28340
28357
28340
28340
28340
28340
28340
28340
28340
28340
28338
28338
28338
28338
28338
28338
28338
28338
28338
28338
28338
28338
28335
28337
28328
28334
28336
28336
28339
28336
28334
28336
28336
28336
28339
28339
28339
28336
28336
28327
28334
28329
28346
28332
28341
28340
28336
28336
28336
28451
28524
28533
28532
28531
28548
28530
28530
28523
28529
28529
28529
28529
28529
28529
28529
28599
28707
28708
28708
28708
28708
28708
28708
28707
28723
28723
28802
28866
28895
28902
28905
28901
28911
28928
28953
29008
29006
29004
29088
29082
29084
29084
29084
29086
29084
29084
29084
29084
29084
29084
29084
29084
29084
29084
29084
29084
29083
29083
29083
29083
29083
29083
29083
29083
29083
29083
29080
29078
29088
29088
29088
29088
29088
29088
29088
29088
29088
29088
29088
29088
29089
29089
29089
29089
29089
29089
29087
29086
29086
29082
29086
29087
29083
29085
29081
29081
29083
29083
29083
29079
29078
29081
29082
29086
29083
29083
29087
29087
29089
29089
29090
29091
29090
29083
29082
29087
29088
29088
29088
29087
29085
29085
29088
29088
29085
29084
29084
29088
29089
29089
29089
29089
29089
29089
29089
29089
29089
29089
29089
29089
29103
29103
29103
29096
29097
29104
29104
29105
29105
29107
29105
29105
29108
29108
29108
29108
29108
29108
29108
29108
29108
29108
29108
29109
29105
29108
29105
29108
29109
29100
29103
29105
29105
29106
29104
29105
29111
29099
29104
29104
29104
29100
29103
29098
29101
29099
29095
29095
29095
29101
29101
29097
29099
29094
29093
29094
29094
29089
29093
29100
29101
29098
29096
29096
29093
29094
29097
29104
29101
29098
29097
29101
29101
29095
29095
29094
29096
29100
29100
29099
29099
29099
29099
29099
29102
29102
29102
29102
29102
29102
29102
29102
29102
29102
29102
29102
29103
29102
29102
29102
29102
29102
29100
29099
29100
29100
29101
29101
29103
29103
29103
29103
29103
29103
29103
29103
29103
29103
29103
29103
29101
29101
29101
29101
29101
29101
29101
29101
29101
29101
29101
29101
29100
29100
29099
29098
29094
29100
29101
29094
29093
29101
29101
29101
29101
29101
29098
29101
29100
29098
29097
29096
29096
29095
29095
29098
29098
29098
29097
29095
29102
29106
29106
29105
29099
29098
29103
29104
29105
29105
29105
29105
29105
29105
29105
29108
29105
29105
29105
29105
29104
29104
29107
29104
29104
29104
29104
29104
29104
29104
29104
29104
29104
29104
29104
29104
29104
29107
29104
29104
29104
29104
29104
29104
29104
29104
29104
29104
29104
29104
29104
29104
29104
29104
29104
29104
29104
29104
29104
29104
29108
29104
29107
29104
29104
29104
29104
29104
29107
29107
29107
29107
29105
29098
29106
29106
29099
29104
29102
29105
29096
29105
29105
29103
29100
29101
29101
29100
29102
29101
29095
29094
29079
29086
29085
29079
29086
29086
29086
29086
29086
29083
29087
29087
29092
29092
29092
29092
29092
29092
29092
29092
29092
29092
29092
29092
29093
29093
29093
29093
29093
29093
29093
29093
29093
29093
29093
29087
29099
29100
29100
29098
29099
29095
29096
29099
29099
29099
29099
29099
29098
29097
29097
29097
29097
29102
29097
29097
29097
29097
29097
29098
29096
29096
29096
29096
29096
29096
29107
29124
29122
29158
29159
29158
29156
29156
29156
29156
29156
29156
29156
29156
29156
29156
29156
29156
29158
29158
29162
29168
29179
29181
29218
29257
29360
29437
29458
29459
29468
29469
29469
29469
29468
29469
29465
29469
29469
29469
29469
29469
29469
29482
29483
29531
29564
29621
29641
29655
29655
29655
29655
29655
29655
29655
29655
29680
29705
29702
29706
29735
29735
29774
29774
29774
29773
29773
29772
29774
29770
29770
29773
29773
29768
29766
29772
29767
29779
29763
29765
29763
29767
29769
29767
29767
29767
29767
29767
29770
29771
29771
29771
29771
29771
29771
29771
29771
29771
29771
29771
29771
29771
29771
29771
29771
29772
29778
29784
29802
29826
29867
29907
29915
29910
29910
29942
29972
29967
29983
30028
30031
30032
30032
30031
30031
30027
30026
30029
30026
30030
30025
30022
30019
30017
30025
30027
30022
30023
30028
30028
30024
30022
30028
30023
30023
30027
30027
30022
30022
30030
30023
30026
30022
30029
30026
30026
30022
30020
30028
30028
30024
30033
30035
30031
30037
30037
30037
30038
30036
30040
30034
30040
30040
30040
30040
30040
30040
30040
30040
30038
30038
30038
30236
30281
30038
30044
30044
30044
30044
30041
30045
30045
30042
30045
30042
30044
30044
30042
30041
30041
30041
30041
30041
30041
30041
30041
30099
30125
30119
30126
30135
30162
30208
30233
30223
30223
30248
30307
30318
30315
30327
30343
30345
30349
30376
30375
30377
30377
30413
30413
30417
30417
30428
30443
30452
30478
30512
30526
30545
30544
30544
30547
30565
30587
30607
30612
30612
30612
30628
30668
30668
30680
30697
30693
30703
30719
30721
30722
30734
30780
30771
30778
30779
30784
30858
30869
30872
30873
30871
30874
30877
30874
30874
30874
30874
30874
30874
30874
30874
30874
30874
30869
30869
30869
30869
30869
30869
30878
30899
30899
30896
30908
30908
30905
30908
30908
30908
30908
30908
30909
30909
30909
30909
30909
30909
30908
30908
30908
30908
30908
30908
30908
30908
30908
30908
30908
30908
30908
30908
30908
30908
30908
30908
30908
30908
30908
30908
30908
30903
30907
30906
30906
30906
30906
30906
30906
30906
30906
30906
30906
30906
30905
30937
30986
30984
30996
31015
31057
31120
31118
31120
31120
31153
31188
31187
31195
31223
31225
31223
31272
31294
31294
31294
31294
31294
31290
31290
31298
31290
31290
31290
31290
31290
31290
31290
31290
31290
31289
31289
31295
31296
31334
31337
31338
31338
31338
31338
31352
31369
31387
31407
31408
31408
31542
31541
31537
31542
31547
31542
31543
31542
31548
31545
31545
31545
31546
31554
31572
31572
31571
31571
31571
31584
31629
31630
31629
31645
31664
31659
31656
31676
31692
31686
31684
31700
31736
31737
31739
31739
31739
31737
31767
31829
31827
31831
31831
31831
31840
31840
31840
31839
31836
31842
31842
31842
31842
31842
31842
31842
31839
31839
31839
31839
31839
31839
31839
31839
31839
31839
31839
31852
31832
31832
31832
31837
31840
31836
31829
31830
31830
31830
31830
31828
31832
31832
31832
31833
31833
31827
31828
31826
31828
31832
31835
31830
31832
31831
31830
31827
31829
31829
31829
31829
31830
31827
31828
31831
31835
31835
31835
31835
31835
31835
31835
31834
31831
31835
31834
31832
31830
31834
31834
31825
31834
31825
31826
31832
31822
31825
31829
31826
31832
31832
31831
31833
31831
31833
31825
31831
31826
31833
31832
31833
31825
31838
31824
31827
31832
31822
31828
31830
31834
31834
31834
31834
31859
31935
31937
31935
31937
31936
31931
31934
31923
31932
31935
31931
31934
31934
31935
31935
31970
32010
32010
32002
32010
32010
32010
32010
32010
32011
32016
32014
32002
32013
32019
32013
32013
32013
32013
32013
32012
32012
32012
32012
32012
32012
32013
32013
32013
32013
32013
32013
32015
32015
32015
32014
32014
32001
32016
32019
32016
32016
32016
32016
32019
32019
32019
32019
32019
32019
32019
32019
32021
32023
32051
32056
32060
32063
32073
32073
32073
32079
32069
32073
32073
32073
32073
32073
32067
32075
32077
32074
32067
32073
32073
32073
32072
32066
32072
32069
32068
32073
32071
32071
32068
32069
32064
32067
32068
32066
32065
32072
32069
32070
32067
32065
32073
32073
32066
32071
32070
32064
32065
32068
32069
32070
32076
32076
32076
32079
32076
32076
32076
32076
32074
32070
32078
32079
32073
32063
32072
32072
32072
32056
32066
32072
32066
32070
32080
32075
32074
32062
32055
32047
32059
32058
32056
32061
32056
32054
32062
32058
32064
32061
32067
32067
32068
32068
32068
32064
32059
32066
32067
32070
32067
32067
32067
32067
32053
32053
32063
32062
32063
32063
32060
32060
32061
32061
32061
32060
32060
32060
32060
32063
32060
32061
32056
32056
32060
32047
32052
32066
32065
32060
32060
32060
32061
32060
32066
32066
32066
32066
32066
32066
32066
32066
32066
32066
32066
32066
32065
32065
32065
32065
32065
32065
32065
32065
32065
32065
32065
32065
32065
32065
32065
32013
32014
32014
32001
32002
32020
31981
31980
32014
32030
32030
32030
32028
30829
30834
26350
26346
23844
23839
22242
22239
18968
18419
18415
17390
17394
16566
16567
16249
16250
15991
15992
15992
16000
16000
16000
16000
16000
16000
16000
16000
16000
16000
16000
16000
15994
15994
15994
15994
15994
15994
15994
15994
15994
15994
15994
15994
15994
15994
15994
15994
15994
15994
15994
15994
15994
15994
15994
15994
15994
15994
15994
15994
15994
15994
15994
15994
15994
15994
15994
15994
15994
15994
15994
15994
15994
15994
15994
15994
15994
15994
15994
15994
15995
15995
15995
15995
15995
15995
15995
15995
15995
15995
15995
15995
15995
15995
15995
15995
15995
15995
15995
15995
15995
15995
15995
15995
15995
15995
15995
15995
15995
15995
15995
15995
15995
15995
15995
15995
15995
15995
15995
15995
15995
15995
15995
15995
15995
15995
15995
15995
15995
15995
15995
15995
15995
15995
15995
15995
15995
15995
15995
15995
15981
15981
15981
15981
15981
15981
15981
15981
15981
15981
15981
15981
15984
15984
15984
15991
15984
15984
15984
15984
15984
15984
15984
15984
15983
15983
15983
15983
15983
15983
15983
15983
15983
15983
15983
15983
15984
15984
15984
16024
16024
16024
16025
16051
16061
16063
16083
16079
16078
16062
16062
16062
16062
16062
16062
16062
16062
16062
16062
16062
16063
16061
16061
16061
16061
16062
16061
16060
16056
16063
16069
16063
16061
16061
16061
16061
16061
16058
16060
16060
16060
16060
16060
16060
16059
16059
16059
16054
16061
16060
16061
16061
16061
16061
16061
16065
16085
16132
16132
16132
16132
16132
16132
16132
16132
16132
16132
16132
16132
16132
16132
16132
16132
16142
16148
16153
16163
16168
16191
16247
16288
16364
16458
16527
16559
16558
16562
16562
16562
16562
16562
16562
16569
16595
16624
16644
16689
16706
16711
16708
16708
16724
16724
16722
16729
16729
16729
16729
16729
16729
16790
16802
16804
16807
16817
16825
16832
16852
16865
16866
16876
16877
16877
16877
16877
16877
16877
16877
16873
16873
16873
16873
16873
16873
16873
16873
16873
16873
16873
16873
16872
16872
16872
16872
16872
16872
16872
16872
16872
16872
16872
16872
16874
16874
16874
16874
16874
16874
16874
16874
16874
16874
16874
16874
16874
16874
16874
16874
16874
16874
16874
16874
16874
16874
16874
16874
16873
16873
16873
16873
16873
16873
16873
16873
16873
16873
16873
16873
16872
16872
16872
16872
16872
16872
16900
16965
16965
16967
16965
16965
16970
16986
17012
17029
17033
17033
17033
17033
17033
17040
17036
17036
17059
17128
17168
17163
17164
17163
17164
17165
17165
17165
17168
17165
17165
17165
17169
17177
17215
17225
17227
17229
17256
17261
17265
17266
17308
17304
17308
17310
17319
17336
17358
17374
17405
17455
17481
17502
17509
17508
17509
17519
17555
17599
17606
17611
17611
17611
17612
17611
17611
17611
17605
17608
17606
17606
17611
17614
17611
17611
17611
17611
17613
17613
17613
17611
17611
17613
17649
17744
17838
17851
17855
17847
17862
17862
17867
17862
17862
17862
17865
17861
17853
17862
17863
17863
17870
17869
17872
17872
17882
17897
17916
17929
17959
17972
17997
18001
18003
18004
18003
18020
18027
18036
18035
18035
18035
18035
18057
18098
18102
18099
18105
18126
18129
18125
18134
18132
18154
18157
18157
18157
18172
18216
18217
18218
18224
18218
18218
18218
18218
18218
18216
18216
18217
18217
18217
18217
18217
18217
18218
18218
18218
18213
18216
18216
18220
18220
18220
18220
18220
18220
18220
18220
18220
18219
18219
18222
18222
18221
18221
18221
18219
18225
18221
18221
18221
18221
18221
18221
18161
18161
18161
18161
18139
18139
18139
18139
18110
18110
18110
18045
18046
18037
18038
18008
18006
18006
18009
18008
17864
17861
17861
17864
17866
17869
17872
17872
17872
17872
17872
17872
17872
17903
17926
17932
17945
17984
18004
18026
18028
18029
18035
18035
18034
18052
18054
18054
18071
18071
18077
18091
18111
18132
18146
18150
18152
18155
18167
18183
18211
18214
18214
18214
18228
18248
18276
18275
18273
18290
18294
18297
18293
18309
18317
18316
18319
18335
18380
18380
18364
18372
18368
18367
18372
18372
18367
18369
18370
18370
18375
18372
18369
18372
18372
18365
18379
18377
18381
18382
18381
18381
18381
18377
18377
18379
18379
18404
18425
18438
18443
18477
18476
18521
18536
18536
18535
18535
18538
18535
18544
18545
18551
18560
18561
18568
18581
18581
18581
18581
18581
18616
18614
18626
18654
18690
18718
18731
18729
18730
18754
18758
18760
18760
18764
18789
18820
18832
18829
18835
18852
18850
18857
18869
18878
18878
18872
18915
18924
18930
18930
18930
18928
18941
18932
18933
18933
18933
18940
18940
18940
18940
18940
18940
18940
19038
19078
19078
19078
19078
19079
19079
19079
19079
19079
19079
19079
18941
18941
18941
18941
18941
18943
18941
18941
18941
18941
18944
18941
18941
18941
18941
18941
18941
18937
18937
18941
18949
18974
19013
19085
19134
19136
19136
19144
19144
19189
19195
19186
19259
19258
19258
19259
19259
19259
19259
19260
19260
19256
19246
19255
19255
19255
19251
19254
19253
19252
19252
19248
19251
19252
19256
19256
19252
19253
19253
19253
19253
19253
19253
19253
19253
19261
19256
19261
19261
19258
19260
19259
19261
19261
19261
19261
19261
19257
19257
19257
19257
19257
19257
19257
19257
19257
19257
19257
19257
19258
19258
19258
19258
19258
19258
19258
19258
19258
19258
19258
19258
19258
19258
19258
19258
19258
19258
19258
19258
19258
19258
19258
19258
19263
19258
19260
19256
19260
19259
19259
19261
19261
19258
19258
19259
19255
19255
19266
19279
19289
19288
19303
19367
19402
19431
19473
19512
19567
19636
19681
19742
19797
19830
19879
19891
19943
19989
20011
20021
20042
20054
20056
20061
20061
20067
20067
20072
20082
20111
20106
20096
20083
20095
20095
20100
20099
20099
20097
20097
20094
20101
20099
20091
20122
20122
20122
20122
20122
20122
20122
20122
20122
20122
20122
20122
20120
20120
20120
20120
20120
20120
20120
20120
20120
20120
20120
20120
20122
20122
20122
20122
20122
20122
20122
20122
20122
20122
20122
20122
20122
20122
20122
20122
20122
20122
20122
20122
20122
20131
20131
20131
20131
20131
20130
20130
20130
20124
20120
20122
20117
20124
20129
20124
20115
20119
20117
20117
20120
20114
20112
20115
20117
20125
20118
20117
20119
20117
20118
20117
20118
20119
20118
20119
20119
20118
20119
20120
20122
20122
20126
20124
20124
20123
20123
20121
20120
20118
20118
20118
20120
20122
20122
20120
20120
20120
20119
20116
20117
20116
20116
20117
20117
20119
20119
20118
20118
20119
20119
20118
20118
20118
20117
20118
20117
20119
20123
20120
20122
20120
20119
20124
20116
20110
20113
20107
20114
20108
20116
20120
20118
20116
20116
20118
20115
20114
20114
20109
20118
20118
20112
20113
20119
20123
20123
20123
20121
20122
20122
20122
20123
20125
20125
20125
20125
20125
20125
20125
20125
20124
20125
20125
20121
20121
20121
20121
20121
20121
20121
20121
20121
20121
20121
20121
20119
20119
20119
20119
20119
20119
20119
20119
20119
20119
20119
20119
20119
20119
20119
20119
20119
20119
20119
20119
20119
20119
20119
20119
20119
20119
20119
20119
20119
20119
20119
20119
20119
20119
20119
20119
20119
20119
20119
20119
20122
20122
20122
20122
20122
20122
20122
20122
20115
20115
20115
20115
20115
20115
20115
20115
20115
20115
20115
20115
20120
20120
20120
20126
20124
20120
20120
20120
20120
20120
20120
20120
20120
20120
20120
20120
20120
20120
20137
20137
20136
20154
20154
20159
20160
20160
20160
20160
20160
20163
20162
20160
20160
20160
20160
20160
20161
20161
20161
20161
20161
20205
20206
20206
20207
20206
20206
20206
20206
20206
20206
20206
20211
20214
20219
20225
20236
20244
20283
20333
20389
20450
20506
20548
20579
20586
20586
20586
20586
20586
20586
20586
20587
20586
20586
20585
20583
20585
20583
20583
20584
20584
20584
20584
20586
20586
20586
20586
20586
20586
20586
20586
20586
20586
20586
20586
20586
20586
20586
20586
20586
20586
20586
20586
20586
20586
20586
20586
20586
20586
20586
20586
20586
20586
20586
20610
20636
20665
20717
20728
20740
20744
20745
20745
20742
20742
20739
20742
20745
20745
20744
20744
20746
20746
20746
20746
20746
20746
20746
20749
20746
20746
20746
20746
20750
20750
20750
20779
20826
20822
20831
20822
20825
20833
20845
20867
20907
20903
20893
20904
20902
20902
20904
20904
20910
20905
20904
20904
20907
20909
20906
20906
20906
20906
20906
20906
20906
20906
20906
20906
20906
20906
20906
20906
20906
20906
20906
20906
20906
20906
20912
20928
20947
20981
21028
21059
21061
21061
21061
21064
21075
21117
21144
21147
21150
21150
21202
21220
21227
21230
21234
21228
21227
21220
21221
21218
21226
21229
21230
21225
21224
21225
21222
21221
21227
21218
21217
21215
21227
21222
21225
21220
21220
21218
21223
21224
21226
21227
21223
21228
21210
21227
21211
21211
21211
21211
21211
21211
21211
21211
21211
21211
21217
21217
21217
21217
21217
21217
21217
21217
21217
21217
21217
21217
21217
21217
21217
21217
21217
21217
21217
21217
21217
21217
21217
21217
21217
21217
21217
21217
21217
21217
21217
21217
21217
21217
21217
21217
21217
21217
21217
21217
21217
21217
21217
21217
21210
21216
21213
21214
21222
21224
21226
21215
21218
21220
21222
21225
21220
21225
21229
21229
21225
21219
21223
21219
21221
21224
21220
21220
21223
21222
21226
21223
21218
21222
21229
21229
21228
21233
21227
21227
21227
21227
21227
21227
21224
21224
21224
21224
21224
21224
21224
21224
21271
21341
21340
21336
21336
21349
21349
21584
21588
21648
21684
21747
21786
21803
21822
21837
21867
21872
21883
21946
21946
21947
21947
21947
21947
21947
21947
21947
21951
21951
21951
21951
21960
21951
21947
21957
21951
21951
21951
21951
21954
21954
21960
21954
21954
21954
21954
21954
21954
21954
21954
21984
22003
22034
22060
22078
22100
22132
22129
22135
22135
22137
22140
22170
22195
22206
22211
22211
22216
22224
22270
22265
22271
22268
22268
22268
22277
22279
22346
22387
22390
22394
22394
22395
22395
22403
22428
22446
22487
22487
22541
22539
22565
22570
22570
22570
22568
22568
22567
22567
22566
22566
22566
22566
22568
22567
22568
22573
22594
22608
22627
22623
22629
22629
22629
22634
22673
22720
22744
22782
22807
22808
22816
22817
22807
22817
22817
22817
22817
22817
22817
22817
22817
22817
22817
22817
22825
22826
22834
22862
22871
22893
22924
22927
22934
22934
22934
22952
22981
22992
23016
23059
23100
23132
23139
23140
23140
23139
23139
23139
23139
23139
23139
23139
23139
23139
23139
23139
23143
23153
23162
23162
23173
23173
23189
23205
23250
23282
23325
23366
23394
23424
23454
23473
23496
23524
23525
23528
23529
23529
23536
23529
23529
23529
23525
23528
23528
23528
23528
23528
23527
23527
23529
23526
23510
23522
23526
23523
23525
23525
23525
23522
23521
23565
23585
23593
23628
23656
23674
23684
23684
23693
23703
23702
23703
23704
23711
23741
23745
23749
23762
23771
23772
23776
23781
23779
23779
23785
23817
23799
23811
23813
23814
23814
23822
23819
23817
23818
23821
23821
23821
23821
23821
23821
23821
23821
23821
23821
23821
23838
23854
23867
23891
23915
23924
23945
23940
23941
23956
23969
23978
23980
23980
23980
24011
24025
24024
24024
24042
24044
24050
24054
24060
24063
24062
24083
24092
24100
24099
24097
24099
24098
24097
24098
24098
24098
24092
24097
24097
24097
24098
24097
24093
24090
24102
24099
24097
24100
24098
24095
24098
24099
24099
24098
24101
24100
24108
24098
24106
24104
24106
24106
24106
24106
24106
24101
24106
24106
24103
24110
24106
24109
24104
24108
24112
24108
24108
24108
24108
24108
24111
24110
24105
24108
24107
24107
24105
24107
24104
24099
24104
24108
24103
24098
24103
24103
24103
24100
24105
24103
24100
24095
24092
24101
24106
24094
24107
24107
24111
24098
24105
24102
24104
24104
24104
24104
24099
24110
24113
24110
24110
24110
24104
24117
24106
24105
24109
24098
24108
24108
24107
24107
24107
24107
24107
24107
24107
24107
24108
24128
24152
24169
24202
24218
24244
24259
24271
24286
24321
24352
24419
24477
24486
24486
24486
24485
24486
24486
24486
24486
24474
24475
24483
24478
24484
24484
24480
24484
24464
24473
24488
24483
24480
24487
24486
24488
24476
24469
24477
24475
24478
24479
24478
24478
24479
24476
24478
24477
24475
24473
24473
24470
24474
24470
24476
24475
24459
24469
24472
24473
24479
24479
24479
24479
24478
24467
24479
24485
24471
24473
24475
24486
24491
24491
24491
24499
24500
24496
24495
24492
24491
24494
24494
24494
24497
24499
24492
24482
24493
24491
24493
24502
24480
24479
24502
24497
24483
24485
24469
24471
24470
24471
24469
24469
24460
24467
24472
24469
24469
24476
24475
24475
24473
24464
24474
24464
24467
24463
24463
24471
24466
24463
24466
24470
24471
24473
24472
24470
24471
24471
24471
24471
24474
24474
24474
24474
24474
24474
24474
24474
24474
24474
24474
24474
24475
24475
24475
24475
24475
24475
24475
24475
24475
24475
24475
24475
24479
24479
24479
24480
24509
24518
24519
24546
24607
24652
24714
24794
24850
24889
24942
24984
25022
25041
25063
25083
25093
25109
25183
25188
25190
25185
25185
25185
25183
25183
25186
25187
25187
25180
25188
25189
25184
25187
25186
25186
25186
25176
25183
25177
25183
25179
25181
25179
25182
25184
25178
25178
25179
25180
25184
25185
25179
25179
25187
25187
25181
25181
25185
25185
25186
25186
25187
25186
25184
25179
25186
25180
25181
25179
25181
25185
25182
25182
25182
25180
25181
25182
25182
25184
25183
25182
25182
25179
25178
25178
25177
25167
25168
25171
25181
25183
25181
25179
25172
25183
25184
25183
25183
25181
25183
25182
25182
25182
25186
25184
25183
25187
25187
25187
25181
25180
25179
25179
25179
25173
25183
25188
25189
25183
25177
25186
25182
25180
25177
25175
25178
25178
25175
25176
25180
25178
25182
25184
25184
25183
25186
25184
25182
25190
25196
25193
25193
25193
25187
25187
25185
25184
25186
25183
25184
25182
25170
25171
25174
25174
25180
25181
25179
25180
25176
25176
25178
25179
25177
25178
25181
25184
25184
25184
25182
25185
25180
25181
25189
25190
25187
25188
25188
25184
25180
25186
25185
25183
25187
25190
25187
25187
25186
25186
25186
25182
25182
25177
25180
25179
25181
25183
25180
25181
25179
25182
25182
25181
25183
25189
25183
25177
25186
25179
25173
25179
25180
25177
25177
25176
25176
25176
25178
25177
25176
25176
25176
25177
25177
25174
25177
25172
25172
25170
25170
25174
25176
25176
25176
25158
25187
25174
25171
25177
25176
25181
25181
25181
25182
25182
25184
25189
25180
25176
25178
25179
25179
25179
25184
25185
25191
25188
25188
25188
25194
25192
25188
25190
25185
25188
25186
25188
25191
25193
25193
25193
25190
25190
25190
25190
25194
25191
25191
25191
25187
25187
25187
25185
25186
25186
25186
25186
25189
25185
25185
25185
25189
25185
25186
25189
25179
25181
25181
25183
25181
25181
25183
25182
25182
25179
25173
25176
25184
25182
25182
25182
25180
25180
25180
25180
25180
25180
25180
25180
25183
25184
25180
25181
25182
25182
25181
25180
25180
25180
25180
25181
25166
25170
25168
25163
25163
25169
25170
25170
25170
25176
25176
25173
25171
25171
25171
25170
25168
25168
25169
25164
25164
25167
25163
25163
25175
25174
25174
25176
25172
25172
25171
25181
25178
25171
25178
25181
25184
25184
25184
25183
25185
25178
25182
25186
25185
25185
25185
25185
25176
25176
25177
25176
25175
25175
25176
25175
25174
25176
25176
25176
25176
25176
25176
25174
25174
25173
25173
25165
25171
25171
25171
25171
25174
25172
25172
25169
25166
25162
25162
25165
25168
25168
25171
25168
25169
25163
25170
25170
25170
25169
25169
25171
25171
25171
25167
25164
25172
25172
25172
25172
25172
25172
25172
25173
25174
25174
25174
25174
25179
25179
25179
25179
25179
25179
25179
25190
25205
25191
25190
25172
25165
25164
25161
25182
25183
25173
25184
25186
25185
25167
25186
25168
25192
25192
25192
25174
25174
25177
25177
25177
25177
25187
25186
25187
25189
25188
25168
25176
25175
25171
25172
25170
25172
25173
25175
25173
25168
25171
25173
25174
25173
25172
25174
25173
25174
25175
25174
25176
25169
25171
25169
25162
25161
25178
25171
25172
25172
25172
25172
25173
25179
25178
25177
25187
25180
25176
25179
25179
25179
25179
25172
25174
25186
25183
25187
25187
25188
25184
25186
25185
25185
25184
25180
25180
25186
25183
25183
25183
25183
25183
25183
25183
25183
25183
25183
25183
25183
25183
25183
25183
25183
25183
25183
25183
25183
25183
25183
25181
25185
25185
25187
25185
25178
25175
25179
25178
25183
25182
25182
25182
25178
25181
25192
25167
25177
25177
25188
25171
25177
25181
25181
25181
25185
25177
25179
25182
25186
25186
25183
25184
25184
25184
25192
25186
25187
25186
25187
25186
25178
25184
25177
25177
25177
25177
25184
25184
25191
25191
25191
25191
25180
25189
25192
25185
25189
25185
25186
25184
25180
25181
25181
25181
25181
25184
25185
25186
25186
25186
25185
25185
25187
25186
25186
25186
25182
25184
25184
25184
25175
25181
25183
25184
25185
25186
25185
25181
25183
25184
25179
25184
25185
25181
25176
25182
25178
25174
25169
25159
25157
25164
25167
25167
25168
25168
25166
25164
25167
25154
25170
25167
25168
25170
25167
25165
25166
25168
25171
25171
25170
25169
25169
25169
25169
25169
25171
25171
25171
25163
25171
25169
25170
25172
25172
25173
25173
25173
25173
25173
25162
25173
25170
25176
25173
25172
25176
25176
25175
25171
25174
25175
25167
25174
25174
25165
25176
25178
25178
25178
25181
25166
25177
25176
25177
25177
25177
25177
25187
25187
25187
25186
25186
25186
25186
25186
25186
25186
25186
25186
25186
25186
25186
25444
25443
25909
25894
26848
26850
28090
28079
30796
30858
32946
32952
32954
34612
34621
34991
35440
35435
35441
35445
35447
35508
35507
35507
35507
35507
35507
36349
36346
36347
36347
36347
36347
35517
35515
35515
35515
35515
35515
35515
35515
35515
35515
35515
35515
35521
35521
35521
35521
35518
35520
35518
35517
35523
35512
35513
35508
35525
35524
35528
35522
35524
35528
35525
35524
35525
35520
35516
35524
35526
35526
35520
35528
35528
35547
35525
35525
35525
35525
35525
35525
35526
35526
35526
35526
35526
35526
35526
35526
35526
35526
35526
35526
35530
35529
35530
35529
35530
35530
35530
35530
35522
35533
35528
35533
35535
35532
35534
35531
35531
35532
35523
35531
35531
35532
35531
35528
35546
35535
35538
35538
35539
35541
35542
35542
35542
35542
35543
35536
35548
35548
35548
35544
35546
35548
35547
35541
35545
35548
35548
35548
35537
35537
35537
35534
35528
35532
35534
35534
35533
35533
35533
35533
35530
35529
35530
35541
35551
35558
35579
35587
35619
35638
35659
35683
35716
35744
35770
35783
35814
35846
35867
35884
35895
35908
35914
35933
35943
35957
35991
36012
36036
36067
36099
36132
36123
36131
36132
36134
36140
36140
36140
36140
36140
36140
36140
36140
36141
36139
36140
36127
36151
36133
36140
36140
36140
36140
36140
36140
36140
36140
36140
36140
36134
36133
36134
36134
36134
36134
36132
36134
36134
36140
36134
36134
36140
36143
36143
36140
36140
36141
36161
36346
36428
36421
36428
36429
36424
36424
36424
36554
36715
36771
36782
36779
36781
36809
36843
36851
36851
36851
36850
36847
36848
36848
36847
36851
36850
36850
36850
36850
36855
36855
36855
36855
36786
36786
36786
36786
36786
36425
36425
36425
36432
36151
36148
36149
36149
36149
36149
36149
36149
36149
36149
36149
36154
36154
36154
36154
36154
36154
36154
36154
36441
36443
36439
36442
36440
36448
36474
36520
36526
36526
36525
36525
36525
36525
36525
36525
36534
36530
36533
36533
36584
36641
36718
36774
36840
36899
36898
36899
36904
36925
36957
36956
36956
36956
36956
36956
36956
36956
36956
36956
36955
36955
36957
36956
36960
36956
36956
37013
37129
37251
37266
37277
37278
37279
37297
37331
37340
37345
37348
37345
37345
37358
37390
37422
37429
37428
37444
37465
37477
37463
37469
37469
37469
37469
37469
37469
37467
37467
37467
37467
37467
37467
37467
37526
37526
37536
37577
37600
37608
37608
37608
37608
37608
37608
37610
37608
37621
37632
37644
37691
37689
37691
37690
37691
37691
37688
37681
37691
37697
37700
37692
37689
37690
37689
37689
37686
37681
37683
37679
37684
37686
37679
37680
37686
37681
37677
37675
37680
37680
37680
37680
37680
37680
37680
37680
37680
37681
37681
37681
37681
37681
37678
37681
37681
37681
37682
37679
37681
37679
37676
37676
37681
37676
37682
37683
37681
37678
37679
37680
37677
37682
37684
37683
37684
37684
37687
37687
37687
37687
37687
37687
37683
37684
37682
37683
37683
37671
37683
37675
37675
37681
37672
37673
37681
37684
37684
37684
37684
37684
37684
37720
37768
37858
37901
37902
37901
37902
37902
37903
37902
37989
38085
38091
38088
38084
38094
38098
38092
38118
38118
38119
38138
38177
38194
38201
38199
38199
38199
38199
38199
38207
38207
38207
38208
38210
38214
38215
38216
38216
38217
38217
38215
38243
38242
38256
38280
38300
38324
38355
38393
38406
38406
38405
38405
38410
38410
38410
38410
38407
38407
38406
38406
38410
38410
38412
38409
38413
38413
38413
38413
38413
38413
38413
38413
38413
38413
38409
38407
38413
38411
38414
38414
38414
38411
38411
38407
38401
38406
38408
38407
38416
38409
38414
38408
38409
38409
38409
38408
38415
38414
38407
38406
38418
38417
38411
38420
38419
38418
38418
38419
38404
38421
38416
38416
38423
38423
38428
38428
38423
38424
38418
38420
38422
38416
38421
38424
38421
38423
38419
38421
38424
38422
38427
38427
38427
38427
38427
38421
38423
38421
38419
38436
38424
38424
38422
38422
38427
38427
38427
38427
38413
38412
38405
38408
38410
38411
38411
38411
38413
38413
38412
38412
38418
38424
38427
38425
38420
38422
38414
38418
38421
38417
38419
38408
38422
38422
38419
38420
38426
38417
38415
38407
38422
38417
38419
38419
38419
38418
38417
38415
38416
38415
38413
38417
38417
38412
38413
38414
38430
38430
38426
38421
38427
38427
38430
38430
38428
38427
38432
38432
38415
38412
38414
38410
38412
38409
38413
38411
38406
38410
38406
38400
38413
38409
38409
38403
38407
38408
38408
38412
38412
38412
38412
38412
38412
38412
38412
38412
38412
38412
38412
38510
38550
38550
38550
38550
38542
38542
38542
38505
38406
38404
38404
38404
38404
38404
38398
38398
38410
38400
38409
38409
38402
38404
38410
38410
38410
38409
38402
38408
38390
38393
38393
38393
38394
38390
38390
38392
38389
38384
38384
38385
38414
38413
38413
38414
38413
38420
38449
38466
38482
38503
38512
38530
38546
38550
38575
38597
38624
38652
38674
38687
38699
38701
38702
38702
38708
38709
38708
38708
38699
38699
38699
38699
38707
38707
38703
38705
38699
38699
38718
38699
38698
38700
38700
38697
38708
38692
38706
38700
38701
38699
38699
38699
38714
38709
38703
38707
38697
38707
38704
38698
38698
38695
38700
38700
38700
38700
38700
38700
38700
38700
38700
38700
38699
38699
38699
38699
38699
38699
38699
38699
38699
38699
38699
38699
38696
38696
38696
38696
38696
38696
38696
38696
38696
38695
38693
38693
38701
38717
38722
38747
38767
38801
38826
38844
38857
38878
38912
38932
38973
38999
39035
39061
39061
39061
39061
39061
39061
39061
39062
39061
39070
39069
39063
39066
39070
39072
39072
39071
39066
39066
39068
39059
39067
39071
39068
39068
39072
39072
39069
39069
39069
39064
39072
39072
39075
39075
39073
39075
39071
39079
39084
39073
39065
39075
39075
39075
39072
39072
39072
39072
39072
39072
39072
39072
39072
39072
39072
39888
39891
42807
42824
42822
42821
42820
42821
42820
42828
42827
42820
42822
42818
42818
42818
42820
42822
42823
42822
42822
42822
42818
42815
42828
42875
42884
42882
42880
42875
42881
42877
42876
42864
42864
42864
42864
42880
42880
42879
42879
42882
42877
42884
42891
42892
42891
42879
42883
42892
42900
42957
42948
42944
42940
42945
43015
43033
43026
43039
43045
43160
43148
43157
43143
43211
43255
43266
43262
43268
43382
43380
43375
43380
43459
43533
43527
43533
43541
43649
43648
43656
43651
43706
43707
43798
43803
43802
43845
43937
43939
43942
43939
43985
44072
44058
44059
44060
44089
44100
44095
44101
44107
44212
44222
44221
44225
44267
44380
44378
44378
44395
44481
44495
44507
44505
44543
44569
44567
44567
44567
44568
44569
44568
44566
44578
44575
44558
44568
44568
44556
44558
44560
44569
44561
44562
44558
44564
44561
44559
44565
44563
44558
44561
44562
44573
44571
44570
44570
44568
44570
44565
44567
44571
44569
44568
44561
44557
44557
44556
44553
44559
44558
44553
44551
44556
44555
44559
44558
44555
44553
44556
44557
44558
44558
44554
44555
44554
44551
44549
44545
44567
44565
44566
44568
44568
44557
44566
44569
44563
44563
44563
44565
44545
44540
44547
44547
44540
44545
44547
44547
44547
44547
44547
44547
44556
44556
44556
44556
44556
44556
44556
44556
44556
44556
44337
44341
44531
44532
44532
44532
39830
39832
39834
39833
39831
39867
39867
39863
40058
40060
40055
40053
40055
40056
40051
40049
40042
40054
40049
40056
40094
40098
40098
40104
40093
40092
40102
40096
40092
40096
40096
40092
40084
40092
40091
40089
40089
40087
40088
40088
40088
40088
40095
40204
40212
40217
40215
40221
40223
40233
40235
40222
40223
40224
40231
40228
40235
40227
40230
40235
40235
40227
40234
40232
40232
40235
40230
40237
40223
40230
40228
40230
40228
40228
40228
40228
40224
40224
40229
40223
40237
40234
40240
40244
40241
40246
40247
40247
40239
40257
40278
40281
40287
40282
40286
40286
40286
40286
40280
40278
40287
40288
40288
40278
40274
40271
40274
40275
40276
40276
40274
40275
40275
40269
40261
40272
40273
40283
40283
40278
40287
40281
40284
40287
40288
40281
40289
40289
40267
40265
40265
40264
40267
40265
40266
40264
40266
40266
40265
40267
40273
40275
40274
40275
40275
40267
40267
40274
40275
40276
40278
40274
40278
40270
40268
40273
40273
40273
40273
40273
40273
40273
40273
40273
40273
40271
40271
40271
40271
40272
40272
40272
40272
40272
40272
40272
40271
40271
40263
40272
40266
40269
40261
40268
40268
40261
40268
40268
40266
40266
40266
40266
40266
40266
40266
40266
40266
40266
40266
40266
40269
40268
40268
40268
40268
38641
38631
38624
38626
41357
41367
42133
42214
42214
42214
42221
42221
42220
42220
42220
42205
42220
42219
42219
42187
42187
42187
42186
42186
42186
42186
42186
42185
42185
42185
42185
42175
42175
42175
42175
42175
42175
42175
42175
42175
42175
42175
42175
42158
42158
42158
42158
42158
42170
42171
42174
42174
42172
42179
42221
42281
42281
42295
42303
42360
42411
42461
42460
42457
42514
42518
42528
42514
42506
42515
42515
42513
42515
42515
42515
42515
42515
42515
42515
42516
42516
42516
42516
42516
42516
42516
43267
43267
43267
43646
43647
44509
44511
44512
43184
43184
43185
43185
42780
42763
42786
42792
42792
42909
42929
42916
42902
42904
42904
42903
42906
42919
42923
42905
42900
42926
42927
42928
42927
42927
42928
42925
42924
42929
42930
42930
42930
42928
42925
42925
42914
42925
42925
42924
42925
42925
42926
42926
42922
42925
42926
42926
42929
42929
42929
42930
42977
43021
43053
43065
43064
43054
43056
43116
43132
43133
43133
43133
43133
43133
43129
43130
43136
43132
43127
43134
43134
43134
43134
43136
43146
43130
43128
43130
43142
43137
43132
43137
43136
43148
43145
43135
43131
43132
43149
43145
43135
43129
43146
43132
43127
43130
43148
43149
43150
43146
43140
43133
43128
43127
43133
43133
43128
43132
43132
43136
43133
43133
43133
43133
43133
43140
43141
43141
43141
43145
43142
43141
43141
43141
43141
43141
43141
43142
43143
43143
43143
43143
43143
43143
43146
43143
43143
43143
43146
43134
43135
43135
43135
43135
43135
43135
43135
43135
43135
43135
43135
43138
43139
43139
43139
43147
43139
43139
43140
43142
43139
43139
43139
43079
43079
43079
43079
43079
43079
43079
43079
43079
43079
43079
43079
43085
43085
43085
43081
43087
43087
43087
43086
43083
43085
43085
43085
43079
43082
43081
43079
43081
43082
43084
43096
43093
43073
43084
43087
43104
43101
43104
43104
43112
43104
43104
43101
43101
43104
43104
43104
43106
43106
43106
43105
43105
43111
43105
43105
43105
43105
43105
43105
43104
43104
43104
43104
43104
43104
43104
44484
44500
33485
33494
33487
29804
29804
29325
29322
28336
28354
27620
27616
27625
27667
27670
27671
27760
27761
27758
27761
27761
27761
27761
27761
27761
27761
27761
27761
27768
27793
27915
28024
28152
28147
28149
28149
28149
28149
28143
28151
28139
28135
28137
28138
28138
28138
28138
28138
28143
28138
28138
28138
28131
28130
28130
28130
28130
28130
28129
28129
28129
28129
28129
28129
28128
28128
28128
28128
28128
28128
28147
28152
28161
28162
28334
28334
28390
28436
28476
28472
28479
28479
28479
28479
28483
28493
28502
28526
28572
28618
28611
28610
28611
28611
28604
28610
28610
28611
28611
28615
28636
28654
28685
28682
28725
28751
28769
28818
28811
28812
28812
28812
28814
28814
28810
28813
28816
28813
28813
28813
28813
28813
28813
28813
28817
28817
28817
28817
28817
28817
28817
28817
28845
28942
28943
28951
28946
28970
29013
29061
29064
29066
29065
29116
29186
29194
29194
29208
29231
29231
29243
29280
29280
29282
29341
29338
29338
29338
29391
29391
29414
29439
29521
29584
29604
29608
29604
29654
29726
29745
29745
29745
29757
29789
29838
29881
29915
29918
29916
29934
29985
29990
29991
30035
30060
30070
30070
30079
30105
30109
30115
30138
30143
30134
30143
30142
30139
30139
30139
30139
30129
30137
30132
30132
30135
30132
30133
30127
30144
30145
30151
30149
30150
30152
30149
30153
30164
30157
30154
30154
30147
30148
30141
30149
30149
30149
30149
30149
30149
30149
30149
30149
30149
30149
30149
30149
30149
30149
30149
30149
30149
30149
30149
30149
30151
30151
30151
30151
30151
30151
30151
30151
30149
30150
30169
30181
30169
30200
30244
30342
30451
30464
30472
30472
30472
30472
30472
30472
30463
30473
30483
30501
30527
30590
30590
30729
30762
30760
30767
30767
30775
30771
30775
30770
30773
30773
30773
30773
30773
30773
30779
30773
30768
30768
30768
30768
30768
30768
30768
30768
30768
30768
30768
31335
33991
33991
33991
40515
40519
44932
44949
44949
45254
45248
45248
45254
45386
45365
45385
45370
45370
45373
45371
45365
45363
45363
45365
45379
45472
45555
45667
45668
45668
45668
46043
46044
46204
46309
46367
46454
46524
46643
46742
46868
46868
46874
46874
46873
46872
46873
46873
46873
46875
46874
46874
46874
46874
46874
46875
46875
46875
46875
47101
47106
33258
33257
33257
29794
29788
29791
27424
27430
27412
27409
27412
27422
27563
27560
27560
27560
27560
27560
27560
27560
27560
27560
27559
27559
27597
27619
27617
27619
27617
27634
27645
27672
27692
27694
27710
27751
27766
27766
27771
27770
27767
27762
27761
27768
27768
27765
27768
27766
27751
27744
27748
27753
27748
27748
27754
27754
27749
27748
27748
27750
27742
27744
27744
27741
27742
27740
27738
27738
27745
27745
27740
27737
27731
27733
27735
27735
27731
27735
27735
27735
27735
27735
27735
27735
27742
27742
27742
27742
27742
27746
27760
27795
27854
27882
27947
27962
27958
27958
27958
27958
27958
27958
27958
27959
27958
27958
27958
27958
27960
27960
27960
27960
27960
27960
27960
27960
27959
27957
27957
27957
27958
27956
27957
27960
27957
27958
27959
27959
27959
27959
27959
27959
27960
27960
27960
27959
27957
27958
27958
27960
27960
27960
27960
28028
28030
28024
28035
28038
28071
28123
28111
28116
28115
28115
28115
28115
28120
28120
28116
28119
28119
28119
28116
28117
28117
28115
28116
28118
28125
28217
28229
28230
28228
28229
28251
28277
28337
28372
28431
28434
28442
28443
28443
28443
28443
28443
28443
28441
28437
28450
28484
28504
28523
28572
28618
28666
28671
28671
28671
28671
28671
28671
28671
28671
28667
28667
28689
28722
28778
28819
28816
28815
28836
28869
28877
28946
28975
29029
29029
29027
29027
29041
29083
29142
29142
29142
29158
29158
29164
29175
29219
29230
29227
29220
29252
29263
29266
29266
29266
29266
29267
29267
29267
29267
29267
29267
29267
29267
29267
29267
29259
29257
29290
29290
29290
29290
29290
29290
29290
29290
29290
29287
29290
29290
29279
29283
29286
29291
29280
29281
29295
29270
29272
29291
29276
29279
29274
29274
29274
29274
29267
29259
29273
29272
29274
29274
29277
29260
29269
29272
29266
29270
29275
29269
29270
29274
29274
29272
29274
29275
29277
29277
29275
29273
29272
29270
29276
29276
29276
29276
29276
29276
29276
29276
29274
29275
29273
29272
29272
29272
29271
29269
29272
29271
29270
29268
29268
29268
29271
29271
29271
29269
29265
29263
29279
29266
29283
29265
29265
29273
29268
29266
29266
29259
29281
29280
29278
29278
29279
29280
29261
29263
29266
29265
29268
29267
29270
29274
29277
29281
29263
29263
29265
29264
29265
29264
29266
29266
29264
29264
29263
29262
29262
29263
29268
29268
29269
29268
29265
29265
29267
29262
29264
29266
29272
29271
29271
29269
29266
29265
29265
29266
29266
29260
29260
29257
29271
29272
29273
29272
29271
29272
29272
29272
29271
29272
29271
29273
29273
29272
29273
29273
29273
29268
29266
29274
29270
29262
29265
29266
29267
29267
29267
29268
29269
29270
29270
29271
29279
29279
29273
29273
29267
29268
29278
29268
29264
29271
29271
29271
29271
29271
29271
29271
29277
29271
29271
29271
29271
29270
29268
29263
29267
29270
29270
29267
29271
29274
29274
29274
29274
29274
29274
29274
29274
29274
29274
29274
29273
29273
29273
29273
29282
29274
29274
29274
29274
29274
29274
29271
29268
29270
29272
29270
29270
29281
29286
29285
29292
29295
29301
29301
29309
29314
29314
29306
29310
29312
29309
29308
29316
29316
29316
29316
29321
29320
29320
29328
29354
29356
29375
29380
29387
29390
29393
29394
29401
29398
29398
29398
29398
29398
29398
29398
29398
29398
29398
29393
29390
29406
29394
29403
29386
29384
29403
29395
29387
29395
29393
29394
29394
29401
29393
29399
29397
29394
29396
29392
29401
29400
29400
29394
29394
29401
29401
29401
29401
29401
29401
29394
29394
29394
29397
29395
29392
29392
29393
29388
29396
29396
29394
29392
29390
29397
29397
29397
29399
29399
29399
29398
29399
29399
29399
29399
29399
29398
29398
29398
29398
29398
29398
29398
29398
29398
29398
29398
29398
29398
29398
29398
29399
29399
29399
29399
29399
29399
29399
29399
29402
29396
29392
29396
29397
29393
29405
29391
29384
29393
29393
29390
29389
29390
29389
29394
29391
29398
29401
29391
29391
29391
29391
29391
29391
29391
29391
29398
29395
29395
29395
29395
29395
29395
29395
29395
29395
29395
29395
29395
30171
30171
33328
33321
35840
43778
43814
43811
43810
46133
46132
44969
45062
45063
45063
45062
45062
45062
45062
45062
45062
45064
45065
45062
45055
45057
45055
45055
45056
45056
45056
45056
45054
45053
45054
45054
45053
45053
45048
45050
45039
45055
45050
45050
45052
45048
45047
45049
45041
45043
45038
45040
45041
45041
45041
45041
45042
45041
45043
45041
45047
45047
45047
45050
45039
45039
45039
45045
45045
45046
45044
45043
45044
45046
45048
45048
45044
45046
45047
45047
45047
45048
45048
45048
45043
45043
45043
45043
45043
45043
45043
45043
45043
45043
45043
45043
45047
45049
45049
45049
45049
45049
45049
45049
45049
45049
45049
45049
45048
45048
45048
45048
