10197
10260
10261
10264
10271
10275
10284
10285
10285
10285
10285
10285
10280
10279
10279
10280
10280
10280
10280
10280
10281
10281
10281
10281
10281
10281
10280
10279
10263
10280
10283
10284
10283
10283
10283
10283
10281
10281
10281
10281
10281
10281
10281
10281
10281
10282
10282
10282
10279
10279
10279
10278
10272
10279
10280
10280
10279
10281
10282
10282
10278
10278
10278
10278
10278
10278
10278
10278
10278
10278
10278
10278
10282
10282
10282
10282
10283
10279
10281
10283
10282
10283
10284
10284
10280
10280
10280
10280
10280
10280
10280
10280
10282
10281
10282
10281
10278
10278
10278
10278
10273
10275
10275
10277
10274
10278
10278
10278
10280
10280
10280
10280
10280
10280
10280
10280
10280
10280
10280
10280
10279
10279
10279
10279
10274
10276
10279
10282
10280
10278
10278
10278
10280
10280
10280
10280
10280
10280
10280
10280
10280
10280
10280
10280
10279
10279
10279
10279
10275
10275
10277
10277
10277
10888
10890
10890
10894
10901
10892
10886
10886
10890
10891
10891
10899
10894
10893
10891
10891
10890
10889
10893
10888
10893
10895
10890
10891
10894
10893
10893
10896
10896
10896
10896
10896
10895
10895
10895
10895
10897
10897
10897
10892
10890
10883
10858
10845
10825
10734
10361
10278
10272
10274
10278
10266
10266
10266
10266
10266
10266
10266
10264
10263
10261
10262
10262
10270
10270
10269
10270
10276
10276
10276
10277
10277
10279
10279
10279
10271
10271
10271
10802
10802
10802
10802
10802
10800
10805
10808
10808
10813
10810
10812
10811
10813
10814
10815
10816
10816
10808
10800
10807
10795
10793
10790
10790
10790
10791
10790
10790
10790
10790
10790
10790
10792
10792
10792
10793
10788
10789
10793
10777
10771
10751
10717
10479
10267
10262
10258
10256
10256
10255
10255
10255
10255
10256
10256
10256
10257
10257
10257
10257
10262
10254
10254
10252
10252
10252
10252
10254
10259
10259
10259
10259
10259
10260
10261
10261
10261
10261
10261
10261
10264
10264
10264
10263
10264
10263
10263
10263
10263
10263
10263
10263
10264
10264
10264
10263
10264
10264
10263
10263
10263
10263
10263
10263
10263
10263
10263
10263
10266
10265
10265
10265
10265
10264
10265
10265
10263
10263
10263
10263
10263
10263
10263
10263
10263
10263
10263
10263
10264
10264
10264
10263
10267
10266
10267
10267
10267
10267
10267
10266
10266
10266
10266
10266
10266
10266
10266
10266
10266
10266
10266
10266
10266
10266
10266
10267
10265
10271
10269
10269
10269
10270
10270
10270
10265
10265
10265
10265
10265
10265
10265
10265
10265
10265
10265
10265
10264
10264
10264
10263
10267
10267
10263
10263
10263
10263
10263
10263
10268
10268
10268
10268
10268
10268
10268
10268
10268
10268
10268
10268
10268
10268
10268
10267
10270
10271
10268
10269
10269
10269
10270
10270
10268
10268
10268
10268
10268
10268
10268
10268
10268
10268
10268
10268
10270
10270
10270
10270
10263
10270
10269
10269
10269
10268
10268
10268
10273
10273
10273
10273
10273
10273
10273
10273
10273
10273
10273
10273
10274
10274
10274
10274
10271
10278
10275
10275
10275
10275
10275
10275
10268
10268
10268
10268
10268
10268
10269
10269
10273
10274
10274
10274
10285
10285
10285
10283
10284
10285
10286
10286
10287
10287
10287
10287
10287
10287
10287
10287
10287
10287
10287
10287
10287
10287
10287
10287
10288
10288
10288
10283
10288
10290
10290
10291
10290
10291
10290
10290
10285
10285
10285
10285
10285
10285
10285
10285
10285
10285
10285
10285
10285
10285
10285
10282
10281
10284
10285
10285
10286
10284
10284
10284
10285
10285
10285
10285
10285
10285
10285
10285
10285
10285
10285
10285
10283
10283
10283
10281
10282
10286
10287
10287
10287
10287
10287
10288
10281
10281
10281
10281
10281
10281
10281
10281
10281
10280
10280
10280
10281
10281
10280
10278
10281
10287
10288
10288
10288
10288
10288
10288
10280
10280
10280
10280
10280
10280
10030
10791
10794
10763
10715
10719
10741
10750
10786
10812
10832
10847
10833
10821
10821
10821
10821
10821
10811
10798
10752
10690
10528
10433
10315
10290
10288
10284
10289
10313
10317
10309
10318
10338
10335
10325
10350
10418
10479
10609
10712
10788
10831
10834
10790
10766
10802
10809
10820
10821
10808
10812
10812
10792
10760
10779
10791
10828
10820
10696
10551
10397
10350
10313
10355
10443
10428
10461
10505
10731
10811
10814
10820
10799
10808
10825
10834
10831
10825
10825
10816
10801
10791
10785
10745
10540
10349
10292
10283
10276
10275
10274
10277
10277
10276
10276
10276
10276
10276
10276
10271
10269
10273
10272
10273
10272
10270
10277
10274
10274
10274
10273
10273
10884
10872
10872
10872
10871
10876
10879
10873
10873
10884
10885
10885
10885
10888
10888
10888
10874
10883
10884
10897
10897
10903
10907
10906
10908
10894
10895
10895
10891
10890
10890
10278
10278
10278
10278
10279
10279
10278
10278
10278
10274
10278
10280
10280
10280
10280
10280
10280
10280
10279
10280
10280
10280
10280
10280
10280
10280
10280
10280
10280
10280
10278
10278
10880
10874
10872
10889
10888
10888
10892
10896
10892
10886
10881
10881
10872
10843
10794
10680
10524
10397
10360
10351
10351
10367
10360
10520
10624
10651
10798
10886
10854
10779
10824
10818
10796
10772
10754
10752
10783
10794
10809
10823
10821
10822
10772
10859
10885
10837
10836
10797
10735
10631
10514
10509
10501
10485
10515
10502
10455
10412
10374
10358
10351
10364
10385
10393
10375
10360
10319
10306
10288
10274
10319
10319
10412
10632
10757
10808
10856
10875
10794
10761
10793
10830
10816
10777
10736
10742
10745
10775
10783
10831
10823
10853
10853
10855
10851
10832
10823
10833
10830
10820
10820
10803
10795
10783
10764
10775
10747
10805
10814
10810
10803
10762
10753
10773
10849
10898
10897
10889
10868
10863
10866
10855
10857
10859
10856
10849
10832
10823
10823
10787
10551
10355
10296
10283
10279
10277
10276
10274
10274
10274
10272
10272
10271
10271
10272
10269
10275
10281
10280
10279
10279
10280
10280
10280
10281
10281
10281
10281
10281
10281
10281
10281
10281
10281
10281
10281
10282
10282
10282
10286
10283
10284
10284
10285
10285
10285
10283
10283
10285
10285
10285
10285
10285
10285
10285
10285
10285
10285
10285
10285
10289
10289
10289
10288
10288
10287
10287
10287
10287
10290
10290
10290
10281
10281
10281
10281
10274
10276
10276
10276
10276
10276
10276
10276
10281
10281
10280
10276
10281
10283
10285
10284
10283
10283
10283
10283
10278
10278
10278
10278
10278
10278
10278
10278
10278
10278
10278
10278
10281
10281
10281
10284
10280
10283
10280
10280
10280
10280
10280
10280
10280
10280
10281
10280
10281
10281
10281
10281
10281
10281
10281
10281
10280
10279
10279
10273
10282
10285
10285
10284
10285
10285
10285
10285
10275
10275
10275
10275
10275
10275
10275
10275
10275
10275
10275
10275
10275
10275
10275
10281
10280
10281
10279
10279
10280
10280
10280
10280
10277
10276
10276
10276
10276
10276
10276
10276
10276
10276
10276
10276
10277
10277
10276
10280
10280
10280
10284
10284
10285
10285
10285
10285
10282
10282
10282
10282
10282
10282
10282
10282
10282
10282
10282
10282
10281
10281
10281
10287
10284
10284
10283
10284
10285
10283
10283
10283
10280
10280
10280
10280
10280
10280
10280
10280
10280
10280
10280
10280
10280
10280
10281
10292
10283
10283
10281
10282
10281
10281
10280
10280
10280
10280
9089
10553
10572
10572
10554
10492
10464
10469
10459
10469
10438
10352
10306
10322
10314
10341
10427
10573
10687
10788
10812
10811
10849
10856
10856
10848
10831
10810
10776
10702
10605
10479
10357
10307
10313
10302
10309
10302
10312
10314
10334
10326
10354
10364
10384
10392
10383
10379
10379
10379
10377
10378
10367
10344
10337
10330
10336
10327
10319
10324
10331
10339
10357
10353
10352
10373
10438
10617
10878
10881
10880
10881
10878
10878
10880
10883
10881
10879
10876
10874
10871
10877
10882
10887
10878
10884
10879
10872
10889
10883
10886
10887
10754
10649
10542
10454
10385
10365
10364
10361
10361
10396
10469
10645
10762
10887
10886
10887
10887
10881
10894
10880
10885
10887
10890
10890
10890
10891
10882
10883
10883
10883
10883
10883
10882
10882
10871
10851
10824
10775
10307
10272
10270
10272
10267
10270
10270
10270
10271
10272
10272
10272
10268
10268
10268
10268
10268
10268
10268
10268
10268
10268
10268
10268
10265
10265
10265
10263
10264
10264
10264
10264
10264
10264
10264
10264
10265
10265
10265
10265
10265
10265
10265
10265
10265
10265
10265
10265
10266
10266
10266
10261
10265
10264
10264
10264
10264
10264
10264
10264
10270
10270
10270
10270
10270
10270
10270
10270
10269
10269
10270
10270
10272
10272
10272
10272
10274
10273
10273
10273
10273
10273
10273
10273
10266
10266
10268
10268
10268
10268
10268
10268
10268
10268
10268
10268
10267
10267
10267
10259
10265
10265
10264
10264
10264
10264
10264
10264
10265
10265
10265
10265
10265
10265
10266
10266
10266
10266
10266
10266
10266
10266
10267
10262
10265
10265
10265
10265
10265
10265
10265
10265
10266
10266
10266
10266
10266
10266
10266
10266
10266
10266
10266
10266
10268
10268
10268
10262
10268
10266
10266
10266
10266
10266
10266
10266
10265
10265
10265
10265
10265
10265
10265
10265
10265
10265
10265
10265
10265
10265
10265
10265
10265
10264
10264
10264
10264
10264
10264
10264
10265
10265
10265
10265
10265
10265
10265
10265
10265
10265
10265
10265
10268
10268
10273
10275
10276
10275
10276
10275
10275
10275
10275
10275
10281
10281
10281
10281
10282
10282
10282
10282
10282
10282
10282
10282
10282
10282
10279
10281
10867
10867
10871
10869
10872
10873
10873
10873
10881
10879
10881
10881
10881
10881
10881
10881
10881
10881
10881
10881
10882
10882
10880
10875
10872
10871
10870
10870
10870
10868
10870
10870
10867
10867
10867
10868
10868
10868
10868
10868
10868
10868
10866
10866
10867
10864
10866
10865
10866
10864
10865
10865
10865
10865
10865
10865
10867
10867
10866
10867
10867
10867
10867
10867
10867
10867
10867
10867
10865
10863
10864
10861
10870
10869
10870
10859
10847
10825
10801
10728
10280
10280
10276
10274
10269
10269
10269
10269
10269
10270
10270
10270
10265
10265
10261
10267
10274
10274
10274
10274
10274
10275
10275
10275
10278
10278
10278
10278
10279
10279
10279
10279
10279
10279
10279
10279
10281
10280
10278
10282
10288
10288
10288
10287
10288
10288
10288
10288
10280
10280
10280
10280
10280
10280
10280
10279
10278
10278
10278
10278
10280
10280
10274
10277
10278
10278
10278
10278
10279
10278
10278
10277
10281
10281
10281
10281
10281
10281
10281
10281
10281
10281
10281
10281
10280
10280
10272
10275
10278
10278
10278
10278
10278
10278
10278
10278
10281
10281
10281
10281
10281
10281
10281
10281
10281
10281
10281
10281
10278
10278
10277
10277
10278
10278
10278
10278
10278
10278
10277
10277
10276
10276
10276
10276
10276
10276
10276
10276
10276
10276
10276
10276
10276
10349
10350
10348
10352
10354
10354
10354
10354
10354
10354
10355
10357
10357
10356
10356
10357
10356
10356
10356
10356
10356
10342
10341
10338
10338
10349
10333
10346
10336
10335
10345
10345
10345
10345
10345
10336
10336
10336
10342
10341
10340
10341
10341
10340
10352
10361
10358
10371
10373
10396
10396
10403
10394
10400
10397
10397
10398
10400
10409
10426
10429
10424
10428
10428
10423
10422
10419
10411
10406
10408
10424
10423
10434
10432
10436
10434
10444
10439
10440
10437
10426
10421
10416
10415
10420
10433
10449
10435
10444
10451
10448
10449
10449
10435
10422
10409
10422
10429
10445
10444
10455
10454
10454
10452
10451
10461
10461
10465
10465
10466
10466
10466
10466
10466
10466
10466
10466
10466
10472
10469
10464
10452
10469
10469
10468
10468
10468
10468
10470
10470
10496
10509
10516
10538
10544
10571
10570
10589
10573
10549
10563
10583
10585
10591
10594
10606
10602
10596
10596
10588
10611
10610
10587
10603
10605
10613
10612
10609
10613
10622
10622
10623
10618
10605
10609
10593
10581
10587
10586
10586
10583
10581
10581
10581
10581
10582
10579
10580
10586
10589
10610
10624
10626
10635
10636
10638
10641
10641
10641
10641
10641
10647
10647
10649
10647
10643
10644
10671
10659
10658
10661
10660
10673
10675
10679
10679
10714
10711
10721
10726
10738
10733
10764
10766
10769
10770
10770
10772
10771
10770
10767
10771
10764
10771
10768
10768
10773
10773
10777
10777
10773
10786
10788
10793
10785
10792
10799
10820
10836
10830
10826
10839
10825
10829
10839
10833
10829
10832
10853
10858
10870
10874
10877
10875
10879
10872
10868
10868
10854
10841
10877
10873
10874
10876
10872
10869
10872
10878
10877
10877
10869
10860
10867
10873
10874
10871
10868
10876
10876
10876
10863
10883
10900
10893
10928
10931
10957
10974
10971
10998
11001
10998
10996
10996
10997
10999
11005
10982
10982
10976
10953
10974
10997
10990
11004
11005
11002
11002
11005
11005
11007
11010
11009
11027
11019
11016
11017
11016
11016
11016
11019
11027
11027
11037
11038
11037
11037
11037
11038
11036
11040
11037
11046
11059
11058
11060
11057
11055
11051
11040
11035
11043
11066
11070
11070
11070
11069
11078
11080
11080
11078
11078
11077
11083
11093
11082
11082
11082
11088
11095
11089
11110
11116
11117
11129
11139
11133
11132
11132
11132
11119
11115
11127
11125
11127
11121
11119
11123
11128
11127
11131
11132
11130
11137
11152
11149
11140
11135
11134
11069
11068
11068
11068
11068
11068
11075
11075
11075
11075
11075
11075
11075
11074
11075
11075
11075
11075
11078
11078
11092
11078
11086
11085
11085
11085
11084
11083
11084
11082
11092
11092
11092
11091
11092
11092
11092
11092
11092
11092
11091
11090
11087
11086
11092
11086
11085
11084
11085
11085
11085
11085
11085
11085
11088
11088
11088
11088
11088
11088
11088
11088
11088
11088
11088
11088
11089
11089
11100
11087
11089
11089
11089
11089
11089
11089
11089
11089
11087
11087
11087
11087
11087
11087
11087
11087
11087
11087
11087
11087
11087
11087
11102
11092
11093
11093
11093
11093
11093
11093
11093
11093
11086
11086
11086
11086
11085
11085
11085
11085
11085
11085
11085
11085
11086
11086
11096
11088
11094
11094
11094
11094
11094
11094
11094
11094
11085
11085
11085
11085
11085
11085
11098
11099
11099
11099
11099
11099
11051
11050
11068
11056
11053
11053
11054
11053
11053
11053
11054
11054
11049
11049
11049
11049
11049
11049
11049
11049
11049
11049
11049
11049
11049
11049
11072
11049
11047
11049
11047
11047
11047
11047
11047
11047
11048
11048
11048
11048
11048
11048
11048
11048
11048
11048
11048
11048
11049
11049
11060
11053
11052
11052
11052
11052
11052
11052
11052
11052
11050
11050
11050
11050
11050
11050
11050
11050
11050
11373
11372
11657
11675
11669
11684
11575
11299
11208
11155
11116
11069
11060
11090
11090
11167
11214
11298
11287
11271
11271
11245
11246
11272
11271
11271
11271
11280
11280
11290
11285
11286
11287
11287
11287
11287
11287
11287
11287
11289
11289
11289
11289
11289
11289
11289
11289
11289
11289
11285
11282
11283
11283
11279
11259
11256
11185
11106
11074
11072
11072
11068
11069
11054
11054
10835
11675
11668
11668
11668
11668
11671
11673
11673
11650
11635
11559
11565
11579
11602
11653
11651
11637
11639
11676
11668
11667
11678
11679
11670
11650
11617
11550
11556
11604
11587
11576
11541
11556
11550
11578
11602
11599
11595
11582
11535
11514
11517
11568
11573
11572
11559
11592
11591
11582
11567
11570
11501
11500
11517
11576
11612
11655
11655
11655
11652
11644
11643
11644
11643
11642
11634
11615
11587
11508
11147
11074
11065
11062
11060
11058
11057
11057
11057
11059
11059
11059
11065
11065
11073
11064
11068
11067
11068
11068
11067
11067
11067
11067
11066
11066
11066
11066
11066
11066
11066
11066
11066
11066
11066
11068
11063
11068
11067
11070
11069
11071
11071
11071
11071
11071
11070
11070
11089
11089
11089
11089
11089
11089
11089
11089
11089
11089
11089
11089
11089
11098
11092
11092
11092
11092
11092
11092
11092
11667
11667
11667
11661
11661
11667
11667
11666
11666
11685
11682
11696
11692
11703
11693
11698
11726
11710
11699
11709
11704
11708
11703
11703
11705
11703
11704
11690
11690
11691
11691
11692
11692
11692
11691
11690
11685
11697
11696
11694
11713
11702
11701
11695
11695
11695
11694
11695
11689
11686
11686
11690
11686
11672
11667
11663
11662
11667
11667
11667
11673
11673
11662
11648
11624
11578
11550
11551
11565
11559
11520
11518
11503
11532
11559
11571
11580
11562
11533
11530
11513
11484
11568
11534
11547
11532
11550
11604
11644
11646
11641
11635
11621
11622
11623
11622
11610
11599
11569
11591
11579
11566
11522
11510
11516
11520
11518
11519
11514
11512
11502
11480
11504
11497
11498
11498
11498
11494
11482
11482
11467
11466
11464
11465
11462
11469
11469
11469
11470
11469
11467
11466
11458
11452
11447
11425
11402
11184
11129
11103
11095
11085
11081
11079
11079
11078
11080
11084
11084
11084
11084
11084
11084
11084
11084
11084
11084
11084
11086
11081
11093
11115
11114
11107
11095
11090
11090
11093
11093
11105
11106
11112
11118
11119
11141
11137
11137
11137
11128
11111
11112
11113
11124
11125
11154
11149
11154
11162
11161
11174
11170
11178
11187
11189
11190
11161
11160
11155
11160
11163
11161
11162
11160
11163
11161
11168
11161
11180
11179
11201
11206
11207
11206
11210
11210
11207
11211
11211
11212
11214
11214
11220
11221
11221
11221
11221
11221
11228
11221
11214
11225
11216
11220
11219
11217
11210
11210
11210
11217
11217
11216
11212
11209
11225
11228
11229
11229
11229
11231
11231
11230
11236
11232
11224
11224
11220
11226
11227
11234
11238
11256
11248
11239
11239
11239
11242
11248
11247
11247
11244
11250
11270
11265
11261
11266
11266
11266
11266
11264
11263
11275
11279
11281
11270
11269
11269
11269
11269
11269
11270
11284
11294
11291
11289
11288
11291
11291
11290
11290
11291
11291
11291
11291
11297
11297
11304
11306
11307
11312
11315
11326
11327
11327
11326
11326
11301
11301
11304
11303
11316
11310
11314
11317
11311
11317
11317
11312
11309
11310
11301
11303
11295
11301
11303
11303
11295
11297
11296
11296
11294
11310
11305
11337
11337
11333
11341
11355
11336
11345
11351
11349
11364
11371
11381
11399
11402
11403
11400
11398
11418
11413
11427
11441
11441
11455
11466
11463
11461
11459
11459
11461
11461
11462
11461
11462
11460
11469
11458
11462
11469
11468
11472
11473
11474
11483
11483
11481
11490
11495
11483
11487
11485
11486
11493
11493
11493
11493
11493
11496
11495
11488
11494
11498
11498
11498
11497
11497
11497
11497
11497
11497
11499
11497
11501
11503
11502
11501
11504
11504
11503
11505
11499
11502
11509
11492
11500
11503
11499
11507
11503
11503
11506
11508
11503
11502
11491
11485
11494
11491
11491
11494
11495
11488
11489
11490
11490
11506
11512
11517
11513
11513
11515
11504
11500
11509
11508
11508
11505
11505
11499
11499
11499
11499
11508
11507
11507
11508
11508
11513
11513
11516
11520
11529
11517
11512
11515
11521
11524
11519
11523
11523
11520
11525
11535
11532
11538
11536
11537
11532
11532
11537
11530
11527
11533
11527
11528
11532
11534
11534
11533
11535
11540
11539
11548
11557
11572
11571
11565
11568
11565
11571
11564
11587
11593
11606
11608
11614
11606
11608
11601
11610
11609
11602
11600
11598
11602
11602
11604
11605
11602
11600
11600
11597
11622
11615
11627
11623
11617
11616
11617
11634
11647
11649
11647
11676
11670
11664
11659
11657
11666
11691
11686
11693
11685
11687
11689
11692
11684
11697
11693
11686
11697
11695
11686
11686
11694
11686
11694
11691
11671
11679
11681
11681
11686
11686
11707
11719
11719
11714
11714
11732
11741
11739
11737
11750
11748
11770
11770
11784
11784
11796
11793
11813
11819
11834
11843
11843
11852
11862
11874
11884
11884
11894
11885
11887
11874
11873
11877
11868
11873
11883
11887
11890
11893
11891
11903
11920
11903
11909
11901
11903
11902
11901
11901
11901
11901
11902
11907
11907
11907
11903
11908
11908
11911
11911
11910
11916
11922
11934
11948
11953
11952
11962
11964
11983
11973
11972
11970
11979
11989
12014
12022
12023
12021
12027
12023
12022
12022
12022
12022
12022
12022
12022
12025
11966
11958
11960
11961
11960
11960
11960
11960
11960
11960
11960
11961
11961
11961
11961
11961
11960
11960
11960
11960
11960
11960
11960
11958
11958
11957
11960
11960
11960
11960
11960
11960
11960
11960
11960
11956
11956
11956
11956
11956
11956
11956
11956
11956
11956
11956
11956
11956
11957
11955
11955
11955
11955
11954
11954
11954
11954
11965
11966
11972
11972
11972
11972
11972
11972
11972
11972
11972
11972
11972
11972
11971
11970
11967
11969
11969
11969
11969
11969
11969
11969
11969
11969
11973
11973
11973
11973
11973
11973
11973
11973
11973
11973
11973
11973
11971
11974
11968
11969
11968
11968
11968
11968
11968
11968
11968
11969
11974
11974
11974
11974
11974
11974
11974
11974
11974
11974
11974
11974
11975
11977
11971
11972
11972
11972
11972
11972
11972
11972
11972
11972
11978
11978
11978
11978
11978
11978
11978
11978
11978
11978
11978
11978
11977
11982
11970
11973
12581
12581
12591
12591
12589
12587
12595
12582
12584
12582
12590
12583
12584
12587
12582
12582
12582
12588
12585
12584
12586
12600
12584
12588
12587
12583
12595
12583
12586
12586
12579
12583
12582
12583
12584
12588
12586
12583
12591
12585
12585
12591
12591
12592
12587
12425
12124
11985
12087
12333
12555
12578
12528
12526
12533
12550
12242
12066
12596
12588
12576
12585
12590
12590
12588
12591
12592
12596
12592
12574
12562
12549
12520
12261
12037
11986
11982
11982
11984
11985
11986
11986
11984
11984
11983
11983
11983
11983
11983
11983
11983
11983
11982
12054
12038
12037
12017
12025
12029
12044
12101
12146
12161
12207
12363
12457
12604
12571
12520
12566
12570
12599
12605
12604
12610
12596
12548
12548
12495
12496
12538
12545
12526
12475
12267
12205
12164
12128
12110
12149
12155
12163
12141
12156
12182
12174
12182
12167
12167
12166
12168
12164
12138
12125
12027
11968
11960
11958
11957
11957
11956
12001
12018
12018
12018
12017
12017
12027
12031
12030
12026
12030
12029
12029
12068
12068
12026
12040
12062
12081
12132
12129
12159
12187
12188
12214
12212
12202
12204
12223
12222
12238
12213
12193
12192
12192
12190
12200
12265
12260
12271
12252
12268
12274
12272
12243
12249
12241
12248
12244
12235
12230
12230
12230
12231
12231
12231
12231
12231
12231
12236
12234
12272
12253
12245
12245
12248
12249
12243
12250
12267
12266
12266
12269
12263
12267
12270
12270
12270
12270
12265
12264
12263
12265
12258
12263
12316
12275
12276
12304
12318
12318
12275
12282
12292
12312
12313
12294
12287
12278
12286
12287
12292
12307
12304
12301
12293
12293
12299
12300
12336
12299
12302
12303
12299
12300
12300
12306
12310
12305
12315
12328
12319
12328
12333
12331
12333
12331
12346
12352
12351
12351
12353
12351
12390
12382
12384
12390
12390
12395
12394
12393
12393
12393
12393
12393
12374
12374
12374
12374
12374
12374
12374
12374
12374
12307
12296
12308
12377
12313
12311
12312
12313
12309
12310
12313
12314
12315
12317
12315
12296
12295
12296
12295
12295
12295
12293
12293
12294
12294
12298
12292
12328
12316
12314
12310
12311
12311
12311
12311
12311
12311
12311
12311
12297
12296
12297
12297
12299
12299
12299
12301
12296
12296
12296
12295
12336
12312
12313
12309
12312
12310
12310
12310
12311
12310
12313
12313
12297
12297
12298
12299
12295
12295
12295
12294
12295
12295
12295
12296
12340
12305
12308
12309
12315
12316
12315
12315
12315
12314
12314
12314
12286
12288
12286
12286
12288
12288
12288
12288
12288
12287
12289
12290
12407
12406
12409
12411
12410
12415
12403
12397
12400
12389
12392
12399
12399
12398
12405
12397
12399
12390
12390
12390
12390
12390
12392
12406
12413
12420
12426
12429
12428
12432
12425
12429
12429
12429
12429
12425
12433
12436
12448
12447
12448
12450
12454
12453
12456
12455
12458
12458
12472
12465
12465
12473
12476
12474
12475
12477
12474
12477
12492
12497
12504
12505
12508
12508
12503
12517
12521
12526
12511
12508
12493
12493
12503
12486
12491
12488
12462
12458
12462
12458
12458
12476
12524
12532
12533
12532
12532
12533
12533
12553
12553
12558
12566
12567
12571
12584
12571
12584
12574
12575
12589
12589
12583
12582
12583
12582
12582
12586
12593
12593
12591
12592
12599
12605
12610
12610
12610
12614
12610
12618
12614
12607
12606
12607
12606
12608
12611
12609
12616
12625
12632
12632
12628
12625
12625
12628
12624
12624
12623
12617
12616
12616
12617
12620
12630
12625
12625
12628
12627
12627
12627
12623
12627
12633
12640
12642
12650
12650
12649
12649
12649
12647
12636
12635
12636
12640
12639
12639
12649
12647
12648
12645
12645
12638
12638
12638
12648
12665
12669
12680
12673
12675
12672
12695
12689
12690
12702
12694
12686
12703
12717
12723
12744
12717
12720
12732
12731
12731
12739
12748
12752
12758
12751
12759
12763
12768
12761
12761
12761
12759
12759
12760
12760
12760
12760
12760
12747
12759
12775
12786
12779
12799
12797
12798
12814
12818
12822
12834
12835
12844
12840
12862
12865
12861
12883
12907
12901
12901
12901
12902
12904
12893
12905
12905
12910
12910
12909
12905
12904
12904
12906
12912
12918
12920
12938
12956
12954
12961
12959
12970
12985
12987
12996
13003
13051
13039
13030
13040
13041
13037
13038
13052
13065
13073
13071
13075
13083
13086
13090
13109
13114
13123
13114
13120
13120
13133
13141
13138
13137
13164
13159
13145
13142
13140
13135
13136
13136
13136
13136
13149
13162
13168
13171
13183
13191
13206
13210
13210
13211
13207
13206
13203
13205
13255
13249
13257
13256
13259
13256
13257
13257
13261
13261
13260
13258
13258
13258
13257
13257
13257
13257
13257
13257
13192
13192
13192
13197
13198
13193
13190
13189
13189
13188
13188
13189
13187
13187
13187
13187
13187
13187
13186
13186
13185
13185
13185
13185
13185
13185
13182
13218
13215
13214
13207
13210
13211
13210
13210
13211
13211
13211
13211
13178
13179
13179
13179
13180
13180
13180
13180
13180
13180
13181
13185
13198
13197
13190
13190
13191
13191
13190
13190
13192
13193
13193
13191
13178
13179
13179
13177
13177
13177
13177
13177
13177
13177
13177
13176
13208
13197
13190
13189
13190
13191
13191
13191
13191
13191
13191
13191
13181
13181
13181
13181
13180
13180
13180
13180
13180
13180
13181
13180
13199
13202
13200
13196
13198
13198
13198
13198
13198
13198
13197
13197
13185
13185
13185
13185
13185
13185
13185
13184
13185
13185
13185
13185
13190
13200
13199
13202
13201
13199
13198
13198
13200
13200
13200
13200
13179
13179
13179
13179
13178
13178
13178
13178
13178
13178
13178
13179
13194
13200
13196
13193
13194
13192
13192
13193
13193
13193
13193
13193
13175
13175
13176
13176
13176
13176
13176
13176
13176
13176
13176
13176
13202
13197
13262
13262
13263
13262
13260
13253
13264
13259
13256
13259
13232
13231
13227
13228
13228
13229
13228
13236
13230
13231
13236
13226
13242
13239
13202
13228
13095
13710
13724
13729
13707
13710
13701
13716
13768
13802
13791
13771
13737
13657
13592
13553
13481
13459
13390
13349
13372
13379
13351
13326
13343
13356
13302
13300
13325
13361
13375
13419
13545
13661
13674
13735
13744
13709
13684
13686
13694
13681
13679
13687
13694
13696
13679
13657
13637
13601
13371
13255
13220
13214
13206
13195
13191
13193
13195
13210
13228
13250
13244
13246
13244
13248
13248
13247
13265
13261
13273
13263
13275
13268
13268
13256
13260
13258
13261
13259
13255
13250
13254
13256
13254
13256
13257
13254
13253
13254
13255
13253
13263
13244
13255
13255
13253
13254
13255
13249
13253
13255
13248
13256
13252
13245
13246
13245
13251
13250
13250
13249
13249
13249
13247
13244
13261
13254
13254
13254
13254
13256
13256
13256
13256
13256
13251
13251
13247
13247
13247
13247
13247
13247
13246
13256
13255
13285
13298
13300
13310
13290
13290
13292
13283
13283
13277
13277
13274
13277
13277
13276
13269
13278
13280
13290
13327
13343
13344
13344
13342
13348
13349
13346
13330
13325
13319
13322
13323
13321
13321
13321
13320
13323
13323
13326
13339
13339
13341
13330
13333
13334
13342
13342
13342
13344
13344
13341
13338
13330
13329
13332
13342
13347
13349
13356
13354
13344
13343
13350
13356
13353
13351
13351
13356
13355
13355
13360
13358
13371
13372
13391
13382
13376
13375
13376
13379
13379
13379
13379
13377
13377
13373
13373
13374
13374
13373
13373
13376
13376
13376
13376
13376
13375
13376
13394
13382
13384
13380
13381
13379
13381
13381
13379
13379
13379
13379
13379
13375
13375
13375
13375
13383
13381
13389
13403
13407
13412
13414
13413
13409
13405
13413
13407
13403
13401
13395
13395
13395
13396
13398
13425
13440
13450
13459
13465
13461
13477
13486
13487
13493
13491
13483
13513
13494
13501
13507
13501
13503
13500
13504
13508
13509
13508
13508
13508
13496
13497
13497
13503
13503
13526
13528
13525
13525
13526
13521
13549
13523
13528
13528
13527
13533
13535
13541
13538
13541
13552
13557
13556
13559
13571
13573
13573
13573
13578
13577
13572
13572
13575
13575
13579
13572
13566
13563
13569
13569
13570
13568
13569
13569
13566
13571
13567
13564
13564
13565
13565
13567
13565
13493
13493
13493
13493
13493
13488
13484
13484
13487
13486
13485
13484
13486
13485
13485
13485
14093
14106
14102
14093
14103
14096
13986
14015
14051
14094
14094
14082
14088
14086
14082
14060
14067
14073
14079
14082
14079
14045
14036
14062
14055
14065
14077
14071
14080
14080
14103
14103
14103
14080
14044
14002
14054
14030
14046
14066
13787
13768
13671
13670
13667
13662
13661
13647
13634
13543
13493
13489
13485
13484
13484
13483
13483
13483
13483
13483
13481
13492
12240
13670
13672
13662
13661
13653
13639
13638
13659
13659
13662
13649
13653
13626
13666
13703
13732
13770
13761
13737
13721
13716
13710
13693
13684
13563
13498
13494
13492
13488
13488
13488
13489
13489
13488
13489
13495
13495
13495
13495
13495
13547
13568
13572
13572
13572
13562
13558
13548
13546
13551
13554
13553
13554
13558
13557
13555
13556
13552
13557
13558
13561
13567
13567
13563
13569
13568
13567
13577
13596
13594
13614
13604
13611
13623
13620
13634
13633
13641
13649
13660
13658
13656
13668
13693
13689
13701
13703
13701
13692
13693
13694
13693
13691
13698
13716
13697
13693
13697
13703
13703
13696
13699
13698
13704
13707
13722
13721
13729
13736
13738
13759
13758
13762
13773
13784
13796
13792
13804
13842
13831
13835
13850
13845
13864
13874
13873
13883
13879
13886
13899
13908
13912
13924
13928
13922
13923
13917
13920
13922
13924
13925
13929
13965
13961
13945
13956
13945
13960
13950
13951
13954
13954
13954
13959
13959
13956
13951
13958
13962
13958
13957
13980
13981
13986
14001
14026
14052
14028
14022
14009
14020
14015
14039
14061
14075
14081
14073
14082
14083
14077
14077
14077
14077
14077
14077
14077
14077
14077
14078
14077
14107
14084
14084
14082
14085
14085
14085
14012
14087
14088
14088
14093
14089
14083
14086
14080
14081
14083
14083
14085
14085
14083
14083
14077
14088
14083
14085
14087
14087
14087
14091
14091
14091
14091
14085
14081
14098
14110
14110
14117
14108
14108
14117
14117
14113
14114
14115
14111
14132
14116
14114
14115
14115
14115
14125
14130
14136
14137
14136
14134
14127
14128
14131
14130
14130
14133
14136
14132
14132
14134
14136
14135
14158
14158
14173
14177
14180
14178
14180
14192
14201
14200
14190
14191
14192
14185
14184
14190
14182
14175
14180
14178
14173
14164
14163
14160
14176
14167
14169
14172
14173
14209
14230
14230
14240
14224
14228
14242
14252
14240
14242
14234
14237
14243
14245
14243
14239
14240
14239
14243
14261
14243
14238
14238
14239
14239
14243
14245
14245
14249
14246
14246
14246
14252
14273
14269
14272
14273
14271
14285
14291
14297
14300
14303
14330
14331
14346
14338
14348
14366
14361
14361
14378
14373
14386
14394
14404
14409
14412
14426
14430
14436
14442
14449
14452
14451
14452
14444
14448
14437
14440
14444
14455
14451
14454
14451
14463
14457
14464
14456
14458
14447
14454
14449
14446
14450
14451
14452
14469
14487
14493
14498
14559
14513
14537
14539
14538
14538
14531
14538
14551
14580
14586
14585
14588
14578
14580
14578
14582
14582
14579
14578
14580
14580
14581
14576
14586
14597
14596
14595
14597
14607
14602
14620
14611
14614
14614
14618
14618
14603
14604
14600
14601
14601
14601
14605
14604
14632
14630
14629
14640
14640
14647
14646
14643
14639
14641
14639
14639
14640
14642
14637
14640
14623
14624
14627
14629
14633
14632
14650
14662
14667
14667
14662
14656
14658
14651
14654
14660
14656
14659
14659
14659
14664
14679
14711
14711
14711
14714
14714
14715
14719
14716
14714
14721
14718
14723
14721
14731
14726
14728
14724
14723
14728
14722
14729
14733
14730
14732
14738
14736
14722
14722
14722
14722
14730
14733
14736
14775
14773
14771
14772
14792
14771
14768
14765
14766
14769
14769
14780
14798
14810
14821
14834
14835
14849
14846
14850
14851
14854
14851
14856
14859
14858
14866
14860
14857
14851
14856
14857
14858
14855
14856
14856
14859
14855
14856
14856
14856
14857
14858
14857
14859
14859
14859
14838
14836
14848
14894
14943
14946
14952
14954
14953
14954
14950
14949
14951
14954
14956
14955
14951
14954
14962
14970
14969
14963
14963
14962
14969
14969
14976
14980
14994
15000
15005
15006
15008
15020
15016
15022
15022
15037
15037
15049
15049
15049
15050
15072
15073
15085
15085
15081
15082
15094
15094
15089
15093
15107
15100
15100
15099
15098
15097
15097
15097
15098
15098
15098
15098
15099
15009
15009
15009
15009
15009
15009
15009
15010
15010
15010
15011
15018
14999
15623
15621
15622
15627
15629
15624
15634
15634
15634
15634
15634
15629
15629
15629
15622
15622
15622
15622
15622
15622
15609
15601
15587
15546
15482
15096
15050
15038
15022
15019
15017
15016
15017
15019
15018
15027
15027
15027
15027
15027
15028
15025
15025
15025
15025
15025
15027
15023
15024
15024
15641
15634
15636
15635
15624
15641
15641
15632
15633
15642
15639
15639
15639
15639
15639
15639
15639
15639
15644
15642
15648
15630
15632
15632
15632
15632
15632
15633
15633
15632
15632
15630
15630
15633
15633
15633
15633
15633
15633
15633
15631
15631
15631
15631
15639
15632
15630
15630
15630
15637
15637
15640
15640
15640
15641
15640
15640
15633
15633
15633
15632
15627
15626
15626
15620
15608
15593
15581
15560
15270
15026
14996
14996
14997
14997
14997
14997
14997
14997
14997
14996
15002
15002
15002
15002
15074
15071
15074
15078
15074
15074
15075
15074
15076
15072
15074
15068
15071
15070
15071
15072
15073
15073
15074
15074
15071
15071
15074
15072
15070
15070
15076
15071
15072
15072
15039
15034
15054
15051
15051
15054
15085
15088
15091
15093
15093
15083
15083
15083
15108
15108
15113
15113
15111
15110
15112
15110
15110
15110
15116
15107
15115
15115
15108
15114
15118
15115
15110
15109
15112
15112
15117
15120
15142
15139
15178
15178
15185
15184
15178
15175
15186
15190
15169
15177
15211
15221
15219
15223
15227
15228
15232
15231
15230
15242
15244
15250
15257
15265
15280
15278
15282
15284
15289
15285
15274
15285
15257
15259
15266
15270
15268
15265
15271
15268
15275
15284
15284
15282
15277
15271
15299
15305
15304
15302
15301
15301
15303
15302
15304
15306
15267
15269
15306
15306
15306
15303
15310
15306
15305
15301
15304
15308
15307
15305
15314
15315
15315
15315
15318
15321
15329
15331
15329
15329
15300
15308
15340
15341
15345
15340
15341
15345
15344
15340
15339
15344
15345
15339
15344
15354
15354
15371
15372
15369
15368
15371
15374
15361
15300
15309
15348
15349
15352
15352
15370
15366
15363
15369
15366
15368
15365
15370
15370
15371
15370
15374
15366
15369
15365
15367
15366
15366
15361
15361
15374
15369
15373
15374
15373
15375
15377
15369
15369
15369
15376
15373
15378
15378
15378
15377
15374
15377
15375
15376
15374
15375
15367
15366
15365
15365
15365
15372
15379
15398
15402
15418
15429
15428
15425
15430
15449
15467
15482
15485
15481
15485
15486
15493
15484
15486
15428
15436
15472
15479
15475
15479
15488
15477
15478
15477
15479
15479
15483
15487
15487
15488
15488
15492
15489
15497
15513
15516
15523
15522
15493
15498
15521
15520
15520
15521
15521
15534
15548
15551
15552
15558
15546
15561
15562
15559
15558
15560
15555
15561
15562
15562
15559
15562
15524
15566
15561
15553
15552
15558
15565
15582
15583
15606
15608
15608
15603
15601
15600
15593
15589
15583
15581
15584
15584
15583
15589
15589
15607
15638
15641
15648
15651
15649
15649
15646
15651
15649
15650
15652
15652
15645
15646
15651
15651
15651
15654
15654
15654
15658
15667
15665
15662
15671
15674
15677
15683
15678
15679
15684
15679
15680
15683
15687
15706
15704
15703
15714
15695
15693
15686
15691
15693
15692
15700
15715
15722
15737
15746
15763
15786
15785
15792
15793
15775
15781
15791
15797
15795
15790
15792
15787
15788
15792
15791
15824
15827
15833
15852
15856
15866
15841
15836
15842
15848
15832
15825
15829
15828
15825
15831
15832
15832
15832
15828
15904
15910
15943
15944
15943
15937
15916
15938
15936
15939
15932
15948
15953
15954
15950
15955
15951
15945
15953
15950
15951
15948
15945
15948
15953
15952
15953
15953
15953
15953
15953
15959
15967
15958
15973
15986
16007
16049
16064
16108
16115
16149
16165
16162
16161
16165
16165
16164
16164
16170
16172
16174
16177
16172
16178
16177
16167
16171
16172
16163
16157
16160
16167
16168
16165
16167
16167
16167
16166
16166
16168
16169
16168
16174
16194
16193
16212
16214
16214
16213
16218
16238
16234
16240
16232
16239
16239
16242
16242
16259
16262
16264
16264
16277
16282
16294
16303
16302
16302
16303
16306
16306
16305
16304
16304
16327
16313
16308
16310
16303
16300
16294
16291
16294
16291
16285
16276
16275
16264
16259
16262
16263
16260
16257
16257
16253
16253
16251
16251
16264
16248
16279
16279
16285
16287
16287
16287
16292
16296
16291
16295
16295
16295
16297
16288
16287
16290
16298
16293
16298
16302
16302
16298
16298
16295
16291
16287
16286
16286
16288
16291
16292
16300
16295
16295
16292
16303
16382
16874
16861
17001
17014
17036
17052
17173
17388
17526
17654
17922
18131
18147
18210
18296
18106
18362
18378
18352
18441
18442
18443
18463
18584
18511
18536
18608
18532
18542
18559
18573
18741
18731
18643
18631
18666
18578
18758
18749
18512
18575
18575
18575
18575
18575
18574
18574
18562
18564
18564
18564
18564
18564
18564
18564
18563
18563
18558
18387
18380
18380
18381
18381
18381
18382
18382
18382
18380
18556
18555
18559
18548
18548
18549
18549
18548
18554
18554
18554
18554
18554
18549
18541
18546
18546
18547
18546
18546
18546
18546
18514
18515
18515
18515
18515
18524
18524
18525
18525
18525
18525
18525
18525
18525
18525
18528
18526
18513
18514
18516
18515
18515
18515
18515
18515
18515
18515
18515
18596
18598
18598
18599
18601
18600
18597
18597
18596
18596
18596
18595
18594
18591
18591
18592
18591
18595
18589
18595
18596
18593
18594
18592
18596
18599
18606
18611
18644
18638
18640
18647
18637
18631
18629
18611
18619
18624
18629
18628
18627
18624
18621
18651
18656
18689
18688
18698
18697
18695
18699
18703
18702
18707
18699
18700
18698
18698
18705
18711
18703
18714
18713
18713
18720
18712
18716
18711
18719
18722
18715
18720
18719
18709
18722
18727
18748
18747
18746
18742
18744
18739
18733
18757
18730
18750
18764
18765
18776
18792
18792
18803
18806
18826
18832
18827
18827
18800
18805
18800
18805
18805
18808
18809
18809
18806
18808
18833
18804
18824
18824
18832
18820
18835
18837
18839
18841
18852
18852
18848
18848
18851
18856
18862
18855
18870
18875
18878
18878
18869
18876
18887
18880
18844
18847
18843
18844
18847
18847
18848
18845
18848
18842
18842
18842
18834
18840
18841
18841
18844
18844
18859
18854
18862
18860
18870
18888
18888
18898
18899
18900
18897
18901
18898
18897
18899
18914
18920
18918
18930
18932
18932
18936
18934
18927
18943
18946
18962
18965
18959
18949
18950
18953
18954
18958
18956
18956
18954
18956
18956
18959
18964
18961
18957
18955
18951
18957
18977
18990
18990
18999
18999
18998
19012
19029
19015
19024
19035
19036
19051
19054
19071
19073
19070
19075
19090
19091
19115
19115
19129
19146
19148
19149
19163
19163
19170
19158
19172
19157
19195
19196
19197
19196
19193
19196
19194
19194
19196
19194
19194
19191
19198
19201
19195
19194
19196
19196
19200
19214
19216
19247
19257
19247
19271
19292
19292
19326
19317
19317
19331
19333
19360
19379
19388
19385
19381
19403
19408
19405
19424
19435
19441
19452
19448
19455
19460
19478
19479
19490
19509
19501
19484
19472
19466
19477
19481
19487
19498
19492
19487
19483
19482
19492
19498
19498
19501
19528
19544
19534
19538
19533
19538
19542
19541
19539
19542
19540
19540
19546
19546
19542
19545
19545
19548
19560
19566
19576
19591
19595
19591
19599
19611
19611
19623
19639
19648
19653
19644
19657
19669
19678
19696
19696
19728
19740
19740
19761
19790
19790
19814
19794
19795
19781
19777
19778
19805
19808
19799
19839
19856
19857
19862
19861
19863
19863
19863
19862
19863
19862
19862
19862
19857
19846
19849
19844
19853
19853
19851
19847
19849
19844
19854
19850
19852
19853
19852
19847
19847
19853
19852
19847
19851
19855
19853
19849
19845
19838
19839
19846
19839
19838
19838
19838
19839
19847
19844
19846
19889
19891
19898
19898
19903
19906
19908
19929
19924
19936
19938
19938
19923
19923
19930
19922
19927
19923
19939
19945
19934
19947
19949
19950
19950
19972
19974
19976
19975
19980
19979
19979
20000
20006
20017
20013
20003
20002
20001
20010
20014
20016
20019
20031
20037
20044
20030
20037
20051
20050
20055
20051
20056
20053
20053
20051
20052
20054
20056
20054
20049
20057
20053
20059
20060
20060
20057
20050
20048
20066
20058
20070
20070
20103
20097
20095
20096
20101
20092
20089
20089
20078
20081
20081
20088
20088
20089
20095
20116
20131
20131
20147
20139
20165
20155
20157
20121
20120
20119
20110
20113
20109
20110
20111
20110
20110
20109
20108
20113
20115
20128
20128
20136
20136
20142
20144
20143
20153
20148
20149
20143
20140
20140
20146
20145
20145
20139
20142
20152
20147
20156
20172
20172
20173
20173
20176
20173
20167
20165
20166
20161
20168
20161
20170
20181
20183
20193
20195
20212
20232
20236
20251
20248
20247
20247
20250
20261
20257
20261
20260
20260
20262
20257
20257
20290
20287
20309
20313
20329
20327
20325
20333
20328
20316
20315
20315
20310
20299
20301
20297
20300
20302
20302
20302
20302
20302
20303
20348
20374
20382
20406
20418
20407
20415
20407
20413
20414
20416
20399
20397
20401
20398
20398
20401
20418
20416
20417
20415
20415
20411
20417
20415
20418
20438
20432
20427
20428
20435
20426
20435
20427
20436
20434
20432
20432
20429
20428
20428
20431
20443
20439
20440
20452
20446
20445
20448
20440
20440
20443
20447
20445
20448
20447
20444
20444
20447
20442
20451
20450
20449
20444
20446
20445
20452
20452
20456
20461
20477
20483
20499
20511
20519
20512
20514
20513
20521
20515
20523
20516
20544
20542
20547
20551
20541
20540
20549
20560
20561
20577
20578
20573
20572
20577
20577
20577
20578
20578
20581
20577
20575
20572
20579
20595
20618
20622
20619
20639
20658
20659
20667
20699
20698
20706
20739
20735
20741
20748
20758
20774
20777
20783
20799
20818
20831
20826
20839
20848
20862
20860
20859
20864
20878
20878
20875
20880
20887
20887
20879
20879
20884
20882
20878
20881
20898
20907
20946
20950
20973
20974
20972
20971
20971
20983
20988
20988
21008
21012
21014
21025
21021
21020
21019
21017
21017
21012
21011
21010
21003
21018
21017
21011
21020
21036
21039
21047
21048
21039
21048
21058
21068
21083
21076
21075
21081
21111
21114
21116
21137
21130
21124
21134
21145
21153
21164
21185
21187
21195
21196
21196
21194
21200
21197
21195
21192
21197
21190
21200
21201
21197
21198
21198
21198
21199
21200
21202
21187
21189
21199
21205
21209
21203
21212
21229
21245
21242
21257
21257
21267
21267
21267
21282
21291
21291
21310
21309
21311
21330
21328
21323
21341
21324
21333
21333
21333
21334
21334
21335
21337
21337
21337
21334
21336
21335
21337
21331
21259
21259
21259
21272
21272
21272
21272
21272
21285
21277
21269
21298
21299
21298
21299
21300
21300
21300
21298
21299
21299
21299
21300
21300
21300
21300
21300
21301
21301
21301
21301
21301
21322
21300
21300
21296
21297
21296
21296
21297
21297
21297
21297
21298
21298
21298
21298
21298
21299
21299
21299
21299
21299
21299
21299
21299
21301
21296
21297
21293
21294
21294
21294
21294
21295
21295
21294
21293
21294
21294
21294
21297
21298
21298
21298
21298
21298
21298
21298
21298
21304
21298
21298
21296
21296
21296
21296
21296
21296
21296
21296
21296
21296
21296
21296
21295
21296
21296
21296
21296
21296
21296
21296
21296
21304
21293
21295
21295
21296
21295
21295
21295
21293
21294
21294
21293
21293
21293
21293
21295
21296
21296
21296
21296
21296
21296
21296
21296
21308
21299
21300
21291
21292
21291
21291
21292
21292
21292
21292
21292
21293
21293
21294
21290
21291
21291
21291
21291
21291
21291
21291
21291
21304
21288
21287
21288
21289
21289
21289
21288
21289
21289
21289
21289
21289
21289
21289
21290
21291
21291
21291
21291
21291
21330
21326
21330
21342
21335
21339
21333
21333
21333
21329
21329
21329
21329
21331
21332
21327
21331
21331
21293
21294
21310
21310
21308
21309
21309
21309
21323
21336
21392
21396
21398
21413
21480
21479
21624
21665
21663
21701
21802
21802
21853
21911
21911
22087
22120
22118
22165
22228
22228
22439
22299
22288
22507
22506
22520
22551
22550
22442
22388
22393
22410
22404
22405
22555
22514
22515
22497
22544
22545
22644
22654
22653
22671
22697
22695
22666
22672
22660
22699
22693
22655
22772
22600
22602
22599
22598
22598
22598
22598
22598
22586
22586
22586
22586
22586
22586
22586
22586
22583
22573
22583
22810
22804
22804
22803
22801
22801
22799
22797
22797
22796
22796
22796
22796
22810
22810
22810
22810
22810
22808
22810
22812
22806
22808
22810
22814
22818
22818
22817
22818
22818
22819
22819
22818
22819
22818
22819
22819
22820
22820
22820
22820
22820
22820
22820
22820
22819
22823
22816
22814
22797
22797
22796
22795
22795
22795
22796
22796
22796
22796
22797
22797
22793
22793
22793
22793
22793
22793
22793
22793
22793
22794
22792
22788
22801
22801
22800
22801
22802
22801
22798
22798
22798
22798
22800
22800
22802
22802
22802
22802
22802
22802
22802
22802
22804
22807
22793
22796
22793
22793
22793
22794
22794
22794
22794
22794
22794
22794
22794
22796
22791
22791
22791
22791
22791
22791
22791
22791
22791
22809
22796
22802
22805
22803
22805
22804
22804
22804
22804
22804
22804
22804
22804
22804
22802
22802
22802
22799
22799
22799
22799
22799
22799
22807
22798
22798
22807
22808
22809
22809
22809
22808
22808
22808
22809
22807
22804
22805
22786
22786
22786
22786
22786
22786
22786
22786
22789
22788
22794
22793
22788
22788
22793
22793
22793
22793
22793
22793
22793
22793
22793
22793
22793
22793
22793
22793
22793
22793
22794
22794
22792
22801
22797
22804
22800
22800
22804
22804
22804
22803
22802
22802
22802
22802
22802
22802
22798
22798
22798
22798
22798
22798
22798
22798
22801
22804
22796
22793
22794
22794
22796
22796
22796
22797
22797
22797
22797
22797
22797
22797
22839
22839
22839
22839
22839
22839
22839
22833
22776
22812
22796
22798
22834
22832
22827
22827
22831
22831
22831
22831
22831
22831
22831
22831
22835
22835
22835
22835
22835
22833
22833
22832
22780
22811
22807
22809
22842
22841
22842
22840
22840
22841
22841
22841
22841
22841
22841
22841
22838
22838
22838
22838
22838
22838
22838
22823
22784
22782
22799
22802
22824
22822
22822
22823
22823
22823
22823
22823
22823
22823
22823
22823
22828
22828
22828
22828
22828
22828
22828
22827
22785
22792
22800
22810
22836
22836
22838
22838
22840
22842
22842
22842
22843
22843
22843
22843
22842
22842
22842
22842
22842
22843
22842
22841
22800
22788
22800
22800
22833
22832
22832
22832
22832
22832
22832
22832
22832
22832
22832
22832
22835
22835
22835
22835
22835
22835
22834
22833
22794
22778
22787
22790
22829
22828
22828
22828
22827
22827
22827
22827
22827
22827
22827
22827
22832
22832
22832
22832
22832
22832
22832
22828
22797
22783
22820
22823
22832
22832
22832
22832
22832
22832
22832
22832
22832
22832
22832
22832
22831
22831
22831
22831
22831
22831
22832
22830
22786
22792
22810
22815
22820
22820
22820
22820
22820
22820
22820
22820
22820
22820
22820
22820
22819
22819
22819
22819
22819
22819
22820
22819
22788
22796
22787
22788
22820
22820
22812
22811
22818
22818
22818
22818
22818
22819
22819
22819
22820
22820
22820
22820
22820
22820
22818
22817
22792
22766
22811
22812
22820
22820
22820
22818
22820
22820
22820
22820
22820
22820
22820
22821
22820
22820
22820
22820
22820
22820
22820
22820
22779
22787
22845
22838
22843
22843
22842
22841
22841
22842
22842
22842
22842
22842
22842
22842
22850
22850
22850
22850
22850
22850
22850
22850
22863
22856
22850
22850
22845
22845
22845
22845
22845
22845
22845
22845
22845
22844
22845
22845
22851
22851
22851
22851
22851
22851
22851
22850
22862
22857
22851
22851
22311
23321
23330
23345
23351
23350
23352
23348
23349
23346
23346
23346
23351
23351
23352
23352
23352
23344
23343
23343
23333
23349
23350
23350
23359
23359
23360
23360
23351
23355
23351
23336
23336
23335
23334
23334
23323
23323
23332
23332
23332
23332
23328
23329
23334
23329
23336
23338
23342
23350
23354
23352
23352
23350
23348
23348
23339
23327
23310
23286
23108
22920
22850
22842
22831
22832
22831
22832
22850
22836
22839
22836
22840
22840
22840
22841
22840
22840
22840
22840
22840
22840
22840
22840
22836
22836
22836
22836
22836
22836
22836
22836
22849
22841
22832
22830
22830
22830
22830
22830
22830
22829
22828
22828
22828
22829
22828
22828
22842
22842
22842
22842
22842
22842
22842
22843
22859
22847
22839
22839
22850
22850
22849
22849
22849
22849
22847
22847
22847
22847
22847
22847
22850
22850
22850
22850
22850
22850
22850
22850
22865
22860
22857
22857
22847
22847
22846
22846
22846
22845
22846
22845
22845
22845
22845
22845
22849
22849
22849
22849
22849
22849
22849
22848
22837
22850
22847
22843
22851
22851
22852
22852
22852
22852
22853
22853
22853
22853
22853
22853
22855
22855
22855
22855
22855
22855
22855
22854
22858
22859
22855
22855
22852
22852
22851
22851
22851
22851
22851
22851
22811
22811
22811
22811
22806
22806
22806
22806
22807
22807
22807
22808
22801
22801
22806
22803
22796
22796
22798
22798
22796
22795
22795
22794
22793
22793
22793
22793
22798
22798
22799
22799
22800
22800
22800
22797
22764
22781
22784
22782
22792
22792
22792
22791
22791
22791
22790
22790
22791
22791
22790
22790
22790
22790
22790
22790
22790
22789
22788
22788
22796
22795
22803
22804
22792
22792
22792
22792
22793
22793
22792
22790
22790
22790
22790
22790
22791
22791
22791
22791
22791
22791
22791
22792
22791
22773
22780
22778
22787
22787
22787
22787
22787
22787
22787
22787
22787
22787
22787
22787
22791
22791
22792
22792
22792
22792
22791
22793
22787
22785
22801
22800
22792
22792
22794
22794
22794
22794
22794
22794
22794
22794
22794
22794
22791
22791
22792
22792
22792
22792
22792
22791
22779
22815
22809
22809
22792
22792
22792
22792
22792
22792
22792
22792
22792
22792
22792
22792
22791
22791
22791
22791
22791
22791
22791
22793
22772
22792
22788
22789
22785
22784
22784
22786
22785
22785
22785
22785
22785
22785
22785
22785
22785
22785
22785
22786
22787
22787
22788
22787
22778
22776
22771
22770
22791
22791
22791
22793
22791
22791
22791
22791
22791
22791
22791
22791
22791
22791
22791
22791
22791
22791
22792
22792
22789
22780
22810
22809
22793
22793
22793
22792
22792
22792
22792
22792
22792
22792
22792
22792
22792
22792
22792
22792
22792
22792
22792
22793
22772
22774
22786
22788
22782
22782
22782
22782
22782
22782
22782
22782
22782
22782
22782
22782
22785
22785
22785
22785
22785
22785
22818
22824
22835
22830
22829
22828
22835
22835
22835
22835
22835
22835
22835
22835
22835
22835
22835
22835
22834
22834
22834
22834
22834
22834
22834
22835
22843
22843
22839
22839
22832
22831
22831
22831
22831
22831
22831
22831
22831
22831
22831
22831
22830
22830
22830
22830
22830
22830
22830
22831
22834
22832
22833
22834
22831
22831
22830
22829
22829
22829
22829
22829
22829
22829
22829
22829
22830
22830
22830
22830
22830
22830
22830
22829
22834
22834
22832
22833
22829
22829
22829
22829
22829
22829
22829
22829
22829
22829
22829
22829
22833
22833
23449
23455
23448
23440
23441
23437
23440
23455
23464
23465
23441
23438
23427
23380
23322
23266
23266
23243
23341
23373
23227
23263
23266
23335
23329
23366
23390
23379
23335
23344
23297
23262
23383
23263
23269
23329
23422
23441
23436
23437
23442
23441
23434
23433
23435
23435
23433
23437
23440
23430
23410
23365
23323
23281
23210
23281
23346
23345
23312
23244
23303
23339
23361
23380
23356
23352
23369
23388
23414
23427
23424
23430
23434
23434
23427
23423
23424
23421
23417
23411
23426
23428
23417
23410
23411
23412
23413
23411
23410
23411
23411
23413
23413
23412
23417
23414
23415
23415
23415
23415
23415
23412
23434
23421
23420
23421
23418
23418
23417
23417
23417
23417
23417
23417
23418
23418
23421
23419
23417
23424
23405
23409
23410
23400
23403
23405
23384
23394
23411
23421
23428
23450
23441
23444
23445
23441
23442
23443
23444
23445
23443
23443
23450
23450
23450
23450
23450
23450
23451
23469
23466
23453
23460
23460
23456
23456
23456
23456
23450
23457
23457
23457
23457
23446
23445
23444
23439
23439
23439
23438
23439
23439
23447
23453
23450
23449
23438
23436
23441
23429
23432
23433
23428
23428
23424
23423
23429
23439
23445
23445
23446
23447
23459
23459
23459
23458
23451
23441
23446
23448
23448
22844
22853
22853
22854
22853
22853
22852
22852
22854
22853
22853
22853
22852
22853
22853
22853
22853
22853
22853
22852
22865
22847
22845
22844
22845
22842
22842
22843
22841
22841
22841
22841
22841
22841
22841
22840
22839
22832
22832
22832
22831
22832
22832
22832
22842
22837
22841
22841
22842
22845
22845
22845
22845
22844
22844
22844
22843
22843
22843
22843
22843
22841
22841
22841
22841
22841
22842
22844
22858
22849
22847
22846
22846
22840
22840
22840
22840
22840
22840
22840
22840
22840
22840
22840
22840
22840
22840
22840
22840
