10083
10082
10082
10081
10063
10077
10086
10083
10085
10083
10083
10084
10086
10083
10083
10083
10085
10084
10084
10084
10086
10085
10085
10085
10086
10085
10085
10084
10072
10089
10086
10088
10088
10089
10089
10089
10089
10090
10090
10090
10090
10090
10090
10090
10090
10090
10090
10090
10090
10091
10091
10091
10086
10089
10092
10092
10092
10092
10093
10092
10093
10095
10095
10094
10094
10094
10094
10094
10094
10094
10094
10094
10094
10094
10093
10092
10093
10090
10087
10090
10089
10090
10089
10089
10089
10089
10089
10089
10089
10089
10089
10090
10089
10089
10089
10089
10089
10089
10088
10087
10089
10087
10088
10088
10087
10088
10088
10088
10088
10088
10088
10088
10088
10088
10088
10088
10088
10088
10088
10088
10088
10088
10087
10086
10089
10084
10087
10086
10086
10086
10086
10086
10086
10086
10087
10087
10087
10087
10087
10087
10087
10087
10087
10087
10087
10087
10087
10087
10084
10083
10087
10085
10087
10695
10694
10694
10699
10698
10691
10690
10690
10697
10696
10694
10697
10696
10696
10698
10698
10693
10695
10696
10691
10694
10691
10691
10694
10695
10696
10697
10697
10699
10699
10699
10699
10699
10699
10699
10699
10703
10703
10703
10704
10695
10681
10659
10649
10625
10325
10108
10079
10082
10085
10085
10086
10089
10091
10091
10091
10092
10089
10087
10087
10088
10087
10087
10087
10087
10085
10083
10094
10095
10099
10099
10097
10096
10095
10094
10094
10097
10098
10616
10616
10616
10616
10614
10615
10620
10625
10625
10623
10619
10619
10617
10624
10618
10619
10618
10618
10609
10671
10676
10678
10674
10669
10669
10669
10668
10669
10669
10669
10669
10669
10669
10669
10669
10669
10669
10671
10673
10674
10663
10646
10630
10574
10260
10161
10159
10157
10156
10155
10155
10155
10155
10155
10154
10154
10154
10154
10154
10156
10157
10163
10153
10153
10151
10151
10151
10151
10153
10157
10159
10163
10165
10165
10165
10165
10165
10166
10166
10166
10166
10166
10166
10166
10165
10164
10165
10165
10166
10167
10167
10167
10167
10167
10167
10167
10166
10166
10166
10166
10166
10166
10166
10167
10167
10167
10167
10167
10167
10170
10165
10165
10164
10165
10166
10166
10166
10166
10166
10166
10165
10165
10165
10165
10165
10165
10165
10165
10164
10165
10164
10165
10165
10166
10165
10166
10166
10166
10165
10165
10165
10165
10165
10165
10165
10165
10165
10165
10165
10165
10165
10165
10165
10165
10165
10165
10165
10159
10164
10166
10165
10164
10164
10164
10164
10164
10164
10164
10164
10164
10164
10164
10164
10164
10164
10164
10164
10164
10164
10164
10163
10162
10164
10164
10164
10164
10164
10164
10164
10164
10164
10164
10164
10164
10164
10164
10164
10164
10164
10164
10164
10164
10164
10164
10164
10161
10160
10164
10164
10164
10164
10164
10164
10164
10164
10164
10164
10164
10164
10164
10164
10164
10164
10164
10164
10164
10164
10164
10164
10154
10161
10164
10164
10165
10165
10165
10165
10165
10165
10165
10165
10165
10165
10165
10165
10165
10165
10165
10165
10165
10165
10165
10164
10158
10165
10164
10164
10164
10164
10164
10164
10164
10164
10164
10164
10164
10164
10164
10164
10171
10171
10171
10171
10171
10171
10171
10173
10174
10176
10173
10174
10174
10174
10174
10174
10174
10174
10174
10174
10174
10174
10174
10174
10174
10174
10174
10174
10174
10174
10174
10177
10174
10178
10176
10174
10173
10173
10174
10174
10175
10175
10175
10175
10175
10175
10175
10175
10175
10175
10175
10175
10175
10177
10177
10181
10175
10176
10179
10177
10176
10176
10176
10176
10176
10176
10176
10176
10176
10177
10177
10177
10177
10177
10177
10177
10177
10177
10177
10175
10174
10174
10177
10177
10176
10175
10175
10175
10175
10175
10175
10175
10175
10175
10175
10175
10175
10175
10175
10175
10175
10176
10176
10178
10173
10176
10174
10174
10174
10174
10174
10174
10175
10174
10175
10175
10175
10175
9925
10682
10684
10648
10615
10610
10627
10641
10682
10707
10717
10723
10714
10707
10708
10707
10707
10707
10706
10694
10648
10581
10421
10328
10213
10191
10190
10186
10193
10212
10213
10205
10213
10222
10222
10210
10235
10298
10366
10498
10594
10657
10705
10713
10670
10643
10678
10685
10705
10699
10685
10699
10699
10676
10649
10659
10681
10711
10708
10586
10442
10289
10242
10203
10243
10335
10320
10355
10397
10626
10697
10699
10712
10694
10697
10710
10719
10718
10718
10718
10707
10689
10676
10660
10569
10299
10210
10181
10175
10171
10166
10163
10164
10164
10164
10164
10164
10164
10164
10164
10164
10161
10159
10161
10161
10160
10155
10159
10158
10158
10158
10159
10159
10759
10755
10755
10754
10758
10765
10766
10767
10767
10771
10770
10770
10770
10770
10770
10766
10750
10754
10756
10776
10776
10788
10785
10785
10785
10790
10793
10793
10791
10792
10788
10180
10180
10180
10180
10180
10180
10180
10180
10180
10181
10176
10174
10176
10176
10176
10176
10176
10176
10176
10177
10177
10177
10177
10177
10177
10177
10177
10177
10177
10177
10177
10176
10772
10756
10761
10773
10770
10772
10771
10773
10774
10764
10766
10767
10765
10729
10688
10572
10403
10283
10244
10233
10233
10253
10250
10410
10519
10532
10684
10760
10720
10651
10697
10690
10669
10652
10648
10647
10674
10681
10693
10700
10701
10705
10664
10748
10772
10727
10728
10694
10630
10517
10403
10394
10390
10376
10408
10393
10352
10306
10278
10262
10255
10264
10286
10295
10279
10264
10224
10215
10194
10180
10221
10222
10317
10532
10652
10709
10751
10766
10685
10644
10680
10720
10714
10682
10645
10648
10646
10669
10681
10728
10722
10748
10750
10750
10750
10727
10717
10730
10725
10718
10717
10700
10689
10682
10666
10668
10641
10692
10701
10700
10689
10657
10645
10658
10738
10784
10782
10772
10760
10759
10760
10755
10762
10763
10766
10745
10730
10722
10722
10662
10309
10225
10192
10189
10186
10184
10184
10185
10186
10186
10187
10187
10187
10187
10186
10184
10180
10184
10184
10182
10181
10182
10182
10182
10182
10182
10182
10181
10181
10181
10181
10181
10181
10181
10179
10179
10180
10179
10179
10182
10178
10179
10177
10177
10177
10177
10176
10173
10172
10174
10174
10177
10178
10176
10176
10176
10176
10176
10176
10176
10176
10176
10177
10169
10177
10175
10178
10179
10181
10181
10181
10181
10181
10181
10181
10181
10184
10184
10184
10184
10184
10184
10184
10184
10184
10184
10185
10183
10184
10189
10189
10188
10187
10187
10187
10187
10187
10187
10187
10187
10187
10187
10187
10187
10187
10187
10187
10187
10187
10187
10187
10192
10187
10184
10184
10183
10182
10182
10183
10182
10182
10182
10183
10182
10182
10183
10184
10184
10184
10184
10184
10184
10184
10184
10184
10182
10189
10188
10186
10184
10184
10183
10183
10183
10183
10183
10183
10183
10183
10183
10183
10183
10183
10183
10183
10183
10183
10184
10185
10188
10187
10186
10186
10184
10184
10184
10184
10184
10184
10185
10185
10185
10185
10185
10185
10185
10185
10185
10185
10185
10185
10186
10186
10190
10188
10189
10187
10187
10186
10186
10186
10186
10186
10186
10186
10186
10186
10186
10186
10186
10186
10187
10187
10187
10187
10187
10184
10187
10184
10185
10184
10183
10182
10184
10184
10184
10184
10184
10184
10184
10184
10184
10184
10184
10184
10184
10184
10184
10184
10183
10184
10196
10183
10184
10185
10183
10182
10182
10182
10182
10182
10183
8966
10456
10472
10473
10456
10398
10365
10373
10362
10372
10338
10258
10205
10220
10207
10236
10325
10470
10577
10684
10703
10705
10740
10745
10744
10735
10724
10705
10672
10599
10499
10365
10245
10196
10203
10192
10196
10192
10201
10205
10222
10214
10242
10254
10275
10285
10279
10275
10275
10277
10269
10268
10271
10245
10224
10220
10226
10212
10205
10208
10217
10221
10245
10241
10241
10260
10326
10510
10760
10759
10765
10762
10757
10761
10760
10764
10753
10759
10760
10759
10756
10754
10759
10769
10685
10686
10678
10668
10692
10680
10688
10687
10579
10477
10358
10267
10197
10180
10180
10180
10180
10212
10282
10474
10593
10695
10688
10693
10691
10695
10689
10682
10677
10686
10685
10684
10684
10686
10686
10687
10688
10687
10686
10686
10680
10679
10671
10654
10629
10489
10095
10077
10077
10081
10077
10077
10078
10078
10078
10078
10079
10079
10079
10079
10080
10080
10080
10080
10080
10080
10080
10080
10080
10080
10080
10079
10080
10079
10079
10077
10078
10078
10078
10078
10078
10078
10078
10078
10078
10078
10078
10078
10078
10078
10078
10078
10078
10078
10078
10078
10079
10078
10079
10079
10080
10080
10080
10081
10081
10081
10082
10082
10081
10081
10081
10081
10081
10080
10080
10080
10080
10080
10080
10080
10080
10082
10081
10080
10081
10081
10081
10081
10082
10080
10081
10081
10081
10081
10081
10081
10081
10081
10081
10081
10081
10081
10081
10081
10081
10076
10080
10080
10081
10080
10080
10080
10080
10080
10080
10080
10080
10079
10079
10079
10079
10079
10079
10079
10079
10079
10079
10079
10080
10075
10080
10079
10078
10078
10078
10078
10078
10078
10078
10078
10078
10078
10078
10078
10078
10078
10078
10078
10078
10078
10078
10077
10083
10082
10085
10084
10085
10085
10085
10085
10085
10085
10085
10085
10085
10085
10085
10085
10085
10085
10085
10085
10085
10085
10085
10085
10085
10090
10085
10085
10085
10085
10085
10085
10085
10085
10085
10085
10085
10085
10085
10085
10085
10085
10085
10085
10085
10086
10082
10083
10088
10078
10077
10082
10080
10080
10080
10080
10080
10080
10183
10183
10183
10183
10183
10183
10183
10183
10183
10183
10183
10183
10183
10183
10187
10184
10766
10766
10769
10770
10770
10770
10770
10770
10770
10770
10770
10770
10770
10770
10770
10770
10769
10770
10770
10770
10770
10766
10776
10755
10758
10758
10758
10758
10758
10760
10760
10759
10758
10758
10758
10758
10759
10758
10758
10759
10760
10758
10758
10756
10757
10759
10758
10755
10761
10759
10759
10759
10758
10758
10758
10758
10758
10757
10757
10756
10758
10758
10758
10758
10758
10758
10758
10758
10758
10757
10763
10759
10757
10757
10757
10747
10734
10705
10664
10401
10179
10178
10176
10174
10172
10171
10170
10170
10169
10169
10169
10169
10169
10170
10173
10178
10180
10179
10180
10180
10182
10181
10181
10181
10181
10181
10182
10182
10182
10182
10182
10182
10182
10182
10182
10182
10182
10181
10183
10182
10185
10185
10185
10185
10186
10186
10186
10186
10186
10186
10186
10186
10186
10187
10185
10185
10186
10186
10186
10186
10186
10184
10180
10182
10184
10184
10184
10184
10184
10183
10181
10181
10181
10181
10181
10181
10181
10181
10181
10181
10181
10181
10181
10181
10181
10181
10173
10179
10180
10180
10180
10180
10180
10180
10180
10180
10180
10179
10178
10178
10179
10179
10179
10179
10179
10179
10179
10179
10179
10178
10173
10177
10178
10178
10178
10178
10179
10179
10179
10179
10179
10179
10179
10179
10179
10179
10179
10179
10179
10179
10179
10179
10179
10251
10252
10253
10251
10253
10255
10255
10255
10255
10256
10256
10256
10255
10250
10250
10249
10249
10249
10249
10249
10249
10243
10240
10238
10241
10244
10233
10242
10234
10234
10241
10241
10241
10243
10243
10238
10238
10238
10241
10241
10243
10243
10243
10243
10251
10262
10261
10274
10278
10291
10304
10312
10311
10316
10315
10313
10315
10319
10329
10335
10335
10331
10337
10338
10331
10331
10328
10318
10313
10316
10331
10334
10347
10332
10333
10339
10346
10343
10344
10338
10329
10327
10319
10317
10324
10337
10356
10338
10343
10350
10349
10349
10352
10340
10316
10310
10329
10328
10344
10344
10347
10357
10357
10358
10357
10361
10361
10361
10361
10361
10361
10361
10361
10361
10361
10361
10361
10361
10365
10366
10364
10363
10364
10360
10359
10357
10358
10358
10362
10365
10390
10398
10405
10428
10432
10457
10458
10473
10462
10438
10447
10465
10470
10486
10488
10506
10502
10495
10495
10485
10503
10506
10484
10498
10502
10501
10504
10502
10503
10505
10504
10506
10507
10497
10500
10483
10474
10479
10476
10491
10479
10481
10482
10479
10479
10477
10474
10474
10483
10485
10503
10518
10518
10527
10527
10533
10534
10534
10534
10534
10534
10536
10536
10537
10537
10534
10543
10566
10557
10557
10560
10558
10568
10569
10577
10574
10607
10606
10615
10618
10632
10625
10658
10658
10660
10662
10662
10657
10660
10652
10653
10658
10658
10663
10661
10661
10665
10664
10666
10666
10662
10675
10674
10676
10676
10678
10684
10708
10722
10713
10714
10727
10717
10716
10724
10718
10714
10716
10739
10742
10752
10748
10752
10752
10756
10747
10741
10742
10726
10716
10751
10745
10748
10746
10742
10739
10742
10746
10746
10746
10742
10687
10687
10697
10697
10695
10692
10693
10693
10693
10682
10701
10716
10712
10744
10747
10773
10793
10794
10828
10825
10824
10822
10826
10827
10829
10830
10813
10810
10805
10783
10802
10829
10821
10834
10834
10834
10835
10831
10831
10836
10837
10832
10844
10839
10837
10835
10837
10837
10837
10838
10843
10843
10830
10831
10832
10831
10832
10833
10832
10834
10836
10842
10854
10849
10860
10859
10857
10844
10834
10833
10842
10861
10858
10857
10856
10857
10856
10867
10867
10860
10860
10860
10865
10876
10861
10866
10865
10871
10873
10872
10893
10883
10891
10898
10911
10905
10906
10906
10908
10890
10893
10902
10899
10902
10897
10897
10900
10905
10905
10911
10911
10908
10911
10926
10932
10928
10930
10930
10871
10871
10871
10871
10871
10871
10871
10871
10871
10871
10871
10872
10873
10872
10872
10872
10873
10873
10874
10874
10887
10883
10886
10885
10885
10884
10883
10884
10883
10884
10886
10885
10884
10885
10885
10885
10885
10885
10885
10885
10886
10885
10885
10886
10886
10885
10885
10885
10885
10885
10885
10885
10885
10885
10885
10885
10885
10885
10886
10886
10886
10886
10886
10886
10886
10886
10886
10886
10888
10885
10885
10885
10884
10885
10885
10885
10885
10885
10885
10885
10885
10885
10885
10885
10885
10885
10885
10885
10885
10885
10885
10884
10889
10884
10884
10883
10883
10883
10883
10883
10883
10883
10883
10883
10883
10883
10883
10883
10883
10883
10883
10883
10883
10883
10883
10883
10886
10881
10881
10881
10881
10881
10880
10880
10880
10880
10880
10880
10880
10880
10880
10880
10891
10891
10891
10891
10891
10892
10892
10892
10925
10895
10888
10887
10888
10888
10888
10889
10889
10889
10889
10889
10889
10889
10889
10889
10889
10889
10889
10889
10889
10889
10889
10888
10918
10890
10890
10889
10888
10888
10888
10888
10888
10888
10888
10888
10888
10888
10888
10888
10889
10889
10889
10889
10889
10890
10891
10890
10910
10892
10889
10889
10889
10889
10889
10889
10890
10890
10890
10890
10890
10890
10890
10890
10890
10890
10890
11205
11205
11492
11501
11491
11510
11418
11142
11044
10988
10946
10899
10889
10923
10923
11000
11047
11128
11117
11102
11102
11074
11074
11100
11100
11100
11099
11099
11099
11102
11104
11103
11103
11103
11103
11103
11103
11103
11103
11103
11103
11103
11103
11103
11103
11103
11103
11103
11104
11100
11098
11089
11089
11091
11078
11056
10937
10905
10887
10886
10886
10884
10883
10883
10884
10660
11491
11482
11482
11482
11482
11490
11484
11489
11469
11458
11388
11395
11412
11432
11478
11477
11459
11463
11495
11491
11492
11493
11493
11478
11464
11432
11366
11373
11423
11405
11393
11354
11370
11367
11393
11431
11429
11428
11406
11356
11338
11337
11382
11389
11388
11380
11409
11417
11407
11392
11397
11328
11330
11338
11402
11436
11481
11481
11482
11480
11483
11486
11485
11483
11482
11469
11459
11426
11166
10933
10899
10892
10891
10888
10888
10887
10887
10886
10888
10888
10888
10888
10888
10897
10883
10884
10888
10889
10889
10888
10889
10889
10889
10889
10889
10889
10889
10889
10889
10888
10888
10888
10888
10889
10890
10888
10897
10897
10903
10919
10919
10919
10919
10919
10919
10919
10919
10919
10919
10919
10919
10919
10919
10919
10919
10918
10919
10919
10919
10919
10923
10919
10919
10919
10919
10919
10919
10919
11488
11488
11488
11488
11488
11492
11491
11491
11491
11507
11508
11514
11515
11529
11518
11524
11527
11515
11503
11512
11509
11518
11517
11515
11516
11516
11516
11516
11513
11513
11512
11518
11518
11518
11520
11520
11504
11515
11516
11515
11536
11517
11513
11513
11513
11514
11514
11513
11504
11510
11510
11509
11498
11487
11485
11471
11471
11475
11475
11475
11488
11488
11479
11459
11433
11372
11343
11349
11365
11358
11317
11316
11299
11331
11349
11376
11379
11360
11332
11332
11314
11296
11373
11331
11348
11333
11353
11405
11452
11455
11451
11443
11432
11432
11432
11434
11418
11406
11369
11394
11379
11368
11326
11314
11321
11325
11325
11325
11319
11319
11307
11302
11348
11337
11321
11320
11323
11315
11307
11301
11289
11295
11289
11289
11292
11302
11319
11319
11320
11317
11312
11311
11304
11297
11287
11275
11180
10998
10967
10949
10940
10933
10928
10928
10929
10928
10928
10929
10929
10929
10929
10929
10929
10929
10929
10929
10929
10929
10929
10929
10939
10964
10963
10953
10944
10939
10943
10949
10948
10958
10958
10958
10960
10958
10979
10974
10973
10972
10966
10945
10945
10946
10958
10961
10977
10963
10972
10984
10990
11000
10992
11003
11008
11011
11013
11012
11011
11004
11010
11007
11012
11013
11013
11018
11017
11016
11015
11037
11025
11044
11042
11041
11041
11045
11045
11042
11044
11042
11042
11042
11042
11106
11106
11106
11106
11106
11106
11108
11097
11093
11105
11101
11116
11113
11110
11106
11106
11105
11108
11108
11108
11108
11101
11101
11107
11107
11106
11107
11109
11108
11108
11115
11109
11105
11102
11102
11104
11107
11113
11118
11134
11124
11112
11112
11114
11118
11120
11119
11119
11118
11119
11138
11134
11132
11137
11137
11137
11137
11134
11137
11148
11146
11148
11142
11142
11142
11142
11142
11142
11143
11156
11165
11157
11160
11160
11162
11162
11163
11163
11164
11164
11165
11159
11157
11164
11160
11159
11163
11167
11165
11177
11177
11177
11178
11177
11166
11167
11165
11165
11168
11171
11180
11182
11175
11181
11182
11173
11175
11182
11183
11180
11178
11182
11183
11182
11175
11177
11178
11177
11177
11189
11191
11219
11220
11217
11229
11238
11223
11233
11235
11229
11252
11261
11270
11284
11282
11283
11280
11282
11300
11298
11310
11324
11325
11338
11347
11344
11346
11344
11345
11348
11347
11348
11350
11345
11345
11361
11347
11348
11358
11355
11353
11355
11356
11362
11368
11363
11373
11375
11363
11366
11365
11366
11367
11367
11367
11367
11367
11368
11371
11333
11369
11377
11376
11377
11377
11376
11376
11376
11376
11375
11373
11369
11368
11374
11376
11368
11373
11374
11377
11377
11373
11375
11378
11329
11366
11368
11361
11368
11359
11361
11366
11367
11364
11364
11369
11359
11367
11363
11363
11370
11369
11364
11363
11364
11365
11380
11385
11361
11388
11386
11383
11371
11369
11380
11378
11379
11374
11375
11375
11376
11376
11377
11385
11386
11386
11389
11387
11392
11392
11398
11314
11338
11326
11328
11333
11337
11337
11337
11338
11344
11336
11344
11351
11339
11347
11347
11349
11347
11347
11349
11343
11334
11346
11338
11338
11344
11338
11336
11337
11334
11339
11340
11353
11357
11374
11374
11375
11380
11375
11380
11373
11396
11401
11414
11416
11417
11417
11415
11422
11422
11415
11409
11408
11407
11409
11407
11409
11410
11410
11408
11410
11409
11424
11422
11436
11430
11422
11421
11423
11441
11455
11457
11454
11491
11471
11469
11469
11466
11476
11497
11497
11501
11493
11495
11503
11504
11496
11505
11505
11500
11508
11506
11498
11498
11507
11501
11506
11514
11496
11503
11502
11502
11506
11509
11528
11537
11538
11533
11542
11558
11566
11567
11563
11575
11570
11597
11595
11610
11608
11620
11618
11625
11634
11649
11658
11656
11664
11673
11686
11692
11695
11702
11707
11711
11699
11696
11700
11692
11692
11705
11710
11708
11713
11711
11715
11739
11716
11724
11719
11721
11723
11723
11722
11721
11721
11715
11717
11716
11716
11714
11718
11718
11720
11720
11720
11728
11735
11739
11765
11771
11770
11785
11788
11802
11797
11794
11794
11800
11811
11844
11843
11845
11845
11850
11843
11842
11842
11842
11842
11842
11842
11842
11842
11785
11777
11778
11778
11778
11779
11779
11779
11779
11780
11780
11779
11779
11779
11779
11779
11776
11775
11775
11775
11775
11775
11775
11775
11773
11776
11777
11775
11775
11775
11774
11774
11775
11775
11775
11775
11775
11775
11775
11775
11775
11775
11775
11775
11775
11775
11774
11773
11767
11774
11773
11774
11773
11773
11772
11773
11773
11772
11772
11772
11772
11772
11772
11772
11772
11772
11772
11772
11772
11772
11772
11772
11767
11769
11773
11773
11772
11772
11771
11771
11771
11771
11771
11771
11771
11771
11771
11771
11771
11771
11771
11771
11771
11771
11771
11770
11769
11768
11770
11770
11770
11770
11770
11770
11770
11770
11770
11770
11770
11759
11759
11759
11759
11759
11759
11759
11759
11759
11770
11770
11767
11766
11770
11770
11772
11762
11762
11762
11762
11762
11762
11762
11762
11762
11762
11762
11762
11762
11762
11762
11762
11762
11772
11773
11773
11768
11772
12382
12373
12376
12375
12375
12369
12369
12359
12362
12364
12368
12365
12366
12365
12360
12360
12360
12368
12370
12367
12366
12366
12361
12363
12360
12358
12364
12357
12360
12363
12353
12353
12353
12353
12356
12356
12351
12352
12363
12350
12351
12358
12359
12360
12361
12197
11914
11778
11888
12133
12343
12368
12344
12339
12351
12357
12048
11872
12391
12385
12368
12381
12381
12385
12380
12380
12379
12379
12369
12360
12346
12322
12290
11902
11784
11766
11766
11766
11769
11769
11770
11769
11769
11769
11769
11769
11769
11769
11769
11769
11769
11769
11769
11856
11825
11822
11804
11814
11820
11840
11888
11926
11947
11987
12137
12230
12376
12350
12295
12339
12354
12378
12380
12386
12391
12385
12326
12345
12290
12291
12338
12349
12324
12280
12070
12004
11967
11927
11923
11960
11967
11974
11953
11969
11991
11984
11992
11978
11978
11977
11967
11986
11964
11945
11829
11792
11789
11789
11788
11787
11786
11830
11828
11824
11824
11825
11824
11833
11840
11838
11815
11813
11813
11812
11843
11845
11799
11812
11834
11850
11898
11901
11929
11958
11966
12000
12015
12005
12005
12021
12023
12049
12023
11999
11998
11997
11996
12009
12055
12045
12060
12047
12065
12062
12057
12033
12037
12029
12034
12030
12033
12026
12026
12025
12030
12028
12029
12029
12029
12026
12036
12036
12054
12029
12025
12032
12033
12030
12026
12036
12050
12052
12053
12057
12058
12065
12066
12066
12066
12065
12059
12062
12062
12062
12058
12067
12093
12059
12055
12082
12096
12093
12050
12057
12070
12085
12085
12072
12077
12064
12076
12075
12076
12085
12089
12089
12082
12082
12085
12086
12118
12077
12080
12082
12080
12081
12081
12086
12087
12083
12093
12104
12109
12113
12121
12119
12122
12120
12134
12137
12136
12141
12148
12147
12171
12151
12157
12160
12160
12161
12161
12161
12162
12162
12162
12162
12162
12162
12162
12162
12162
12162
12162
12162
12162
12095
12085
12100
12144
12090
12080
12081
12081
12080
12080
12084
12081
12080
12085
12081
12083
12084
12084
12083
12083
12082
12083
12083
12084
12084
12086
12083
12120
12083
12081
12078
12077
12077
12077
12077
12077
12077
12077
12076
12081
12082
12086
12086
12082
12077
12079
12081
12078
12078
12082
12083
12105
12073
12076
12074
12075
12075
12075
12075
12075
12080
12079
12081
12084
12084
12087
12088
12086
12086
12086
12086
12080
12080
12080
12081
12112
12080
12077
12076
12081
12081
12080
12077
12079
12079
12078
12080
12080
12079
12076
12076
12075
12075
12075
12075
12073
12075
12076
12077
12179
12155
12154
12150
12153
12155
12272
12265
12271
12263
12265
12271
12277
12271
12277
12269
12265
12264
12263
12264
12264
12264
12267
12272
12281
12290
12288
12297
12295
12301
12293
12299
12299
12299
12299
12302
12301
12302
12312
12308
12310
12319
12316
12319
12322
12318
12321
12322
12339
12334
12339
12343
12345
12346
12348
12349
12345
12352
12366
12369
12369
12367
12372
12372
12368
12376
12379
12389
12371
12371
12352
12352
12364
12351
12351
12349
12317
12316
12319
12318
12318
12338
12385
12392
12395
12393
12386
12388
12388
12409
12409
12411
12421
12423
12426
12437
12434
12440
12433
12434
12449
12452
12440
12440
12440
12441
12441
12441
12442
12442
12443
12442
12443
12452
12457
12455
12455
12461
12456
12464
12466
12460
12453
12455
12451
12452
12454
12463
12471
12476
12481
12482
12482
12482
12484
12478
12480
12480
12484
12473
12469
12469
12468
12476
12485
12479
12476
12479
12479
12479
12483
12479
12470
12483
12492
12495
12510
12510
12511
12507
12507
12503
12497
12492
12488
12492
12495
12495
12500
12493
12491
12489
12489
12483
12483
12484
12492
12506
12508
12516
12518
12514
12522
12541
12537
12541
12556
12547
12533
12553
12565
12569
12588
12567
12564
12573
12576
12581
12586
12602
12599
12605
12604
12608
12608
12609
12605
12606
12607
12604
12604
12602
12602
12602
12602
12602
12587
12599
12614
12624
12620
12643
12641
12644
12658
12661
12667
12679
12672
12677
12676
12697
12702
12699
12718
12747
12744
12741
12741
12741
12745
12740
12751
12747
12750
12749
12750
12742
12744
12744
12743
12749
12752
12756
12766
12791
12737
12745
12744
12756
12773
12770
12781
12786
12827
12809
12803
12814
12821
12812
12809
12825
12844
12845
12841
12849
12857
12856
12862
12877
12884
12892
12884
12884
12883
12900
12910
12910
12948
12909
12910
12910
12910
12910
12905
12905
12905
12905
12905
12920
12933
12941
12949
12959
12970
12983
12987
12986
12990
12981
12983
12984
12990
13031
13026
13034
13033
13037
13034
13034
13034
13036
13034
13037
13038
13037
13037
13037
13037
13037
13037
13037
13037
12974
12974
12974
12967
12959
12961
12959
12960
12960
12961
12961
12961
12960
12959
12959
12959
12958
12957
12958
12959
12961
12960
12960
12960
12959
12961
12963
12992
12973
12967
12962
12964
12961
12960
12961
12961
12962
12962
12962
12962
12962
12962
12961
12963
12963
12963
12963
12963
12962
12965
12966
12979
12971
12966
12963
12962
12962
12961
12962
12962
12963
12962
12962
12962
12960
12959
12959
12959
12959
12959
12959
12959
12961
12961
12959
12981
12966
12965
12961
12961
12960
12961
12961
12961
12961
12961
12961
12961
12961
12961
12961
12962
12962
12962
12962
12962
12961
12962
12960
12987
12967
12961
12962
12962
12962
12962
12962
12962
12962
12963
12963
12963
12963
12963
12963
12963
12963
12963
12963
12962
12962
12962
12963
12970
12963
12962
12960
12961
12961
12961
12961
12961
12961
12961
12961
12961
12961
12960
12960
12960
12960
12960
12960
12960
12960
12961
12963
12966
12970
12963
12962
12961
12959
12959
12959
12958
12958
12958
12958
12958
12960
12960
12960
12960
12960
12960
12960
12960
12960
12960
12958
12961
12947
13026
13024
13030
13028
13024
13015
13027
13018
13015
13028
13021
13018
13020
13020
13020
13022
13022
13029
13021
13021
13031
13021
13032
13029
12997
13017
12885
13494
13510
13513
13499
13484
13482
13504
13547
13583
13570
13553
13517
13435
13377
13354
13281
13252
13174
13137
13150
13162
13130
13102
13117
13128
13089
13088
13110
13147
13156
13202
13331
13449
13457
13518
13520
13480
13463
13468
13473
13457
13455
13470
13452
13470
13456
13437
13413
13352
13089
13025
13006
13002
12992
12980
12980
12982
12983
12997
13020
13036
13031
13030
13033
13031
13036
13037
13050
13038
13040
13032
13040
13036
13035
13022
13020
13022
13026
13023
13022
13014
13018
13018
13017
13022
13020
13017
13017
13018
13015
13021
13034
13015
13014
13016
13020
13025
13025
13020
13021
13025
13012
13021
13022
13017
13017
13018
13027
13023
13023
13023
13025
13025
13025
13024
13037
13023
13023
13023
13022
13027
13027
13027
13027
13027
13024
13024
13020
13020
13020
13020
13020
13020
13017
13029
13026
13058
13072
13068
13085
13065
13064
13067
13057
13051
13044
13043
13046
13047
13045
13046
13043
13050
13051
13065
13096
13115
13113
13114
13109
13115
13110
13113
13107
13102
13100
13100
13102
13104
13102
13102
13099
13102
13099
13103
13103
13102
13099
13096
13097
13097
13106
13107
13107
13105
13106
13109
13111
13110
13112
13115
13123
13132
13135
13137
13137
13129
13122
13129
13127
13128
13127
13128
13134
13134
13134
13134
13133
13145
13144
13163
13165
13150
13144
13141
13147
13150
13150
13150
13145
13146
13143
13142
13197
13197
13197
13197
13199
13199
13198
13198
13198
13197
13198
13219
13204
13203
13196
13196
13197
13197
13197
13197
13198
13198
13198
13198
13194
13194
13194
13194
13201
13200
13204
13219
13226
13233
13234
13227
13230
13227
13230
13223
13222
13219
13216
13216
13215
13216
13217
13246
13255
13265
13273
13281
13281
13292
13306
13307
13311
13310
13309
13328
13313
13316
13316
13314
13312
13309
13312
13312
13314
13316
13316
13316
13316
13315
13313
13316
13321
13337
13340
13338
13338
13334
13330
13351
13342
13336
13349
13343
13351
13356
13366
13359
13365
13367
13371
13370
13371
13381
13389
13386
13388
13393
13391
13388
13388
13390
13390
13398
13394
13381
13383
13389
13387
13388
13388
13387
13387
13384
13386
13382
13382
13383
13385
13385
13393
13392
13321
13321
13321
13321
13321
13318
13315
13312
13313
13311
13311
13311
13311
13312
13312
13312
13912
13915
13926
13920
13922
13918
13811
13843
13876
13910
13912
13910
13908
13916
13905
13880
13890
13895
13909
13911
13907
13876
13862
13885
13884
13890
13899
13889
13892
13893
13921
13921
13921
13894
13864
13822
13861
13856
13879
13893
13623
13605
13505
13506
13501
13499
13493
13480
13455
13359
13324
13321
13319
13314
13315
13316
13316
13316
13316
13317
13316
13310
12076
13493
13490
13490
13486
13474
13464
13460
13480
13480
13493
13479
13482
13455
13498
13537
13569
13600
13595
13571
13547
13547
13543
13534
13487
13362
13329
13329
13326
13324
13325
13325
13325
13325
13324
13323
13323
13321
13321
13322
13322
13369
13390
13394
13390
13395
13321
13320
13322
13321
13328
13329
13325
13330
13329
13330
13328
13329
13326
13332
13325
13328
13330
13332
13333
13335
13333
13330
13340
13358
13359
13373
13369
13375
13389
13384
13399
13402
13406
13413
13420
13423
13419
13431
13471
13466
13480
13480
13478
13470
13472
13473
13472
13474
13475
13482
13478
13477
13477
13486
13480
13478
13480
13474
13483
13482
13501
13498
13505
13514
13517
13536
13535
13539
13550
13559
13565
13569
13579
13623
13592
13591
13606
13604
13616
13628
13626
13636
13639
13639
13658
13664
13666
13676
13680
13680
13682
13668
13677
13679
13682
13682
13687
13737
13709
13700
13706
13703
13714
13699
13700
13709
13709
13709
13711
13711
13704
13705
13709
13714
13716
13712
13734
13742
13744
13758
13780
13811
13794
13780
13776
13785
13780
13802
13821
13833
13845
13831
13843
13846
13846
13846
13846
13846
13846
13846
13846
13846
13854
13857
13854
13921
13878
13877
13861
13849
13848
13856
13787
13862
13858
13860
13854
13859
13857
13854
13853
13866
13871
13875
13870
13875
13871
13872
13862
13899
13873
13874
13875
13878
13878
13889
13888
13888
13888
13874
13874
13892
13905
13909
13913
13903
13903
13914
13914
13909
13907
13906
13899
13937
13914
13916
13915
13914
13909
13915
13922
13924
13924
13922
13922
13923
13922
13927
13924
13924
13925
13925
13926
13927
13929
13931
13925
13954
13941
13956
13966
13969
13964
13967
13979
13986
13988
13975
13975
13981
13980
13977
13986
13981
13972
13978
13974
13971
13965
13963
13959
14002
13946
13946
13946
13951
13992
14014
14014
14022
14041
14044
14057
14069
14066
14066
14056
14058
14064
14067
14067
14066
14068
14066
14069
14094
14078
14072
14073
14072
14066
14070
14073
14071
14071
14071
14073
14073
14080
14097
14093
14097
14098
14101
14113
14123
14127
14135
14133
14158
14151
14162
14152
14159
14175
14172
14172
14182
14185
14195
14204
14210
14217
14219
14231
14233
14240
14241
14249
14255
14254
14253
14242
14263
14259
14263
14264
14278
14275
14275
14271
14278
14281
14285
14281
14279
14276
14284
14281
14277
14283
14284
14284
14297
14309
14318
14328
14370
14333
14361
14362
14356
14353
14349
14354
14368
14396
14404
14404
14401
14399
14397
14398
14399
14400
14399
14398
14400
14399
14396
14398
14431
14420
14420
14417
14414
14421
14417
14431
14428
14429
14430
14435
14434
14433
14433
14432
14432
14432
14432
14436
14435
14462
14456
14455
14493
14460
14461
14457
14458
14447
14454
14455
14456
14454
14452
14446
14449
14456
14456
14454
14454
14461
14464
14482
14494
14494
14496
14495
14485
14468
14456
14463
14464
14461
14466
14466
14468
14492
14504
14535
14537
14539
14540
14540
14542
14549
14545
14542
14535
14537
14539
14534
14573
14536
14528
14517
14519
14538
14535
14542
14551
14544
14544
14546
14547
14547
14544
14546
14546
14550
14552
14561
14595
14594
14590
14592
14611
14578
14562
14573
14577
14580
14579
14588
14605
14618
14626
14641
14647
14660
14664
14665
14665
14673
14670
14673
14675
14672
14677
14678
14676
14661
14670
14664
14663
14662
14666
14663
14663
14661
14666
14666
14666
14667
14666
14666
14665
14665
14665
14585
14597
14609
14658
14703
14710
14709
14705
14705
14710
14708
14705
14705
14707
14702
14704
14703
14702
14702
14707
14708
14707
14709
14709
14711
14712
14718
14721
14739
14742
14761
14770
14774
14778
14777
14781
14781
14799
14800
14814
14815
14816
14814
14836
14832
14849
14847
14848
14849
14858
14858
14856
14861
14859
14864
14863
14862
14860
14863
14865
14863
14862
14862
14862
14862
14861
14783
14783
14783
14782
14782
14781
14781
14780
14781
14781
14783
14790
14779
15396
15389
15392
15396
15394
15389
15400
15400
15400
15400
15397
15397
15399
15400
15394
15394
15394
15394
15394
15394
15381
15364
15356
15298
15153
14828
14804
14797
14793
14798
14795
14796
14799
14801
14804
14804
14805
14807
14809
14808
14807
14810
14809
14809
14810
14810
14795
14795
14792
14792
15398
15396
15396
15393
15383
15399
15397
15382
15382
15384
15386
15388
15388
15388
15388
15388
15388
15388
15386
15386
15403
15393
15393
15395
15395
15393
15394
15393
15393
15394
15394
15390
15390
15390
15390
15390
15389
15389
15389
15389
15388
15388
15388
15389
15405
15399
15395
15397
15395
15409
15407
15407
15405
15405
15406
15407
15408
15408
15408
15408
15408
15402
15402
15402
15392
15378
15362
15350
15324
14921
14799
14786
14786
14787
14790
14794
14793
14794
14794
14794
14795
14795
14797
14798
14798
14864
14865
14865
14870
14866
14866
14866
14856
14848
14843
14846
14844
14846
14849
14847
14846
14847
14845
14845
14845
14845
14845
14850
14846
14843
14842
14845
14842
14845
14842
14852
14854
14849
14846
14847
14851
14866
14866
14870
14870
14870
14863
14863
14863
14865
14866
14868
14868
14869
14864
14867
14867
14866
14866
14864
14866
14869
14870
14866
14870
14872
14874
14869
14869
14872
14872
14876
14875
14900
14893
14929
14933
14937
14937
14932
14926
14926
14931
14963
14970
14977
14984
14987
14987
14990
14989
14989
14988
14988
15000
15000
15009
15021
15030
15047
15041
15046
15048
15054
15054
15040
15044
15057
15044
15045
15045
15040
15035
15040
15041
15046
15056
15057
15058
15048
15045
15048
15060
15059
15060
15058
15058
15059
15055
15058
15065
15087
15063
15058
15055
15055
15055
15057
15058
15057
15050
15054
15055
15055
15053
15056
15057
15058
15058
15059
15064
15078
15078
15078
15078
15103
15086
15085
15084
15086
15083
15085
15090
15090
15089
15089
15088
15089
15087
15087
15098
15099
15111
15111
15112
15107
15111
15114
15111
15111
15102
15107
15106
15108
15108
15114
15109
15107
15114
15113
15112
15112
15112
15110
15114
15114
15112
15106
15112
15110
15111
15110
15110
15104
15107
15109
15111
15112
15110
15114
15115
15112
15110
15112
15112
15116
15116
15114
15117
15117
15119
15109
15114
15109
15112
15113
15116
15115
15110
15108
15111
15111
15117
15122
15146
15142
15156
15165
15165
15162
15167
15178
15198
15205
15210
15207
15212
15213
15222
15216
15217
15234
15210
15209
15214
15207
15215
15221
15213
15213
15214
15213
15213
15219
15224
15232
15233
15233
15233
15230
15238
15256
15264
15264
15261
15284
15270
15263
15259
15259
15264
15262
15271
15283
15287
15284
15287
15285
15292
15295
15293
15374
15376
15373
15378
15378
15366
15365
15375
15309
15364
15363
15360
15359
15363
15367
15386
15387
15409
15411
15411
15403
15401
15403
15400
15394
15389
15384
15392
15392
15388
15390
15390
15405
15446
15444
15453
15455
15455
15454
15451
15457
15452
15452
15457
15456
15454
15454
15455
15455
15455
15459
15459
15459
15463
15469
15472
15469
15484
15476
15476
15481
15477
15480
15484
15478
15479
15480
15486
15505
15504
15508
15517
15497
15494
15490
15493
15493
15497
15496
15508
15521
15541
15545
15559
15582
15584
15591
15592
15574
15582
15589
15594
15593
15589
15594
15589
15591
15598
15594
15626
15629
15632
15651
15657
15669
15656
15644
15648
15658
15641
15633
15633
15630
15624
15635
15634
15634
15635
15633
15704
15714
15744
15753
15749
15742
15719
15744
15746
15743
15742
15748
15751
15757
15748
15751
15750
15748
15753
15753
15750
15750
15747
15749
15748
15748
15757
15757
15757
15756
15756
15758
15758
15750
15766
15779
15802
15842
15850
15896
15905
15940
15953
15950
15952
15957
15957
15954
15954
15959
15963
15963
15959
15963
15965
15967
15957
15960
15960
15963
15959
15959
15965
15968
15966
15966
15966
15970
15969
15968
15965
15967
15964
15972
15990
15989
16007
16008
16008
16008
16013
16026
16032
16032
16029
16038
16039
16042
16043
16057
16059
16062
16062
16075
16079
16101
16104
16105
16104
16104
16107
16107
16105
16102
16108
16127
16109
16113
16112
16104
16098
16096
16096
16095
16094
16092
16083
16084
16070
16071
16072
16073
16074
16071
16071
16066
16066
16063
16065
16072
16067
16053
16053
16061
16061
16061
16061
16068
16072
16066
16068
16071
16069
16071
16063
16061
16065
16071
16068
16072
16073
16073
16068
16060
16079
16078
16073
16073
16073
16077
16075
16075
16082
16075
16077
16075
16086
16162
16644
16634
16776
16795
16815
16806
16950
17157
17297
17420
17683
17874
17923
17984
18066
17871
18126
18157
18082
18217
18218
18221
18243
18341
18154
18162
18383
18299
18312
18327
18337
18422
18504
18371
18359
18441
18351
18526
18518
18271
18347
18347
18346
18346
18346
18346
18346
18341
18341
18341
18341
18341
18341
18341
18340
18339
18340
18342
18170
18159
18162
18162
18162
18162
18162
18162
18160
18158
18327
18327
18333
18321
18321
18319
18319
18319
18322
18322
18322
18322
18322
18329
18320
18318
18319
18319
18319
18319
18319
18319
18289
18291
18291
18291
18290
18290
18290
18290
18290
18291
18291
18291
18291
18291
18291
18311
18297
18299
18300
18296
18295
18298
18298
18297
18298
18298
18297
18295
18370
18371
18371
18371
18374
18371
18368
18370
18367
18366
18366
18377
18367
18362
18363
18363
18364
18364
18361
18365
18366
18363
18364
18362
18366
18367
18373
18378
18410
18404
18407
18413
18404
18396
18395
18426
18402
18401
18402
18399
18402
18401
18401
18430
18432
18462
18462
18473
18473
18471
18470
18476
18471
18480
18468
18468
18468
18468
18474
18481
18475
18492
18494
18493
18496
18487
18490
18490
18501
18501
18492
18498
18499
18492
18507
18510
18530
18529
18531
18525
18523
18518
18508
18540
18510
18521
18540
18534
18550
18564
18563
18575
18574
18594
18599
18538
18539
18529
18538
18535
18537
18543
18543
18549
18550
18539
18547
18569
18549
18550
18549
18555
18547
18563
18565
18564
18568
18577
18579
18574
18576
18576
18576
18583
18580
18594
18599
18601
18600
18594
18600
18622
18599
18593
18591
18589
18594
18601
18600
18601
18596
18599
18596
18596
18595
18598
18603
18602
18602
18604
18605
18619
18616
18618
18624
18641
18652
18646
18663
18663
18663
18662
18660
18660
18660
18663
18675
18681
18680
18683
18688
18685
18688
18687
18678
18696
18696
18707
18713
18712
18707
18704
18705
18707
18712
18711
18710
18711
18713
18705
18713
18713
18713
18709
18709
18709
18710
18731
18742
18744
18750
18752
18743
18767
18780
18769
18779
18785
18789
18800
18806
18821
18825
18819
18824
18838
18839
18850
18849
18866
18882
18881
18886
18902
18903
18909
18895
18915
18906
18925
18924
18926
18924
18922
18928
18919
18925
18928
18926
18928
18920
18922
18925
18923
18923
18922
18923
18928
18940
18944
18972
18993
18983
18997
19020
19018
19052
19048
19047
19061
19063
19090
19108
19117
19115
19107
19129
19132
19132
19151
19163
19163
19180
19173
19181
19189
19195
19200
19203
19231
19227
19206
19192
19181
19189
19201
19205
19211
19212
19213
19212
19209
19218
19222
19222
19226
19254
19268
19256
19260
19256
19252
19252
19253
19252
19259
19256
19257
19262
19262
19263
19265
19266
19274
19276
19287
19297
19308
19312
19309
19316
19328
19330
19344
19350
19354
19360
19353
19368
19377
19383
19399
19399
19434
19446
19446
19463
19491
19491
19509
19493
19489
19479
19477
19478
19515
19540
19538
19555
19555
19554
19558
19558
19559
19558
19557
19557
19561
19561
19562
19562
19562
19554
19559
19550
19562
19559
19557
19552
19549
19558
19557
19552
19557
19555
19559
19553
19552
19557
19553
19551
19555
19555
19554
19553
19553
19549
19548
19552
19549
19548
19548
19548
19550
19557
19562
19561
19592
19590
19600
19601
19607
19603
19608
19628
19621
19633
19633
19633
19633
19633
19640
19636
19635
19630
19634
19640
19640
19653
19649
19647
19642
19660
19665
19668
19665
19666
19669
19670
19689
19697
19710
19705
19705
19703
19699
19707
19711
19713
19719
19727
19733
19745
19736
19741
19740
19733
19740
19744
19746
19741
19745
19740
19740
19744
19745
19743
19740
19745
19737
19745
19745
19745
19741
19734
19735
19758
19741
19758
19753
19781
19781
19783
19783
19790
19781
19781
19777
19768
19774
19774
19774
19774
19775
19780
19802
19813
19816
19832
19824
19851
19832
19832
19833
19827
19831
19825
19829
19823
19827
19827
19822
19820
19821
19820
19821
19824
19836
19833
19841
19843
19845
19849
19849
19865
19848
19852
19856
19851
19851
19860
19862
19862
19852
19858
19863
19862
19874
19888
19888
19888
19888
19888
19881
19884
19875
19875
19872
19895
19877
19887
19901
19903
19917
19917
19933
19950
19953
19972
19968
19965
19964
19967
19977
19970
19976
19973
19973
19974
19969
19969
19997
20006
20028
20025
20044
20044
20043
20050
20042
20032
20030
20025
20026
20016
20016
20010
20011
20012
20010
20010
20011
20010
20006
20054
20081
20080
20103
20116
20108
20117
20112
20117
20115
20120
20181
20182
20182
20184
20179
20187
20189
20184
20183
20183
20183
20177
20182
20185
20185
20192
20202
20200
20200
20201
20193
20202
20195
20204
20205
20201
20202
20202
20202
20201
20199
20209
20206
20206
20217
20213
20214
20217
20208
20217
20217
20216
20216
20214
20212
20213
20210
20212
20208
20213
20213
20212
20211
20209
20214
20221
20222
20223
20232
20246
20250
20265
20274
20288
20278
20278
20281
20283
20281
20288
20282
20312
20313
20313
20318
20302
20304
20312
20320
20321
20344
20346
20335
20335
20344
20344
20344
20340
20347
20343
20350
20349
20341
20352
20362
20388
20391
20388
20411
20431
20433
20438
20468
20469
20475
20510
20506
20512
20517
20530
20545
20548
20546
20562
20584
20592
20588
20603
20610
20627
20617
20614
20626
20643
20643
20640
20638
20644
20645
20636
20639
20639
20641
20636
20637
20655
20667
20700
20697
20721
20720
20717
20717
20714
20724
20730
20734
20744
20755
20753
20774
20764
20769
20768
20766
20757
20748
20746
20756
20737
20731
20723
20725
20759
20757
20760
20774
20780
20767
20779
20789
20797
20812
20808
20812
20815
20846
20844
20849
20866
20859
20872
20874
20882
20893
20910
20916
20922
20932
20932
20929
20927
20925
20921
20924
20919
20926
20919
20930
20930
20930
20928
20930
20931
20931
20939
20938
20950
20931
20947
20948
20949
20946
20956
20969
20987
20983
20999
21003
21010
21010
21010
21010
21019
21020
21041
21040
21042
21061
21071
21071
21082
21087
21084
21084
21085
21087
21088
21086
21085
21085
21085
21085
21083
21082
21083
21083
21012
21012
21012
20959
20960
20961
20961
20961
20973
20979
20978
20979
20979
20979
20980
20981
20981
20982
20982
20982
20982
20983
20984
20985
20984
20984
20984
20984
20984
20984
20984
20984
20990
20981
20979
20979
20979
20978
20977
20978
20978
20979
20979
20979
20979
20979
20979
20979
20979
20979
20979
20979
20978
20979
20979
20978
20991
20967
20967
20982
20982
20982
20982
20982
20982
20982
20982
20982
20983
20983
20983
20982
20982
20982
20982
20982
20980
20980
20980
20980
20984
20979
20979
20978
20978
20978
20978
20981
20980
20980
20980
20980
20980
20980
20980
20981
20980
20980
20980
20981
20980
20980
20980
20980
20982
20980
20980
20980
20980
20980
20980
20980
20979
20980
20979
20978
20978
20978
20978
20978
20978
20978
20978
20978
20978
20978
20978
20978
20982
20975
20975
20976
20976
20976
20976
20977
20977
20977
20977
20977
20977
20978
20978
20979
20979
20979
20979
20979
20979
20979
20980
20980
20990
20979
20979
20980
20979
20980
20980
20982
20983
20983
20983
20983
20983
20983
20983
20983
20983
20983
20983
20982
20983
21022
21018
21016
21037
21020
21018
21014
21016
21020
21014
21017
21019
21019
21017
21017
21015
21015
21015
20979
20978
20994
20994
20992
20994
20994
20994
21007
21014
21093
21103
21103
21118
21181
21181
21331
21368
21369
21405
21505
21503
21546
21611
21610
21785
21815
21813
21786
21929
21926
22131
22001
21984
22210
22205
22218
22248
22247
22134
22080
22077
21998
21996
21997
22225
22189
22192
22176
22193
22193
22316
22330
22331
22350
22357
22359
22351
22368
22368
22367
22376
22360
22481
22280
22279
22279
22279
22279
22279
22279
22279
22278
22278
22278
22278
22277
22276
22277
22274
22279
22268
22281
22499
22502
22502
22501
22494
22496
22493
22494
22493
22494
22494
22494
22494
22494
22494
22494
22488
22487
22486
22490
22479
22483
22477
22491
22494
22493
22491
22491
22491
22491
22490
22490
22489
22488
22486
22490
22491
22491
22490
22489
22489
22488
22488
22488
22484
22481
22495
22478
22473
22465
22466
22470
22470
22472
22470
22470
22470
22470
22469
22469
22469
22469
22469
22469
22469
22469
22469
22469
22466
22462
22486
22469
22469
22466
22467
22472
22471
22470
22470
22469
22471
22472
22470
22470
22470
22470
22470
22470
22470
22470
22470
22470
22468
22469
22498
22473
22469
22469
22466
22471
22470
22471
22471
22471
22471
22471
22471
22471
22471
22472
22473
22474
22474
22474
22474
22475
22474
22477
22485
22480
22479
22478
22475
22479
22477
22477
22477
22477
22477
22477
22477
22477
22477
22477
22477
22477
22475
22473
22472
22479
22476
22475
22491
22479
22477
22481
22480
22482
22480
22479
22479
22479
22479
22477
22476
22475
22475
22475
22475
22475
22475
22475
22475
22475
22472
22476
22480
22476
22477
22474
22476
22478
22478
22478
22478
22478
22477
22477
22477
22477
22477
22477
22477
22477
22476
22476
22476
22476
22476
22477
22483
22472
22477
22477
22477
22481
22480
22480
22479
22481
22481
22483
22482
22482
22482
22482
22482
22482
22482
22482
22482
22482
22480
22479
22489
22480
22479
22480
22483
22487
22487
22488
22488
22487
22487
22487
22487
22487
22487
22536
22536
22536
22536
22536
22536
22529
22528
22532
22523
22520
22516
22536
22519
22522
22519
22536
22535
22535
22535
22536
22535
22535
22535
22536
22535
22535
22535
22536
22532
22532
22532
22524
22541
22530
22529
22533
22532
22531
22532
22532
22532
22531
22532
22532
22534
22534
22534
22534
22534
22534
22534
22534
22532
22533
22536
22533
22518
22533
22530
22532
22533
22533
22533
22534
22534
22534
22534
22534
22534
22534
22534
22534
22534
22534
22534
22534
22532
22531
22531
22528
22516
22513
22520
22536
22519
22520
22519
22535
22534
22536
22536
22534
22534
22534
22534
22534
22534
22534
22534
22534
22535
22535
22532
22530
22515
22531
22531
22532
22533
22533
22533
22532
22532
22532
22532
22532
22532
22533
22532
22532
22532
22532
22532
22532
22532
22531
22531
22524
22512
22510
22509
22517
22517
22517
22517
22517
22517
22517
22517
22517
22517
22517
22517
22517
22517
22517
22517
22517
22519
22519
22518
22545
22509
22517
22519
22518
22519
22519
22518
22518
22518
22518
22518
22518
22520
22520
22519
22520
22520
22520
22520
22520
22520
22519
22517
22515
22511
22508
22505
22519
22517
22517
22517
22517
22517
22517
22517
22517
22517
22517
22517
22517
22517
22517
22517
22517
22517
22517
22518
22523
22503
22503
22506
22519
22511
22513
22512
22519
22519
22520
22520
22520
22520
22520
22520
22520
22520
22520
22520
22520
22516
22516
22514
22525
22508
22514
22514
22518
22519
22519
22519
22519
22519
22519
22519
22519
22519
22519
22519
22520
22520
22520
22520
22520
22519
22519
22520
22528
22541
22591
22592
22594
22594
22595
22597
22597
22598
22599
22599
22599
22599
22599
22599
22599
22599
22599
22599
22599
22599
22599
22598
22609
22597
22597
22595
22597
22595
22595
22595
22595
22595
22595
22595
22594
22595
22595
22595
22595
22594
22595
22595
22595
22595
22595
22594
22609
22598
22595
22597
22054
23069
23079
23087
23093
23093
23093
23088
23087
23085
23085
23085
23085
23085
23088
23087
23090
23082
23081
23082
23077
23088
23093
23090
23088
23083
23083
23082
23069
23067
23065
23051
23051
23051
23051
23051
23051
23051
23056
23054
23054
23053
23053
23050
23044
23051
23054
23054
23067
23072
23078
23077
23080
23079
23078
23078
23067
23047
23037
22999
22756
22601
22570
22564
22565
22564
22565
22530
22548
22560
22563
22563
22563
22561
22559
22560
22562
22561
22575
22575
22574
22575
22575
22575
22575
22575
22575
22575
22575
22575
22575
22573
22592
22574
22565
22567
22568
22568
22571
22570
22571
22571
22572
22570
22571
22570
22569
22569
22569
22569
22570
22571
22571
22571
22571
22570
22581
22571
22569
22565
22566
22567
22570
22568
22569
22570
22572
22572
22572
22572
22572
22572
22572
22572
22572
22572
22572
22572
22572
22569
22581
22564
22564
22568
22570
22570
22570
22582
22582
22582
22577
22578
22578
22578
22578
22578
22578
22578
22578
22578
22578
22578
22578
22559
22542
22555
22569
22567
22567
22568
22570
22570
22571
22571
22571
22571
22571
22571
22571
22571
22572
22572
22575
22575
22575
22575
22574
22574
22578
22573
22571
22571
22571
22570
22572
22572
22572
22572
22573
22573
22483
22483
22483
22483
22483
22483
22483
22483
22484
22484
22484
22484
22529
22487
22483
22483
22485
22482
22481
22481
22483
22482
22482
22482
22483
22482
22482
22482
22483
22482
22482
22482
22483
22483
22484
22483
22520
22487
22486
22481
22484
22484
22484
22484
22484
22484
22484
22484
22484
22484
22484
22484
22484
22484
22484
22484
22484
22484
22485
22484
22518
22486
22492
22485
22484
22485
22484
22485
22484
22484
22483
22483
22485
22484
22484
22484
22484
22484
22484
22484
22484
22485
22484
22486
22519
22487
22484
22484
22485
22484
22484
22484
22484
22484
22484
22484
22483
22483
22483
22483
22483
22483
22483
22483
22483
22482
22483
22486
22530
22498
22488
22484
22484
22484
22484
22482
22484
22483
22484
22483
22484
22483
22484
22483
22484
22483
22484
22483
22484
22483
22484
22484
22524
22481
22483
22483
22483
22483
22482
22483
22483
22483
22482
22483
22483
22483
22482
22482
22482
22482
22482
22482
22482
22482
22483
22483
22532
22484
22484
22479
22479
22479
22479
22480
22480
22480
22480
22480
22480
22480
22480
22480
22480
22480
22480
22480
22480
22480
22480
22477
22526
22490
22480
22479
22479
22479
22480
22480
22480
22480
22480
22480
22481
22481
22481
22481
22481
22481
22481
22481
22481
22482
22482
22482
22529
22480
22478
22479
22480
22480
22480
22480
22481
22481
22481
22481
22481
22481
22481
22481
22481
22481
22481
22481
22481
22481
22481
22484
22515
22485
22481
22478
22476
22477
22476
22476
22476
22476
22476
22476
22476
22476
22476
22476
22475
22475
22475
22475
22475
22475
22577
22575
22585
22575
22573
22574
22571
22571
22586
22587
22587
22586
22585
22580
22581
22581
22581
22581
22581
22581
22581
22581
22581
22581
22581
22581
22578
22575
22577
22575
22575
22576
22576
22576
22576
22576
22576
22576
22576
22576
22576
22576
22576
22576
22576
22576
22576
22576
22576
22578
22579
22567
22577
22573
22574
22572
22574
22574
22574
22574
22568
22568
22568
22568
22567
22567
22567
22567
22567
22567
22567
22567
22567
22567
22575
22566
22567
22569
22567
22567
22566
22572
22572
22572
22572
22572
22572
22572
22572
22565
22566
22567
23181
23188
23180
23170
23179
23174
23176
23183
23190
23190
23183
23185
23166
23126
23075
23013
23011
22989
23084
23114
22976
23013
23014
23074
23078
23111
23134
23123
23080
23090
23032
22990
23108
22981
23020
23070
23165
23180
23174
23179
23183
23180
23175
23176
23180
23178
23178
23181
23184
23179
23156
23115
23070
23019
22926
22989
23058
23056
23035
22971
23041
23072
23088
23113
23091
23081
23100
23116
23141
23153
23153
23151
23156
23154
23153
23143
23145
23126
23122
23118
23147
23148
23148
23143
23140
23142
23142
23138
23140
23142
23145
23144
23140
23139
23139
23134
23133
23133
23133
23133
23133
23132
23143
23131
23131
23133
23135
23136
23138
23137
23138
23138
23137
23138
23139
23141
23141
23144
23144
23143
23136
23145
23138
23128
23136
23135
23107
23117
23142
23143
23165
23186
23173
23178
23181
23177
23172
23172
23172
23172
23172
23172
23172
23172
23173
23170
23170
23170
23170
23187
23187
23177
23185
23182
23184
23184
23185
23185
23120
23120
23119
23119
23119
23112
23110
23110
23110
23111
23111
23111
23111
23109
23116
23122
23117
23114
23107
23105
23108
23099
23094
23095
23095
23094
23091
23092
23098
23108
23113
23113
23114
23115
23124
23125
23127
23126
23125
23122
23136
23132
23132
22533
22535
22533
22534
22534
22534
22534
22530
22528
22529
22529
22529
22529
22530
22530
22530
22530
22530
22528
22528
22528
22515
22509
22508
22509
22512
22511
22510
22509
22510
22510
22510
22510
22510
22508
22508
22507
22510
22510
22509
22508
22508
22506
22507
22512
22509
22507
22508
22508
22507
22509
22509
22509
22508
22508
22509
22509
22509
22509
22509
22509
22509
22509
22509
22509
22509
22511
22511
22522
22511
22511
22509
22510
22510
22510
22510
22510
22510
22510
22510
22510
22510
22510
22510
22510
22510
22510
22510
22510
