10179
10176
10176
10172
10164
10160
10169
10170
10170
10171
10171
10171
10179
10179
10179
10179
10179
10179
10179
10179
10179
10179
10179
10179
10180
10180
10182
10181
10167
10176
10180
10178
10179
10179
10179
10179
10194
10194
10194
10194
10194
10194
10194
10194
10194
10194
10194
10194
10196
10196
10196
10195
10191
10194
10195
10196
10196
10196
10196
10196
10193
10193
10193
10193
10193
10193
10193
10193
10193
10193
10193
10193
10196
10196
10196
10198
10197
10196
10199
10199
10198
10199
10199
10199
10192
10192
10192
10192
10192
10192
10192
10192
10192
10192
10192
10192
10191
10191
10191
10191
10192
10186
10186
10187
10188
10189
10189
10189
10202
10202
10202
10202
10202
10202
10202
10202
10202
10202
10202
10202
10200
10200
10200
10200
10194
10194
10197
10200
10199
10198
10198
10198
10198
10198
10198
10198
10198
10198
10198
10198
10198
10198
10198
10198
10201
10201
10203
10203
10194
10194
10194
10195
10195
10194
10194
10195
10202
10202
10202
10202
10202
10202
10202
10202
10202
10202
10202
10202
10194
10193
10193
10195
10195
10195
10193
10194
10194
10194
10194
10194
10193
10193
10193
10193
10193
10193
10193
10193
10193
10193
10193
10193
10193
10193
10193
10192
10188
10181
10181
10183
10183
10185
10185
10184
10175
10175
10175
10176
10176
10176
10175
10173
10173
10173
10173
10173
10181
10181
10180
10179
10180
10179
10182
10183
10180
10181
10181
10181
10186
10186
10186
10095
10095
10095
10095
10095
10095
10092
10093
10093
10087
10087
10087
10086
10088
10085
10086
10087
10087
10086
10110
10114
10078
10078
10072
10072
10072
10072
10072
10072
10072
10072
10072
10072
10078
10078
10078
10079
10072
10078
10082
10084
10081
10660
10614
10382
10176
10176
10174
10172
10171
10171
10169
10169
10169
10168
10168
10169
10172
10172
10172
10172
10170
10166
10169
10169
10168
10168
10168
10170
10167
10167
10168
10168
10168
10168
10168
10168
10168
10168
10168
10168
10163
10163
10163
10163
10166
10162
10163
10163
10163
10163
10163
10163
10164
10164
10164
10164
10164
10164
10164
10164
10164
10164
10164
10164
10166
10166
10166
10166
10169
10167
10166
10166
10166
10165
10165
10165
10164
10164
10164
10164
10164
10164
10164
10164
10164
10164
10164
10164
10160
10160
10160
10159
10162
10163
10163
10163
10163
10163
10163
10163
10150
10150
10150
10150
10150
10150
10150
10150
10150
10150
10150
10150
10150
10150
10150
10150
10149
10154
10153
10153
10153
10154
10154
10154
10151
10151
10151
10151
10151
10151
10151
10151
10151
10151
10151
10151
10153
10153
10153
10152
10156
10157
10154
10154
10154
10154
10154
10154
10151
10151
10151
10151
10151
10151
10151
10151
10151
10151
10151
10151
10152
10152
10152
10151
10148
10156
10155
10155
10155
10155
10155
10155
10152
10152
10152
10152
10152
10152
10152
10152
10152
10152
10152
10152
10153
10153
10153
10153
10146
10154
10154
10154
10154
10153
10154
10154
10165
10165
10165
10165
10165
10165
10165
10165
10165
10165
10165
10165
10164
10164
10164
10163
10160
10167
10164
10165
10165
10165
10165
10165
10155
10155
10155
10155
10155
10155
10155
10155
10152
10154
10154
10154
10248
10248
10247
10242
10250
10250
10250
10250
10250
10250
10250
10250
10253
10253
10253
10253
10253
10253
10253
10253
10253
10253
10253
10253
10250
10250
10249
10246
10253
10252
10253
10253
10253
10252
10252
10252
10252
10252
10252
10252
10252
10252
10252
10252
10252
10252
10252
10252
10251
10251
10250
10246
10249
10250
10251
10251
10251
10251
10251
10251
10251
10251
10251
10251
10251
10251
10251
10251
10251
10251
10251
10251
10254
10254
10254
10251
10257
10257
10257
10257
10256
10256
10256
10257
10247
10247
10247
10247
10247
10247
10247
10247
10247
10247
10247
10247
10248
10248
10247
10243
10250
10251
10252
10252
10253
10253
10253
10253
10252
10252
10252
10252
10252
10252
10001
10758
10759
10068
10029
10032
10054
10718
10759
10779
10803
10808
10799
10788
10788
10788
10788
10788
10776
10764
10717
10659
9811
9686
10285
10260
10261
10253
10260
10279
10277
10269
10284
10296
10299
10288
9573
9651
10441
10570
10019
10083
10169
10161
10124
10095
10153
10166
10166
10167
10167
10163
10163
10151
10121
10117
10132
10177
10179
10030
10533
10377
10325
10290
10333
9690
10418
10455
9706
10722
10794
10794
10802
10780
10792
10805
10819
10813
10810
10810
10805
10791
10778
10764
10717
10495
10330
10276
10267
10262
10256
10253
10253
10252
10252
10252
10252
10252
10252
10252
10251
10253
10253
10253
10252
10253
10261
10261
10257
10256
10256
10256
10256
10256
10249
10249
10249
10249
10249
10251
10251
10251
10251
10251
10251
10251
10255
10255
10256
10250
10248
10252
10260
10256
10254
10257
10257
10257
10252
10252
10252
10252
10252
10252
10253
10253
10253
10253
10253
10252
10253
10253
10253
10252
10256
10258
10256
10256
10256
10256
10255
10255
10250
10250
10250
10250
10250
10250
10250
10250
10250
10250
10250
10250
10253
10253
10223
10206
10220
10223
10229
10228
10233
10241
10234
10244
10245
10245
10232
10182
10768
10654
9811
9635
9588
10325
10324
9602
9602
9804
9930
9927
10770
10217
10216
10106
10796
10145
10104
10741
10732
10732
10761
10096
10778
10128
10799
10795
10130
10228
10244
10811
10813
10770
10702
9906
9747
10479
10472
10451
10484
10471
10423
10381
9602
10331
10323
10334
10357
10364
10350
10337
10297
10285
10264
10252
10292
10292
10386
9897
10068
10157
10210
10229
10147
10086
10756
10796
10155
10099
10039
10057
10057
10094
10103
10139
10145
10185
10196
10197
10207
10804
10799
10810
10802
10793
10798
10783
10776
10125
10074
10747
10722
10780
10787
10784
10774
10736
10116
10137
10209
10245
10239
10225
10204
10205
10201
10192
10192
10191
10190
10190
10189
10792
10792
10756
10463
10327
10273
10260
10263
10255
10256
10255
10257
10257
10257
10257
10255
10255
10254
10255
10255
10260
10260
10260
10260
10260
10261
10261
10263
10263
10263
10263
10263
10263
10263
10263
10263
10263
10263
10263
10266
10266
10265
10263
10264
10267
10267
10267
10266
10266
10265
10265
10262
10262
10262
10262
10262
10263
10263
10263
10263
10263
10263
10263
10264
10264
10264
10260
10261
10261
10261
10262
10262
10262
10262
10262
10258
10258
10258
10258
10259
10257
10257
10257
10257
10257
10257
10257
10247
10248
10247
10248
10252
10255
10256
10256
10256
10257
10257
10257
10246
10246
10246
10246
10246
10246
10246
10246
10246
10246
10246
10246
10248
10248
10247
10251
10247
10248
10246
10244
10244
10244
10244
10244
10251
10251
10251
10250
10250
10250
10250
10250
10250
10250
10250
10250
10249
10249
10249
10244
10250
10251
10252
10251
10250
10251
10251
10251
10248
10248
10248
10248
10248
10248
10248
10248
10248
10248
10248
10248
10248
10248
10248
10253
10248
10249
10249
10250
10250
10250
10250
10250
10247
10247
10247
10247
10247
10247
10247
10247
10247
10247
10247
10247
10248
10248
10247
10251
10242
10247
10247
10246
10246
10246
10246
10246
10252
10252
10252
10252
10252
10252
10252
10252
10252
10252
10252
10252
10253
10253
10253
10258
10253
10254
10253
10253
10253
10252
10252
10252
10256
10256
10256
10256
10256
10256
10256
10256
10256
10256
10256
10256
10256
10255
10255
10264
10253
10256
10257
10257
10257
10257
10257
10257
10252
10252
9047
10525
10541
10539
10523
10461
9686
10441
10427
10437
9661
9565
10276
10284
10289
10319
10407
9859
10660
10765
10793
10788
10185
10191
10190
10183
10803
10785
10752
10006
9892
9735
9571
10283
10289
10279
10285
10275
10290
10297
10314
10308
10336
10344
10370
10378
10354
10349
10349
10349
10345
10346
10339
10317
10306
10297
10304
10297
10299
10304
10313
10313
10334
10334
10332
10351
9672
10592
10243
10245
10258
10258
10258
10258
10258
10258
10258
10260
10260
10261
10261
10260
10259
10258
10241
10250
10223
10211
10240
10239
10238
10246
10715
10606
10469
9650
10311
10292
10291
10287
10287
10321
9644
10577
10702
10208
10200
10200
10200
10198
10201
10200
10198
10198
10198
10198
10198
10198
10191
10191
10191
10191
10191
10191
10191
10191
10191
10191
10190
10191
10196
10196
10196
10195
10194
10195
10196
10196
10196
10197
10198
10197
10209
10209
10209
10209
10209
10209
10209
10209
10209
10209
10209
10209
10198
10198
10198
10195
10194
10194
10195
10195
10195
10195
10195
10195
10198
10198
10198
10198
10198
10198
10198
10198
10198
10198
10198
10198
10199
10199
10199
10190
10194
10194
10194
10195
10195
10195
10195
10195
10203
10203
10203
10203
10203
10203
10203
10203
10203
10203
10203
10203
10219
10219
10219
10217
10222
10222
10221
10221
10221
10221
10221
10221
10216
10216
10216
10216
10216
10216
10216
10216
10216
10216
10216
10216
10218
10218
10218
10211
10212
10215
10215
10215
10215
10215
10215
10215
10209
10209
10209
10209
10209
10209
10209
10209
10209
10209
10208
10208
10211
10211
10211
10200
10210
10210
10210
10210
10210
10210
10210
10210
10207
10207
10207
10207
10207
10207
10207
10207
10207
10207
10207
10207
10209
10209
10209
10200
10206
10206
10206
10206
10206
10206
10206
10206
10214
10214
10214
10214
10214
10214
10214
10214
10214
10214
10214
10214
10216
10216
10216
10215
10211
10211
10211
10211
10211
10211
10211
10211
10214
10214
10214
10214
10214
10214
10214
10214
10214
10214
10214
10214
10213
10214
10216
10213
10214
10219
10214
10214
10213
10213
10213
10213
10267
10267
10267
10267
10267
10267
10267
10267
10267
10267
10267
10267
10267
10267
10263
10263
10209
10212
10214
10215
10218
10218
10218
10218
10216
10216
10216
10216
10216
10216
10216
10216
10216
10216
10216
10216
10217
10218
10224
10215
10217
10217
10217
10217
10217
10217
10218
10218
10205
10205
10205
10205
10205
10205
10205
10205
10205
10205
10204
10204
10211
10211
10211
10213
10208
10207
10211
10211
10210
10210
10210
10210
10207
10207
10207
10207
10206
10206
10206
10206
10206
10206
10206
10206
10211
10210
10215
10208
10213
10212
10215
10217
10217
10217
10215
10593
10256
10256
10253
10253
10249
10248
10248
10247
10246
10247
10247
10247
10249
10249
10248
10250
10257
10258
10258
10257
10257
10255
10257
10255
10258
10258
10258
10258
10259
10259
10259
10259
10259
10259
10259
10259
10258
10257
10251
10254
10256
10256
10255
10254
10254
10255
10255
10255
10251
10251
10251
10251
10251
10251
10252
10252
10251
10251
10251
10251
10260
10260
10257
10257
10260
10260
10260
10260
10260
10260
10260
10260
10257
10257
10257
10257
10257
10257
10257
10257
10257
10257
10257
10257
10259
10259
10253
10255
10259
10259
10259
10259
10259
10259
10259
10259
10259
10259
10259
10259
10259
10259
10259
10259
10259
10259
10259
10259
10257
10257
10253
10254
10257
10257
10257
10257
10257
10258
10258
10258
10257
10257
10257
10257
10257
10257
10257
10257
10257
10257
10257
10257
10257
10257
10257
10250
10254
10253
10252
10253
10253
10253
10253
10253
10258
10258
10258
10258
10259
10257
10257
10257
10257
10257
10254
10254
10256
10257
10247
10243
10244
10244
10244
10244
10244
10244
10244
10244
10249
10249
10249
10249
10249
10249
10249
10249
10249
10259
10271
10273
10267
10272
10369
10366
10370
10369
10371
10369
10371
10369
10371
10381
10398
10400
10395
10398
10398
10395
10394
10392
10383
10377
10378
10396
10393
10405
10403
10328
10398
10325
10405
10409
10403
10391
10385
10381
10386
10392
10403
10423
10338
10346
10422
10419
10416
10419
10407
10394
10380
10388
10401
10416
10414
10420
10428
10429
10429
10429
10371
10371
10379
10379
10379
10379
10379
10379
10379
10379
10379
10379
10379
10380
10379
10376
10349
10365
10365
10363
10361
10362
10362
10369
10372
10392
10415
10417
10438
10446
10470
10478
10562
10548
10522
10539
10557
10560
10575
10575
10573
10573
10566
10566
10562
10582
10584
10563
10578
10578
10588
10591
10591
10590
10599
10599
10600
10597
10584
10587
10488
10489
10484
10483
10483
10488
10488
10489
10488
10488
10488
10489
10486
10488
10493
10592
10608
10611
10621
10624
10621
10625
10625
10625
10625
10625
10623
10623
10624
10624
10621
10544
10581
10579
10580
10581
10582
10582
10583
10587
10587
10616
10622
10630
10633
10641
10641
10665
10745
10749
10669
10669
10673
10673
10677
10677
10675
10672
10674
10673
10673
10672
10686
10686
10686
10686
10688
10768
10772
10766
10768
10776
10727
10738
10733
10736
10736
10800
10807
10813
10810
10806
10810
10832
10758
10768
10773
10774
10775
10773
10845
10764
10764
10827
10812
10848
10779
10779
10776
10776
10778
10771
10768
10770
10770
10770
10761
10759
10759
10759
10771
10771
10772
10772
10772
10772
10778
10789
10802
10827
10827
10854
10878
10881
10987
10974
10975
10975
10977
10977
10978
10980
10958
10953
10956
10937
10956
10983
10973
10986
10990
10990
10989
10990
10988
10991
10987
10988
10998
10989
10989
10990
10990
10990
10990
10992
10997
10997
11017
11019
11018
11018
11014
11015
11014
11017
11017
11026
11039
11038
11041
11039
11031
11031
11018
11015
11017
11041
11048
10980
10980
10980
10980
10980
10980
10980
10980
10980
10983
11067
11053
11052
11053
11060
11063
11058
11073
11083
11088
11101
11109
11103
11102
11108
11113
11092
11084
11089
11093
11093
11085
11085
11091
11094
11094
11100
11099
11096
11105
11049
11058
11056
11054
11055
11055
11053
11052
11052
11052
11052
11041
11041
11041
11041
11041
11042
11042
11042
11042
11043
11043
11043
11045
11046
11062
11051
11054
11055
11055
11056
11056
11058
11056
11057
11056
11055
11055
11055
11056
11056
11056
11056
11056
11056
11056
11057
11054
11054
11058
11047
11048
11049
11051
11051
11052
11052
11052
11052
11063
11063
11063
11063
11063
11063
11063
11063
11063
11063
11063
11063
11065
11065
11076
11064
11064
11064
11064
11064
11064
11064
11064
11064
11063
11063
11063
11063
11063
11063
11063
11063
11063
11063
11063
11063
11063
11063
11079
11060
11062
11062
11062
11062
11062
11062
11062
11062
11061
11061
11061
11061
11061
11061
11061
11061
11061
11061
11061
11061
11060
11060
11071
11053
11056
11056
11056
11056
11056
11056
11056
11056
11056
11056
11056
11056
11056
11056
10991
10991
10991
10991
10991
10991
10977
10977
10985
10982
10981
10978
10978
10978
10978
10979
10979
10979
10975
10975
10975
10975
10975
10975
10975
10975
10975
10975
10975
10975
10974
10974
10990
10975
10975
10973
10970
10970
10970
10970
10970
10970
10976
10976
10976
10976
10976
10976
10976
10976
10976
10976
10976
10976
10978
10978
10994
10985
10983
10985
10985
10985
10985
10985
10986
10986
10982
10982
10982
10982
10982
10982
10982
10982
10982
11297
11300
10983
10984
10984
10993
11508
11231
11135
11076
11040
10994
10980
11013
11012
11092
11136
10464
10465
10455
10455
10443
10443
10454
10454
10454
10454
10457
10457
10461
10445
10444
10445
10445
10445
10445
10445
10445
10445
10454
10454
10454
10454
10454
10454
10454
10454
10454
10454
10454
10453
10453
10453
11182
11172
11159
11093
11018
10987
10984
10983
10981
10981
10980
10980
10758
10983
10987
10987
10987
10987
10988
10981
10979
10931
10915
10845
10863
10883
10905
10957
11564
10930
10942
10977
10981
10981
10975
10975
10973
10942
10900
10845
10828
11518
10865
11491
11459
10796
10810
11490
10880
10876
10872
10851
11449
10768
11430
10813
11487
11488
10845
10859
10859
11496
11486
11480
10779
10789
10821
10881
10916
10945
10942
10942
10942
10943
10939
10938
10938
10940
10941
10940
10952
10952
11034
10989
10980
10978
10978
10975
10972
10972
10972
10972
10972
10972
10967
10967
10979
10969
10972
10973
10972
10972
10971
10972
10972
10972
10979
10979
10979
10979
10979
10979
10979
10979
10979
10979
10979
10981
10974
10984
10980
10985
10988
10993
10992
10991
10993
10991
10990
10990
11059
11059
11059
11059
11059
11059
11059
11059
11059
11059
11059
11059
11061
11063
11064
11065
11065
11065
11065
11065
11065
11037
11036
11036
11032
11032
11025
11024
11024
11024
11038
11044
11056
11058
11062
11059
11061
11077
11068
11066
11062
11063
11070
11072
11069
11069
11070
11070
11056
11052
11052
11052
11052
11052
11052
11052
11051
11048
11050
11050
11045
11053
11048
11049
11042
11041
11041
11040
11040
11043
11036
11038
11056
11046
11034
11027
11026
11026
11034
11034
11034
11029
11029
11013
11014
10970
10932
10900
10879
11533
10879
10814
10812
10792
11501
10869
10893
10888
10885
10873
10867
11487
10790
10867
10844
10873
10895
10922
10947
10998
11019
11016
11002
10992
10989
10989
10989
10970
10964
10900
11563
11547
10891
10840
10811
10819
10821
10815
10815
10818
10808
10810
10792
10818
10821
10817
10816
10815
10818
10779
10778
10768
10766
10767
10765
10772
10772
10773
10773
10773
10773
10773
10774
11445
11440
11434
11406
11367
11151
11107
11084
11074
11061
11055
11056
11054
11054
11055
11062
11062
11062
11062
11062
11062
11062
11062
11062
11062
11062
11062
11056
11066
11084
11083
11077
11068
11065
11064
11067
11068
11080
11080
11091
11095
11095
11119
11116
11116
11116
11107
11088
11089
11088
11102
11100
11125
11127
11129
11142
11137
11152
11146
11156
11089
11090
11090
11065
11065
11065
11065
11067
11068
11070
11071
11072
11072
11072
11073
11077
11073
11100
11107
11107
11107
11108
11115
11115
11115
11114
11114
11114
11114
11111
11109
11110
11110
11110
11110
11110
11110
11110
11108
11111
11115
11116
11115
11110
11111
11111
11112
11111
11110
11109
11108
11124
11125
11125
11125
11125
11125
11125
11125
11122
11125
11119
11119
11120
11119
11126
11136
11138
11230
11220
11214
11212
11214
11218
11225
11215
11215
11210
11215
11233
11228
11225
11231
11231
11231
11231
11230
11231
11237
11241
11242
11232
11233
11231
11231
11231
11231
11227
11240
11268
11259
11262
11261
11264
11264
11264
11264
11265
11265
11265
11265
11251
11250
11259
11265
11194
11197
11206
11207
11208
11206
11210
11210
11195
11196
11199
11199
11203
11201
11205
11207
11208
11207
11207
11207
11197
11205
11196
11196
11196
11196
11195
11196
11196
11195
11195
11195
11189
11199
11198
11219
11217
11220
11303
11318
11298
11306
11311
11311
11332
11340
11278
11295
11299
11300
11300
11299
11309
11315
11327
11336
11332
11346
11352
11350
11350
11351
11351
11351
11348
11349
11350
11351
11355
11363
11360
11365
11363
11362
11364
11366
11438
11446
11446
11441
11457
11378
11448
11449
11451
11451
11456
11455
11455
11455
11455
11456
11460
11451
11453
11456
11455
11458
11459
11459
11459
11459
11459
11458
11462
11393
11392
11393
11393
11391
11389
11389
11389
11389
11389
11389
11395
11389
11398
11399
11396
11402
11400
11399
11399
11400
11400
11401
11392
11392
11392
11391
11391
11390
11390
11390
11390
11391
11392
11398
11409
11425
11410
11407
11406
11406
11404
11407
11408
11408
11407
11408
11410
11410
11410
11413
11419
11421
11421
11425
11425
11422
11421
11421
11414
11411
11481
11396
11482
11485
11426
11424
11425
11426
11426
11426
11429
11429
11429
11427
11430
11430
11430
11430
11430
11430
11430
11430
11425
11426
11425
11421
11419
11418
11420
11430
11443
11455
11467
11467
11461
11463
11462
11460
11460
11555
11480
11573
11576
11581
11577
11502
11504
11510
11503
11505
11506
11506
11507
11507
11507
11507
11508
11507
11493
11492
11498
11496
11589
11584
11578
11581
11578
11596
11532
11539
11546
11571
11559
11629
11627
11625
11631
11577
11586
11585
11647
11653
11663
11594
11594
11594
11594
11594
11594
11594
11594
11594
11594
11594
11596
11603
11585
11584
11587
11587
11589
11594
11609
11697
11696
11619
11615
11627
11634
11635
11707
11719
11649
11666
11671
11752
11686
11693
11698
11702
11700
11712
11716
11723
11736
11738
11744
11749
11761
11771
11783
11783
11848
11845
11850
11843
11845
11856
11861
11863
11864
11864
11871
11887
11795
11793
11793
11793
11793
11791
11790
11790
11790
11790
11801
11801
11801
11801
11801
11801
11801
11801
11801
11805
11820
11827
11840
11848
11842
11858
11863
11952
11945
11944
11946
11953
11962
11910
11918
11919
11918
11922
11926
11926
11926
11926
11927
11926
11926
11926
11921
11930
11921
11926
11926
11926
11926
11926
11925
11926
11926
11926
11927
11927
11927
11927
11927
11927
11928
11928
11928
11928
11928
11928
11925
11921
11923
11925
11927
11927
11927
11927
11927
11927
11927
11927
11924
11924
11924
11924
11924
11924
11924
11924
11924
11924
11924
11924
11921
11920
11920
11921
11921
11920
11921
11920
11920
11920
11920
11920
11933
11933
11933
11933
11933
11933
11933
11933
11933
11933
11933
11933
11934
11935
11935
11939
11939
11939
11939
11939
11940
11940
11940
11940
11929
11929
11929
11929
11929
11929
11929
11929
11929
11929
11929
11929
11927
11929
11926
11930
11930
11929
11929
11929
11929
11929
11929
11930
11929
11929
11929
11929
11929
11929
11929
11929
11929
11929
11929
11929
11932
11933
11927
11926
11926
11926
11926
11926
11926
11926
11926
11926
11924
11924
11924
11924
11924
11924
11924
11924
11924
11924
11924
11924
11932
11933
11925
11930
11930
11930
11930
11930
11930
11927
11927
11927
11923
11919
11919
11918
11919
11919
11919
11919
11919
11919
11919
11919
11917
11927
11918
11915
11913
11913
11913
11914
11912
11911
11911
11910
11933
11933
11931
11932
11932
11933
11932
11932
11932
11932
11932
11927
11934
12381
12089
11943
12048
12294
11858
11917
11857
11858
11859
11857
11483
12036
11946
11947
11943
11942
11942
11942
11943
11942
11943
11944
11919
11925
11924
11923
11921
11922
11923
11922
11924
11925
11926
11924
11922
11921
11921
11919
11919
11919
11919
11919
11919
11919
11919
11919
11921
11979
11972
11974
11954
11967
11967
11989
12049
12084
11374
11414
11610
11734
11910
11896
11829
11891
11914
11937
11937
11937
11937
11932
11877
11880
11815
11817
11877
11890
11851
11777
11499
11425
12112
12077
12084
12123
11387
11373
12107
12124
12151
12142
12149
12135
12136
12136
12127
12124
12109
12097
11992
11938
11931
11929
11929
11927
11928
11974
11988
11988
11988
11987
11988
11999
12003
12001
12004
12001
12001
12002
12026
12026
11994
12000
12024
12046
12092
12012
12047
12084
12084
12104
12183
12172
12170
12188
12191
12205
12184
12164
12162
12164
12161
12172
12225
12227
12238
12213
12170
12245
12244
12214
12218
12212
12217
12211
12205
12201
12201
12201
12201
12201
12201
12201
12201
12201
12206
12203
12225
12221
12212
12215
12217
12217
12213
12213
12230
12233
12231
12237
12229
12237
12236
12237
12237
12237
12231
12233
12233
12236
12229
12236
12274
12244
12243
12194
12212
12212
12240
12252
12263
12281
12281
12264
12248
12239
12250
12249
12251
12262
12262
12262
12255
12255
12262
12263
12282
12244
12248
12248
12247
12247
12248
12258
12255
12250
12263
12276
12280
12205
12293
12228
12225
12225
12306
12315
12315
12312
12240
12243
12273
12256
12269
12277
12278
12280
12280
12279
12279
12279
12279
12279
12252
12252
12252
12252
12252
12252
12252
12252
12252
12257
12244
12260
12332
12281
12281
12279
12281
12280
12279
12281
12282
12281
12283
12282
12235
12237
12237
12236
12236
12236
12234
12234
12236
12236
12239
12235
12295
12288
12285
12281
12283
12283
12283
12283
12283
12284
12285
12284
12248
12247
12249
12249
12248
12249
12251
12252
12252
12250
12250
12251
12287
12278
12274
12273
12271
12271
12271
12272
12272
12274
12275
12275
12252
12252
12256
12257
12253
12253
12253
12253
12253
12253
12253
12253
12288
12268
12266
12267
12275
12275
12274
12272
12270
12271
12271
12268
12240
12240
12238
12239
12239
12239
12239
12239
12239
12238
12240
12241
12280
12281
12281
12280
12279
12279
12270
12269
12268
12267
12269
12267
12289
12290
12291
12288
12285
12286
12286
12286
12286
12285
12283
12370
12378
12390
12322
12321
12325
12326
12324
12322
12322
12322
12322
12321
12326
12326
12333
12335
12334
12345
12345
12345
12345
12345
12344
12349
12357
12353
12434
12367
12370
12369
12369
12370
12372
12375
12384
12465
12399
12399
12398
12398
12398
12401
12402
12488
12473
12472
12455
12455
12467
12451
12453
12448
12420
12415
12417
12418
12418
12438
12410
12418
12417
12417
12417
12416
12416
12510
12441
12445
12448
12448
12454
12469
12464
12470
12468
12464
12472
12472
12472
12472
12472
12472
12472
12473
12485
12486
12486
12486
12488
12496
12498
12500
12499
12502
12502
12502
12511
12508
12505
12507
12509
12510
12510
12512
12519
12598
12530
12530
12511
12511
12513
12513
12514
12514
12513
12573
12571
12571
12571
12572
12589
12587
12589
12589
12589
12589
12591
12587
12579
12595
12602
12605
12615
12616
12616
12619
12619
12614
12605
12601
12604
12521
12605
12605
12606
12600
12600
12600
12599
12593
12593
12593
12603
12615
12622
12555
12637
12639
12637
12657
12646
12655
12667
12660
12654
12670
12690
12691
12700
12670
12673
12684
12683
12684
12689
12699
12700
12702
12634
12633
12652
12653
12653
12655
12655
12654
12654
12654
12654
12654
12654
12654
12641
12653
12663
12676
12676
12691
12692
12693
12776
12778
12706
12801
12709
12712
12717
12737
12740
12738
12828
12856
12846
12848
12848
12848
12853
12846
12785
12785
12786
12786
12789
12788
12789
12789
12790
12789
12799
12801
12822
12842
12851
12855
12857
12872
12880
12880
12893
12896
12911
12908
12902
12986
12983
12978
12985
12995
12938
12943
12942
12949
12937
12937
12947
12959
12967
12972
12964
13042
13042
12991
12990
12990
13000
13005
13001
13004
13004
13002
13000
13000
13001
13001
13000
13012
13004
13012
13021
13028
13029
13121
13125
13125
13126
13121
13122
13119
13140
13183
13114
13120
13119
13113
13119
13118
13119
13119
13121
13123
13106
13106
13106
13105
13105
13105
13105
13105
13105
13109
13109
13109
13131
13141
13125
13125
13124
13122
13122
13122
13122
13121
13121
13121
13124
13124
13124
13124
13124
13125
13125
13125
13125
13124
13123
13120
13161
13156
13159
13154
13156
13155
13155
13155
13155
13155
13155
13155
13125
13126
13126
13126
13126
13126
13126
13126
13126
13126
13126
13127
13153
13152
13150
13149
13151
13151
13151
13151
13151
13151
13151
13152
13136
13137
13137
13137
13137
13137
13137
13137
13137
13138
13138
13138
13159
13145
13145
13142
13142
13143
13143
13143
13143
13143
13143
13143
13129
13129
13129
13129
13128
13128
13128
13128
13128
13128
13128
13128
13171
13154
13152
13153
13151
13151
13151
13151
13151
13151
13151
13151
13124
13124
13124
13124
13124
13124
13124
13123
13123
13123
13123
13123
13133
13138
13139
13137
13136
13136
13135
13136
13136
13136
13136
13136
13108
13108
13108
13108
13108
13108
13108
13108
13108
13108
13108
13108
13117
13132
13125
13126
13123
13123
13124
13123
13124
13124
13124
13124
13112
13112
13112
13112
13112
13112
13112
13112
13112
13112
13112
13112
13108
13109
13114
13113
13113
13114
13115
13115
13115
13115
13115
13115
13107
13107
13107
13107
13107
13107
13107
13107
13107
13108
13103
13104
13112
13112
13147
13168
12958
13017
13035
13032
13022
13013
13014
13659
13079
13088
13112
13109
13673
12877
13533
13502
13432
13405
13334
13294
13295
13300
13272
13249
13265
13273
13229
13228
13251
13291
12568
12608
13481
12942
12952
13038
13030
12981
12972
12972
12972
12967
12967
12966
12997
12992
12992
13594
13572
13526
13300
13192
13159
13152
13144
13134
13139
13142
13139
13155
13170
13114
13118
13117
13117
13117
13117
13113
13129
13115
13113
13116
13115
13113
13109
13106
13104
13104
13105
13105
13132
13132
13132
13131
13131
13131
13131
13131
13131
13131
13132
13129
13132
13116
13115
13117
13117
13117
13117
13117
13116
13116
13118
13118
13121
13121
13122
13123
13123
13123
13123
13123
13123
13122
13122
13122
13125
13123
13121
13117
13117
13118
13118
13118
13118
13118
13118
13118
13127
13127
13127
13127
13127
13127
13127
13128
13134
13160
13168
13172
13184
13166
13155
13154
13145
13222
13216
13208
13213
13208
13208
13208
13209
13218
13220
13231
13195
13209
13211
13212
13207
13211
13211
13211
13207
13202
13200
13198
13198
13197
13196
13197
13196
13195
13196
13197
13208
13208
13208
13209
13210
13212
13212
13212
13212
13211
13211
13212
13220
13205
13203
13203
13210
13221
13221
13224
13223
13222
13218
13226
13224
13225
13225
13225
13224
13224
13224
13226
13231
13240
13240
13260
13259
13246
13247
13247
13247
13248
13248
13248
13248
13248
13248
13248
13248
13248
13248
13248
13248
13248
13248
13248
13248
13248
13249
13261
13244
13242
13245
13245
13245
13245
13245
13246
13245
13245
13245
13245
13253
13253
13253
13253
13254
13258
13264
13275
13282
13286
13287
13283
13282
13281
13275
13344
13338
13334
13330
13333
13332
13332
13332
13361
13304
13310
13321
13326
13327
13338
13356
13352
13357
13356
13426
13443
13361
13361
13363
13363
13358
13360
13359
13360
13360
13359
13360
13360
13364
13365
13365
13366
13372
13382
13389
13385
13386
13386
13382
13408
13398
13397
13407
13410
13411
13411
13415
13412
13490
13499
13503
13502
13500
13440
13441
13440
13440
13440
13440
13441
13440
13440
13440
13445
13439
13439
13439
13440
13439
13439
13439
13439
13439
13439
13439
13439
13437
13437
13437
13437
13437
13434
13432
13433
13433
13433
13433
13430
13433
13433
13434
13433
13433
13433
13430
13430
13430
13429
13429
13433
13421
13421
13421
14027
13307
13327
13370
13423
13422
13420
13422
13428
13407
13392
13387
13400
13400
13356
13340
13321
13977
13383
13369
13391
13398
13381
13412
13411
13429
13429
13429
13403
13368
13309
13373
13361
13359
14001
13726
13708
13611
13611
13605
13603
13599
13583
13566
13472
13431
13429
13425
13424
13425
13424
13424
13424
13424
13424
13424
13425
12184
13619
13620
13612
12850
12858
12857
12868
12868
12868
12868
12877
12869
12824
13615
13653
13682
13717
13713
13687
13668
13665
13660
13644
13627
13513
13454
13451
13448
13446
13447
13447
13447
13447
13447
13447
13449
13449
13449
13449
13449
13499
13448
13449
13449
13448
13438
13430
13418
13417
13418
13418
13419
13419
13422
13422
13422
13422
13422
13422
13413
13413
13412
13412
13412
13413
13414
13414
13426
13444
13448
13462
13452
13451
13462
13538
13550
13550
13558
13492
13499
13501
13502
13585
13614
13608
13623
13621
13622
13546
13545
13545
13545
13545
13548
13560
13560
13558
13562
13562
13563
13563
13564
13565
13567
13570
13585
13584
13579
13593
13597
13616
13615
13688
13703
13636
13646
13650
13662
13686
13682
13689
13706
13705
13718
13805
13730
13736
13736
13741
13751
13765
13742
13753
13753
13826
13829
13818
13824
13829
13831
13831
13832
13885
13885
13809
13804
13803
13804
13804
13804
13804
13804
13804
13804
13804
13807
13807
13808
13811
13811
13811
13827
13836
13844
13853
13876
13966
13957
13954
13939
13947
13944
13969
13921
13929
13932
13928
13939
13936
13935
13935
13935
13935
13935
13935
13935
13935
13935
13936
13935
13969
13946
13942
13941
13941
13941
13941
13941
13940
13940
13940
13939
13940
13935
13935
13935
13942
13942
13942
13942
13941
13941
13942
13942
13932
13948
13949
13950
13949
13949
13947
13948
13948
13949
13949
13949
13954
13959
13962
13966
13964
13964
13970
13970
13966
13965
13970
13967
13981
13966
13967
13967
13967
13966
13974
13980
13979
13980
13988
13987
13979
13979
13975
14055
14056
14058
14061
14056
14056
14057
14059
13981
14007
14011
14021
14023
14024
14024
14027
14043
14046
14047
14043
14042
14036
14111
14112
14119
14109
14105
14108
14104
14102
14091
14090
14090
14086
14097
14092
14093
14097
14137
14159
14158
14166
14170
14169
14183
14114
14125
14127
14123
14131
14131
14131
14132
14132
14132
14132
14132
14142
14106
14105
14105
14105
14105
14104
14104
14104
14106
14105
14105
14106
14107
14119
14122
14206
14207
14204
14144
14147
14159
14156
14235
14174
14200
14288
14207
14219
14231
14239
14239
14246
14322
14334
14264
14271
14273
14276
14283
14292
14296
14306
14313
14313
14315
14316
14381
14388
14373
14375
14375
14389
14382
14381
14313
14313
14313
14312
14311
14311
14309
14310
14310
14310
14310
14311
14311
14325
14344
14350
14361
14400
14389
14486
14488
14486
14486
14480
14484
14497
14451
14460
14460
14465
14448
14450
14450
14451
14450
14451
14454
14453
14453
14452
14451
14456
14444
14447
14447
14447
14451
14456
14466
14462
14465
14462
14467
14467
14443
14444
14445
14445
14445
14445
14450
14454
14470
14474
14477
14484
14483
14482
14483
14481
14482
14482
14482
14481
14482
14480
14481
14480
14483
14483
14483
14484
14487
14493
14509
14521
14523
14523
14517
14514
14494
14491
14487
14487
14563
14568
14568
14568
14576
14588
14545
14550
14551
14560
14559
14559
14559
14559
14559
14559
14559
14560
14558
14579
14567
14569
14566
14566
14567
14573
14573
14576
14579
14580
14581
14581
14579
14580
14580
14580
14580
14582
14587
14616
14623
14621
14624
14618
14711
14706
14701
14705
14709
14709
14719
14656
14675
14683
14694
14700
14713
14710
14794
14794
14729
14729
14729
14729
14729
14730
14730
14712
14719
14716
14716
14710
14711
14712
14713
14712
14712
14712
14712
14711
14714
14714
14714
14714
14714
14714
14700
14782
14716
14764
14805
14821
14772
14776
14775
14780
14781
14782
14784
14783
14783
14783
14782
14782
14786
14785
14786
14785
14785
14785
14784
14785
14792
14798
14811
14811
14823
14824
14908
14840
14838
14918
14846
14858
14865
14872
14873
14877
14878
14967
14971
14978
14983
14979
14980
14914
14914
14914
14914
14908
14935
14935
14933
14932
14930
14930
14930
14932
14932
14932
14932
14932
14920
14920
14920
14920
14920
14920
14921
14921
14921
14921
14921
14915
14899
14911
14911
14912
14911
14914
14913
14914
14914
14914
14914
14914
14911
14911
14912
14908
14909
14909
14909
14909
14909
14909
14909
14917
14942
14942
14940
14941
14938
14940
14940
14941
14942
14944
14940
14938
14937
14937
14936
14936
14936
14936
14935
14935
14935
14935
14935
14932
14924
14925
14924
14923
14923
14924
14924
14924
14923
14923
14923
14923
14928
14928
14928
14928
14928
14928
14928
14928
14928
14928
14928
14946
14922
14923
14924
14924
14924
14924
14924
14924
14925
14925
14926
14926
14932
14932
14932
14932
14932
14932
14932
14932
14932
14932
14932
14953
14949
14948
14948
14948
14942
14945
14946
14946
14947
14948
14946
14945
14931
14931
14931
14930
14928
14928
14928
14927
14927
14927
14925
14931
14912
14912
14912
14914
14915
14915
14912
14912
14912
14912
14912
14912
14905
14905
14904
14904
14904
14904
14904
14904
14904
14904
14904
14893
14905
14905
14907
14906
14905
14905
14906
14906
14906
14905
14905
14905
14907
14907
14907
14907
14907
14906
14907
14906
14906
14904
14896
14896
14915
14913
14915
14915
14920
14919
14919
14918
14918
14918
14918
14918
14956
14956
14956
14956
14956
14956
14956
14956
14956
14955
14962
14951
14953
14953
14953
14953
14952
14952
14953
14952
14952
14952
14952
14953
14972
14971
15083
15002
15094
15092
15088
15084
15093
15096
15081
15013
15047
15053
15056
15056
15060
15060
15060
15058
15059
15141
15070
15076
15090
15095
15109
15113
15119
15122
15122
15121
15116
15194
15171
15153
15190
15195
15191
15190
15194
15196
15202
15211
15210
15210
15203
15198
15205
15138
15138
15137
15138
15138
15138
15138
15138
15138
15109
15120
15137
15137
15138
15138
15138
15137
15134
15134
15134
15134
15134
15134
15151
15151
15151
15151
15151
15157
15165
15167
15166
15166
15140
15133
15160
15163
15165
15165
15164
15165
15165
15165
15165
15165
15166
15167
15168
15168
15179
15188
15192
15193
15189
15184
15191
15191
15149
15135
15165
15164
15163
15163
15190
15192
15191
15191
15191
15191
15191
15192
15184
15183
15184
15183
15182
15183
15183
15183
15183
15183
15175
15184
15187
15187
15187
15187
15186
15186
15187
15187
15186
15188
15188
15189
15188
15188
15188
15188
15188
15189
15189
15189
15189
15189
15180
15184
15185
15185
15185
15187
15194
15222
15226
15238
15241
15241
15236
15244
15254
15348
15360
15364
15359
15366
15368
15297
15296
15295
15291
15267
15291
15292
15293
15295
15298
15299
15299
15299
15298
15299
15298
15302
15375
15374
15375
15374
15375
15310
15400
15331
15336
15335
15350
15330
15333
15410
15411
15413
15413
15425
15437
15368
15369
15365
15377
15381
15366
15366
15383
15381
15381
15381
15381
15378
15379
15381
15374
15374
15417
15417
15418
15421
15427
15444
15448
15464
15463
15463
15533
15530
15532
15524
15523
15516
15513
15515
15515
15512
15520
15521
15539
15493
15505
15511
15512
15516
15516
15515
15516
15517
15518
15518
15518
15518
15520
15520
15520
15520
15520
15520
15520
15525
15534
15535
15525
15538
15532
15533
15535
15532
15533
15533
15533
15534
15534
15541
15551
15555
15565
15565
15552
15621
15615
15618
15618
15620
15627
15637
15574
15578
15595
15608
15629
15623
15631
15713
15694
15698
15642
15641
15641
15641
15648
15648
15648
15648
15648
15678
15687
15687
15707
15712
15714
15699
15766
15771
15777
15760
15753
15755
15673
15748
15757
15758
15758
15757
15759
15834
15776
15802
15806
15805
15797
15845
15868
15795
15796
15793
15806
15806
15806
15806
15805
15805
15805
15805
15805
15805
15805
15805
15812
15812
15812
15812
15812
15812
15812
15812
15812
15819
15815
15831
15839
15863
15897
15910
16024
15959
15987
16004
16006
16009
16013
16013
16022
16022
16028
16028
16028
16028
16026
16027
16025
16017
16021
16026
16019
16019
16019
16019
16021
16021
16021
16021
16021
16021
16022
16022
16023
16024
16034
16048
16049
16067
16072
16072
16072
16076
16172
16176
16169
16162
16166
16094
16103
16105
16121
16122
16125
16125
16208
16210
16225
16232
16231
16231
16232
16237
16235
16231
16162
16163
16176
16166
16151
16152
16154
16222
16219
16214
16216
16222
16213
16203
16201
16191
16197
16202
16201
16198
16195
16195
16192
16191
16190
16189
16201
16186
16220
16220
16223
16224
16225
16225
16229
16233
16229
16232
16235
16234
16238
16229
16227
16230
16237
16233
16237
16241
16241
16238
16240
16235
16233
16228
16228
16227
16231
16231
16233
16241
16235
16235
16232
16241
16318
16809
16795
16928
16946
16967
16988
17106
17312
17453
17578
17847
18051
18087
18154
18233
18043
18299
18315
18255
18413
18408
18410
18418
18519
18455
18482
18552
18475
18486
18498
18508
18593
18676
18616
18598
18603
18513
18692
18690
18451
18512
18511
18511
18511
18511
18511
18509
18490
18492
18492
18492
18492
18492
18492
18492
18491
18491
18487
18319
18325
18325
18325
18325
18326
18328
18328
18328
18328
18500
18500
18503
18470
18470
18470
18471
18471
18475
18475
18475
18475
18475
18470
18466
18474
18473
18473
18473
18473
18473
18473
18441
18441
18441
18441
18441
18439
18439
18439
18439
18439
18439
18439
18439
18439
18439
18440
18440
18440
18440
18441
18440
18441
18440
18439
18440
18440
18440
18440
18440
18456
18457
18457
18457
18457
18457
18457
18457
18457
18457
18454
18453
18446
18446
18446
18446
18446
18446
18446
18446
18446
18446
18447
18447
18454
18461
18461
18493
18492
18492
18497
18489
18484
18474
18458
18535
18557
18563
18559
18559
18555
18555
18583
18520
18549
18550
18559
18558
18559
18559
18559
18560
18559
18559
18559
18559
18559
18559
18538
18555
18551
18554
18554
18560
18560
18559
18559
18559
18559
18560
18561
18561
18555
18567
18571
18589
18589
18589
18656
18655
18568
18642
18560
18652
18657
18602
18603
18622
18635
18632
18642
18644
18662
18667
18728
18730
18645
18645
18645
18645
18645
18645
18645
18645
18645
18645
18653
18640
18654
18655
18658
18657
18667
18668
18669
18670
18678
18677
18676
18674
18685
18691
18691
18692
18702
18710
18710
18710
18710
18711
18702
18715
18690
18689
18689
18690
18690
18690
18690
18691
18691
18691
18691
18691
18678
18678
18678
18678
18683
18684
18693
18765
18776
18775
18711
18723
18725
18737
18737
18737
18737
18736
18736
18736
18736
18756
18760
18760
18778
18779
18778
18778
18778
18845
18775
18859
18876
18807
18805
18804
18799
18799
18799
18801
18801
18801
18801
18802
18802
18801
18802
18805
18793
18793
18793
18796
18812
18821
18826
18834
18837
18838
18851
18856
18924
18933
18869
18868
18881
18882
18893
18895
18901
18907
18926
18927
18930
19013
18955
18965
18970
18975
18987
18987
18994
18989
19080
19070
19022
19020
19021
19018
19018
19018
19017
19018
19018
19019
19019
19019
19019
19019
19019
19018
19018
19018
19022
19033
19033
19070
19084
19077
19098
19114
19119
19225
19218
19216
19230
19230
19187
19204
19210
19208
19219
19230
19238
19241
19258
19266
19270
19357
19354
19361
19291
19305
19309
19325
19342
19341
19391
19377
19367
19375
19381
19390
19399
19395
19390
19387
19386
19399
19405
19405
19407
19434
19446
19370
19373
19367
19375
19375
19372
19374
19373
19373
19373
19373
19373
19372
19371
19371
19382
19400
19399
19414
19419
19425
19426
19437
19446
19445
19462
19470
19479
19489
19490
19501
19505
19584
19531
19530
19560
19643
19643
19594
19625
19625
19645
19628
19627
19681
19678
19678
19639
19652
19645
19674
19684
19684
19684
19684
19683
19683
19684
19683
19683
19682
19682
19682
19691
19691
19692
19692
19693
19693
19692
19692
19694
19682
19678
19680
19682
19682
19681
19681
19681
19681
19681
19681
19681
19681
19681
19680
19671
19671
19671
19671
19671
19671
19671
19672
19671
19679
19686
19682
19737
19743
19750
19751
19746
19752
19757
19853
19779
19858
19859
19859
19859
19796
19796
19796
19795
19795
19798
19797
19796
19806
19797
19795
19811
19820
19820
19905
19903
19907
19827
19833
19926
19860
19861
19861
19864
19936
19936
19944
19950
19947
19953
19962
19902
19910
19903
19912
19894
19895
19892
19892
19892
19892
19891
19891
19891
19891
19890
19892
19904
19903
19903
19903
19904
19904
19904
19903
19904
19911
19911
19910
19907
19933
19934
19934
19934
20012
20004
20004
20002
19990
19995
19995
20005
20005
20004
20011
20034
19972
19972
19984
19985
19994
19993
19992
19981
19981
19981
19979
19979
19980
19979
19979
19979
19979
19979
19977
19975
19975
19988
19988
19997
19997
19999
19998
19999
20003
19995
19995
20003
20003
20004
20003
20004
20004
20004
20004
20008
20009
20020
20030
20029
20029
20029
20104
20097
20093
20090
20090
20084
20088
20073
20083
20109
20041
20056
20056
20074
20091
20092
20107
20178
20182
20176
20180
20189
20109
20111
20113
20113
20112
20112
20112
20132
20131
20154
20151
20177
20178
20179
20180
20248
20238
20232
20228
20229
20217
20217
20216
20218
20217
20218
20218
20218
20218
20216
20261
20217
20227
20254
20262
20260
20260
20249
20259
20257
20257
20261
20254
20254
20256
20256
20255
20260
20260
20260
20260
20260
20260
20260
20261
20264
20268
20262
20262
20266
20266
20267
20267
20267
20267
20267
20266
20267
20267
20267
20267
20265
20265
20271
20272
20276
20277
20277
20277
20277
20273
20265
20266
20286
20286
20285
20286
20286
20286
20286
20286
20286
20286
20286
20286
20296
20297
20302
20302
20383
20324
20332
20349
20359
20353
20352
20348
20362
20364
20364
20371
20371
20391
20391
20395
20398
20397
20398
20464
20486
20485
20503
20430
20431
20431
20431
20431
20431
20432
20418
20420
20421
20420
20422
20424
20443
20459
20468
20468
20484
20507
20504
20511
20545
20544
20553
20579
20577
20651
20587
20596
20618
20617
20687
20706
20653
20662
20668
20684
20682
20694
20771
20770
20778
20719
20719
20719
20723
20723
20723
20723
20723
20723
20723
20723
20723
20733
20738
20783
20813
20829
20830
20898
20898
20896
20907
20837
20836
20856
20937
20933
20942
20869
20868
20867
20867
20867
20866
20865
20863
20826
20841
20837
20849
20858
20869
20871
20877
20956
20944
20953
20966
20901
20916
20914
20931
20933
20961
20962
20966
20978
21051
20991
20989
20984
20966
20971
21081
21015
21018
21018
21025
21024
21025
21024
21025
21024
21023
21023
21033
21033
21032
21032
21032
21032
21032
21032
21033
21018
21015
21018
21041
21120
21119
21053
21067
21085
21090
21099
21100
21182
21183
21184
21185
21121
21123
21136
21145
21144
21160
21176
21177
21164
21155
21151
21168
21168
21169
21170
21170
21171
21171
21171
21170
21170
21170
21171
21184
21184
21184
21184
21188
21192
21191
21191
21190
21193
21166
21168
21217
21217
21217
21218
21219
21219
21219
21217
21217
21217
21217
21217
21220
21220
21220
21220
21220
21220
21220
21220
21220
21235
21217
21217
21212
21212
21211
21211
21212
21212
21212
21212
21212
21212
21212
21212
21213
21213
21213
21213
21213
21213
21213
21213
21213
21215
21209
21207
21208
21208
21207
21207
21206
21207
21207
21206
21206
21206
21206
21206
21203
21203
21203
21203
21203
21203
21203
21203
21203
21213
21196
21198
21201
21200
21200
21200
21200
21200
21199
21200
21200
21200
21200
21200
21199
21199
21199
21199
21200
21200
21200
21200
21200
21207
21192
21190
21199
21199
21198
21198
21198
21197
21198
21198
21198
21198
21198
21198
21203
21203
21203
21203
21203
21203
21203
21203
21203
21205
21187
21195
21198
21198
21198
21198
21199
21199
21199
21199
21200
21200
21200
21200
21206
21206
21206
21206
21206
21206
21206
21206
21206
21210
21195
21192
21203
21203
21203
21202
21202
21201
21202
21202
21202
21202
21202
21202
21207
21207
21207
21207
21207
21207
21246
21242
21245
21254
21245
21251
21242
21241
21245
21238
21241
21239
21238
21242
21241
21238
21241
21241
21209
21210
21226
21226
21224
21224
21224
21223
21236
21245
21317
21317
21315
21328
21396
21396
21544
21582
21582
21620
21719
21719
21770
21828
21827
21999
22036
22040
22079
22144
22142
22354
22219
22200
22412
22419
22445
22473
22472
22369
22313
22318
22273
22269
22270
22475
22433
22431
22410
22459
22459
22557
22568
22568
22587
22607
22606
22590
22586
22583
22610
22604
22592
22709
22528
22529
22529
22529
22529
22529
22529
22529
22498
22498
22498
22498
22498
22498
22499
22499
22500
22492
22490
22713
22719
22719
22718
22716
22714
22716
22717
22717
22717
22716
22715
22715
22731
22731
22731
22731
22732
22733
22732
22731
22728
22738
22730
22729
22722
22722
22722
22722
22722
22722
22722
22722
22724
22724
22729
22729
22722
22722
22722
22722
22722
22722
22722
22722
22721
22732
22731
22730
22698
22698
22698
22697
22697
22698
22698
22698
22698
22698
22698
22698
22701
22701
22701
22701
22701
22701
22701
22701
22703
22717
22709
22705
22703
22703
22705
22704
22705
22703
22706
22706
22706
22705
22705
22705
22716
22716
22716
22716
22716
22716
22716
22716
22718
22720
22705
22705
22705
22704
22706
22706
22706
22706
22706
22706
22706
22706
22706
22707
22710
22710
22710
22710
22710
22710
22711
22711
22710
22718
22712
22715
22731
22731
22729
22729
22728
22728
22728
22729
22729
22729
22729
22729
22722
22722
22722
22722
22722
22721
22720
22719
22719
22729
22721
22725
22726
22726
22728
22729
22729
22728
22728
22728
22729
22730
22727
22727
22707
22707
22707
22707
22707
22707
22707
22708
22710
22715
22719
22717
22716
22716
22719
22719
22719
22719
22719
22719
22719
22719
22719
22719
22720
22720
22720
22720
22720
22720
22719
22719
22720
22731
22722
22723
22720
22720
22723
22723
22723
22723
22723
22723
22723
22723
22723
22723
22717
22717
22717
22717
22717
22717
22717
22717
22713
22720
22716
22716
22710
22711
22716
22716
22716
22716
22716
22716
22716
22716
22716
22716
22731
22731
22731
22731
22731
22731
22731
22726
22680
22695
22693
22695
22703
22702
22699
22698
22699
22699
22699
22699
22699
22699
22699
22699
22698
22698
22698
22698
22698
22698
22697
22697
22684
22707
22710
22706
22711
22711
22711
22711
22710
22710
22710
22710
22710
22710
22710
22710
22697
22697
22697
22697
22697
22697
22697
22700
22686
22684
22692
22686
22695
22694
22694
22694
22694
22694
22694
22694
22694
22694
22694
22694
22701
22701
22701
22701
22701
22701
22701
22700
22699
22695
22689
22689
22689
22689
22691
22692
22689
22689
22689
22689
22688
22688
22688
22688
22698
22698
22698
22698
22698
22698
22697
22701
22687
22695
22696
22693
22688
22688
22688
22688
22688
22688
22688
22688
22688
22688
22689
22689
22698
22698
22699
22699
22699
22699
22699
22698
22688
22690
22695
22698
22695
22694
22694
22694
22695
22695
22695
22695
22695
22695
22695
22695
22694
22694
22694
22694
22694
22694
22695
22694
22694
22681
22694
22693
22696
22696
22696
22696
22696
22696
22696
22696
22696
22696
22696
22696
22681
22681
22681
22681
22681
22681
22680
22681
22683
22690
22698
22697
22679
22679
22680
22680
22681
22681
22681
22681
22681
22681
22681
22681
22675
22675
22676
22676
22676
22676
22676
22676
22701
22708
22707
22704
22687
22686
22680
22680
22679
22680
22680
22680
22680
22680
22680
22680
22681
22681
22681
22681
22681
22681
22681
22679
22688
22689
22697
22697
22685
22685
22685
22685
22686
22686
22686
22686
22686
22686
22686
22686
22687
22687
22687
22687
22687
22687
22687
22687
22678
22696
22704
22710
22758
22758
22756
22756
22756
22755
22755
22755
22755
22755
22755
22755
22765
22765
22765
22765
22765
22765
22765
22765
22770
22773
22764
22765
22764
22764
22764
22764
22764
22764
22764
22764
22764
22764
22764
22764
22761
22761
22761
22761
22761
22761
22761
22760
22772
22768
22764
22766
22228
23248
23257
23270
23275
23273
23273
23274
22639
22640
22641
22641
22641
22641
22633
22633
22633
22630
22630
22630
23253
23265
23271
23271
23282
23282
23282
23282
23274
23277
23279
23262
23264
23264
23263
23263
23248
23248
23253
23256
23257
23256
23255
23253
23245
23252
23257
23258
23266
22634
22642
22642
22643
22640
22642
22642
23259
23255
23239
23213
23001
22832
22775
22766
22758
22760
22758
22760
22767
22765
22763
22763
22766
22766
22769
22769
22770
22770
22772
22772
22772
22772
22772
22772
22765
22765
22765
22765
22765
22765
22765
22765
22779
22762
22758
22756
22758
22758
22758
22758
22758
22758
22757
22757
22757
22758
22758
22758
22760
22760
22760
22760
22760
22760
22760
22761
22771
22759
22754
22752
22764
22764
22765
22765
22765
22764
22765
22765
22765
22765
22765
22765
22774
22774
22774
22774
22774
22774
22774
22774
22776
22769
22764
22762
22749
22750
22750
22750
22750
22751
22751
22751
22751
22751
22751
22751
22769
22769
22769
22769
22769
22769
22769
22771
22762
22772
22769
22764
22762
22762
22761
22761
22762
22762
22762
22762
22762
22762
22762
22762
22757
22757
22757
22757
22757
22757
22757
22757
22758
22758
22756
22755
22761
22761
22759
22760
22760
22760
22760
22760
22725
22726
22726
22726
22695
22695
22695
22695
22695
22695
22695
22695
22694
22708
22706
22704
22678
22678
22678
22678
22677
22676
22676
22676
22676
22676
22676
22676
22678
22678
22678
22678
22679
22679
22679
22680
22685
22693
22686
22685
22686
22686
22687
22686
22686
22686
22686
22686
22686
22686
22685
22685
22688
22688
22688
22688
22688
22688
22688
22688
22697
22689
22691
22690
22674
22674
22675
22675
22675
22675
22675
22673
22672
22672
22672
22672
22673
22673
22673
22673
22673
22673
22673
22674
22682
22685
22685
22686
22680
22680
22680
22679
22679
22679
22679
22679
22679
22679
22679
22679
22684
22684
22684
22684
22684
22684
22684
22686
22675
22690
22688
22687
22689
22689
22689
22689
22689
22689
22689
22689
22689
22689
22689
22689
22691
22691
22691
22691
22691
22691
22691
22691
22677
22695
22684
22683
22677
22677
22677
22677
22677
22677
22677
22677
22677
22677
22677
22677
22678
22678
22678
22678
22678
22678
22678
22678
22677
22680
22673
22672
22677
22677
22677
22677
22676
22676
22676
22676
22674
22674
22674
22674
22676
22676
22676
22676
22677
22677
22677
22679
22688
22686
22680
22679
22679
22679
22679
22680
22679
22679
22679
22679
22679
22679
22679
22679
22680
22680
22680
22680
22680
22680
22680
22680
22686
22683
22683
22683
22676
22676
22676
22676
22676
22676
22676
22676
22676
22676
22676
22676
22678
22678
22678
22678
22678
22678
22678
22679
22691
22683
22679
22683
22674
22674
22674
22676
22676
22676
22676
22676
22676
22676
22676
22676
22679
22679
22679
22679
22679
22679
22730
22735
22728
22732
22736
22737
22772
22772
22772
22772
22772
22771
22771
22772
22772
22772
22772
22772
22766
22766
22766
22766
22766
22766
22766
22765
22772
22765
22769
22768
22753
22753
22752
22752
22752
22752
22752
22752
22752
22752
22752
22752
22757
22757
22757
22757
22757
22757
22757
22758
22765
22764
22757
22758
22750
22750
22748
22748
22748
22748
22748
22748
22748
22748
22748
22748
22742
22742
22742
22742
22742
22742
22742
22742
22753
22746
22748
22748
22740
22740
22742
22742
22742
22742
22742
22742
22742
22742
22742
22742
22751
22751
22749
22749
22749
22749
22748
22742
22755
22762
22752
22752
22747
22722
22695
23299
23239
23186
23182
23156
22606
23286
22478
23181
23184
22601
22612
22661
23312
22660
22608
23260
23206
23180
23294
23176
23189
22602
22691
22744
22746
22746
22745
22745
22745
22745
22745
22745
22744
22744
22738
22702
22677
23283
23240
23201
23133
22570
23258
23262
23220
23155
23206
23242
22637
22661
23256
23256
22642
22683
22687
22693
22694
22707
23339
23338
23334
23333
23331
23327
23334
23338
23330
23329
23324
23315
23315
23315
23315
23313
23311
22676
22675
22675
22676
22676
22683
22677
22677
22677
22677
22677
22677
22677
22689
22691
22685
22687
22685
22685
22683
22684
22684
22683
22682
22683
22688
22688
22690
22688
22697
22698
22701
22700
22703
22685
22666
23315
23298
23321
23332
23341
22691
22688
22695
22700
22699
22700
22702
22702
22702
22702
22702
22702
22724
22724
22724
22724
22724
22724
22725
22735
22737
22739
22747
22747
22736
22736
22736
22736
22722
22723
22723
22723
22723
22715
22714
22714
22680
22680
22680
22679
22680
22680
22674
22682
22676
22675
22687
22686
22691
22690
22689
22688
22682
22683
22683
22681
22683
22680
23321
23321
23325
23325
23343
23345
23345
23340
23334
23322
23330
23328
23327
22726
22736
22736
22735
22735
22735
22735
22735
22733
22733
22733
22733
22733
22742
22742
22742
22742
22742
22744
22745
22752
22740
22737
22738
22734
22734
22734
22734
22733
22733
22733
22733
22733
22733
22733
22732
22732
22728
22728
22728
22728
22729
22729
22728
22738
22735
22735
22735
22735
22759
22759
22759
22759
22761
22761
22761
22761
22761
22761
22761
22761
22754
22754
22754
22754
22754
22753
22755
22773
22763
22764
22763
22765
22755
22755
22755
22755
22755
22755
22755
22755
22755
22755
22755
22755
22755
22755
22755
22755
