2207
1499
1943
23085
24259
7441
2361
3319
1056
445
464
2249
2595
645
660
2156
107
64
64
565
122
64
64
214
1268
1060
2221
24227
23873
8269
2408
1741
4477
926
490
541
828
45
0
0
45
246
171
167
752
281
0
0
175
2663
1040
3655
5144
3367
967
696
1250
3858
1080
1403
3725
433
102
99
1326
564
0
0
100
100
0
0
100
2692
800
4007
5494
2987
765
742
1739
360
123
124
1363
1206
187
127
409
2410
907
848
2080
424
273
402
451
2002
1429
4922
5440
4923
1133
1419
2650
765
461
131
547
68
12
12
68
68
12
12
68
68
12
12
68
1182
532
3560
5066
2776
846
449
696
56
9
3
806
623
66
67
726
375
51
45
381
32
0
0
32
1292
494
4026
4378
4424
1791
683
4884
219
125
3358
3810
3628
3837
284
3149
2206
3516
3376
3518
839
3408
535
4257
4037
6325
10177
9977
3848
1811
736
881
2371
949
889
3550
552
373
275
794
379
165
167
3724
765
114
2688
3756
5496
5228
9608
10619
5821
4012
3727
4779
5901
4585
882
1232
445
228
248
1091
5725
2263
1489
4053
209
78
62
141
2980
1722
6831
8206
4890
1878
1091
1852
2698
585
654
1759
629
3351
217
876
249
231
2379
3141
3951
284
563
3593
3609
5526
10813
9222
2824
1371
360
3601
61077
3812
831
846
3575
1442
589
502
3259
292
0
0
308
236
0
0
236
4192
9339
7690
6168
4018
3104
2837
4009
3200
3398
1970
3636
5054
3321
823
1217
1097
385
446
1917
1579
186
177
987
6615
9765
8149
6155
1155
768
639
1100
4949
3683
2690
5676
923
394
378
882
506
549
363
426
150
138
138
374
3042
4133
3931
3784
912
474
400
501
33
27
24
37
1658
181
171
720
59
85
40
448
18
0
0
3
2463
2673
2893
2254
591
389
388
1365
0
0
0
376
662
0
0
184
352
10
4
396
3734
1574
1346
2564
2193
3157
2992
3080
411
49
55
470
15
9
9
15
515
168
77
589
158
9
9
246
15
9
9
15
1849
3002
2991
2281
928
259
273
877
27
9
9
27
27
9
9
27
299
245
260
569
39
13
19
95
503
2411
2249
1401
518
93
94
548
813
193
193
697
0
0
0
0
0
0
0
0
0
0
0
0
795
2784
2512
1989
342
43
48
50
3
0
0
3
1297
359
553
1664
329
8
219
768
0
0
0
0
1604
3131
3559
3130
1302
73
78
795
0
0
0
261
0
0
0
666
0
0
0
0
1151
63
82
177
2207
2440
2220
3235
999
63
66
359
0
0
0
0
1168
339
407
1273
0
44653
592
0
128
265
3738
1786
6906
6718
6428
1458
1260
2702
503
426
0
1142
457
0
0
64
64
0
0
64
1171
13
13
1688
1318
630
6605
6578
2573
822
481
1492
800
275
234
1346
390
0
222
341
25
0
0
25
137
0
12
149
1964
1740
7545
7623
3376
1257
856
1978
358
99
94
170
49
0
0
49
1433
291
369
2098
433
0
0
49
1773
1108
4781
5465
3165
718
302
1033
1867
255
498
1782
38
0
0
26
25
0
0
25
1549
92
83
957
1094
268
4751
5494
2475
874
665
1427
204
0
0
652
1449
94
206
1197
1424
2461
4486
2889
3806
4197
3899
4295
8278
7919
10495
11185
9387
6679
3933
6544
569
297
266
946
4249
4116
4352
5506
5535
6055
4822
5255
6607
5805
5713
1760
10282
8014
16213
15465
12699
6069
5914
5172
6383
10915
7878
8018
8713
5027
5710
4354
4756
3828
3285
3363
4238
244
3542
4299
5290
10352
14101
13245
11772
6474
5995
4887
7593
8021
8244
7350
7171
7632
7543
5714
3321
8277
6853
5737
7376
4825
4345
347
1077
7851
9774
8016
6692
5064
3129
3618
4924
3944
3024
3559
4306
2419
352
379
854
30
16
16
30
4111
2035
1838
3919
6518
9822
7926
7480
1409
550
518
765
1140
3551
3599
1068
3546
2518
4383
5912
3612
39
2905
430
78
23
27
72
7304
15478
7776
5733
54965
585
3739
3093
1019
551
3559
128
303
3222
375
3229
4538
2609
240
575
999
1329
42
42
777
7673
6045
1203
3169
1860
566
620
1288
3115
625
742
2311
108
37
37
236
236
37
37
108
400
239
266
4387
15572
13675
7109
8283
2052
4125
3888
4900
3268
3457
255
4675
6136
7547
6549
6218
7772
5063
3440
3037
3472
5832
7697
8845
26165
26383
13014
9125
9402
8761
7974
6495
5983
6039
1807
4562
4252
5488
4737
4712
3980
6212
5296
4924
5743
1009
8281
8110
11938
12495
7580
6003
7468
7386
8764
6280
6155
7035
5962
6921
3822
5303
4563
5656
5176
6309
6202
6756
6136
7175
1282
9252
12204
9659
9898
10981
7247
5404
7437
5646
6252
5257
5924
6395
4882
2087
5354
5806
5237
4581
5551
5258
1398
720
4398
9239
8363
8412
8570
4742
4444
4571
5116
8335
5649
5898
6810
5412
5403
4481
4840
5378
3592
4639
4875
5598
4437
4277
4704
9845
14117
8595
5890
2308
3515
3525
3489
1185
3729
3268
4579
4541
3095
3401
3819
3263
1605
1024
3044
1492
996
1128
2546
5390
7299
6638
6451
4199
989
1034
2483
1492
557
496
2181
1428
180
187
1454
821
98
107
788
2331
547
679
1765
3763
4198
4251
4120
1756
668
640
1455
897
717
559
1399
1710
617
695
3083
348
11
11
348
76
11
11
76
3310
3329
2934
2137
3742
849
742
2652
55
8
8
55
59
59
50419
305
105
93
489
471
3
17
39
1601
1024
5527
5081
3079
1046
1165
2636
1457
197
318
416
584
42
50
743
15
0
0
15
19
0
0
133
1384
624
5886
6128
2973
1345
651
1793
330
312
114
114
144
144
147
724
1848
395
292
1189
185
0
12
73
1348
510
5053
5586
2520
880
396
1186
682
204
48
2126
273
61
28
122
42
24
24
42
335
62
56
215
1579
618
4383
5440
2531
417
304
830
271
0
0
43
1421
249
278
944
171
0
0
93
463
0
0
15
845
463
4783
5180
3318
803
520
1310
27
0
0
9
9
0
0
9
9
0
0
9
624
4
12
166
1272
580
4324
5133
1958
657
391
1285
1281
84
84
813
115
0
0
211
19
0
0
19
475
180
160
803
1776
565
5717
6110
2089
675
441
1156
136
21
23
137
801
6631
7555
2371
3260
3573
5108
6373
4981
5041
4764
5422
10655
9555
13327
15273
8176
7601
6883
7924
8204
5807
4949
5893
3411
577
4092
4623
3616
4533
4376
5329
8909
6468
5795
7294
7059
5321
14431
12385
5710
7235
9009
5988
5442
6615
5771
2264
3235
620
4724
3932
1907
5791
4291
4141
3303
4363
4123
3744
3586
4085
11527
12238
5069
7678
5958
6023
6108
9985
2023
7476
5566
6161
6397
5199
4962
5841
6478
4640
6441
5309
3258
3376
4588
54095
20917
16254
8322
11129
7994
5588
6119
7799
10323
8407
6880
9227
5381
836
4404
2087
5162
4692
6561
6960
9240
7958
6447
5928
17620
13670
9512
9681
6670
3563
326
1374
1378
3621
536
872
2747
559
307
5420
1474
3121
3483
3730
3795
3060
3147
4764
12036
7259
1293
2510
1642
1079
971
1501
708
134
139
626
30
0
0
30
30
0
0
30
1912
806
737
2770
5305
3108
995
2112
211
40
44
67
22
3
3
22
837
211
235
1111
881
202
206
1027
452
24
21
421
3054
2338
390
995
1318
93
180
1809
1490
140
197
369
12
0
0
245
1320
226
257
1620
794
179
227
1568
3004
2006
678
2413
1054
46
54
515
2398
954
769
1912
42
128
128
12
12
124
32
20
12
0
0
12
4736
3812
653
2923
354
471
247
676
180
25
13
49
1764
13
21
986
840
43
176
726
232
163
190
531
2857
2291
578
1164
1320
49
238
429
196
85
128
147
110
47
47
823
240
47
47
110
1085
510
217
1558
3287
2160
646
1356
22
4
4
22
22
4
4
22
1338
77
310
1635
28
4
7
22
561
159
153
847
2983
1771
81
1059
560
13
25
860
303
10
10
359
34
10
10
34
837
18
16
465
1638
1039
2049
21308
3019
19185
4490
5106
661
354
346
536
0
48392
139
28
28
87
15
31
31
15
15
31
31
15
1290
5086
3945
5964
4104
3681
924
3613
716
536
429
535
0
0
0
0
710
446
29
1008
29
40
31
36
5344
8954
10355
3540
2759
642
552
1603
2461
947
274
2706
1228
361
283
706
756
199
178
529
4151
2201
2374
4536
7544
8480
7433
7180
5323
525
370
1535
322
57
217
63
1733
830
929
3823
328
0
3
0
0
0
0
257
6086
8351
5938
4834
2029
1114
3694
5023
4488
2952
3032
4477
1298
3419
3025
3411
1289
677
631
1947
1305
347
536
1108
4859
7340
6885
6298
1389
551
592
860
4296
2365
2177
4622
326
234
252
307
68
72
7
58
58
7
7
58
2543
5452
5245
3935
681
296
239
366
75
4
4
74
37
4
4
37
2647
1390
1000
1568
59
12
4
330
2108
2978
2604
3017
845
268
285
538
2337
438
334
1617
592
121
124
423
37
4
4
37
1606
375
334
1795
979
2431
2198
1733
37
4
4
165
165
4
4
37
747
477
282
1093
37
4
4
37
470
4
4
37
2124
3692
3116
2804
2075
636
583
1963
263
37
31
97
58
7
7
58
58
7
7
58
58
7
7
58
4930
8994
6125
6666
2214
824
758
1785
1903
451
417
1213
995
887
232
845
912
371
477
1016
0
45675
3269
3303
4777
25247
24676
6083
3402
2586
1850
586
553
1841
517
1087
217
361
3196
429
1406
2930
314
123
992
1135
4808
3844
5795
27431
26992
10763
5100
5581
3317
1860
2203
4813
1571
1089
925
1066
645
689
648
631
638
686
766
714
2778
2441
4043
25080
24938
6179
4389
5392
2163
1458
1101
1303
1735
1070
1160
1542
3316
2148
2073
3524
2456
1506
1246
1740
3787
4266
7128
23992
25628
7624
6839
6413
1557
753
689
3732
295
228
183
496
226
0
0
134
442
141
116
238
4454
2131
2548
24402
22845
9352
1289
1573
1095
520
1372
2436
4429
2277
1860
4726
2247
1679
1499
2326
2258
1419
1391
1621
4308
4051
4880
23005
22650
3883
1226
2878
2624
1626
1727
1677
2490
1479
1084
1212
1501
3242
1200
1963
4403
1807
809
1165
1812
5182
3090
8575
9093
2443
1628
759
1841
3760
2455
1377
3860
2224
1819
1397
2085
1973
512
1395
1554
211
55
8
168
4759
2748
9600
9844
5356
3109
3202
4004
2168
1929
1651
2245
2471
1913
1124
3745
1889
1332
1195
1578
2294
1805
1682
1309
6009
3740
10870
11034
7500
5049
4515
6636
2187
1670
824
1879
1166
973
359
1194
1295
904
512
1002
3028
1618
1970
2645
7385
5409
15471
16135
4847
3352
2437
3120
1646
1786
1171
1811
3598
2094
1890
4172
2956
1931
1077
3638
2942
2337
1809
2018
6102
5109
11626
14252
4535
2549
2563
3466
52096
1538
1291
74
780
1203
911
24
222
1781
1504
1404
3069
1401
1236
1389
1764
9528
21068
18735
9968
2910
1773
1599
2367
6062
4501
2975
5353
2432
1475
1797
2131
2581
1872
955
1538
2380
595
1562
1862
6051
14335
10794
5293
2167
731
766
2923
2164
1634
638
1861
4288
1567
2104
4002
1629
2004
2214
2448
3400
1609
1093
1947
6111
11562
10130
8047
8330
6596
4234
5889
1379
553
346
794
963
443
984
450
977
571
1349
2117
2755
1553
1482
1972
8698
20366
17807
9282
3045
2588
2059
3139
8185
5240
5560
7288
2898
1999
1382
2215
510
959
964
474
1262
524
1459
2959
10764
13252
10608
7266
1895
1760
748
1644
179
40
40
610
131
19
19
131
2035
1316
783
1908
1945
556
567
1219
4851
13147
12617
4591
1279
635
524
891
1185
904
649
1386
1298
609
472
1413
539
277
307
598
4738
1942
1940
4677
4839
9105
9296
4166
2883
1829
1539
2960
550
61
96
177
1069
720
750
1031
126
16
16
122
114
16
16
114
1227
6776
7080
1411
1665
390
419
1176
629
268
253
999
345
16
16
685
121
16
16
121
392
16
16
121
745
6946
6745
2370
911
226
171
763
1887
330
252
1270
415
64
40
590
111
16
16
335
111
16
16
111
2012
7233
7118
1969
496
145
285
585
392
58
58
168
259
58
58
241
0
51425
12
0
0
641
388
346
829
28632
27336
5103
895
1412
1674
283
354
1401
776
6
6
1028
328
6
6
94
94
6
6
223
606
322
381
30183
28532
5373
1738
2181
238
47
48
478
86
27
27
338
981
154
321
598
99
48
48
282
1213
889
1160
27863
27959
4025
1258
1693
496
150
137
243
65
27
27
65
225
27
27
494
620
228
2095
1063
5506
7342
6684
15892
15783
7495
6585
5906
5011
5588
5939
6341
1064
5176
6690
4818
2445
3997
840
3461
470
3013
786
1076
376
399
836
12198
12163
898
1642
555
141
301
421
28
0
0
28
28
0
0
28
506
24
18
64
2653
2538
2667
514
12202
10952
3399
4958
4623
3000
3330
4007
3732
1787
479
847
4624
7490
4456
1818
651
181
2450
2985
5259
4706
4732
7049
15389
18169
7456
9586
7600
7152
5302
6594
4270
3986
3208
1375
6018
5375
5516
6693
4094
5693
5189
5570
6339
6084
5468
6770
19816
15725
4074
7035
6750
6580
5426
7584
6055
1080
5051
4648
6193
5815
5033
5478
6410
5107
4259
5929
6968
4698
670
1643
22372
17676
2625
4161
3572
2920
2846
3844
7636
5064
5880
7721
4901
3600
3554
3902
968
447
575
1012
190
91
91
180
14812
14556
2172
3266
964
412
351
800
448
160
148
462
80
31
31
80
858
142
145
509
2170
1409
1625
29149
207
13104
53044
68
35
32
316
1797
235
306
1491
48
34
34
48
87
58
67
736
750
350
151
668
5769
5163
147
1091
18
9
9
305
4544
290
214
387
1406
3243
1076
1655
720
4645
3494
4164
3473
2872
2849
3164
22324
19077
5496
6424
9765
12710
4426
11096
2246
4154
333
477
3943
1137
1250
4735
548
255
2963
758
6234
4366
723
1688
18945
16699
1445
5263
1390
819
681
1083
6795
4593
1550
3611
4595
4852
3011
4452
406
2233
58
306
3130
502
3260
2889
18103
16288
8220
10730
6932
5013
5564
2254
6272
5582
5222
5330
5004
4372
4826
5025
7346
7133
6820
7170
8872
5482
11181
9391
16672
16184
5862
4308
4019
2335
3889
2607
4862
5958
4791
6101
6459
5324
6960
6299
4052
2951
1405
2194
2805
3500
4458
9626
15482
15530
4545
2400
2054
4685
6252
6977
5840
4707
5143
6920
4441
4914
3016
1045
620
783
4359
1209
3037
3055
3494
8150
17684
15998
8199
9001
4865
5759
6526
1101
470
654
716
177
27
27
61
25
0
0
25
609
305
330
1095
3851
12042
12553
7274
2971
2233
1701
2642
1763
784
1398
1333
2842
2126
1141
3891
1397
206
187
1351
2497
1454
1255
2713
6526
12517
13850
8625
3351
2057
2182
2695
1759
2223
1177
1668
1739
1134
993
1452
4431
2760
3189
4595
1088
739
840
1219
8334
15577
14942
10193
3476
1140
1727
3389
3920
3400
3033
2595
12
12
53270
1236
15
30
636
77
1095
754
941
6907
5553
14474
16251
3657
2969
1061
2875
2900
671
1369
2559
1670
651
1181
1525
3168
1237
1786
2148
1079
902
748
1821
5003
3732
12743
13910
9429
5779
5024
8241
2101
1386
1306
1516
1162
243
237
1109
1615
1442
1169
1004
1032
52
132
360
3398
2995
12727
12255
3066
1891
703
1628
654
439
348
1434
3977
2342
2332
3654
813
263
153
1006
530
285
285
455
5315
3762
14004
14150
7582
5147
3059
5425
1618
304
458
1578
1517
1602
1116
2752
2856
2350
2342
4147
2336
1604
1495
1904
7152
5430
12901
14001
4977
3042
2775
3651
3844
1948
2004
3970
623
281
1560
1868
2044
1356
1314
1340
1536
1124
760
1339
8139
5887
13184
14535
6764
3822
1545
2486
2341
2066
1435
2073
1812
1278
1784
2444
3916
2498
2334
3742
2345
2140
1780
2559
6517
4561
15812
16433
8906
5798
5493
8575
3534
2398
1939
3208
2334
1527
1694
2688
2340
1283
659
1787
452
4
11
427
4632
3155
14754
13678
4042
1752
961
2255
751
424
395
952
3502
1454
2552
3161
2040
1395
1170
1889
1359
1416
1037
1266
5197
3581
13571
14560
14026
3202
3134
2021
2165
1613
1293
1145
1333
1196
1068
951
916
3847
2418
1968
4646
1124
698
1283
1487
6391
13508
11870
7545
3613
2272
2154
3330
2286
666
1750
2222
1316
409
386
1316
1001
1017
123
1338
925
1566
559
1472
58161
17126
16297
3838
5427
3451
2372
1962
4491
2739
1436
1491
2185
3467
1804
1149
2893
2048
217
892
1053
843
793
894
720
16816
14548
2064
3610
4950
3356
2808
5584
1951
1376
1301
1144
1789
1442
1411
1487
2676
1250
1353
697
1411
999
1169
1960
18511
16076
4719
6058
3222
2171
1606
2681
4773
3601
2437
6620
2481
2045
2168
2203
1349
1324
1068
1674
2173
1400
1230
1646
19005
18277
4402
5705
3652
1873
2237
3104
2025
1881
1452
2345
3218
2006
1845
2034
1823
1134
794
1381
189
644
823
1107
17382
14808
4507
3391
1241
1228
1774
2724
4374
1558
2295
3233
2378
1255
1683
2388
1342
1466
1219
2133
4340
2757
2894
3103
18034
17325
3379
5220
4137
1857
2194
3984
2240
1949
1389
2173
3160
2913
3136
5168
1606
907
960
814
2301
1300
1212
2377
15858
12861
4065
4991
5544
2881
2289
4223
1435
477
1104
3057
591
97
701
754
622
586
24
54
3998
1870
1958
3548
14953
13332
4222
5429
2553
1976
1912
2779
6372
3345
4050
7080
2228
1416
1389
1765
1234
235
246
499
137
9
4
73
12621
9638
3548
5205
1306
258
317
1235
1272
648
390
811
94
41
41
94
552
353
221
780
449
80
77
157
6082
4331
1111
3282
535
145
140
249
2010
514
792
1547
81
4
7
33
33
4
4
332
1365
721
713
1281
7196
4653
1066
1645
1640
986
787
1977
0
60462
1381
47
26
498
2352
284
248
2951
557
96
92
252
2023
482
4898
5858
3687
695
788
2961
924
305
267
2996
6
0
0
6
6
0
0
6
173
137
150
193
2295
737
3888
5873
3138
580
342
1599
15
3
3
15
1668
733
468
2796
26
4
15
23
18
0
3
15
1277
379
4491
6090
3017
567
622
2017
21
6
6
21
267
159
164
583
21
6
6
21
21
6
6
21
1661
553
4493
5018
2001
4742
6279
7214
1495
4343
6649
6028
5725
5057
4476
4642
3674
3104
3041
553
144
15
3008
4076
6506
4705
13672
16517
7729
5476
3978
5759
5537
4618
5483
5776
4061
513
495
4617
8002
5654
6694
8944
7384
6262
6380
2129
6635
11262
15951
12893
12178
10814
8590
6936
9894
6286
4062
4502
5490
8256
7429
9095
11188
8629
7138
5017
6924
4813
6814
3628
3948
2391
17848
16020
6371
7352
3858
3074
3173
3475
7258
4388
4209
7591
606
401
140
370
83
18
19
90
72
0
0
187
22248
20457
3425
8705
8911
7151
7660
8958
6844
6571
4798
7887
5253
6023
6085
5929
10857
8665
5891
7333
4205
3767
4660
5655
15940
16625
5916
8291
7185
5995
5364
9162
9013
7251
6958
7745
7072
6033
5926
5336
6739
5669
5204
4480
8155
1443
2683
5160
21767
17291
4634
5986
6669
5783
1227
2554
1809
956
1824
3744
4254
1358
1266
2934
821
725
436
61604
1257
567
1011
33882
1607
32003
4576
6173
6480
4292
2971
6794
2862
2166
1587
2978
1964
1310
1696
2161
2412
1655
1772
1932
2418
2373
3307
35913
34604
7525
5046
6477
5632
3182
2460
4372
4783
1907
2388
5276
2258
216
212
1240
1765
487
371
673
3069
3048
2344
33855
33802
6366
4375
4713
3203
2040
2243
2404
2257
748
1472
1115
1406
1051
327
390
2582
2547
2330
3192
2087
2265
2538
35316
33962
5151
4668
4005
3532
2743
2293
2889
2393
424
1295
2163
1313
994
215
1811
1339
978
240
1082
991
1430
679
38575
38004
4675
2157
3497
2145
1047
1463
1946
2018
1529
1508
2786
2535
2019
1584
2705
2860
1102
1339
475
2597
1798
1938
32608
32883
4280
2520
2794
3507
1557
1195
3155
567
30
30
400
108
0
0
108
108
0
0
108
2826
1977
3584
34055
34428
6265
4566
2562
1915
1695
1899
1699
3530
1956
2176
2644
2179
377
1618
1611
764
1248
436
1929
949
1644
3577
33819
34298
4348
1452
2751
178
110
86
254
966
530
529
1293
1658
1518
391
1643
3969
2104
2009
2484
4094
3528
3251
35740
35271
4244
3719
4614
787
295
272
674
4960
2110
1006
3494
326
1332
250
2409
92
38
33
318
617
213
542
36092
35602
4725
3066
3388
1308
1046
1857
1678
1925
1421
1452
1255
3350
2266
261
1655
823
340
378
683
1762
1267
1399
34563
34332
3543
2160
2193
1316
63676
1597
903
999
1396
1668
1031
1137
1126
1252
1118
574
223
1054
77
77
2244
5517
8501
7897
5412
5803
2462
1201
1489
2865
30
0
0
1267
2779
2171
1603
3962
1759
1686
930
1165
1569
845
834
1213
9369
7310
2258
3828
1280
887
759
1829
1247
1352
1456
1968
1492
1274
859
1269
2420
1431
1804
2804
2117
1549
1301
1541
10914
9251
1559
3755
1999
1116
1094
2363
1099
1715
2024
3617
2124
1396
579
2652
627
797
1788
1592
1702
971
1499
2078
19740
14878
3879
5441
3051
1988
1616
2853
2815
1377
1043
14602
15617
2019
2452
3799
2464
1277
1385
1887
1638
1656
1524
2265
18216
16633
3955
4578
7355
3425
3352
6465
2501
1496
1702
2094
787
1253
1368
1348
1562
334
1702
2242
1578
546
526
1619
22464
18640
2522
3833
760
333
903
988
1789
1863
1525
908
8608
5114
2330
4527
1474
1543
1980
3220
2099
1589
1459
612
8903
7942
1968
4288
1811
1445
160
1658
1854
1276
909
1150
1555
952
1402
2247
2991
2458
2240
2922
1930
1571
1154
1359
9105
8162
2350
3713
1688
561
1317
2553
4101
2905
3527
3606
2756
1186
1015
701
647
821
217
1040
27
0
0
559
20669
20777
2833
4008
3149
1676
1237
2001
2819
1841
1961
2461
3614
1662
1920
3786
2430
1490
1928
2629
2003
899
243
744
18292
16996
5247
6380
6671
1750
2178
5356
1291
503
1184
3160
2195
1687
1783
3177
63547
1519
1122
1225
2994
2858
3326
4535
40194
40364
4301
4372
5286
4208
2445
2403
4306
6466
3462
3141
5256
2465
1654
1490
3424
1508
772
1119
648
3314
2768
3233
40423
39484
10340
5828
6710
2698
1074
374
1891
994
156
1048
2529
2173
1679
1670
2801
2677
1144
1196
2716
3862
3506
3865
38966
38039
6892
3113
3181
3999
2854
849
1834
3834
2161
1561
3139
721
175
125
1096
222
120
117
893
2258
521
1171
51226
45206
3737
1926
2363
2544
808
590
1504
1082
368
284
942
4611
1318
1127
4279
1661
621
408
1263
1125
857
2019
36475
35581
3642
2586
3360
2997
1131
504
1527
676
133
122
1075
1157
559
394
1031
409
41
41
161
848
650
1028
35109
35331
4119
1610
2329
1188
398
387
919
3179
826
831
2868
1632
520
796
1727
290
20
20
1328
1389
1013
699
36194
37136
2897
4166
5472
2275
1043
656
1344
285
116
90
1283
749
83
74
522
1510
23
23
898
1799
1200
1805
35801
36604
2887
2468
2863
302
152
152
338
1268
416
283
1043
827
182
329
603
597
278
422
1095
857
313
785
49053
47858
2754
2218
5592
4688
924
926
4689
4061
697
697
4031
5223
1045
671
3814
3200
340
388
4072
3592
761
681
38378
39702
3135
1466
4521
5520
367
503
5084
3516
147
278
3764
3469
118
296
3192
3485
46
187
3101
4368
804
1156
37976
8454
69904
2982
1356
1066
2579
1234
814
798
925
3783
3262
2518
4616
1426
156
941
1224
2390
1718
1154
1562
2307
9115
7222
3183
4825
3112
4844
2925
3198
5087
4188
4010
6470
6222
5712
5635
6913
8198
8345
6349
8793
7667
5987
7290
7397
21001
17773
6808
8504
8296
8333
9366
2925
8326
12299
9045
8081
11943
9774
2733
6648
7157
4882
5756
4595
5449
4351
3700
3804
48744
48260
5715
4890
5744
5348
3885
3312
4595
4283
2924
1329
957
5170
2267
2713
5226
1762
1426
2163
2122
3488
2899
2836
35642
35080
3102
2288
3180
2285
12911
7290
4150
6299
2387
1945
1737
2529
1201
1157
973
1322
1544
745
721
1721
7140
5324
16433
18644
4327
2776
1111
2398
1651
2059
1655
2088
5416
2947
2793
4236
768
1097
1125
1382
435
157
713
512
5914
3850
10100
10620
3519
1755
1471
3820
1049
1099
58
1019
1285
82
832
224
644
225
138
993
2569
1743
1733
3054
6579
3970
12639
13830
4484
3768
2572
5038
4491
2670
2768
3791
1693
505
1103
1483
1604
1339
1643
1472
1315
498
1251
1407
6992
4014
19686
17769
3896
1782
1026
3227
1098
1015
1326
2666
3153
1358
298
1885
6346
5075
2075
3567
2516
570
667
1706
6116
3728
14464
16614
4518
2831
2474
5619
9137
5016
2047
4904
2083
2154
1550
1822
1815
435
1312
989
1514
1553
1637
3026
6390
19981
4578
19084
6288
3255
2727
4314
1992
624
1197
1824
783
905
67637
488
81
15
2203
391
21
145
301
3028
2151
10307
10851
3442
2326
1323
2518
1669
372
1115
1296
185
14
33
939
220
7
0
1125
1981
1589
1451
2526
5193
2800
15559
15552
6615
3831
2088
3821
1868
1526
1194
1380
3772
1982
2516
3883
2476
1521
1627
3552
1802
1454
1390
1755
8989
7512
19090
22308
5969
3949
2877
5193
1467
1094
1063
2232
1661
106
76
389
1424
945
1836
2451
1127
1074
1036
387
7884
6145
17035
19405
6508
3965
2156
3849
7609
4202
4008
7078
3076
1994
740
2099
1848
1248
1251
971
1038
1057
1060
192
940
376
17643
15259
5012
4617
2974
672
858
1207
1087
246
1063
1232
3382
1606
846
3141
1707
1425
1311
2176
193
96
96
672
18507
16508
2909
3558
4396
2065
1219
3927
2386
674
622
6168
6245
5983
4034
7795
10417
7828
7041
10009
8284
8300
7566
8469
17255
16094
6255
9669
7055
5255
4678
5232
9221
4910
6479
8673
12411
8513
6301
6262
255
5656
853
62
4370
5333
10706
9584
16849
16404
9854
7796
4719
7296
1726
2577
2757
3993
3873
3408
3388
4612
5804
3541
3844
3269
1305
66
4
899
3739
2027
11185
17328
10084
5120
5595
6204
9005
7323
5604
6859
1346
3971
3341
4384
5184
5502
5003
5132
5276
5897
3555
5117
6515
8402
12636
11820
6970
5091
3534
4004
5386
1243
624
264
787
3205
729
894
2017
1916
371
401
1342
3697
2041
1861
3113
68103
27131
24148
5496
6161
8609
5902
3317
5926
1453
1603
1368
1673
1301
1104
1140
1238
2950
2517
2537
2940
3393
2054
2072
2922
23387
21288
5078
6847
4438
2336
1701
2939
4042
2156
2215
3479
1968
1990
1609
2146
714
516
1442
1487
1841
2860
2772
3390
30285
40414
2937
1473
3575
2418
1461
1226
2019
1158
1300
1379
1859
2413
1785
1641
2588
1498
1017
1141
1448
4508
3576
5542
45220
45450
7115
2806
3177
6312
3111
4166
4599
2010
1522
1154
2519
1670
1420
1738
2711
1573
1531
1393
1902
3157
3281
2925
44023
45729
6501
2821
3014
3505
1840
1106
2458
584
305
1062
1260
10696
5055
3156
6608
2669
1500
2043
3304
3473
3500
3821
43975
45851
6013
3576
4838
3154
2141
2332
3894
3531
1739
1538
2626
132
20
48
700
870
155
96
365
1526
1146
1150
44657
43630
4836
1863
3044
2063
1020
1412
2375
4510
1734
2610
4325
2688
1979
2010
2986
2982
1414
1355
1761
3476
2878
3585
40891
45141
3325
2328
2700
1644
1791
392
1162
1216
1499
1220
2178
2526
1516
737
2546
686
1209
136
1322
2631
2074
1544
45544
45175
2811
1866
2322
4370
3475
3664
4363
1323
1419
615
1866
1667
1653
1198
2073
1236
1155
1033
1089
1950
1284
2577
43641
44536
6200
2432
2514
2168
1867
1851
2929
954
1024
247
957
7359
4085
3302
5559
3010
1889
1574
2429
3824
2142
3222
43890
44596
8138
3949
5017
3794
1995
1083
4530
71165
1359
1026
766
1171
271
1745
1833
2136
1971
2851
1132
779
965
1910
23385
20448
3013
5067
2889
1954
1891
2164
4484
2722
2152
3351
851
1281
1238
2107
1467
778
1222
2048
1107
1359
1107
1296
21774
24045
4106
4989
2659
1711
1594
2539
2111
1421
1368
1971
2518
1293
939
1507
5848
3639
3101
6364
2663
1182
798
2823
25553
21446
4843
6477
7213
3749
2621
6672
4316
2485
1944
3394
1193
869
780
1507
968
436
218
1201
3329
3612
2573
2742
47647
46488
8053
4653
6595
4490
2288
1984
4064
2692
1411
392
2254
8292
3981
2393
4071
2361
1555
1256
1918
2442
2833
2887
46471
47693
5189
4520
6336
3794
2059
2136
3927
3613
1217
1399
2678
1723
522
608
458
1366
328
1354
2602
3660
2902
4161
46062
46679
5300
2899
4053
3701
1935
1429
2772
3838
2572
2503
4225
2936
252
708
1096
2036
1389
1629
2277
2328
1067
1855
45894
49963
4680
3128
3475
3150
1976
644
1549
2115
1279
1524
2004
3323
2257
1929
2854
2023
1113
1309
2329
2884
2587
2552
47633
48873
7322
4557
4225
6284
2562
2777
5080
3034
1626
1588
2178
2284
1097
779
1861
1262
949
1210
2183
3277
2818
2751
49034
50932
7998
3806
4100
2841
1436
2075
3638
2603
1295
1426
2470
9671
5660
3376
5513
2598
1382
1232
2981
4170
3550
4237
47263
49717
7580
5146
6514
4860
2571
2392
3556
1145
1069
205
333
1166
937
186
1013
160
160
77509
2458
2561
2432
3965
27530
24817
4659
4874
3536
2655
2288
3405
7244
2856
2888
5300
1986
939
1457
2369
1648
265
195
1102
929
906
1211
1687
23385
24360
5749
5995
2559
1220
1352
1866
2196
1399
1454
1034
1897
2054
1860
2034
3415
1612
1907
1730
1272
94
812
1929
25568
22594
4294
4813
6627
3360
3217
6283
494
242
233
760
630
983
200
377
302
125
137
430
952
399
338
986
26193
22003
7540
7811
5917
4330
1346
5052
3474
269
187
579
4069
1763
1605
5336
4694
868
525
601
637
276
3064
4049
38749
33403
7750
9797
8976
4193
4016
6502
6093
4756
4754
7079
5395
1304
1022
1770
7053
4227
3788
6195
1354
456
451
1769
24199
20195
3153
4313
6729
4736
4721
2265
8268
5151
1892
6313
1009
763
4045
2410
547
36
42
704
1316
72
3475
306
28494
26442
3415
4213
2034
928
813
2324
1148
190
346
4427
958
137
241
799
1417
808
388
1414
1268
480
357
1254
27816
23970
3020
4992
6913
6574
3700
5483
2908
871
886
1929
511
111
125
412
159
3569
45
142
3490
3135
3061
3634
33056
27765
6111
7480
9297
5086
5828
4801
5372
253
166
1036
4680
2724
2153
5412
1419
1604
1598
1823
1363
987
93
229
26195
22185
3455
4781
6506
2555
2118
6130
3486
1190
720
2468
264
81
78
874
3376
1603
891
3663
3004
1866
2465
51627
2747
51755
3617
3727
1106
79238
83
856
50
307
3985
403
465
4736
764
864
6
1738
1601
760
917
989
2796
10416
9381
6087
1854
1402
1165
2430
2507
1202
381
1536
262
867
733
1492
1474
2109
1582
1113
1174
1773
3399
2683
3222
45355
45218
5963
3083
3547
4894
2912
1677
4581
1816
1080
1574
2715
1886
1302
1197
1980
1235
1276
1321
1261
3111
2124
2323
47680
46618
6016
2758
4158
3368
1612
1351
2109
1884
325
1170
1345
4639
2630
1579
2035
1329
1475
1473
1073
3698
2399
2511
46048
45585
5303
2771
3307
4030
1931
1256
3859
2287
907
967
984
1421
926
300
516
4672
1959
2441
4700
2520
898
757
48704
48204
3817
3800
3889
2816
1357
1614
1382
2853
772
1360
2240
2430
133
427
2095
1700
803
676
816
3202
2718
1482
47032
48684
5129
2039
2474
2141
2056
1852
3350
2393
784
886
1438
4035
1792
1151
2722
1425
1430
4305
1590
1166
1026
1268
10806
10289
1825
3055
1582
1229
1129
1870
5039
2082
1182
2707
1845
1177
922
2033
209
685
688
1090
1242
882
1257
1363
11451
9810
2213
4917
1055
1252
1223
1647
1767
1124
722
104
750
4359
2435
1948
3277
1642
1484
1119
2372
2443
2035
2546
46281
45866
6804
2628
3621
5251
2874
1525
2203
2021
1309
808
2058
1043
817
634
183
1883
932
1229
1718
2418
1864
1679
46845
45793
5542
3435
4301
3048
1552
1621
2650
3663
1780
1504
2813
880
1166
1237
81318
1822
854
879
1378
1988
2046
2534
51502
52589
9537
3503
1489
4547
3298
1598
1403
2739
1201
442
1285
2148
3374
1859
1738
2745
1669
1122
363
1554
5106
2925
15021
16938
5015
3760
2063
3213
4547
1726
1747
3046
3045
1962
685
2789
255
1733
10
113
1164
72
95
1631
6669
3167
13653
15048
5011
2727
1533
3246
1230
757
803
1884
1341
1093
1184
1405
4859
1703
1421
4274
2147
1507
331
1987
4820
2619
13042
14605
5190
4320
2391
2637
3441
1158
1268
1244
2122
1072
733
743
734
1565
1529
1216
2306
3805
1881
1949
2205
6228
12694
12776
6203
3484
1767
1616
2446
1542
1497
1364
1831
3869
1215
1071
3435
3221
2141
2140
2552
1906
1775
1705
1813
6731
14171
14762
6568
2165
1445
1414
3222
1547
1181
1045
888
1080
1172
1106
1258
1830
193
1211
1081
353
52
57
1265
4575
13078
12746
6875
4238
2258
2705
3799
3916
2169
1961
3436
1679
844
135
1053
294
1244
1179
1457
1457
952
903
718
6444
12934
11969
5942
2097
400
1121
2786
2104
1607
691
2017
4326
1146
1336
3594
959
1043
1280
1496
1347
860
80
1136
4236
15299
13761
6797
4179
2434
2758
4320
1394
1753
1221
1001
728
1374
1365
1416
1425
1314
593
1118
2381
686
797
2699
7032
11043
9883
5022
3129
1664
1551
2753
1837
1261
847
1432
3160
905
1313
4679
698
179
849
1134
953
1145
359
2159
1905
8040
9019
87331
817
1625
329
804
496
1055
1078
1545
1106
1026
957
885
1505
926
887
1032
1114
881
908
263
5915
13001
12492
5257
3821
1079
1032
4992
2891
1492
1695
3570
1602
886
1045
2681
4019
1375
4465
5281
6431
6491
7942
9626
13103
21911
23581
14924
18475
17747
12015
9405
12593
16728
18534
13719
1855
1101
4151
12621
7614
5864
14466
12629
5666
14612
15610
16377
14432
31102
13793
4228
10711
16226
3195
14792
16733
873
692
289
521
821
351
2805
318
39
6
6
391
907
226
235
1072
16740
21826
5481
7423
1013
413
302
598
3911
1289
995
11512
565
942
858
1094
381
268
282
1485
39
9
9
471
15445
13654
3553
6886
370
249
127
254
693
867
368
671
325
113
68
113
458
104
128
594
132
18
3
123
18716
16959
3328
6075
1920
884
699
1718
7476
3767
2294
5793
1840
1049
1038
1665
604
816
936
1295
3598
1485
1020
2878
15103
13724
2689
3999
1803
582
1072
2596
1149
730
567
374
3492
1359
1632
2719
1987
1901
739
645
507
3377
2842
3829
54892
56760
5819
2759
4452
4979
2046
1701
3889
2227
1687
289
1652
1277
1080
1000
1273
4403
1992
1833
2750
3564
1045
2376
53068
52140
5199
2917
3769
2501
1287
1115
2081
3649
1287
1522
3253
2639
1317
1444
2889
2246
367
1068
2612
2540
2046
2743
50875
55212
8963
3976
2962
5010
2392
1653
1723
2181
1811
912
100103
2366
1559
1370
1806
3080
1398
1437
2544
1462
2014
2964
54890
53074
8085
3700
4954
6509
2792
2792
5309
1635
1693
1293
1524
1227
118
933
1387
1231
1318
1348
2470
2189
1545
1848
56493
55676
7805
3711
4881
5159
2143
1062
1076
1459
1118
716
108
1038
2963
1372
391
2503
1890
1229
1142
1640
4567
3822
12690
14642
7332
2740
1540
5159
2559
796
954
1135
2204
1358
1003
1400
1155
1019
1009
1264
3425
2104
2927
5285
6004
2970
13415
15800
3555
2450
2226
4293
3138
525
1184
1743
4065
2156
1858
2752
2299
1060
994
2120
1287
1089
852
1105
3895
3172
12699
13034
6728
3202
2840
4591
4892
1928
1103
965
1246
1564
1235
851
1693
4691
2281
2187
2614
1661
1385
193
2305
4322
11057
9390
6482
4353
1532
1656
1921
4014
1746
1695
3509
1169
990
763
1581
1295
1263
463
1541
636
1368
1469
1944
6033
12242
12106
6541
3261
1937
2198
2649
1927
1566
1418
1926
2741
1297
1487
3681
2742
1280
1547
2922
1794
1395
950
829
5125
12223
12243
4693
4605
3522
2968
5631
3050
2321
1505
2174
1319
1198
908
1180
1194
1098
1210
1294
3657
3286
3129
3776
8404
14193
12379
8412
2535
953
1424
2659
2725
284
926
1004
5112
1630
1254
5235
2083
1149
1570
3381
1366
1232
1347
1770
7560
12686
13267
6595
3596
1908
2003
2670
1888
1957
405
2183
1921
149
1649
1724
2182
2394
2648
2253
1622
1152
372
102148
23106
3826
21371
5365
2154
1878
1135
3017
3146
1343
1459
3487
564
476
441
843
1972
1488
1404
1329
1024
1273
7000
3449
17956
19724
4392
3517
2371
3736
1314
449
1045
2069
1134
823
1004
873
4422
2081
2415
3795
1058
762
777
278
3548
1795
14517
16344
5766
4139
2304
3254
4283
3088
1885
4546
1856
1000
477
397
365
91
1178
1144
5947
3056
3207
5405
4824
4034
18054
20181
4631
3026
2682
4011
2635
1856
1548
3181
2587
1577
1904
2445
1834
800
1546
1630
1379
1142
930
946
8460
6738
29734
19242
12429
24488
5107
6857
1516
918
956
1384
1084
250
744
1023
1081
911
992
1122
1308
524
493
1431
5969
3248
14781
15928
6997
3148
1780
1255
2576
3630
2528
2432
3694
2015
1407
1098
681
560
978
1068
1877
2164
1359
902
687
1280
16252
14677
2932
5860
2307
1381
1455
2985
1773
981
305
883
4483
2030
2713
3711
1673
1590
1184
1307
577
1324
1028
561
14925
13844
2130
3275
3933
1542
2378
3844
660
1265
1170
1841
1329
1334
1013
707
185
71
1377
1280
1432
970
330
1461
11931
10998
2462
4513
2382
1833
1184
2422
3050
1986
1879
1888
3043
2375
1912
4312
1698
969
737
262
1146
1105
1001
1825
15309
13840
3228
3345
2910
2170
2140
2737
2212
1841
1220
1402
1749
991
1344
1498
2846
1527
299
912
693
1367
1549
2171
16546
15499
3193
4442
3236
1988
2227
4055
863
107156
2576
1554
1387
2073
1576
693
631
2004
956
18
703
1261
7169
4066
17812
22276
5401
2138
2249
3871
1724
1179
1286
1177
2233
893
1569
1198
3860
2020
2335
4281
594
1491
1264
2509
2092
2254
14991
14427
2272
4216
4239
2319
2090
3993
1141
718
865
693
1070
910
953
1259
1228
1286
801
1000
1519
1096
1390
1543
15156
15254
2470
4354
2648
1799
2068
2799
2689
692
1493
1500
3383
1441
1494
3471
1505
1480
1160
1569
1833
1438
193
521
15124
13095
3935
6016
3090
2193
1469
2113
1645
1275
1281
1884
1915
1093
1411
1670
3571
1965
1924
1998
1383
1299
1571
1992
15704
14424
3826
5725
2888
1960
1696
3106
4399
2577
1089
4109
2690
1688
1265
2257
1168
801
716
842
1054
924
658
1251
20465
18726
2859
4297
2757
846
1957
2629
1651
1382
1500
2897
5902
3959
3399
5538
3257
2001
294
987
1344
1971
1747
2575
61565
61856
6356
6077
8233
6799
3258
2436
4623
2562
1520
1435
2641
1546
1033
1017
1821
2050
1250
1386
1733
5750
4563
4036
61119
60832
8158
5250
6040
2876
863
2710
2809
4152
1716
1927
4599
2450
1505
1581
2138
2377
956
304
1692
2221
2245
2267
58403
60785
8675
6430
7805
2677
1823
1322
2219
2017
549
1329
1922
477
79
64
1663
2202
1528
1571
1919
4002
2504
2262
63602
63176
9010
5198
4396
2386
532
414
1586
3324
1203
836
2068
709
229
253
1303
229
190
108051
600
456
90
292
16121
14230
1514
4122
2415
879
622
1509
613
152
121
576
2961
1373
1289
3934
502
203
224
501
67
0
0
21
11215
9467
1323
3661
3010
793
956
2431
135
195
168
241
372
195
189
134
38
108
108
38
3072
977
843
2405
12624
11292
1122
3549
463
315
300
252
670
366
384
492
3050
440
517
1867
142
74
8
770
804
216
200
820
10158
8196
725
2358
1216
347
297
1575
767
81
60
725
469
0
0
902
873
66
51
1211
638
0
0
78
10047
8805
407
2187
830
258
135
710
3287
802
526
2538
48
3
3
48
334
3
3
48
48
3
3
48
12066
11178
512
2953
533
318
214
1285
345
60
33
54
2676
132
142
1709
30
3
3
175
693
86
93
521
9109
7723
725
2789
1593
435
629
2132
722
147
87
534
50
9
3
48
437
73
71
693
2686
1676
1661
2613
23131
22514
6668
8467
4918
4125
2461
3710
922
355
745
832
3860
2715
1491
3686
1627
613
376
1253
772
225
225
573
26355
26382
8456
9157
3879
3522
2106
7148
6050
2291
4233
4593
2876
5040
5730
1989
7943
8507
1998
9502
8879
1649
7255
8773
33250
34460
6717
11512
9693
3084
12284
12206
10984
15856
2319
4854
13052
11590
3929
8363
9387
1133
9250
4412
2451
10240
3321
3498
36792
32343
4559
7648
1140
117535
7975
7794
336
1701
576
65
65
1009
3686
2796
1239
4367
1718
309
271
978
8148
6285
31602
30643
17011
3167
1658
3149
8777
4469
2759
5627
1185
411
278
1046
466
75
75
466
6884
3770
3764
6889
13503
8931
29863
34068
11188
3916
1821
2757
1533
796
675
2205
5669
3057
3247
6278
1966
444
474
1186
681
480
321
786
6509
4154
15759
17809
10994
6206
2330
5346
3140
1352
1117
2067
1145
285
325
1926
225
81
81
225
915
111
114
371
3293
2473
11921
13341
5477
3183
2058
3192
5983
2234
2417
5339
4405
1621
1490
3462
357
13
20
312
137
3
3
137
7064
4182
20262
20585
7439
3064
2247
4632
1284
657
244
503
1641
779
715
1226
4262
1142
1132
3255
1833
735
862
1165
4673
1838
13218
16107
4790
2636
1864
4361
3436
650
735
2591
1401
387
417
1022
165
40
40
165
4326
2128
1895
4767
4204
1691
12678
14380
4478
2451
1553
2530
1540
454
324
1238
3482
870
954
5127
1855
601
101
412
566
4
4
843
3193
1367
12027
12954
5606
2232
1272
2367
244
79
73
1186
279
46
40
794
548
25
25
140
695
177
187
1094
2838
1353
12497
12508
4503
1400
1110
2650
3296
1041
1182
2447
808
568
334
1167
308
4
4
118
118
4
4
308
6157
3399
17040
18189
5620
2288
1647
2961
928
342
365
918
270
48
51
344
160
119951
226
126
57
296
1359
925
1810
67733
64256
9902
7271
9739
5159
2032
1698
4193
1566
458
424
1448
969
421
437
1112
1112
437
437
1112
2445
1527
1817
66466
65082
13152
3707
5647
2206
661
652
1860
1345
397
472
1268
2296
764
255
3385
634
87
96
612
2112
1369
2728
61418
61672
13271
4278
5320
1794
417
333
1448
664
230
224
397
403
230
224
397
803
260
260
409
1182
927
1651
64351
62633
10202
6058
7775
3311
922
1377
3333
1126
439
354
958
361
54
38
1003
315
27
27
1355
2776
2311
2456
60715
60886
7340
2100
2607
634
152
81
988
295
72
81
667
1778
455
462
1396
1306
93
60
743
1131
642
994
61648
60215
10206
6281
7316
2453
949
859
2946
527
234
222
426
362
181
181
362
362
181
181
362
1642
1269
2546
60443
58069
11356
4555
5853
2239
807
872
1606
1053
571
571
1093
1990
550
592
2708
1063
338
354
627
1926
1329
1797
59450
58392
7243
4524
5666
1731
559
580
1293
521
328
328
558
462
328
328
462
722
295
283
1101
1550
1112
1059
61332
61524
10864
5740
6851
2481
1226
1357
2118
2017
454
153
1184
390
10
10
387
507
10
10
387
2022
1486
2305
58526
57372
7022
1059
1997
739
87
123
364
238
24
24
238
772
341
126
1441
676
24
24
253
1101
624
1751
61442
17841
115004
1827
695
623
1807
2751
1038
614
1914
33
0
0
9
9
0
0
9
314
0
0
91
2086
6812
7146
3630
2475
738
525
1154
246
15
15
663
2776
582
672
2692
743
254
133
1269
143
0
0
18
3102
7516
7392
2839
4940
8587
8754
7852
3681
3293
719
3617
2918
1349
2835
1063
456
333
351
3222
1370
809
3329
1024
11750
30412
27572
10259
5663
5783
2211
3956
8770
5571
3024
6364
5061
634
699
2315
1091
661
486
3877
1271
589
471
941
11999
29528
34472
17858
3997
5996
4777
6031
3784
2095
1829
3292
1919
3158
2977
4237
19180
14828
8489
12019
8149
6853
5066
5115
13078
31032
24114
11273
4169
2077
1820
3221
5563
2698
1866
3840
860
741
581
2237
658
24
24
130
115
24
24
103
6018
13282
11531
6672
3956
1616
1257
2643
988
387
322
1305
2621
842
1210
3020
1040
123
149
800
559
0
21
529
3115
8259
7860
4277
5395
3039
2059
4116
927
903
613
1091
66
18
0
48
48
0
0
48
48
0
0
48
7956
13771
11737
7122
2640
1411
1043
1617
4624
1840
2347
5672
1191
246
276
389
355
103
0
552
211
22
24
295
4936
9612
10670
4793
2443
822
1076
1350
1237
647
532
970
81
3
3
51
1501
506
389
1303
225
3
130
224
3956
8421
8663
4939
1592
833
621
3184
1620
440
299
1319
0
111568
108
78
96
93
148
3
3
1040
1011
850
1701
64318
62663
7603
4185
6803
1892
576
469
1915
1481
486
256
1673
1840
354
444
1525
1726
227
365
1754
2304
1351
2253
59354
59574
7221
4231
4969
2095
1157
752
2513
1265
620
620
1119
1119
620
620
1247
1477
632
635
1312
2334
1897
2236
60417
58656
7267
3928
4693
2196
1023
1036
2306
3286
1381
854
2496
525
112
65
776
419
4
7
309
934
518
1624
59355
61241
5263
1254
1926
1097
679
574
1240
699
361
361
962
1209
458
467
1725
994
361
331
937
1711
1359
1890
59351
57246
8788
2474
2862
2598
744
694
2130
1061
390
399
904
533
380
351
893
546
395
318
482
1542
1077
1165
59200
57248
5727
2710
3011
724
581
500
2528
756
434
467
851
1581
477
354
1038
785
260
260
655
1851
1455
2184
55856
56448
5459
3380
5183
1360
609
468
1698
1038
189
201
363
372
51
78
240
700
66
66
692
1138
801
1367
56956
55402
8155
3019
3973
895
455
437
916
1958
515
198
1473
676
120
96
492
485
96
96
485
981
641
721
56841
57231
3461
530
774
470
98
89
1455
604
78
15
221
426
99
105
671
551
0
0
692
637
332
1140
55547
54264
8319
3089
3743
2180
316
463
1272
528
113
84
451
198
0
0
513
403
0
0
558
0
110248
3535
12057
11184
6907
3215
1513
1166
3592
1026
423
675
1438
2396
224
255
1429
266
38
42
41
0
0
0
528
4457
10416
10243
5363
3401
848
694
1090
323
166
256
1198
375
0
0
0
120
0
163
220
0
0
0
297
4154
10016
9832
5391
1152
673
605
1360
2255
423
483
958
19
0
4
825
0
0
0
0
0
0
0
0
1423
8875
8542
3274
1582
695
703
1283
1070
133
325
97
15
0
0
15
1427
600
768
5474
3817
3024
3444
3807
8900
19325
16732
12205
3827
4393
5645
5589
8030
7726
8226
3914
6390
6313
5925
6614
5992
4965
5876
6307
10190
6972
6839
10764
12252
21472
20612
14255
10424
7615
7394
8542
7141
5581
4189
5533
2539
3573
868
2359
727
403
3544
5207
4455
4013
4189
5033
16025
35809
27707
16835
19145
25557
11555
13720
7470
7280
5858
7647
6339
5533
5241
5491
4260
808
3732
4275
1794
3426
3524
2062
10742
18057
15383
8958
3004
1922
4303
3396
5380
2438
2480
3983
4441
642
376
2063
428
280
3184
384
54
9
9
33
5243
11401
11537
5883
3997
2528
1819
3348
2049
633
558
1725
548
4132
252
735
9462
5192
6307
8279
6599
4334
5611
6093
8776
18213
16621
11054
7673
4513
3741
4497
6748
1589
3729
2981
706
581
548
1570
773
93
105
717
1052
437
497
1471
30267
5276
23999
6887
2762
1894
1212
4113
0
122034
189
138
33
743
8842
1236
889
2449
1016
372
137
1216
4897
6263
17475
20970
14257
10171
7407
14248
3780
3016
856
4855
1262
3306
312
4067
5678
5471
476
948
1280
3056
529
2162
6510
4249
22825
22481
5675
2326
5593
3724
1197
498
174
561
3454
1516
965
2261
1800
781
900
2176
145
33
33
396
6267
3858
19574
22550
9090
4095
1809
3501
2612
1030
1342
1818
163
96
96
163
5218
3192
2718
5004
2376
1776
1066
1906
3401
1869
16302
17373
5159
2474
1597
3218
3215
784
636
2636
592
113
125
839
67
203
3
264
131
7
11
83
2235
1415
12230
13732
3027
1249
958
1485
185
79
79
167
167
79
76
132
185
99
99
185
129
76
145
