7
12
13
14
15
16
17
18
19
20
30
31
32
33
34
35
36
37
38
39
40
41
42
43
44
57
58
59
60
61
62
63
64
65
66
67
68
69
80
81
82
83
84
85
86
87
88
92
104
105
106
107
108
109
110
111
112
113
114
115
116
117
127
128
129
130
131
132
133
134
135
136
137
138
139
140
141
142
144
145
177
178
179
180
181
182
183
184
204
205
206
207
208
220
253
254
255
256
257
258
259
260
278
279
280
281
282
283
284
285
300
301
302
303
304
305
306
307
308
309
310
311
312
313
314
315
316
317
318
319
320
321
322
323
324
325
326
327
328
329
330
331
332
333
334
335
336
337
338
339
340
341
342
343
344
345
346
347
348
349
350
351
352
353
354
355
356
357
363
364
365
366
367
368
369
370
371
372
373
374
375
376
377
378
379
380
381
390
391
392
393
394
395
396
397
398
399
400
401
402
403
404
405
406
412
414
415
416
417
418
419
420
421
422
423
424
425
426
427
428
429
430
436
438
439
440
441
442
443
444
445
446
447
448
449
450
451
452
462
463
464
465
466
467
468
469
470
471
472
473
474
475
476
477
492
493
494
495
496
504
505
506
507
508
509
510
511
512
513
514
515
516
517
518
519
520
521
522
523
524
532
537
538
539
540
541
542
543
544
545
546
547
548
549
557
558
559
560
561
562
563
564
565
566
567
568
569
570
571
572
573
579
580
588
589
590
591
592
593
594
595
596
707
708
709
710
711
762
763
764
771
772
773
774
775
776
777
778
779
780
781
782
783
784
785
786
929
930
931
941
942
943
944
945
946
947
948
949
950
951
952
953
954
955
956
964
965
966
967
968
969
970
971
972
973
974
975
976
977
978
979
980
981
982
983
984
985
986
987
988
1000
1001
1002
1003
1012
1015
1016
1017
1018
1019
1020
1021
1022
1023
1024
1025
1026
1027
1028
1036
1037
1038
1039
1040
1041
1042
1043
1044
1045
1046
1047
1048
1049
1050
1051
1060
1068
1069
1070
1071
1072
1073
1074
1075
1076
1083
1084
1085
1086
1087
1088
1089
1090
1091
1092
1093
1094
1095
1096
1097
1098
1099
1100
1101
1102
1107
1108
1110
1111
1112
1113
1114
1115
1116
1117
1118
1119
1120
1121
1122
1123
1132
1135
1136
1137
1138
1139
1140
1141
1142
1143
1144
1145
1146
1147
1156
1157
1158
1284
1300
1301
1302
1303
1304
1305
1306
1307
1308
1309
1310
1311
1312
1313
1314
1315
1316
1317
1318
1319
1320
1321
1322
1323
1324
1325
1326
1327
1328
1329
1330
1331
1332
1333
1334
1335
1336
1337
1338
1339
1340
1347
1348
1349
1350
1351
1352
1353
1354
1355
1356
1357
1358
1359
1360
1361
1362
1363
1364
1365
1366
1367
1368
1369
1370
1371
1372
1380
1381
1382
1383
1384
1385
1386
1387
1396
1397
1398
1399
1400
1401
1402
1403
1404
1405
1406
1407
1408
1409
1410
1411
1412
1419
1420
1421
1422
1423
1424
1425
1426
1427
1428
1429
1430
1431
1432
1433
1434
1435
1444
1445
1446
1447
1448
1449
1450
1451
1452
1453
1454
1455
1456
1457
1458
1459
1460
1461
1462
1463
1464
1465
1466
1467
1468
1469
1470
1471
1472
1473
1474
1475
1476
1477
1478
1479
1480
1481
1482
1490
1491
1492
1495
1496
1500
1501
1502
1503
1504
1505
1506
1507
1508
1524
1525
1526
1527
1528
1529
1530
1531
1540
1545
1546
1547
1548
1549
1550
1551
1552
1553
1554
1562
1563
1564
1565
1566
1567
1568
1569
1570
1571
1572
1573
1574
1575
1576
1577
1578
1579
1599
1600
1601
1602
1612
1613
1614
1615
1616
1617
1618
1619
1620
1621
1622
1623
1624
1625
1626
1627
1636
1644
1645
1646
1647
1648
1649
1650
1658
1659
1660
1664
1665
1666
1667
1668
1669
1670
1671
1672
1673
1674
1682
1683
1684
1685
1686
1687
1688
1689
1690
1691
1692
1693
1694
1695
1696
1697
1698
1699
1700
1701
1702
1703
1704
1705
1706
1707
1708
1709
1710
1711
1712
1713
1714
1715
1716
1717
1718
1719
1720
1721
1731
1732
1733
1734
1735
1736
1737
1738
1739
1740
1741
1742
1834
1835
1836
1837
1838
1839
1840
1851
1896
1897
1912
2124
2125
2126
2127
2128
2129
2130
2140
2148
2149
2150
2151
2152
2153
2154
2163
2164
2165
2166
2167
2168
2169
2170
2171
2172
2173
2174
2175
2176
2177
2178
2187
2188
2189
2190
2191
2192
2193
2194
2195
2196
2197
2198
2199
2200
2201
2202
2211
2212
2220
2221
2222
2223
2224
2225
2226
2235
2236
2259
2260
2263
2264
2265
2266
2267
2268
2269
2270
2271
2272
2273
2274
2283
2284
2285
2286
2287
2288
2289
2290
2291
2292
2293
2294
2295
2296
2297
2298
2307
2308
2309
2310
2311
2312
2313
2314
2315
2316
2317
2355
2356
2357
2358
2359
2360
2361
2362
2363
2364
2365
2366
2367
2464
2476
2477
2478
2479
2480
2481
2482
2483
2484
2485
2486
2487
2488
2498
2499
2500
2508
2509
2510
2511
2512
2513
2521
2556
2557
2674
2675
2676
2677
2678
2679
2680
2822
2823
2824
2930
2931
2932
2933
2934
3148
3151
3183
3184
3185
3194
3195
3196
3197
3198
3199
3200
3201
3202
3203
3204
3205
3206
3207
3208
3209
3210
3211
3212
3213
3214
3215
3216
3217
3218
3219
3220
3221
3222
3223
3224
3225
3226
3227
3228
3229
3230
3231
3232
3233
3234
3235
3236
3237
3238
3239
3240
3241
3242
3251
3252
3253
3254
3255
3256
3257
3258
3259
3264
3265
3266
3267
3268
3269
3270
3271
3272
3273
3274
3275
3276
3277
3278
3279
3280
3281
3282
3290
3291
3292
3293
3294
3295
3296
3297
3298
3299
3300
3301
3302
3303
3304
3305
3306
3314
3315
3316
3317
3318
3319
3320
3321
3322
3323
3324
3325
3326
3327
3328
3329
3330
3416
3418
3419
3420
3421
3422
3423
3424
3425
3540
3541
3542
3543
3636
3637
3660
3661
3662
3674
3675
3676
3684
3711
3712
3724
3732
3733
3734
3735
3736
3950
3951
3952
4065
4066
4067
4068
4069
4083
4084
4085
4086
4087
4088
4089
4090
4091
4092
4093
4094
4095
4096
4107
4108
4116
4117
4118
4119
4120
4130
4131
4132
4140
4141
4142
4143
4144
4154
4155
4156
4164
4165
4166
4167
4168
4178
4179
4180
4188
4189
4190
4191
4192
4203
4204
4212
4213
4214
4215
4216
4227
4228
4236
4237
4238
4239
4240
4393
4394
4402
4403
4490
4492
4496
4498
4499
4500
4501
4502
4503
4515
4516
4517
4518
4519
4520
4634
4693
4694
4695
4883
4884
4885
4886
4887
4921
5240
5241
5242
5304
5305
5306
5307
5308
5316
5317
5318
5319
5335
5364
5365
5366
5367
5368
5388
5389
5390
5400
5401
5402
5403
5404
5406
5407
5408
5409
5410
5411
5412
5413
5414
5415
5428
5450
5451
5452
5476
5478
5933
5934
5966
6084
6085
6086
6087
6096
6097
6132
6133
6134
6135
6136
6144
6145
6146
6147
6159
6160
6161
6162
6163
6506
6507
6508
6731
6983
6984
7008
7009
7010
7011
7012
7013
7014
7015
7016
7017
7018
7019
7020
7021
7032
7033
7034
7035
7036
7037
7038
7039
7040
7041
7042
7043
7044
7045
7046
7055
7056
7057
7058
7059
7060
7061
7063
7064
7065
7066
7067
7068
7069
7070
7078
7079
7080
7081
7082
7083
7084
7085
7086
7087
7088
7089
7090
7091
7092
7093
7102
7103
7104
7105
7106
7107
7108
7109
7110
7111
7112
7113
7114
7115
7116
7117
7128
7129
7130
7131
7132
7133
7137
7138
7139
7140
7141
7150
7151
7152
7153
7154
7155
7156
7157
7158
7159
7160
7161
7162
7176
7252
7260
7261
7275
7276
7284
7296
7297
7298
7299
7300
7301
7302
7303
7304
7305
7306
7307
7308
7309
7310
7320
7321
7322
7323
7324
7325
7326
7327
7328
7329
7330
7331
7332
7333
7334
7335
7346
7348
7350
7351
7352
7353
7354
7355
7356
7357
7358
7367
7368
7369
7370
7371
7372
7379
7380
7381
7392
7393
7394
7395
7396
7397
7398
7399
7400
7401
7402
7403
7404
7405
7416
7417
7418
7428
7429
7430
7440
7441
7442
7443
7444
7445
7446
7447
7448
7449
7450
7451
7452
7453
7464
7465
7466
7467
7468
7469
7470
7471
7472
7473
7474
7475
7476
7477
7478
7487
7488
7489
7490
7491
7492
7500
7514
7515
7516
7517
7518
7519
7520
7521
7522
7523
7524
7536
7537
7538
7539
7540
7541
7542
7543
7544
7545
7546
7547
7560
7561
7562
7563
7564
7565
7566
7567
7568
7569
7570
7571
7572
7584
7586
7587
7588
7589
7590
7591
7592
7593
7594
7595
7596
7608
7609
7610
7611
7612
7613
7614
7615
7616
7617
7618
7619
7620
7632
7633
7634
7635
7636
7637
7638
7639
7640
7641
7642
7643
7644
7656
7657
7658
7659
7660
7661
7662
7663
7664
7665
7666
7667
7668
7679
7680
7681
7682
7683
7684
7685
7686
7687
7688
7689
7690
7691
7692
7708
7709
7710
7711
7712
7713
7714
7715
7716
7728
7729
7730
7731
7732
7733
7734
7735
7736
7737
7738
7739
7740
7752
7753
7754
7755
7756
7764
7774
7775
7776
7777
7778
7779
7780
7786
7787
7788
7809
7871
7872
7873
7874
7875
7876
7877
7878
7879
7880
7881
7882
7883
7884
7894
7895
7896
7897
7898
7899
7900
7908
7920
7921
7922
7923
7924
7925
7926
7927
7928
7929
7930
7931
7932
7944
7945
7946
7947
7948
7949
7950
7951
7952
7953
7954
7955
7956
7968
7969
7970
7971
7972
7973
7974
7975
7976
7977
7978
7979
7980
7981
7982
7990
7991
7992
8000
8001
8002
8003
8004
8016
8018
8019
8020
8024
8028
8040
8041
8042
8043
8044
8045
8046
8047
8048
8049
8050
8051
8052
8064
8065
8066
8067
8068
8069
8070
8071
8072
8073
8074
8075
8076
8077
8088
8089
8090
8091
8092
8093
8094
8095
8096
8097
8098
8099
8100
8112
8113
8114
8115
8116
8117
8118
8119
8120
8121
8122
8123
8124
8136
8137
8138
8139
8140
8141
8142
8143
8144
8145
8146
8147
8148
8160
8161
8162
8163
8164
8165
8166
8167
8168
8169
8170
8171
8172
8184
8185
8186
8187
8188
8189
8190
8191
8192
8193
8194
8195
8196
8197
8208
8209
8210
8211
8212
8213
8214
8215
8216
8217
8218
8219
8220
8231
8232
8233
8234
8235
8236
8237
8238
8239
8240
8241
8242
8256
8257
8258
8259
8260
8261
8262
8263
8264
8265
8266
8267
8268
8280
8281
8282
8283
8284
8285
8286
8287
8288
8289
8290
8291
8292
8293
8294
8302
8303
8304
8305
8306
8307
8308
8309
8310
8311
8312
8313
8314
8315
8316
8317
8318
8326
8327
8328
8329
8330
8331
8332
8333
8334
8445
8446
8447
8448
8449
8450
8451
8452
8544
8545
8546
8547
8548
8549
8550
8551
8552
8553
8554
8555
8567
8568
8569
8570
8571
8572
8589
8590
8591
8592
8593
8594
8595
8596
8597
8598
8599
8600
8601
8602
8603
8614
8615
8616
8617
8618
8619
8620
8621
8622
8623
