0
0
0
0
0
0
534
1062
357
435
1053
648
846
1050
357
96
744
810
432
525
1165
1124
984
748
1107
954
780
634
787
1319
1055
924
277
348
823
1057
1123
640
609
395
1058
706
899
1031
1259
1051
1056
1056
792
1026
930
111
1111
1322
1054
992
1051
1062
718
370
1267
1001
1068
1053
764
1056
750
1023
597
630
223
480
276
678
198
471
1138
743
1127
1043
740
578
1274
1095
1139
409
199
640
99
762
535
641
907
498
679
397
723
515
1159
796
237
975
817
1050
1053
828
222
498
708
507
1110
1501
1117
1061
875
722
192
618
310
818
649
876
878
748
674
665
816
0
1102
752
565
283
759
781
1060
702
987
498
558
96
432
414
906
297
656
431
1049
966
1055
856
534
342
237
489
96
795
915
937
1211
956
1084
984
1050
618
359
570
702
354
468
1002
1157
520
364
228
450
1104
1123
1148
366
99
299
1230
1154
1056
1059
1062
1059
933
1053
1053
1059
1065
1059
1050
1074
1037
1120
1089
291
603
789
1008
1050
288
1074
1063
483
894
1067
1082
1042
379
1137
959
578
1059
1117
1103
926
1176
945
1105
1023
1128
1120
1116
1072
819
599
793
795
777
911
786
498
606
920
1041
1059
1058
1005
1053
1053
1053
1011
1055
507
1062
918
798
810
834
606
100
372
1056
1062
573
603
396
234
875
568
853
529
991
683
969
396
1103
470
1032
924
908
723
299
740
1123
1052
1053
600
486
384
1104
708
567
372
1042
661
1056
1059
1056
375
774
1050
1076
1084
942
699
558
612
740
96
393
441
820
561
780
894
1050
828
623
394
850
1038
1060
867
471
536
105
914
606
906
722
1044
703
384
360
361
0
233
394
405
308
0
415
363
102
362
0
0
233
288
234
234
428
472
298
0
0
105
0
209
246
304
486
540
400
562
468
432
276
356
967
833
979
979
870
891
0
1051
1056
1056
792
978
675
234
606
1055
427
1064
243
1032
837
600
1020
786
453
963
603
660
963
357
579
606
222
414
0
0
0
222
222
783
600
598
892
1066
1053
1071
1071
1053
872
972
1065
1059
1118
277
1159
1010
1112
977
1149
1123
418
424
247
519
599
442
0
554
0
261
258
264
481
434
262
823
714
815
394
810
1056
563
0
424
0
200
1
100
277
1114
1063
1097
939
446
1097
898
249
728
954
364
379
231
0
202
400
0
442
330
98
282
0
224
223
98
0
226
499
1057
1136
1165
561
0
0
0
0
0
0
0
0
0
0
1
0
0
0
0
0
0
0
0
0
0
525
1050
1084
1142
1116
824
193
494
505
576
396
197
928
1058
1111
988
1101
780
836
1302
1332
1240
853
962
886
1243
1094
932
1146
1076
1050
967
1051
798
1056
1059
366
1059
1059
1087
1172
697
1171
495
869
797
568
466
645
1024
928
704
551
467
458
244
0
212
568
747
1185
1131
1056
1056
481
942
1056
960
477
105
373
396
330
234
0
354
0
0
192
675
380
497
1010
709
436
816
702
0
857
640
402
874
1076
948
414
594
760
1070
1067
478
891
475
826
1171
1192
1079
891
476
375
581
1125
1199
1053
1053
1112
1117
1109
728
613
840
1141
1112
531
1
2
0
0
0
0
0
0
0
0
0
0
0
0
0
0
0
618
1150
1082
1077
402
396
828
630
361
237
375
276
96
889
817
868
795
455
241
1102
1161
701
1059
1056
1056
1053
1103
378
755
1141
1117
108
980
302
0
0
0
0
0
0
0
0
0
0
2
0
0
0
0
0
0
0
193
0
0
0
0
0
0
2
270
0
0
0
0
0
0
0
0
0
0
0
0
0
0
0
0
0
0
0
0
0
1085
1053
1056
531
0
0
0
1
0
0
0
0
0
0
0
0
0
0
0
0
558
1088
1073
1007
933
948
638
933
354
276
330
384
225
1003
529
1031
685
943
299
0
1254
690
1097
1074
1074
1092
1039
100
738
645
1025
249
538
1121
1036
641
288
1090
978
642
404
0
762
845
750
597
550
658
315
569
673
785
934
982
643
492
577
520
231
230
382
0
252
402
243
391
247
248
122
264
373
252
0
0
96
618
389
263
249
402
1055
706
408
790
0
380
301
0
96
385
387
0
0
0
234
0
1068
1059
1098
1100
1056
492
612
745
388
237
624
491
192
96
222
354
505
351
518
618
611
420
646
580
554
1059
1053
1050
1050
792
834
192
384
1050
1053
1059
1061
1043
1050
1051
876
432
606
702
493
336
1139
1179
1150
1117
556
1272
1258
1306
1205
1164
1228
1068
1062
834
528
450
564
354
0
1063
1094
1092
1062
1053
1050
1042
1050
609
225
192
504
595
0
1197
1514
78
1084
1059
654
222
222
372
457
647
489
742
889
898
491
901
723
222
877
732
564
616
1142
1057
435
510
96
492
914
915
1050
1055
1059
1056
1050
1059
1031
1008
1020
648
1065
1065
1065
974
1101
1053
1050
528
1050
390
693
486
222
276
276
354
936
486
354
384
540
971
1069
1063
96
282
396
1002
1050
564
372
354
223
396
192
222
0
0
222
0
0
0
223
96
0
222
0
0
0
0
98
0
0
0
0
0
0
0
0
96
0
0
276
396
0
96
0
279
222
99
0
201
0
401
98
227
0
224
0
0
0
0
0
0
0
222
0
0
0
0
0
0
98
276
0
223
0
0
0
224
433
384
278
288
291
294
1032
1056
1111
1138
1088
936
1056
780
96
432
234
600
561
486
906
768
414
504
354
0
513
97
786
404
654
0
1130
1103
1053
399
492
690
636
414
0
1138
825
1216
990
1326
1093
1050
1050
1050
1077
1077
1053
1059
1062
1056
450
744
1050
1050
1053
1080
1102
107
884
937
676
1142
1153
1086
394
451
914
304
111
572
814
287
384
224
0
193
97
0
237
805
1053
489
960
836
576
558
489
837
922
634
0
918
1075
1129
1143
855
909
417
416
440
802
398
291
459
524
1120
884
1048
1123
107
1108
665
984
591
1070
4
643
1153
1136
1098
637
1083
495
405
542
671
1021
1079
1101
749
545
513
397
366
434
224
711
211
494
98
0
723
1122
1121
295
0
866
1110
1099
603
1038
552
1098
381
250
679
448
283
1148
1331
1219
384
659
733
245
1182
568
1011
641
373
349
737
0
874
578
416
511
716
1115
1076
1082
1080
942
1050
432
447
396
432
396
600
411
829
582
819
1056
1050
1056
498
1050
1050
1053
1053
361
1051
1018
1064
625
513
1062
1062
1077
1068
705
417
867
396
450
222
432
662
879
947
1087
851
378
875
1235
627
1095
844
394
560
355
375
553
427
571
716
541
519
556
367
1082
1080
1056
1059
1053
1044
792
1044
723
834
374
596
234
414
1059
1065
1056
1050
1056
1065
970
1169
405
1177
1105
1062
784
0
385
354
924
0
96
222
559
558
894
1056
1121
1180
1137
382
953
1161
1113
1050
1050
828
722
1051
1107
1138
1091
1056
1055
1086
1082
1128
1131
564
284
493
648
468
432
358
396
0
222
354
222
225
0
1053
1050
1053
1056
1059
1062
1062
1062
1056
1050
1056
1059
1056
528
0
0
0
0
0
0
0
0
0
0
0
0
0
0
0
0
534
1071
1062
1053
1065
1065
1059
1056
1056
1062
984
696
492
0
894
582
0
510
612
192
192
510
420
492
114
624
562
806
1045
1075
1050
869
916
456
493
1054
0
0
0
0
0
0
0
0
0
0
0
0
0
0
0
0
0
0
0
796
0
0
0
0
0
0
0
0
0
0
0
0
0
0
0
0
0
0
0
0
0
0
0
0
525
0
0
0
0
0
0
0
0
0
0
0
0
0
0
0
528
1053
1059
1062
1053
1056
942
1057
434
763
619
510
375
396
507
655
1033
1144
1141
1067
958
959
1074
1050
1056
618
1056
1050
1053
1053
1091
1089
1053
1059
1038
1056
1050
1053
387
222
492
396
276
396
0
360
1062
1056
1056
708
1026
510
606
1041
510
0
0
0
0
0
0
0
0
0
0
0
0
528
1056
999
285
678
601
498
372
492
222
222
867
721
997
988
828
379
1125
1315
1143
0
1143
463
402
228
467
123
723
667
490
401
1077
1086
1077
0
525
0
0
0
0
0
0
0
0
0
0
0
0
0
0
0
0
0
0
0
0
0
0
541
1071
769
1076
1055
972
96
495
354
660
441
660
0
1121
1106
861
706
954
508
355
523
453
878
1084
834
567
1014
0
1358
1059
1056
1058
600
594
984
798
444
0
226
415
515
514
420
934
882
864
571
444
192
222
0
414
192
222
0
96
0
354
96
0
354
396
222
0
0
222
276
450
630
654
606
768
1008
1045
1059
1053
725
581
0
477
0
228
560
404
440
390
385
486
558
0
720
396
453
396
0
0
234
0
96
222
451
331
450
354
432
222
276
96
222
0
222
277
222
96
226
225
434
398
721
704
584
195
924
348
354
963
792
990
492
486
492
192
380
239
456
96
222
0
606
558
721
704
835
972
960
567
446
282
366
348
276
96
990
852
405
560
414
396
222
276
787
1056
1078
1079
1053
525
0
0
0
0
0
0
0
0
0
0
0
0
0
0
528
1059
1053
597
1059
648
495
0
567
276
0
1096
1285
1260
662
257
1170
1248
1306
1244
1096
1056
618
645
384
276
930
891
237
796
1003
491
836
1037
1052
600
222
373
372
1109
1135
404
1021
769
501
700
928
1129
1086
1214
769
1012
693
1043
431
507
1067
1091
384
478
655
1191
1103
1059
1050
552
552
638
396
786
721
387
746
764
480
1067
1009
1066
470
432
1140
684
1120
1139
702
1188
1050
929
1053
1116
622
464
928
1086
663
457
751
978
1150
1285
1198
1233
1174
1107
138
1089
1059
1059
1050
1072
1072
942
192
371
603
482
0
105
381
192
192
228
228
192
354
276
492
789
721
378
369
341
107
101
229
396
809
347
713
492
96
362
436
276
356
0
354
455
398
331
450
101
97
0
437
285
0
281
0
1054
1070
1077
453
981
1059
1062
1062
1119
948
1163
932
537
1135
1090
1067
1062
1056
1053
1019
1084
1102
1059
1082
1136
1154
1123
712
1176
1115
1053
956
1093
1056
1056
1061
954
1047
779
974
912
1091
962
496
865
1045
1050
1050
372
1050
1050
1050
1053
888
1056
1070
600
282
396
1035
925
282
618
96
702
414
276
276
788
789
726
354
414
558
415
396
354
504
1050
1020
1105
657
148
818
641
1093
1071
993
954
693
0
99
490
227
403
331
97
222
0
504
436
330
0
225
385
96
0
234
375
528
278
401
233
241
360
841
803
451
354
222
276
234
0
222
444
864
903
1053
1081
970
597
579
676
255
313
469
460
734
615
577
818
741
675
422
470
710
495
862
896
1121
1056
720
693
354
396
354
222
0
1050
846
759
414
492
720
486
192
276
1050
570
720
584
846
570
510
1056
786
654
659
792
354
225
372
330
396
552
282
432
330
372
402
192
369
1053
1059
1059
1050
1053
1053
1056
531
0
0
0
0
0
0
0
0
0
0
0
0
0
0
528
1053
1056
1062
1026
1050
504
704
488
96
492
592
957
1076
734
1063
1053
1056
900
552
504
504
330
282
785
700
1014
900
698
365
1155
628
1085
1088
558
566
443
689
845
589
211
1017
351
767
626
106
1120
903
403
1014
1112
1058
1062
390
468
600
354
278
1164
1413
1062
1056
417
384
222
414
522
573
953
616
652
834
366
638
621
533
933
1035
377
857
939
1062
1059
611
286
456
756
475
645
222
1158
1058
1050
492
672
702
396
414
96
621
0
531
649
989
609
788
1065
907
1137
1074
1053
1056
1059
1056
1053
1053
1053
1053
1050
852
1056
781
1050
639
792
498
354
372
96
384
552
432
276
192
811
1130
1107
1160
1127
1063
1127
1095
0
0
0
0
1168
1142
1056
1050
1050
1078
556
1045
1046
388
641
439
257
0
400
406
1141
1249
453
1060
1070
584
1114
1471
1219
1069
1072
537
1134
1372
1554
1065
1088
474
1253
1637
1587
1097
1074
1111
1370
1450
1078
1077
1071
1331
735
1074
1105
1131
1088
1053
1059
834
966
702
786
615
237
552
192
498
387
1247
1337
558
1073
1120
1162
1072
1244
1280
1032
1069
1050
1053
1093
1154
666
1123
1069
1062
732
1068
852
833
708
492
606
786
612
276
720
330
0
226
96
96
1110
1481
1352
1108
1114
1127
1493
1398
1068
1079
1188
1593
1452
1062
1064
1059
1572
1339
1070
1066
1217
1659
922
1089
1077
1310
1154
1117
1074
1059
1053
1062
1082
1081
1014
1064
439
716
821
1123
453
116
599
1069
1075
1069
1059
1086
948
1089
1081
1077
451
1053
1050
1050
1002
504
960
414
506
487
1163
1167
312
485
240
412
408
997
987
0
814
936
1020
1083
1056
0
564
492
682
605
978
762
920
442
841
420
1089
337
1064
354
1137
671
592
512
1225
1087
1052
504
603
722
609
609
576
723
375
420
639
489
1078
986
1055
648
96
531
282
282
96
96
96
222
0
396
282
434
373
96
96
0
0
0
96
96
0
282
561
352
104
1065
128
380
393
355
708
1060
1059
936
1039
1056
1060
1120
1128
1066
1054
1056
1132
757
1095
1118
1062
1056
738
1062
1083
1115
970
1142
1186
1142
1079
1057
1059
1065
1056
912
1026
1062
1108
1131
1122
583
402
579
633
764
272
799
536
451
208
206
205
0
294
293
337
238
236
0
232
231
752
222
359
358
653
851
540
452
300
410
290
0
222
0
226
110
0
108
0
229
447
397
0
439
100
515
194
100
281
276
96
0
96
222
96
0
0
279
345
227
222
1064
1050
1050
1056
1056
1051
504
374
492
432
96
708
930
564
1055
600
611
567
588
0
0
192
354
223
1
234
0
358
398
498
470
223
96
354
996
1051
600
780
540
642
852
223
198
98
222
192
432
558
1050
1074
1074
525
0
0
0
0
0
0
0
0
0
0
0
0
0
0
0
0
0
0
0
0
0
0
0
0
0
528
1056
1056
1053
1051
927
1056
1092
1086
1053
1059
1065
1065
1056
924
1052
912
498
360
1027
276
696
774
354
282
612
0
276
282
432
0
276
360
105
465
495
933
1097
989
891
665
1053
1056
1100
1095
1056
1099
840
1078
1050
585
1017
837
447
1050
900
607
676
996
402
288
450
333
357
198
99
99
884
687
920
989
578
289
1193
444
1072
795
618
432
0
757
622
613
0
516
377
622
1005
603
1083
1065
528
576
414
498
761
1059
1061
1013
464
658
222
974
935
463
648
1253
1055
1056
1059
1056
999
696
1056
339
99
354
492
498
276
372
96
276
0
0
234
0
396
0
222
0
96
0
0
96
96
96
0
96
96
276
0
96
0
396
0
0
0
0
96
414
1044
1056
1056
1092
1095
1130
1150
423
660
928
1095
1096
1067
652
1069
1071
333
693
696
348
357
434
222
0
225
0
0
222
222
279
442
903
647
720
476
852
1234
934
596
1120
1137
1093
1083
1059
1056
1075
1076
1053
1071
1127
1013
1055
665
400
548
1115
1056
1072
1120
974
819
600
360
0
963
957
721
381
366
714
1046
943
572
231
965
984
896
366
1020
984
672
1077
1050
1050
1065
1107
1099
1056
504
702
993
1056
333
96
354
96
618
556
978
790
1033
1050
564
1056
720
576
450
601
972
768
0
354
504
957
689
893
1125
891
379
530
1295
1129
1130
1062
780
192
192
0
666
889
380
0
692
761
636
1069
950
1076
486
765
529
363
924
917
693
282
886
614
1044
1059
1062
1062
1059
1112
607
626
1173
1132
973
463
98
533
894
1017
799
376
194
1023
960
978
702
662
464
562
897
987
892
604
626
629
578
871
962
702
492
597
373
372
193
594
476
531
443
261
885
473
506
441
0
236
0
247
0
0
0
102
102
235
363
0
245
595
415
289
208
0
390
371
0
361
839
871
815
99
437
1000
1051
407
1045
1079
1067
1059
1059
1051
795
1041
495
1050
354
786
1002
564
0
96
402
1207
1322
1082
1072
683
927
360
241
624
419
1138
6
114
558
851
1067
662
1069
849
690
306
797
727
1121
421
679
852
1035
1051
375
906
0
444
198
99
850
611
102
1113
1129
990
873
363
1056
1083
1081
1050
1090
1096
504
662
817
1044
877
979
1107
432
852
1133
1015
282
1087
847
237
1062
1068
1056
1053
1057
1053
1053
1053
1053
977
1074
1077
1053
528
444
492
366
192
450
276
354
222
432
276
276
0
562
291
411
528
956
1029
1184
963
1080
1059
1059
1050
1050
672
654
912
606
720
558
1050
1053
1059
1008
837
714
615
906
762
636
474
492
870
945
848
1099
1062
1017
582
876
528
282
1056
696
492
222
492
1094
423
1023
1069
561
797
1202
1120
1102
1005
194
843
897
1128
706
943
1050
611
761
1054
1286
1071
1059
435
1050
966
225
949
102
1091
996
726
1132
1068
1056
1053
1050
1050
906
795
333
0
612
591
592
635
0
1140
1076
1038
612
720
450
282
468
292
637
908
944
1091
917
1105
1056
1062
1056
666
1056
1053
1032
564
375
1118
583
1030
212
670
1066
726
492
1076
569
258
409
1095
1099
698
420
580
1144
345
531
373
238
1030
622
366
521
465
521
378
406
637
1051
1050
1050
900
1050
1072
1083
1062
1056
1056
780
507
612
813
408
447
356
234
276
96
222
0
0
222
0
192
0
234
276
96
225
330
834
657
744
400
0
719
711
565
810
234
704
651
1072
1057
1059
1077
544
0
0
0
0
0
0
0
0
0
0
0
0
0
0
0
0
0
0
0
0
0
0
0
0
0
0
0
0
0
0
0
0
0
0
0
0
0
0
0
0
0
0
0
0
0
0
0
0
0
0
0
0
0
0
0
0
538
1075
1062
1056
1056
1053
1053
564
1062
1056
1050
900
996
237
528
889
372
528
558
384
612
540
585
240
462
921
1049
1138
1095
936
609
1064
1059
1062
1059
1053
1056
1056
942
1044
1050
1050
1050
1058
1064
1056
1050
969
750
606
564
330
489
0
570
639
906
885
1032
1050
1032
1038
1056
354
1053
975
604
744
354
564
746
956
504
1050
708
1050
1038
543
1050
390
903
785
356
374
531
354
402
405
814
474
911
526
0
520
420
860
796
864
1096
1140
1122
1050
1053
0
1053
828
636
1053
354
1056
729
378
435
354
277
396
97
785
927
922
964
523
432
1166
670
842
624
1120
1100
1079
378
1062
693
0
528
223
417
97
799
503
505
330
0
449
401
631
803
1033
1068
1067
1069
867
1059
1059
432
1050
225
1053
1053
768
930
1050
330
1050
924
492
840
356
529
603
282
954
739
1112
734
412
769
224
193
944
810
622
381
709
1238
1122
1065
1065
1056
1059
1056
864
690
1038
414
954
936
528
432
0
0
0
282
396
468
384
330
330
384
0
0
192
96
0
0
192
96
96
0
0
330
96
0
0
192
96
0
222
222
0
96
222
222
276
96
348
96
96
384
752
1056
1050
492
528
432
396
0
396
276
225
222
0
222
279
225
0
279
225
279
276
357
282
360
354
235
96
0
96
0
276
0
278
225
3
0
0
0
96
225
99
0
0
0
0
225
279
0
96
3
0
0
0
0
276
0
101
0
276
0
276
96
96
0
278
98
98
542
278
0
222
0
96
225
0
0
0
0
0
447
96
222
558
486
371
574
429
356
377
720
505
506
361
399
1073
855
1003
800
752
382
994
1106
997
732
426
573
1020
1034
1046
742
375
201
1040
1107
764
595
0
1090
1069
1073
243
292
1034
1070
1040
730
538
572
1104
1072
646
210
1062
964
765
769
579
418
810
769
1110
1080
1060
1056
875
838
1056
1059
845
570
492
354
624
432
96
732
289
951
869
1138
1050
705
654
720
396
234
1043
1111
642
0
697
888
808
735
1108
1091
966
1053
1053
612
567
234
426
525
515
1031
1051
1114
768
900
768
1053
744
1078
839
935
1056
1081
1082
387
633
981
1044
1004
1052
789
639
222
543
375
225
913
935
913
924
491
611
1185
696
1081
432
222
618
593
538
398
508
405
590
578
399
1075
1056
1056
1062
1056
96
558
630
504
630
600
468
499
971
1132
863
498
1031
96
0
956
833
501
450
1231
1180
1050
1053
1053
1050
1055
279
100
399
277
648
942
1068
1059
1104
1105
1078
1099
947
607
954
1079
1074
199
707
1053
1079
1077
984
1050
1045
1074
332
381
282
404
384
412
401
247
234
122
267
553
979
497
271
649
403
509
256
384
1050
1073
1053
1061
1118
1114
1017
396
1059
1065
1059
1054
1056
1056
528
399
1050
1052
239
372
96
402
621
568
433
1150
1062
1014
366
234
961
1081
300
281
762
835
896
635
1119
1088
606
1011
1059
246
1163
1353
1329
1056
1059
1056
972
702
612
0
1064
1067
1053
1050
96
354
1038
381
282
372
0
408
890
983
1124
1000
429
1034
1224
1110
1092
663
0
98
765
601
354
234
588
527
839
830
1117
222
354
1027
1081
237
1054
1008
1062
1128
1123
1065
1071
1096
1087
674
602
601
558
1065
1062
1053
1082
1079
1013
1075
637
626
375
350
96
0
593
409
577
398
1146
699
442
568
822
964
1055
1058
1056
1053
282
360
432
192
597
870
372
354
376
417
372
450
564
1325
1293
1077
1050
720
96
0
396
384
728
795
709
399
736
554
1140
727
1129
540
528
504
597
392
1076
708
279
847
356
1064
1050
1050
1056
1056
699
897
492
192
486
276
468
594
554
585
377
1172
1067
1050
234
1035
282
1050
1056
1050
528
450
96
636
432
638
1050
1053
1059
1038
1053
243
1050
1053
969
1062
432
438
1053
279
354
564
558
378
642
314
573
1202
1090
1210
1059
764
834
400
487
840
354
1014
1246
1323
480
809
1055
1050
608
1056
1050
1056
885
354
0
0
0
2
0
0
0
0
0
0
98989
114535
110393
117435
113801
110779
108010
0
532
1056
1053
1059
1056
866
558
330
276
396
435
742
537
848
726
1139
981
552
1053
531
1026
354
582
517
1101
96
838
859
1047
1221
1006
1110
387
1194
1253
1270
1050
1077
1097
1070
355
807
551
742
976
495
432
396
291
102
237
521
550
249
245
0
0
0
374
0
354
918
654
414
0
1050
1080
1139
1107
1041
642
971
1011
993
1050
1056
804
606
468
282
705
279
417
415
952
793
1075
644
454
1136
472
1109
553
399
844
674
417
282
934
873
1050
1059
972
1047
498
331
354
0
276
1165
1313
1081
1079
1064
771
396
589
390
0
240
237
377
118
1026
872
408
621
1056
582
279
720
1094
1099
637
234
403
234
450
222
192
360
974
722
362
631
623
1059
1088
1052
355
354
276
432
222
993
263
633
1079
1079
1055
585
408
429
441
670
1137
1225
1061
771
810
663
588
873
1168
1255
1056
1056
1050
1050
1008
447
1056
750
225
357
1101
1009
435
1128
977
1056
918
1019
1073
499
1057
1071
1067
799
1051
1056
1065
1059
1053
1059
816
1050
978
1020
1050
276
799
396
276
1125
1041
309
0
887
999
664
1189
1154
1122
495
1102
1245
1199
1053
804
354
0
234
826
1060
96
276
504
529
354
870
996
528
357
101
98
871
918
926
918
417
1203
760
1110
356
769
835
513
754
670
1063
390
354
570
955
520
355
1132
1015
1062
432
369
381
607
1131
1071
1159
702
576
396
528
564
609
1155
1247
1068
1067
1057
1050
1050
1056
531
0
0
0
0
0
0
0
0
0
0
0
0
534
1059
1061
1070
1055
1056
1071
1065
1062
537
0
0
0
0
0
0
97260
104529
110155
100325
96856
82967
447
985
1063
1059
990
1062
1053
588
363
600
417
624
149
446
1136
1008
564
492
1154
971
222
563
912
971
439
475
646
1085
816
1169
1142
1100
563
480
279
1000
882
652
578
991
1256
1113
1123
111
682
1116
529
348
855
412
923
779
1057
1050
1050
492
489
1059
1056
195
636
446
387
468
932
471
571
515
1201
1050
414
882
441
360
486
703
985
426
0
910
841
867
810
1117
1106
1073
606
597
195
630
805
941
1122
928
1109
1056
1056
561
30
0
0
0
0
0
186
717
1056
1050
699
222
96
489
816
1053
414
743
395
787
296
354
372
372
651
658
470
0
373
504
355
237
340
464
416
374
449
765
749
387
387
693
544
642
520
504
397
606
654
432
1050
679
0
0
0
0
0
0
0
0
0
0
0
0
0
0
0
0
0
0
0
0
1062
936
1056
1050
0
0
0
0
0
0
0
0
0
0
0
0
0
0
0
0
0
483
0
0
0
0
609
0
0
0
0
0
0
0
0
0
0
0
0
0
0
1058
1073
720
729
1114
1131
1096
1052
1005
840
624
960
1077
1068
1062
1050
968
1071
608
946
631
428
0
0
363
0
103
104
0
200
1151
1123
1076
1069
1050
1088
1099
1053
528
807
486
366
336
600
0
641
1072
1071
1059
372
622
502
372
234
778
912
1060
1053
1085
897
1004
1079
1056
1052
912
538
899
1090
1070
1056
1062
900
363
97
0
1055
1053
1070
1065
1050
1074
1075
450
603
624
1056
1062
1050
402
492
372
864
396
1004
702
372
561
96
444
450
414
569
99
415
879
1190
1209
959
1107
1056
1050
639
114
0
0
0
0
0
12
66
363
837
954
1053
1044
1054
99
399
609
720
582
1062
346
348
391
890
1058
237
891
0
223
246
0
388
282
385
356
730
445
384
713
1103
1069
1050
1056
750
804
561
602
402
1002
1056
1054
1116
1116
1056
714
1080
1071
1023
372
1056
1125
1118
925
1050
630
225
615
811
278
236
279
505
845
498
829
372
486
360
724
823
392
389
602
1007
1047
1050
961
720
1073
1084
655
356
0
243
99
370
373
376
282
193
389
471
432
432
567
840
1016
920
1014
1050
1077
1133
1139
979
972
1050
906
1050
1012
516
633
282
366
468
606
417
1089
1139
638
1120
1150
926
402
102
1098
1166
1350
1283
1323
1189
680
414
686
1198
989
1051
1050
1050
1053
1056
1028
789
1050
1255
1730
850
1077
1063
1056
1069
877
1180
1034
110
1088
1139
111
1063
1020
1096
1089
1091
372
576
1050
234
608
811
910
414
636
508
460
537
641
672
860
1088
1103
1109
1075
1056
1065
1071
1059
903
1059
192
1050
558
798
1056
1065
501
549
1050
834
636
468
1074
581
389
403
307
304
210
1126
1132
1140
1053
1214
1178
1188
944
1047
1029
919
1194
1192
1153
1126
1173
1152
1038
1081
1074
1050
1050
1050
876
720
786
564
432
468
366
1050
1056
1075
993
450
0
0
0
0
0
0
0
0
0
0
