20	28
29	32
35	46
47	48
49	52
53	64
71	76
77	94
95	100
102	104
105	137
139	140
143	150
152	153
154	162
165	166
167	172
173	174
175	184
192	193
196	199
204	238
240	242
262	269
270	279
280	281
282	283
284	292
298	300
304	311
312	321
325	328
333	350
355	357
361	362
371	374
382	385
395	397
401	402
403	411
413	414
417	430
435	443
448	462
465	466
467	472
477	478
479	485
509	517
518	536
537	541
547	562
564	574
576	580
585	593
594	619
621	628
630	633
636	637
647	650
659	664
665	669
674	680
696	697
699	700
728	729
744	745
749	753
761	767
768	775
780	784
790	816
818	820
829	835
838	841
844	845
847	849
853	856
860	868
870	873
877	878
886	887
888	889
890	902
911	914
921	922
923	927
928	941
942	945
946	955
960	961
968	973
976	978
987	988
993	994
997	999
1006	1007
1020	1021
1032	1033
1038	1040
1044	1045
1059	1060
1065	1075
1080	1081
1092	1095
1096	1098
1105	1112
1114	1117
1126	1135
1139	1142
1151	1152
1155	1157
1165	1175
1176	1203
1207	1208
1210	1227
1229	1242
1243	1252
1260	1265
1272	1273
1276	1279
1280	1282
1284	1285
1289	1315
1335	1338
1344	1345
1352	1357
1358	1359
1360	1366
1370	1372
1386	1387
1392	1393
1404	1405
1416	1417
1419	1421
1438	1449
1464	1465
1476	1477
1513	1515
1524	1535
1536	1537
1542	1543
1548	1549
1561	1563
1564	1566
1572	1573
1584	1585
1589	1608
1611	1612
1620	1621
1635	1641
1644	1645
1647	1648
1649	1667
1668	1670
1674	1676
1714	1716
1718	1724
1740	1741
1752	1753
1764	1765
1787	1791
1799	1801
1824	1825
1827	1837
1838	1839
1842	1851
1855	1870
1871	1879
1885	1887
1888	1892
1893	1923
1926	1927
1931	1936
1938	1939
1945	1955
1962	1963
1965	1966
1971	1974
1977	1979
1980	2010
2014	2019
2031	2032
2035	2037
2040	2041
2051	2054
2056	2057
2058	2063
2067	2068
2070	2071
2076	2077
2078	2081
2084	2092
2094	2095
2100	2102
2106	2108
2109	2111
2113	2125
2135	2137
2148	2149
2150	2151
2156	2157
2184	2185
2200	2204
2208	2209
2213	2234
2235	2241
2247	2251
2254	2260
2262	2263
2265	2267
2268	2271
2275	2280
2288	2289
2291	2299
2323	2331
2336	2337
2341	2348
2350	2353
2356	2374
2375	2384
2385	2389
2397	2410
2413	2419
2421	2423
2424	2425
2433	2462
2466	2479
2483	2488
2495	2504
2505	2510
2513	2515
2516	2524
2525	2531
2532	2533
2535	2536
2542	2545
2556	2557
2569	2576
2577	2578
2580	2581
2585	2587
2590	2597
2599	2601
2603	2607
2612	2633
2637	2638
2640	2646
2655	2656
2662	2665
2672	2674
2676	2677
2691	2692
2697	2698
2701	2702
2703	2704
2706	2707
2721	2722
2724	2727
2736	2737
2761	2763
2784	2794
2797	2798
2800	2802
2808	2810
2820	2829
2833	2836
2837	2845
2848	2860
2861	2862
2867	2869
2880	2881
2906	2916
2919	2921
2923	2924
2928	2929
2934	2965
2969	2983
2985	2986
2990	2991
3000	3007
3017	3031
3032	3035
3036	3042
3043	3056
3058	3060
3062	3068
3069	3070
3075	3091
3095	3100
3104	3107
3109	3113
3120	3122
3123	3128
3134	3136
3140	3141
3144	3146
3149	3151
3152	3155
3157	3160
3161	3173
3174	3177
3180	3181
3184	3190
3194	3198
3202	3205
3208	3215
3216	3217
3221	3227
3239	3249
3270	3274
3276	3277
3285	3295
3296	3299
3300	3301
3304	3307
3314	3319
3328	3331
3332	3334
3336	3338
3339	3347
3348	3349
3357	3363
3367	3388
3393	3395
3405	3409
3415	3416
3422	3423
3424	3433
3435	3436
3450	3451
3493	3496
3504	3505
3510	3511
3514	3524
3525	3526
3528	3529
3540	3541
3580	3584
3585	3593
3599	3601
3609	3613
3615	3625
3630	3633
3635	3643
3645	3646
3647	3649
3660	3661
3663	3670
3671	3679
3690	3691
3696	3697
3732	3733
3792	3793
3804	3805
3818	3823
3827	3843
3846	3847
3848	3874
3877	3879
3885	3891
3897	3908
3913	3923
3925	3927
3929	3930
3932	3934
3942	3951
3953	3956
3958	3963
3972	3973
3974	3981
3982	3992
3998	4000
4002	4007
4009	4012
4014	4016
4018	4019
4024	4026
4027	4042
4044	4045
4048	4049
4056	4057
4061	4063
4064	4066
4069	4081
4083	4088
4094	4097
4105	4109
4111	4114
4115	4119
4121	4126
4131	4141
4144	4146
4148	4151
4155	4156
4157	4160
4161	4163
4164	4169
4184	4187
4193	4196
4197	4202
4203	4208
4210	4213
4224	4231
4236	4237
4245	4247
4260	4267
4268	4270
4273	4277
4280	4281
4285	4287
4299	4310
4316	4322
4327	4337
4338	4345
4348	4358
4363	4364
4373	4374
4377	4378
4380	4381
4388	4401
4403	4405
4410	4411
4414	4419
4422	4423
4424	4434
4437	4438
4439	4442
4446	4453
4459	4465
4466	4473
4477	4481
4484	4486
4488	4489
4490	4495
4496	4504
4519	4529
4530	4533
4538	4540
4548	4549
4551	4566
4569	4574
4576	4583
4588	4595
4609	4614
4616	4617
4620	4621
4630	4634
4636	4638
4642	4648
4649	4663
4665	4674
4675	4678
4679	4684
4695	4700
4706	4709
4710	4730
4735	4737
4740	4741
4750	4751
4755	4756
4762	4774
4776	4777
4788	4789
4801	4802
4812	4813
4824	4825
4845	4851
4854	4855
4856	4858
4860	4864
4868	4879
4887	4891
4893	4895
4896	4898
4901	4904
4905	4911
4913	4914
4920	4921
4923	4924
4935	4936
4943	4952
4953	4955
4960	4964
4968	4971
4972	4975
4985	4986
4988	4995
4997	4998
5004	5007
5010	5012
5015	5017
5027	5031
5034	5039
5040	5046
5051	5054
5066	5069
5073	5075
5076	5077
5079	5087
5089	5102
5107	5126
5134	5143
5148	5151
5160	5161
5165	5192
5203	5206
5208	5209
