0
0
0
0
0
0
0
0
0
0
0
0
0
0
0
0
0
0
0
0
0
29
12
10
40
25
0
0
0
0
56
0
0
0
0
2
18
12
8
29
5
20
9
0
14
41
0
0
0
0
0
0
0
38
102
12
14
0
8
34
16
41
0
0
0
0
0
0
0
0
0
0
0
0
0
0
0
13
12
35
6
0
6
38
36
32
0
1
5
0
13
7
15
2
0
5
6
0
4
9
0
0
16
15
0
0
0
0
0
0
0
6
84
10
0
0
0
0
2
4
12
13
13
10
0
0
9
0
0
4
1
0
0
16
8
0
0
0
0
0
0
0
0
14
2
0
9
22
0
0
0
0
0
0
3
0
10
10
16
31
14
7
0
0
0
0
0
0
0
0
0
12
0
0
0
0
23
29
52
3
0
0
34
16
0
0
0
0
0
0
0
0
0
0
0
16
22
19
11
0
0
0
0
0
0
10
10
0
0
1
30
41
4
31
8
11
14
36
31
20
82
58
24
21
23
23
24
26
26
27
43
29
23
42
26
30
26
1
0
0
0
0
0
0
0
0
0
0
0
0
0
0
0
0
0
0
0
0
0
0
0
0
11
4
11
12
22
5
0
0
7
7
0
2
12
13
1
6
25
0
0
0
0
0
12
1
0
0
10
13
0
0
0
0
0
0
4
11
7
0
0
0
0
0
0
2
2
8
8
0
0
0
3
10
13
13
38
35
11
11
0
0
0
0
0
0
0
0
0
1
0
1
18
8
10
0
1
0
0
0
0
0
0
0
1
1
4
6
4
0
0
0
0
5
1
3
5
0
0
0
0
0
0
0
0
0
0
0
0
0
0
0
0
0
0
0
0
0
0
0
0
0
0
0
0
0
0
0
0
0
0
0
0
0
0
0
0
0
0
0
0
0
0
14
2
2
2
0
0
6
5
0
0
0
0
0
27
6
39
25
36
56
57
38
3
2
1
11
15
13
0
26
0
5
5
5
19
11
4
41
20
30
0
0
0
0
0
0
0
0
0
0
0
19
32
22
18
11
20
17
7
12
0
0
7
1
0
2
0
0
1
0
0
0
0
0
0
0
0
0
0
0
37
49
16
0
0
0
0
0
0
0
0
0
0
0
0
0
0
0
0
0
0
0
0
0
0
0
18
40
26
2
0
0
0
0
0
0
4
16
20
10
30
46
52
122
124
94
44
44
24
21
8
32
34
10
0
0
0
0
0
0
0
0
0
6
80
36
55
3
65
42
59
22
53
81
57
15
8
9
2
3
0
0
10
12
81
65
0
0
0
0
0
0
0
0
0
0
0
0
0
0
0
0
0
15
5
10
37
20
6
0
0
0
17
8
0
11
16
0
0
8
24
3
2
0
25
10
20
51
28
14
1
19
13
3
21
37
0
0
36
35
33
43
24
33
71
52
0
0
0
0
0
0
0
0
0
0
0
0
0
0
0
0
0
0
33
30
8
8
0
0
0
0
0
0
0
0
0
6
9
9
0
4
0
11
24
0
0
0
0
0
32
5
10
35
19
0
26
3
0
0
0
0
0
0
0
0
0
0
0
0
0
0
0
0
0
0
18
0
0
0
0
0
0
0
37
0
0
0
0
0
0
0
0
0
0
0
0
0
0
0
0
0
0
0
0
0
28
0
0
0
0
0
0
0
0
0
0
0
0
0
0
0
0
0
0
0
43
43
0
10
10
0
0
0
0
0
0
0
0
15
5
31
13
7
6
0
29
23
8
8
0
20
21
0
8
18
19
3
9
22
25
14
3
16
26
16
11
0
24
29
23
20
21
30
15
17
42
49
72
52
37
20
43
20
14
7
8
0
4
8
2
6
2
2
3
2
6
3
0
0
0
9
7
3
2
6
32
21
12
30
0
17
4
0
0
10
8
0
0
0
3
0
5
0
33
32
0
0
0
5
4
1
7
0
0
0
0
0
5
0
1
14
6
2
10
1
0
0
0
0
0
0
0
0
0
0
0
0
0
0
0
0
0
0
0
0
0
0
6
15
17
11
2
57
72
63
41
14
14
1
0
0
0
0
0
0
0
1
22
19
0
0
0
0
0
0
0
0
0
0
0
12
81
8
1
0
0
0
0
0
0
5
3
10
11
11
8
0
0
0
11
3
0
0
3
0
0
0
0
2
22
0
0
0
0
0
0
0
0
0
0
0
0
0
1
29
28
0
0
0
0
0
0
0
0
0
0
0
0
0
0
0
0
0
2
2
0
0
0
0
0
0
0
0
0
0
0
0
0
0
0
0
0
0
0
0
0
0
0
0
0
0
0
0
0
0
0
0
0
0
0
0
0
0
0
0
0
0
0
0
0
0
0
0
0
0
0
0
0
0
0
0
0
0
0
0
0
0
0
0
0
0
0
0
0
0
0
0
0
0
0
0
0
0
0
0
6
0
6
0
30
32
2
0
0
0
0
0
0
0
0
0
0
0
0
0
0
0
0
0
6
8
0
0
6
3
0
0
0
0
0
0
0
10
14
32
3
70
29
0
0
0
0
0
0
0
0
0
0
0
0
0
0
31
42
1
24
18
19
38
39
12
0
0
26
4
1
4
29
0
0
0
0
0
0
0
0
0
0
0
0
0
0
0
0
0
0
0
0
0
32
73
84
41
39
6
18
14
19
3
0
11
8
39
17
3
16
0
23
19
33
6
41
0
5
37
44
31
17
61
35
15
25
43
42
40
15
11
13
2
0
0
0
0
0
0
0
0
0
1
14
63
0
0
29
44
21
4
22
7
17
7
2
11
0
0
19
33
47
11
39
19
2
61
33
50
5
2
3
22
0
31
9
5
5
35
18
7
13
12
0
0
0
0
0
0
0
0
10
2
1
9
0
0
0
0
0
0
0
0
0
0
0
6
6
0
0
0
0
0
0
0
0
0
0
0
0
1
16
19
13
0
0
12
36
0
12
0
0
0
0
0
12
5
5
28
13
7
13
0
16
14
0
0
0
0
0
0
0
0
0
0
0
0
0
0
0
0
0
0
21
40
5
36
15
0
0
0
0
0
0
0
0
0
0
0
0
0
15
43
48
7
13
46
28
0
0
0
0
0
44
57
15
0
0
8
8
44
42
0
0
0
0
0
0
0
0
0
0
0
0
0
0
0
0
0
0
0
0
0
0
0
0
0
0
0
0
0
0
0
0
0
0
0
0
0
0
0
0
0
0
0
0
0
0
0
0
0
0
0
0
0
0
0
0
0
0
0
0
0
0
0
0
0
0
0
1
0
5
12
11
25
24
24
12
5
2
0
0
0
0
0
0
0
0
0
0
0
0
0
0
0
0
0
0
0
0
0
145
0
0
0
0
0
0
0
0
0
0
0
0
0
0
0
0
0
0
0
0
0
0
0
0
0
0
0
0
0
0
0
0
0
0
0
0
0
0
0
0
0
0
0
0
0
0
0
0
0
0
0
0
0
8
5
19
30
59
60
43
35
11
31
0
0
0
0
0
0
0
39
39
0
0
0
0
0
0
0
0
0
0
0
0
0
0
0
0
0
0
0
0
0
170
170
0
0
0
0
0
0
0
0
0
0
0
0
0
0
0
0
0
0
0
0
0
0
0
2
17
21
20
9
5
31
63
46
0
48
10
3
0
3
2
6
19
9
9
1
12
12
0
0
0
0
0
0
0
0
0
0
0
0
0
0
0
0
0
0
0
0
0
0
0
0
0
0
8
8
0
0
0
0
0
0
0
9
0
48
19
23
60
57
5
0
0
7
15
29
9
9
29
0
81
0
0
0
0
0
0
0
0
0
0
0
0
0
0
0
0
0
0
0
0
0
0
0
0
0
0
0
0
0
0
0
0
0
0
0
0
0
0
0
0
0
0
0
0
0
0
0
12
38
0
12
0
16
25
30
13
6
3
0
0
0
0
0
0
0
0
0
0
0
0
0
0
0
0
0
0
0
0
0
0
0
0
0
0
0
0
0
0
0
0
0
0
0
0
0
0
0
0
0
0
0
0
0
0
0
0
0
0
0
0
0
0
0
0
0
0
0
0
0
0
0
0
0
0
0
0
0
0
0
0
0
0
0
9
8
0
0
0
0
0
0
0
0
0
0
0
0
0
0
0
0
0
0
0
0
0
0
0
0
0
0
0
37
62
51
12
4
26
45
68
67
46
0
0
0
0
0
25
0
0
9
16
15
17
10
0
0
0
0
0
25
19
16
46
6
2
10
18
20
5
37
30
10
28
27
0
1
1
15
11
14
27
94
52
0
0
0
0
0
0
12
4
0
13
14
21
17
0
19
23
9
25
16
33
13
0
26
20
31
21
39
22
17
15
26
3
12
16
20
29
92
105
82
94
63
5
40
0
0
0
11
10
0
0
0
5
9
0
2
1
0
0
0
0
0
0
0
0
11
8
4
4
4
0
0
0
5
0
0
5
0
0
0
0
0
0
0
0
0
0
0
0
0
0
0
0
0
0
0
0
0
28
29
0
0
0
0
0
11
18
67
50
17
68
23
3
0
0
0
11
47
39
0
10
41
44
21
20
63
63
40
13
18
0
0
0
0
0
0
0
0
34
34
0
0
0
0
0
0
0
0
0
0
0
0
2
1
0
0
0
0
0
0
0
0
0
0
0
0
0
0
0
0
0
0
0
0
0
0
0
33
36
3
40
15
9
5
4
0
0
0
0
0
0
0
0
0
0
0
0
0
0
0
0
0
0
0
0
0
0
0
0
0
1
0
0
0
0
0
0
0
0
0
0
0
0
0
0
20
39
21
17
27
2
2
5
9
27
16
1
38
16
41
8
3
23
13
21
25
16
0
0
0
0
0
0
0
0
0
0
0
0
0
0
0
0
0
0
0
0
0
0
0
0
0
0
0
0
0
0
0
0
0
0
0
0
0
0
0
0
0
0
0
0
0
0
0
0
0
0
0
0
0
0
0
0
0
0
0
0
0
0
0
0
0
0
0
0
0
0
0
0
0
0
0
21
0
8
11
0
0
0
0
0
0
0
0
0
2
8
23
15
14
1
24
17
22
16
0
1
6
8
25
12
2
1
0
16
4
0
7
0
0
20
11
0
0
0
0
0
0
0
0
62
0
0
0
0
0
0
2
2
22
8
11
0
0
10
0
7
14
1
0
17
1
0
0
0
0
0
2
6
0
0
8
0
0
0
0
0
0
0
0
5
0
5
13
12
8
13
19
7
25
6
0
0
0
0
0
0
0
0
0
0
0
0
0
0
0
0
0
0
0
0
0
0
0
0
1
29
48
24
33
14
10
7
0
0
0
0
60
55
0
0
0
24
10
6
4
3
19
10
1
0
6
3
5
0
0
0
0
0
0
0
0
0
0
0
0
14
0
0
0
0
6
87
73
4
3
0
6
34
0
1
1
14
0
8
9
13
13
0
0
0
0
0
0
0
0
0
0
0
0
65
77
5
16
40
62
53
62
33
0
0
0
0
54
130
55
93
22
6
15
9
0
0
0
0
0
0
0
0
0
0
0
0
0
0
6
63
45
24
22
20
36
15
0
10
9
60
61
4
4
0
41
14
1
0
5
80
6
7
4
0
11
24
7
0
0
0
0
0
0
0
0
0
0
0
0
0
0
0
23
23
0
1
8
26
40
29
5
20
0
0
0
0
0
0
0
0
20
49
4
16
10
9
9
46
53
0
43
77
48
18
0
0
0
0
3
10
2
27
12
13
1
1
9
16
0
0
18
0
17
11
45
5
0
0
0
0
0
0
0
0
0
0
0
8
6
0
0
0
0
0
0
0
0
0
0
0
0
0
0
0
0
0
0
0
0
0
0
0
0
0
2
3
0
27
5
3
1
0
18
0
0
0
0
0
0
17
23
19
0
0
77
62
66
35
2
0
0
2
4
18
13
41
34
34
23
0
0
0
0
0
0
4
29
39
44
16
2
9
19
20
1
20
11
0
2
3
2
0
4
1
0
1
3
0
0
0
0
0
0
0
5
6
2
8
2
8
1
0
0
0
0
1
0
3
0
1
4
0
0
0
0
0
0
0
0
0
0
0
0
0
0
0
0
0
1
0
0
1
0
0
0
0
0
0
0
0
0
0
0
0
0
0
0
0
0
0
0
0
0
0
0
0
0
0
0
0
0
0
0
0
0
0
0
0
0
0
0
0
0
0
0
0
0
0
0
0
5
4
0
0
0
0
0
0
0
0
0
0
0
0
0
0
0
0
0
0
0
0
0
0
0
0
0
0
0
0
0
0
0
0
0
0
0
0
0
0
0
0
0
0
0
0
0
0
0
0
0
0
0
0
0
0
0
0
0
0
0
0
0
15
20
39
33
14
0
0
0
42
40
0
17
19
10
0
0
0
0
0
0
0
0
0
0
0
0
0
0
0
0
0
0
7
5
28
2
5
0
26
19
6
0
0
0
0
4
2
8
0
7
6
9
12
10
6
0
0
0
0
0
7
21
13
5
25
9
0
17
13
4
1
37
0
0
0
0
0
0
0
0
0
0
0
0
0
0
0
0
0
0
0
0
0
0
0
0
0
0
0
0
0
0
0
0
0
0
0
0
0
0
0
0
0
0
0
0
0
0
0
2
2
27
39
1
12
0
56
55
5
6
8
8
0
0
0
0
0
0
0
0
0
0
0
0
0
0
0
8
8
18
20
55
101
54
15
30
15
5
6
0
0
14
14
0
28
61
40
64
24
8
26
37
0
2
35
31
5
0
0
0
0
0
0
1
4
4
8
17
10
0
0
0
0
2
2
0
9
9
0
0
0
39
36
0
0
0
0
0
0
0
0
0
1
13
0
4
7
0
0
0
0
0
0
0
0
0
0
0
0
1
13
21
18
0
0
5
49
60
63
5
0
0
0
0
4
3
4
0
10
4
13
18
19
14
0
9
6
0
0
2
0
0
8
12
0
0
0
0
0
23
18
22
46
26
13
2
0
0
0
0
0
0
0
0
0
0
0
0
6
3
19
20
13
3
0
4
4
0
0
0
0
0
0
0
0
0
12
12
2
1
11
8
0
0
0
2
0
4
0
0
0
2
2
1
2
0
1
4
9
0
2
0
15
1
0
0
0
2
2
0
0
0
0
2
4
7
4
0
0
0
0
0
0
0
0
0
0
0
0
0
0
29
54
5
2
0
0
0
0
2
2
14
0
0
15
15
15
11
5
0
5
4
0
3
5
0
2
26
0
0
0
0
0
0
0
0
19
0
0
5
13
0
0
0
0
22
22
0
6
5
0
0
0
31
34
47
40
0
0
33
58
1
34
7
0
4
2
0
0
0
0
0
0
0
0
23
22
0
0
0
0
0
0
0
0
0
0
0
0
0
0
8
2
10
13
10
19
32
3
35
0
0
0
0
0
0
0
0
0
0
0
0
0
0
0
0
0
0
0
0
0
0
19
0
3
2
0
0
0
0
0
0
0
0
0
0
0
9
7
24
10
0
7
25
27
30
1
0
14
13
13
0
0
0
0
0
3
44
2
0
0
0
0
0
0
0
24
16
33
19
1
0
0
0
0
0
0
0
0
0
5
16
0
0
9
0
0
0
0
0
0
6
1
9
6
15
21
11
31
0
0
0
0
0
0
0
0
0
67
27
41
2
14
13
3
0
24
20
3
14
53
55
32
5
20
58
12
36
11
3
67
16
3
12
13
15
9
14
15
0
0
0
0
0
7
8
2
0
0
0
0
0
0
0
0
0
0
0
0
0
0
0
0
0
0
0
0
0
0
0
0
0
2
6
1
0
6
0
0
0
0
0
1
1
0
0
4
4
0
0
0
0
0
0
0
0
0
0
0
0
0
0
0
0
0
0
0
0
0
0
0
0
0
0
0
0
0
0
0
0
0
0
0
0
0
0
0
0
0
0
0
0
0
0
0
0
0
0
0
0
0
0
0
0
1
4
5
0
0
0
0
0
0
0
0
0
0
0
0
0
0
0
0
0
0
0
3
0
5
24
26
46
30
5
11
0
0
0
0
0
0
0
0
0
0
0
0
0
0
0
0
0
0
0
0
0
0
0
0
0
0
0
0
0
0
0
0
0
0
0
0
0
0
0
0
0
0
0
0
0
0
0
0
0
0
0
0
0
0
0
0
0
5
12
4
5
0
6
12
16
18
11
32
42
33
0
0
0
0
0
0
0
0
0
0
0
0
0
0
0
0
14
17
20
6
2
6
28
22
21
21
28
15
6
6
0
0
0
0
0
0
0
13
2
0
0
0
2
6
6
20
15
3
5
5
0
1
1
0
0
0
0
0
0
0
0
0
0
0
0
0
0
0
0
0
18
21
19
10
40
10
0
0
15
19
2
7
10
46
12
0
0
0
0
0
0
0
0
0
0
0
0
0
0
0
0
0
0
0
0
0
0
0
0
0
0
0
0
0
0
0
0
0
0
0
0
0
0
0
0
0
0
0
0
0
0
0
0
0
0
0
0
0
0
0
0
0
0
0
0
0
0
0
0
0
0
0
0
0
0
0
0
0
0
0
0
0
0
0
0
0
0
0
0
0
0
0
0
0
0
0
0
0
0
0
0
0
0
0
0
0
0
0
0
0
0
0
0
0
0
0
0
0
0
0
0
0
0
0
0
0
0
0
0
0
0
0
0
0
0
0
0
0
0
0
0
0
3
29
7
8
5
16
11
6
0
0
41
32
40
6
13
8
7
39
29
8
1
6
46
41
8
16
9
1
0
31
22
20
0
27
9
14
2
4
8
8
41
29
24
26
38
8
17
6
1
31
26
23
11
8
21
23
45
6
0
0
0
0
0
0
0
0
0
0
0
0
0
8
13
2
3
14
0
0
0
0
0
0
11
8
12
0
11
14
21
9
12
28
0
0
0
0
0
0
3
4
18
18
37
37
17
4
14
0
0
14
22
7
0
0
0
0
0
0
0
0
0
0
0
0
0
0
0
17
26
21
5
4
18
41
30
14
0
0
0
9
0
0
0
7
10
16
5
5
0
0
0
0
0
0
0
0
0
0
0
0
20
25
1
4
41
0
0
14
17
0
11
37
26
0
0
0
0
0
0
0
0
0
0
0
0
0
42
41
3
5
5
0
0
12
10
0
0
0
13
13
0
0
4
3
0
0
0
5
1
0
6
0
6
2
2
12
37
12
4
9
11
10
3
9
6
9
0
0
45
44
0
0
0
0
0
0
0
0
0
0
0
0
0
0
0
0
0
15
0
17
0
0
0
0
19
0
3
0
17
14
18
12
31
8
0
0
0
0
15
84
58
0
0
0
0
0
0
0
4
4
0
0
0
0
0
0
0
0
0
0
20
22
33
2
0
33
57
16
12
0
0
0
10
2
0
0
4
8
18
9
10
0
0
3
5
1
4
0
0
65
62
0
0
11
13
0
0
0
0
0
0
0
15
15
5
5
0
0
0
0
0
0
6
10
2
0
14
0
0
0
17
0
0
0
0
0
0
0
0
0
0
0
0
0
0
0
0
0
0
54
54
7
0
0
0
0
0
0
4
14
1
0
5
12
25
4
16
0
2
10
1
6
19
0
0
15
5
3
0
0
0
0
0
0
0
0
0
0
0
6
12
4
7
17
0
0
0
0
0
0
0
0
0
0
0
0
0
0
0
0
0
0
0
0
0
0
0
0
0
0
0
0
0
0
0
0
3
4
6
40
41
30
0
0
0
0
0
0
0
0
46
51
0
0
0
0
0
0
0
0
118
118
0
0
0
0
0
0
0
0
0
0
17140
20791
19606
21363
20510
19866
19522
0
0
0
0
0
0
0
0
0
0
0
0
8
9
0
4
12
0
0
0
0
0
0
2
8
12
0
20
14
27
38
18
19
0
30
51
44
0
7
17
12
0
0
8
8
0
0
0
3
4
0
2
16
17
2
3
0
0
0
2
0
0
0
0
0
0
0
6
40
34
0
0
0
0
0
0
0
0
0
0
0
0
0
0
1
19
11
24
3
7
23
17
23
0
0
9
4
0
0
21
2
0
0
0
0
0
0
0
0
0
18
54
22
20
2
0
2
13
4
0
2
3
5
1
12
13
4
5
0
0
0
0
14
14
0
0
0
0
0
0
0
0
15
1
0
6
24
8
7
0
0
0
0
0
0
19
4
2
4
13
0
0
1
6
0
15
26
42
0
0
0
0
0
0
27
54
0
0
0
0
0
0
0
0
0
0
18
7
1
15
0
0
0
10
8
8
0
5
3
0
0
0
0
0
0
0
0
0
0
0
0
0
0
0
0
20
16
7
0
21
17
14
30
29
25
0
11
51
30
0
0
0
0
0
14
3
0
0
0
0
0
0
0
0
0
0
0
10
19
23
5
8
35
17
16
4
10
5
0
3
15
0
0
0
0
14
5
0
6
8
0
0
0
3
7
25
18
14
0
0
0
0
0
0
18
64
0
0
0
0
0
0
0
0
0
0
0
0
0
0
0
0
0
0
0
0
0
6
6
0
0
0
0
0
0
0
0
0
0
0
0
16946
18770
20304
18270
17744
14320
147
149
2
0
0
0
0
0
0
0
0
2
6
1
8
0
0
0
22
0
0
0
11
3
3
5
11
21
18
26
27
19
0
0
0
20
24
2
7
18
53
28
32
1
7
17
0
0
18
4
2
0
0
0
0
0
0
0
0
0
0
0
0
0
16
12
3
11
34
0
0
0
0
0
0
14
8
3
0
17
9
17
23
26
13
5
0
8
0
10
7
25
20
6
18
0
0
8
8
0
0
0
0
0
62
62
0
0
0
0
0
0
0
0
0
7
11
18
5
7
8
8
18
19
9
0
0
0
0
0
3
0
0
3
15
26
17
8
8
15
16
12
4
0
0
0
0
0
0
3
0
0
0
0
0
0
0
0
0
0
0
0
0
0
0
0
0
0
0
0
3
0
0
0
0
0
0
0
0
0
0
0
0
0
0
0
0
0
0
0
0
103
0
0
0
0
133
0
0
0
0
0
0
0
0
0
0
0
0
0
0
0
12
5
2
55
80
38
13
13
0
0
10
9
0
0
0
0
10
18
12
6
3
0
0
1
0
1
1
0
3
33
15
1
0
13
34
22
0
0
0
0
0
0
0
0
8
10
9
10
0
0
0
0
0
7
13
0
0
28
27
9
8
0
0
7
15
15
29
22
0
0
0
0
0
0
0
0
7
7
0
9
7
0
0
0
0
0
0
0
0
0
0
0
0
0
0
0
0
0
0
0
6
0
5
18
29
39
20
15
0
0
36
36
0
0
0
0
0
2
20
121
103
0
0
0
0
0
4
2
0
0
2
6
4
12
19
19
3
11
0
11
4
0
8
0
7
7
21
5
1
13
26
8
0
0
0
0
0
0
0
0
0
0
64
64
0
0
20
21
0
0
0
48
46
0
0
0
0
0
0
0
0
0
0
6
4
0
0
0
0
7
14
9
4
0
0
0
0
0
0
16
16
0
0
0
0
0
6
3
10
0
0
0
0
0
0
0
0
0
0
0
0
5
35
46
19
0
0
0
0
6
6
0
0
0
0
0
0
19
37
11
34
47
15
0
0
0
6
41
35
46
28
10
1
5
66
25
0
0
0
0
0
0
0
0
27
125
23
6
4
0
4
10
68
43
4
67
55
0
0
19
17
24
22
0
0
0
0
0
4
56
15
28
28
24
19
21
14
50
47
15
24
12
0
0
0
0
0
0
0
0
0
0
0
0
0
0
0
0
0
0
33
13
17
7
7
10
4
39
56
60
25
23
22
58
39
44
19
12
21
18
0
0
0
33
31
0
0
0
0
0
0
0
0
0
0
0
0
0
0
0
149
149
0
0
0
0
0
0
0
0
0
0
