0
0
0
0
0
0
0
0
0
0
0
0
0
0
0
0
0
0
0
0
1
42
60
68
92
139
138
139
139
141
214
216
216
215
215
219
258
273
274
306
314
345
363
359
343
411
411
414
414
416
415
413
413
466
597
617
640
641
623
584
604
676
673
676
676
676
676
676
676
676
676
678
670
671
674
671
671
694
715
758
769
772
758
819
793
830
827
831
842
843
863
874
899
906
906
915
922
930
921
942
942
942
957
975
975
978
980
979
977
975
974
990
1110
1123
1122
1124
1128
1126
1131
1144
1164
1181
1207
1224
1221
1223
1240
1242
1241
1253
1261
1262
1264
1282
1291
1294
1291
1291
1291
1292
1292
1292
1291
1315
1329
1330
1314
1346
1347
1345
1345
1345
1347
1347
1358
1360
1381
1394
1417
1459
1475
1486
1486
1486
1485
1487
1487
1489
1494
1495
1504
1536
1536
1539
1539
1542
1582
1630
1695
1704
1702
1707
1751
1777
1777
1777
1777
1777
1777
1777
1777
1777
1782
1782
1782
1762
1765
1764
1779
1779
1778
1775
1775
1775
1787
1774
1786
1789
1787
1784
1744
1770
1767
1754
1774
1785
1764
1747
1768
1742
1712
1744
1762
1747
1767
1757
1766
1738
1746
1740
1729
1735
1758
1729
1713
1736
1771
1770
1770
1768
1772
1771
1771
1771
1771
1771
1771
1771
1771
1771
1771
1771
1769
1769
1769
1767
1767
1767
1766
1766
1766
1766
1783
1778
1806
1826
1855
1867
1866
1866
1874
1882
1881
1884
1904
1882
1892
1899
1946
1946
1948
1948
1949
1949
1968
1973
1972
1969
1985
2006
2008
2009
2009
2009
2009
2009
2002
1995
2010
2011
2011
2007
2005
2003
2007
2002
2006
1993
2003
2007
2008
2008
2016
2008
2009
1993
1992
1998
2001
2014
2015
2015
2014
2013
2006
2007
2008
2006
2006
2004
2002
2000
1983
1992
2004
2005
2001
2002
2003
2000
2001
1999
1997
2000
1999
2002
1999
1997
2013
2014
2014
2010
2009
2003
1999
2007
2015
2015
2014
2014
2004
2005
2005
2004
2004
2003
2003
2002
2002
2002
2001
2005
2019
2017
2017
2013
2013
2013
2013
2013
2013
2011
2013
2015
2009
2009
2009
2009
2009
2009
2009
2008
2008
2008
2008
2009
2008
2008
2008
2008
2008
2011
2011
2029
2025
2029
2040
2045
2044
2035
2045
2045
2044
2045
2045
2045
2011
2019
2018
2031
2021
1988
2041
2012
2015
2021
2027
2024
2025
2019
2019
2013
2009
2005
2004
2005
2004
2006
2012
2003
2010
2050
2052
2052
2048
2048
2048
2048
2049
2050
2046
2045
2049
2016
2033
2034
2037
2028
2031
2040
2031
2044
2044
2043
2034
2035
2035
2038
2039
2036
2038
2042
2042
2042
2042
2042
2042
2043
2043
2044
2045
2047
2001
2024
2049
2049
2049
2049
2049
2049
2049
2049
2046
2046
2046
2045
2044
2044
2044
2044
2044
2044
2044
2044
2044
2044
2044
2044
2011
2016
2037
2045
2044
2045
2046
2048
2050
2050
2062
2084
2111
2137
2143
2126
2143
2149
2232
2264
2307
2359
2385
2408
2403
2376
2399
2411
2411
2412
2411
2410
2411
2411
2411
2411
2410
2399
2318
2346
2401
2399
2322
2329
2314
2326
2318
2368
2441
2466
2472
2485
2482
2487
2487
2485
2493
2515
2443
2529
2530
2527
2533
2535
2532
2531
2531
2531
2544
2542
2544
2543
2543
2544
2543
2543
2543
2565
2559
2548
2580
2604
2613
2615
2616
2616
2637
2648
2649
2656
2676
2675
2671
2682
2709
2705
2708
2706
2678
2666
2694
2752
2792
2774
2772
2771
2783
2788
2817
2869
2870
2870
2823
2872
2827
2820
2824
2831
2804
2862
2862
2863
2864
2866
2867
2867
2867
2867
2888
2888
2888
2888
2888
2888
2888
2888
2888
2886
2831
2878
2866
2876
2876
2876
2876
2876
2876
2876
2876
2876
2876
2889
2915
2935
2941
2931
2931
2942
2984
2985
2986
2986
2986
2986
2948
2941
2951
2959
2973
2976
2947
2946
2946
2946
2946
2946
2942
2942
2942
2942
2942
2942
2941
2941
2941
2941
2941
2941
2949
2949
2904
2905
2905
2905
2905
2905
2904
2902
2841
2841
2837
2837
2837
2837
2837
2837
2837
2837
2837
2837
2837
2837
2836
2836
2836
2836
2836
2836
2836
2836
2875
2875
2875
2875
2875
2875
2875
2875
2875
2875
2875
2875
2875
2875
2875
2875
2879
2879
2879
2879
2826
2878
2880
2861
2877
2877
2877
2877
2876
2876
2876
2876
2876
2900
2909
2953
2972
2960
2967
2967
3020
3049
3039
3054
3057
3017
3054
3054
3046
3041
3025
3025
3033
3040
3042
3052
3052
3045
3040
3034
3026
3026
3037
3038
3036
3037
3035
3034
3015
3010
2979
3001
3000
2992
2982
2987
2978
2982
3000
3010
3019
3020
3025
3021
3020
3019
3017
3015
3015
3022
3027
3029
3029
3028
3028
3012
3011
3010
3010
3008
3006
3008
3010
3009
3012
3027
3034
3034
3034
3034
3041
3042
3036
3036
3035
3035
3042
3042
3001
3043
3044
3044
3044
3036
3029
3033
3046
3048
3048
3048
3048
3048
3058
3055
3053
3074
3093
3098
3114
3117
3117
3117
3120
3119
3120
3120
3120
3120
3117
3118
3118
3118
3118
3118
3118
3118
3118
3115
3116
3116
3125
3125
3143
3168
3185
3209
3200
3211
3253
3318
3372
3403
3436
3440
3440
3440
3440
3440
3440
3440
3440
3439
3412
3445
3444
3443
3443
3445
3445
3445
3445
3445
3445
3450
3450
3480
3598
3614
3620
3620
3621
3620
3619
3618
3621
3636
3631
3642
3663
3686
3700
3706
3705
3705
3726
3731
3732
3732
3752
3753
3761
3760
3761
3765
3794
3796
3798
3798
3798
3798
3798
3798
3799
3799
3799
3799
3798
3797
3794
3765
3794
3793
3792
3794
3790
3790
3790
3789
3790
3789
3789
3789
3789
3789
3789
3789
3781
3781
3775
3781
3781
3781
3781
3781
3781
3783
3783
3783
3772
3773
3774
3774
3774
3774
3774
3774
3774
3772
3773
3773
3772
3772
3772
3772
3772
3772
3772
3772
3772
3772
3772
3772
3789
3789
3789
3789
3789
3789
3789
3789
3789
3789
3789
3789
3790
3790
3790
3790
3790
3790
3791
3792
3792
3790
3790
3790
3792
3792
3792
3792
3792
3792
3792
3792
3792
3792
3792
3792
3789
3789
3789
3792
3792
3792
3792
3790
3790
3795
3794
3793
3774
3772
3783
3782
3745
3776
3781
3781
3781
3781
3781
3781
3790
3790
3790
3790
3790
3790
3790
3790
3790
3790
3790
3790
3803
3818
3819
3819
3833
3842
3842
3841
3841
3841
3841
3841
3840
3856
3877
3922
3931
3964
4008
4009
4009
4009
4014
4009
4012
4012
4012
4012
4012
4012
4012
4012
4012
3972
3979
3978
3980
3976
3993
3971
3995
4009
4008
4008
3974
3969
3965
3971
4006
4007
4007
4007
4007
4007
4006
4006
4006
4006
4006
4007
4007
4007
4007
4008
4007
4007
4007
4006
4006
4006
3963
3961
3953
3985
3966
3959
3968
3981
3980
3976
3972
3973
3972
3972
4001
3990
3993
3992
3986
3974
3979
3985
3962
3961
3981
3970
3971
3985
3963
3950
3967
3978
3972
3967
3964
3960
3992
3977
4004
4009
4011
4011
4011
4011
4008
4010
4010
4010
4011
4003
3982
3946
3948
3949
3946
3987
3977
3993
3960
3975
4001
3987
3990
4010
4011
4011
3983
4055
4069
4072
4091
4081
4083
4092
4110
4108
4120
4116
4109
4146
4146
4165
4141
4134
4144
4191
4215
4225
4206
4224
4224
4224
4224
4224
4224
4224
4224
4223
4239
4245
4249
4263
4266
4266
4266
4266
4266
4266
4266
4266
4267
4267
4267
4257
4267
4265
4268
4268
4269
4267
4267
4267
4270
4270
4270
4270
4270
4275
4297
4328
4353
4351
4349
4328
4389
4385
4395
4401
4402
4403
4402
4404
4424
4421
4412
4445
4453
4465
4483
4487
4454
4487
4486
4486
4486
4486
4486
4486
4483
4483
4483
4483
4483
4483
4483
4483
4483
4483
4483
4483
4446
4440
4439
4441
4482
4480
4480
4480
4480
4480
4480
4480
4484
4484
4484
4484
4483
4481
4442
4429
4443
4437
4445
4430
4489
4489
4491
4491
4493
4491
4432
4460
4488
4486
4486
4471
4470
4404
4469
4470
4470
4470
4470
4470
4470
4470
4470
4470
4465
4465
4465
4465
4465
4465
4466
4466
4466
4466
4466
4466
4469
4469
4469
4467
4465
4465
4465
4465
4465
4465
4465
4465
4480
4480
4480
4480
4480
4480
4477
4477
4477
4477
4477
4477
4489
4489
4489
4491
4489
4489
4489
4488
4488
4488
4488
4488
4487
4487
4486
4486
4486
4486
4486
4486
4486
4486
4490
4491
4480
4494
4511
4549
4588
4626
4645
4655
4662
4662
4662
4662
4661
4661
4661
4657
4657
4657
4657
4657
4657
4657
4657
4657
4672
4672
4672
4672
4672
4672
4481
4481
4481
4481
4481
4481
4489
4489
4489
4489
4489
4489
4489
4489
4489
4489
4489
4489
4489
4489
4489
4489
4489
4489
4489
4489
4489
4489
4489
4489
4489
4489
4489
4489
4489
4489
4489
4489
4489
4489
4489
4489
4489
4492
4489
4489
4489
4489
4489
4489
4489
4489
4488
4488
4499
4505
4525
4560
4628
4698
4747
4786
4774
4812
4810
4810
4814
4814
4814
4814
4813
4766
4812
4812
4812
4810
4808
4807
4810
4810
4810
4810
4810
4810
4810
4810
4810
4810
4810
4810
4797
4798
4797
4797
4965
4795
4795
4795
4795
4795
4795
4795
4803
4803
4803
4800
4800
4800
4800
4800
4800
4800
4799
4799
4817
4817
4817
4817
4817
4821
4849
4884
4908
4896
4902
4887
4976
4913
4911
4964
4965
4971
4974
4982
4990
4983
5008
5024
5024
5023
5011
5025
5025
5025
5025
5025
5025
5025
5025
5024
5043
5043
5043
5043
5043
5043
5043
5043
5043
5043
5043
5043
5041
5041
5041
5043
5037
5041
5031
5038
5040
5040
5040
5040
5047
5047
5047
5060
5060
5116
5112
5115
5125
5198
5204
5203
5192
5205
5226
5265
5279
5271
5272
5273
5369
5371
5370
5370
5379
5380
5380
5380
5380
5380
5381
5380
5380
5380
5380
5380
5377
5377
5377
5377
5377
5377
5377
5377
5377
5377
5377
5377
5375
5375
5375
5375
5375
5375
5375
5375
5375
5375
5375
5375
5374
5374
5374
5374
5374
5373
5373
5372
5358
5315
5316
5322
5322
5318
5330
5361
5366
5373
5378
5377
5377
5373
5371
5370
5360
5360
5360
5360
5360
5360
5360
5360
5360
5360
5360
5360
5364
5364
5364
5364
5364
5364
5364
5364
5364
5364
5364
5364
5367
5367
5367
5367
5367
5367
5367
5367
5367
5365
5365
5365
5376
5376
5376
5376
5376
5376
5376
5376
5376
5376
5376
5376
5373
5373
5373
5373
5373
5373
5373
5373
5373
5373
5373
5374
5369
5366
5365
5365
5365
5365
5365
5365
5365
5365
5353
5364
5374
5374
5374
5374
5374
5374
5374
5374
5374
5374
5374
5374
5374
5374
5374
5374
5374
5374
5374
5373
5373
5373
5373
5373
5375
5375
5375
5423
5494
5555
5572
5576
5607
5657
5733
5763
5810
5810
5811
5811
5811
5811
5842
5844
5843
5859
5884
5904
5918
5932
5931
5931
5931
5931
5931
5964
5986
5984
6039
6046
6054
6069
6093
6121
6126
6184
6215
6209
6204
6237
6237
6241
6239
6219
6228
6211
6190
6199
6255
6255
6255
6255
6255
6255
6253
6268
6276
6276
6293
6308
6332
6356
6356
6380
6408
6402
6437
6453
6497
6517
6516
6547
6575
6611
6644
6615
6647
6669
6676
6715
6721
6739
6761
6786
6821
6844
6970
6911
6959
6938
6952
7005
7006
7006
7006
6991
7005
7005
7005
7005
6994
6999
6998
7002
7003
7006
7006
7005
7006
7006
7005
7005
7005
6994
6984
6989
6994
6999
7000
7002
7000
6995
6998
6996
7007
7007
7006
7006
7006
7006
7006
7006
7007
7007
7006
7008
7008
7008
6999
6999
6998
7000
6999
7000
7000
6999
6966
6996
6998
6998
7006
7005
7001
6973
6957
6937
6946
6935
6962
6994
6999
6997
7003
7004
6992
6951
7001
7002
6987
6966
6964
6985
6963
6932
6958
6977
6968
7000
6998
6997
6997
6997
6997
6995
6998
6997
6968
7006
7008
7008
7008
7008
7008
7008
7008
7006
7006
7006
7001
7001
6996
7001
7001
7001
7001
7002
7001
7001
7001
7001
7002
7002
7002
7002
7002
7002
7002
7002
7002
7002
7002
7003
7005
7006
7006
6948
6950
6950
6963
6991
7009
7001
7008
7008
6998
6998
6998
6999
6999
6998
6999
6999
6999
6999
6999
6998
7005
7005
7007
7006
7007
7007
7003
7003
7004
7006
7005
7003
7001
6999
7000
6999
6999
6998
6999
6999
6999
6999
6999
6999
7001
7002
7002
6967
6946
6931
6952
6962
6962
6964
6968
6968
6962
6964
6960
6942
6952
6949
6944
6939
6936
6949
6929
6955
7002
7002
7002
7002
7002
7002
7001
7000
7000
7000
7000
7001
6999
6999
6999
6999
6999
6999
6999
6999
6999
6997
6997
6997
7004
7004
7005
7005
7003
7003
7003
7003
7004
7004
7004
7004
7003
7003
7003
7003
7003
7003
7003
7003
7003
7003
7003
7003
7003
7003
7003
7003
7003
7003
7003
7003
7003
7003
7003
7003
7005
7005
7005
7005
7005
7005
7005
7005
7005
7005
7005
7005
7005
7005
7005
7005
7030
7035
7046
7063
7063
7063
7063
7063
7066
7066
7066
7066
7066
7072
7087
7119
7140
7122
7118
7161
7181
7166
7184
7188
7192
7203
7189
7222
7240
7246
7248
7249
7270
7273
7273
7287
7289
7290
7316
7332
7333
7333
7333
7333
7332
7332
7332
7364
7451
7453
7455
7455
7455
7455
7457
7468
7459
7489
7505
7520
7520
7520
7540
7540
7532
7558
7563
7563
7585
7590
7592
7592
7592
7592
7592
7599
7613
7614
7615
7638
7638
7638
7638
7638
7638
7638
7638
7638
7648
7648
7646
7663
7692
7707
7723
7746
7754
7769
7779
7779
7779
7779
7779
7779
7776
7776
7776
7776
7776
7776
7776
7776
7776
7776
7776
7776
7774
7774
7774
7774
7774
7774
7774
7779
7828
7883
7930
7981
8010
8035
8017
8017
8017
8017
8017
7975
8036
8036
8036
8036
7995
8017
8025
8020
8026
7995
8014
8019
8019
8000
8016
8047
8078
8078
8074
8073
8078
8095
8160
8185
8184
8185
8192
8193
8276
8404
8410
8407
8411
8439
8588
8753
8745
8756
8756
8803
8897
8894
8895
8900
8944
8940
8930
8921
8921
8950
8953
8951
8958
8958
8958
8958
8958
8958
8958
8958
8958
8964
9043
9148
9159
9133
9115
9114
9106
9195
9279
9274
9288
9287
9287
9215
9189
9194
9251
9279
9273
9266
9278
9278
9276
9279
9278
9278
9287
9287
9287
9287
9287
9287
9285
9285
9285
9289
9354
9432
9437
9444
9447
9537
9604
9606
9596
9634
9750
9845
9842
9850
9852
9964
10018
10007
10017
10052
10200
10217
10218
10221
10269
10255
10285
10301
10301
10301
10296
10292
10293
10285
10284
10286
10293
10291
10295
10296
10303
10288
10298
10271
10298
10298
10292
10283
10268
10269
10281
10275
10307
10306
10306
10306
10305
10305
10305
10305
10305
10336
10353
10361
10373
10380
10391
10383
10396
10393
10393
10399
10420
10467
10503
10504
10504
10504
10504
10512
10531
10531
10568
10591
10610
10612
10615
10627
10651
10653
10653
10680
10682
10661
10656
10735
10749
10749
10752
10752
10752
10754
10754
10754
10754
10754
10754
10754
10769
10780
10774
10774
10774
10774
10774
10774
10773
10773
10773
10773
10773
10773
10777
10777
10777
10777
10777
10777
10777
10777
10777
10777
10777
10777
10777
10783
10786
10788
10817
10824
10828
10832
10832
10861
10861
10861
10864
10864
10864
10861
10835
10842
10863
10863
10863
10775
10826
10823
10860
10865
10863
10865
10859
10859
10842
10845
10835
10835
10831
10864
10863
10859
10861
10861
10861
10861
10858
10820
10827
10824
10815
10821
10840
10838
10837
10836
10841
10850
10855
10859
10865
10870
10871
10866
10857
10856
10862
10866
10865
10865
10863
10862
10862
10863
10863
10857
10859
10857
10847
10840
10856
10858
10858
10858
10858
10858
10855
10855
10852
10852
10852
10859
10859
10859
10859
10859
10859
10859
10861
10862
10860
10860
10860
10860
10860
10860
10860
10860
10861
10856
10856
10856
10861
10861
10861
10861
10861
10861
10860
10860
10860
10859
10859
10859
10856
10856
10855
10856
10856
10856
10856
10856
10855
10857
10857
10856
10852
10853
10853
10855
10855
10855
10856
10856
10856
10856
10856
10856
10853
10853
10853
10853
10853
10853
10852
10852
10852
10853
10853
10852
10854
10846
10852
10852
10852
10852
10851
10851
10851
10851
10851
10851
10856
10856
10856
10856
10856
10856
10856
10856
10856
10856
10856
10856
10855
10855
10855
10855
10855
10855
10855
10855
10855
10855
10855
10855
10845
10853
10856
10856
10856
10856
10856
10856
10856
10856
10856
10856
10854
10853
10853
10853
10853
10853
10853
10853
10853
10853
10853
10853
10858
10857
10861
10859
10878
10906
10957
10997
11016
11018
11018
11018
10960
11023
11023
11003
11009
11024
11024
11024
11023
11023
11023
11023
11027
11026
11026
11026
11026
11026
11026
11026
11026
11026
11026
11026
11039
11050
11085
11080
11091
11088
11124
11148
11159
11159
11159
11159
11157
11165
11169
11180
11180
11193
11202
11213
11234
11231
11244
11242
11245
11245
11245
11245
11259
11289
11310
11311
11346
11369
11370
11394
11406
11398
11396
11455
11455
11456
11456
11456
11456
11456
11456
11457
11460
11460
11460
11460
11460
11460
11460
11460
11460
11460
11460
11460
11464
11464
11464
11464
11464
11464
11464
11464
11464
11464
11464
11464
11464
11464
11464
11464
11464
11464
11464
11464
11464
11464
11464
11464
11464
11463
11465
11452
11469
11427
11444
11445
11459
11461
11396
11460
11460
11466
11458
11465
11466
11466
11466
11467
11467
11467
11466
11466
11469
11469
11469
11469
11469
11468
11470
11488
11498
11492
11488
11491
11513
11584
11603
11644
11660
11652
11662
11663
11664
11646
11664
11663
11627
11625
11597
11656
11625
11622
11619
11667
11668
11663
11624
11663
11666
11666
11666
11666
11664
11666
11664
11663
11660
11666
11649
11653
11671
11672
11671
11672
11673
11668
11673
11673
11655
11669
11669
11668
11663
11608
11662
11662
11662
11662
11662
11662
11662
11662
11662
11662
11664
11681
11683
11689
11700
11702
11703
11703
11703
11703
11703
11703
11698
11698
11698
11698
11698
11702
11722
11747
11783
11781
11780
11769
11845
11773
11835
11849
11850
11849
11848
11848
11854
11862
11868
11868
11891
11900
11915
11942
11928
11950
11950
11961
11968
11970
11974
11983
11989
11988
12001
12018
12015
12018
12017
12019
12019
11985
12011
11985
11985
11990
12014
12019
12020
12018
12019
12021
12021
12022
12022
12022
12022
12021
12021
12022
12016
12012
12001
11999
12009
12019
12023
12012
12026
12025
12027
12028
12025
12026
12025
12025
12025
12025
12008
12023
12015
12012
12010
12019
12019
12018
12018
12016
12017
12016
12015
12015
12015
12016
12018
12019
12024
12024
12019
12016
12005
12005
11998
11998
12019
12020
12020
12023
12020
12013
12022
12025
12025
12024
12024
12020
12017
12009
12019
12016
12016
12015
12015
12015
12016
12016
12016
12015
12019
12018
12018
12018
12018
12056
12129
12129
12137
12139
12137
12137
12132
12140
12144
12166
12166
12169
12187
12208
12233
12245
12253
12254
12262
12272
12273
12271
12283
12283
12285
12317
12318
12318
12318
12318
12322
12322
12322
12322
12344
12346
12345
12357
12375
12376
12376
12376
12375
12347
12374
12375
12357
12371
12371
12371
12371
12328
12330
12316
12372
12372
12372
12323
12333
12336
12365
12375
12374
12368
12374
12374
12380
12380
12380
12380
12380
12381
12380
12347
12377
12376
12378
12378
12379
12379
12379
12379
12379
12379
12379
12379
12379
12379
12379
12393
12388
12382
12399
12421
12446
12491
12492
12536
12537
12537
12537
12537
12536
12536
12536
12536
12536
12536
12536
12536
12536
12536
12536
12536
12536
12536
12536
12536
12536
12536
12557
12559
12570
12585
12585
12585
12590
12590
12590
12590
12590
12590
12590
12590
12590
12605
12618
12646
12664
12661
12654
12700
12666
12703
12706
12706
12727
12749
12776
12776
12780
12780
12780
12780
12790
12855
12859
12859
12859
12858
12858
12858
12858
12858
12888
12917
12941
12962
12967
12967
12967
12967
12967
12967
12967
12967
12967
12967
12976
12995
12997
12997
13021
13022
13022
13022
13025
13026
13026
13036
13031
13049
13062
13081
13107
13121
13156
13156
13161
13161
13161
13161
13161
13161
13161
13161
13072
13105
13155
13153
13152
13162
13167
13167
13130
13126
13126
13130
13127
13113
13156
13166
13136
13109
13122
13091
13096
13090
13139
13157
13164
13149
13131
13118
13128
13144
13167
13169
13169
13169
13169
13167
13158
13163
13169
13169
13162
13162
13162
13162
13162
13162
13162
13162
13162
13163
13162
13163
13165
13165
13165
13165
13165
13165
13165
13166
13166
13166
13165
13165
13163
13160
13161
13161
13163
13167
13166
13168
13167
13168
13161
13164
13169
13169
13158
13166
13166
13166
13166
13166
13166
13166
13166
13166
13156
13156
13156
13156
13156
13156
13157
13157
13157
13157
13157
13157
13154
13154
13154
13154
13154
13154
13154
13154
13154
13154
13154
13154
13154
13154
13154
13154
13154
13154
13154
13154
13154
13154
13154
13154
13154
13154
13154
13154
13154
13154
13154
13154
13154
13154
13154
13154
13148
13149
13158
13157
13157
13157
13157
13157
13157
13157
13157
13157
13169
13169
13169
13169
13169
13169
13170
13170
13170
13170
13173
13175
13166
13195
13225
13284
13323
13329
13344
13345
13345
13348
13348
13348
13352
13352
13352
13352
13352
13352
13352
13350
13350
13350
13350
13350
13352
13352
13352
13352
13352
13352
13352
13352
13352
13352
13352
13352
13352
13352
13352
13352
13352
13352
13352
13352
13352
13352
13352
13352
13349
13349
13349
13349
13349
13349
13349
13349
13349
13349
13349
13349
13347
13347
13347
13347
13356
13369
13380
13386
13386
13398
13413
13433
13457
13471
13510
13478
13522
13522
13522
13522
13522
13522
13522
13524
13523
13523
13523
13523
13523
13523
13523
13523
13523
13540
13563
13590
13599
13599
13594
13635
13665
13643
13656
13645
13672
13663
13672
13673
13675
13675
13675
13675
13675
13675
13689
13693
13694
13694
13694
13699
13709
13719
13745
13769
13772
13763
13770
13770
13766
13773
13773
13774
13775
13775
13775
13775
13775
13775
13775
13775
13775
13775
13775
13775
13777
13777
13777
13799
13829
13843
13840
13884
13893
13894
13894
13916
13942
13937
13929
13934
13992
14010
14011
14011
14011
14011
14011
14011
14009
14009
14009
14009
14009
14009
14013
14013
14013
14013
14013
14013
14014
14014
14014
14014
14014
14014
14014
14014
14014
14014
14014
14014
14011
14011
14011
14011
14011
14011
14011
14011
14011
14011
14011
14011
14006
14006
14006
14006
14006
14006
14006
14006
14006
14006
14006
14006
14007
14007
14007
14007
14007
14007
14007
14007
14007
14007
14007
14007
14006
14006
14006
14006
14006
14006
14006
14006
14006
14006
14006
14006
14006
14006
14006
14006
14006
14006
14006
14006
14006
14006
14006
14006
14006
14006
14006
14006
14006
14006
14006
14006
14006
14006
14006
14006
14006
14006
14006
14006
14006
14006
14006
14006
14006
14006
14006
14006
14007
14007
14007
14007
14007
14007
14007
14007
14007
14007
14007
14007
14008
14008
14008
14008
14008
14008
14008
14008
14008
14008
14008
14003
13972
13970
13971
13965
13984
13998
14005
14005
14005
13962
13961
14007
14003
13999
14001
14011
13965
14000
14003
14007
13999
13960
14011
14002
13996
14003
14008
14008
13969
13962
13972
13972
14007
13997
13998
13999
14007
13997
14008
13959
13965
13992
13963
14007
13995
13996
14006
14011
13976
13970
13980
13995
14010
13979
13964
14000
14010
14011
14011
14011
14008
14009
14010
14010
14010
14010
14010
14010
14010
14011
14021
14036
14039
14043
14064
14064
14064
14064
14064
14064
14064
14084
14100
14117
14114
14127
14145
14171
14181
14195
14228
14229
14229
14229
14229
14229
14226
14234
14226
14245
14268
14311
14358
14380
14384
14408
14407
14407
14397
14400
14416
14416
14410
14415
14415
14415
14416
14415
14415
14415
14411
14411
14411
14411
14411
14411
14432
14459
14484
14477
14481
14468
14515
14523
14540
14540
14540
14543
14555
14557
14557
14556
14566
14579
14600
14604
14619
14619
14618
14618
14618
14618
14618
14618
14618
14618
14621
14621
14623
14648
14684
14687
14693
14742
14743
14743
14762
14788
14790
14774
14829
14867
14866
14867
14869
14870
14870
14870
14870
14870
14869
14869
14873
14869
14869
14819
14871
14861
14852
14870
14872
14872
14863
14880
14881
14880
14880
14861
14881
14883
14883
14870
14881
14881
14857
14854
14844
14843
14845
14848
14848
14852
14849
14852
14854
14831
14845
14847
14866
14857
14864
14862
14852
14861
14876
14875
14875
14821
14872
14872
14872
14872
14873
14873
14873
14873
14873
14873
14873
14873
14883
14883
14883
14883
14883
14885
14911
14911
14935
14933
14933
14933
14932
14951
14959
14966
14965
14991
15005
15027
15044
15081
15094
15092
15093
15093
15093
15123
15223
15299
15301
15300
15300
15300
15300
15300
15298
15291
15297
15298
15299
15299
15299
15299
15299
15299
15299
15299
15299
15324
15352
15394
15397
15397
15377
15454
15430
15457
15457
15460
15459
15471
15475
15475
15475
15481
15494
15520
15531
15549
15549
15549
15547
15546
15543
15552
15553
15554
15478
15550
15547
15548
15526
15547
15557
15557
15557
15557
15560
15556
15556
15537
15556
15549
15557
15557
15553
15553
15553
15554
15554
15562
15572
15574
15574
15599
15598
15598
15602
15630
15631
15632
15633
15633
15628
15628
15628
15628
15628
15628
15628
15628
15628
15628
15628
15628
15628
15628
15701
15767
15776
15776
15775
15775
15775
15775
15775
15781
15796
15797
15797
15806
15824
15858
15863
15883
15883
15888
15901
15905
15899
15925
15925
15925
15948
15956
15962
15962
15962
15962
15962
15962
15962
15962
15962
15962
15962
15962
15974
15995
15989
16000
16025
16028
16029
16029
16029
16029
16029
16029
16036
16036
16036
16036
16036
16036
16036
16036
16036
16038
16036
16036
16035
16035
16035
16035
16035
16035
16035
16035
16035
16035
16035
16035
16036
16040
16048
16036
16093
16144
16190
16190
16191
16189
16189
16189
16186
16187
16192
16257
16328
16328
16327
16327
16328
16328
16328
16328
16323
16441
16323
16323
16323
16323
16322
16322
16322
16322
16322
16322
16322
16273
16252
16255
16244
16018
15448
14239
14222
14221
14219
14218
14267
14265
14265
14265
14265
14265
14265
14265
14275
14289
14290
14298
14326
14325
14325
14325
14325
14325
14325
14329
14339
14353
14354
14379
14399
14434
14477
14473
14497
14497
14536
14599
14656
14657
14643
14635
14665
14665
14663
14651
14663
14661
14662
14661
14656
14651
14647
14651
14652
14654
14654
14657
14657
14657
14657
14665
14665
14665
14665
14664
14664
14664
14664
14652
14614
14661
14661
14661
14661
14662
14662
14662
14668
14668
14668
14668
14668
14668
14668
14668
14670
14696
14710
14739
14735
14726
14757
14759
14785
14786
14787
14800
14806
14806
14806
14839
14845
14845
14845
14845
14845
14845
14846
14846
14846
14845
14875
14943
14931
14946
14954
14954
14952
14935
14938
14938
14941
14946
14949
14951
14930
14944
14937
14941
14942
14943
14943
14943
14930
14945
14945
14947
14951
14952
14952
14952
14952
14952
14972
14976
14978
14984
15016
15004
15019
15019
15019
15018
15018
15018
15018
15040
15045
15048
15054
15082
15081
15081
15083
15092
15090
15106
15139
15186
15187
15187
15187
15187
15186
15190
15231
15306
15307
15307
15307
15307
15308
15305
15305
15305
15312
15312
15334
15345
15354
15375
15376
15376
15377
15360
15369
15379
15381
15375
15382
15381
15381
15381
15381
15381
15381
15381
15381
15381
15378
15378
15378
15378
15378
15378
15378
15406
15411
15418
15419
15444
15465
15488
15525
15497
15536
15536
15554
15617
15650
15650
15650
15650
15649
15649
15665
15668
15668
15668
15668
15668
15668
15668
15668
15668
15671
15671
15671
15686
15708
15738
15732
15720
15770
15780
15779
15782
15804
15812
15813
15821
15844
15843
15843
15843
15843
15863
15869
15870
15885
15903
15903
15903
15906
15912
15923
15953
15979
16001
16000
16000
15996
15996
15996
15996
16025
16103
16105
16107
16109
16110
16109
16109
16109
16109
16109
16109
16109
16109
16109
16109
16109
16107
16107
16107
16103
16106
16103
16094
16103
16104
16104
16100
16105
16105
16105
16105
16109
16109
16109
16109
16109
15736
15227
14287
13788
13622
13628
13770
13637
13640
13640
13656
13661
13664
13664
13664
13664
13664
13667
13680
13728
13748
13749
13748
13748
13775
13780
13776
13777
13795
13801
13807
13832
13847
13870
13896
13928
13911
13936
13936
13936
13937
13962
13995
13988
13980
13984
14048
14015
14038
14038
14050
14077
14078
14078
14102
14107
14109
14111
14113
14113
14113
14113
14113
14113
14113
14113
14113
14111
14111
14111
14133
14146
14150
14140
14182
14182
14182
14182
14182
14180
14180
14199
14206
14211
14211
14234
14246
14268
14297
14325
14335
14348
14347
14359
14358
14372
14386
14419
14446
14454
14477
14479
14477
14480
14471
14471
14471
14471
14471
14471
14533
14471
14471
14471
14471
14473
14473
14473
14473
14471
14471
14461
14459
14456
14455
14459
14459
14456
14454
14452
14463
14463
14463
14463
14463
14463
14463
14464
14466
14458
14444
14452
14450
14454
14452
14455
14451
14458
14463
14463
14463
14472
14472
14472
14472
14465
14465
14465
14465
14465
14461
14461
14461
14468
14468
14468
14468
14468
14468
14468
14468
14468
14468
14468
14468
14464
14471
14471
14471
14471
14471
14471
14471
14471
14471
14471
14471
14473
14473
14473
14473
14473
14473
14473
14473
14473
14473
14340
14340
14341
14341
14341
14187
14187
14187
14187
14187
14187
14187
14187
14187
14186
14186
14186
14186
14186
14186
14186
14174
14168
14172
14138
14139
14186
14170
14184
14184
14181
14160
14183
14183
14185
14184
14184
14172
14178
14179
14183
14178
14178
14178
14174
14174
14178
14180
14181
14175
14224
14245
14241
14240
14225
14210
14242
14242
14242
14242
14242
14241
14241
14241
14241
14250
14262
14246
14261
14261
14260
14262
14263
14263
14266
14289
14289
14289
14254
14288
14279
14288
14288
14289
14277
14279
14280
14263
14289
14289
14289
14290
14290
14290
14290
14290
14290
14279
14288
14288
14271
14288
14288
14288
14288
14288
14288
14288
14288
14288
14288
14288
14288
14289
14289
14289
14289
14289
14289
14289
14289
14296
14303
14301
14325
14361
14408
14434
14457
14456
14456
14492
14456
14456
14451
14451
14451
14451
14453
14469
14554
14451
14451
14451
14451
14451
14452
14445
14452
14452
14453
14446
14441
14441
14441
14440
14437
14437
14431
14431
14417
14416
14416
14417
14417
14414
14416
14430
14439
14440
14426
14441
14452
14452
14450
14451
14451
14451
14451
14451
14451
14451
14454
14379
14455
14455
14455
14429
14456
14455
14455
14453
14399
14457
14451
14451
14451
14451
14450
14450
14450
14450
14450
14449
14440
14447
14448
14446
14447
14447
14439
14438
14444
14447
14449
14448
14451
14451
14452
14451
14432
14450
14451
14452
14452
14451
14448
14443
14436
14450
14449
14450
14450
14449
14449
14449
14449
14449
14449
14449
14449
14449
14448
14418
14429
14450
14451
14451
14451
14450
14443
14451
14452
14452
14455
14455
14455
14456
14491
14554
14571
14527
14542
14557
14556
14556
14563
14590
14656
14713
14775
14820
14833
14835
14844
14915
14951
14952
14953
14954
14954
14954
14954
14954
14954
14996
15160
15208
15210
15216
15214
15209
15200
15155
15156
15161
15150
15211
15213
15215
15185
15212
15195
15226
15226
15226
15226
15226
15225
15213
15149
15144
15150
15170
15193
15219
15195
15177
15162
15221
15195
15195
15217
15215
15215
15213
15220
15221
15220
15220
15220
15219
15219
15219
15219
15219
15219
15219
15220
15220
15220
15179
15164
15185
15189
15201
15216
15222
15195
15215
15271
15300
15326
15350
15335
15364
15416
15448
15465
15506
15537
15557
15590
15606
15580
15618
15626
15637
15639
15640
15640
15640
15640
15640
15636
15636
15636
15636
15636
15636
15630
15784
15634
15635
15635
15635
15638
15638
15638
15638
15638
15638
15638
