0
0
0
0
0
0
534
1068
366
446
1056
648
849
1056
360
96
747
814
432
525
1165
1134
999
748
1110
955
781
645
789
1325
1055
924
276
348
822
1054
1119
642
624
405
1068
713
905
1033
1256
1053
1059
1059
792
1029
930
112
1113
1330
1061
996
1055
1078
734
377
1275
1008
1077
1060
766
1062
756
1032
608
630
237
483
279
679
198
468
1139
744
1129
1042
753
592
1289
1110
1148
415
211
643
107
772
536
650
914
504
688
411
723
515
1168
802
239
985
833
1056
1055
828
224
498
711
507
1118
1516
1122
1063
876
723
195
621
309
830
654
875
878
751
676
671
815
0
1107
756
569
285
758
783
1062
705
990
502
564
105
435
414
910
305
658
436
1052
967
1061
859
534
342
240
491
97
796
918
934
1209
955
1096
996
1059
629
363
567
705
356
468
1002
1167
533
372
232
457
1106
1127
1148
372
109
295
1225
1164
1065
1068
1068
1059
939
1053
1059
1065
1066
1059
1052
1078
1048
1136
1094
300
612
792
1008
1050
288
1074
1067
486
894
1078
1093
1047
386
1152
962
586
1065
1113
1104
945
1187
958
1129
1034
1130
1129
1120
1087
824
598
815
801
788
919
805
507
607
946
1044
1065
1074
1011
1065
1065
1065
1017
1059
516
1062
924
807
819
834
606
108
375
1056
1062
579
609
400
237
877
571
855
529
997
692
977
402
1103
476
1034
924
904
725
301
741
1130
1058
1065
609
489
384
1097
711
568
373
1042
654
1056
1062
1062
381
780
1059
1089
1094
948
704
559
612
741
100
402
446
830
568
775
904
1062
831
623
392
858
1043
1060
875
473
549
110
924
612
909
722
1044
707
384
365
363
0
234
396
402
306
0
420
363
107
364
0
0
239
295
239
234
427
469
300
0
0
109
0
210
247
325
500
540
410
567
474
432
276
357
969
841
984
981
876
897
0
1064
1053
1053
792
978
678
237
614
1065
441
1065
246
1038
836
600
1023
789
462
972
603
660
966
363
579
609
225
414
0
0
0
225
225
792
605
603
891
1073
1059
1078
1080
1059
883
981
1065
1062
1123
284
1171
1020
1131
986
1155
1146
434
436
253
534
612
446
0
561
3
268
259
263
499
447
267
830
714
820
403
821
1060
558
0
422
0
204
0
106
283
1131
1069
1100
936
447
1098
901
254
736
963
366
383
233
0
209
408
0
443
335
103
282
0
231
230
102
0
231
509
1058
1151
1181
566
0
0
0
0
0
0
0
2
0
0
0
0
0
0
0
0
0
0
0
0
0
531
1062
1092
1142
1119
836
207
503
507
582
405
199
937
1071
1112
1000
1107
784
839
1319
1344
1247
854
961
892
1240
1105
942
1161
1087
1056
975
1056
807
1069
1059
369
1062
1062
1092
1180
705
1201
502
871
814
591
474
661
1032
946
716
556
480
471
262
0
227
583
754
1201
1128
1065
1068
483
942
1056
960
481
111
375
399
330
236
0
357
0
0
192
681
381
501
1013
713
443
824
705
0
862
650
408
882
1084
955
427
599
766
1071
1065
489
896
493
839
1170
1204
1086
901
480
374
584
1129
1203
1056
1053
1111
1115
1111
744
624
840
1144
1125
537
2
1
0
0
0
0
0
4
0
0
0
0
0
0
0
0
0
615
1151
1085
1081
409
400
828
633
366
247
378
279
96
895
835
871
798
461
247
1108
1167
703
1069
1065
1071
1068
1106
384
761
1151
1127
111
985
306
0
0
0
0
5
0
0
0
0
0
0
0
0
0
0
0
0
0
196
0
0
0
0
0
0
0
267
0
0
0
0
0
0
0
0
0
0
0
0
0
0
0
0
0
0
0
0
0
1087
1062
1062
531
1
0
0
0
0
0
0
0
0
0
0
0
0
0
0
0
558
1089
1073
1012
934
954
645
930
356
276
330
384
231
1003
535
1034
684
945
298
0
1270
684
1109
1088
1086
1096
1046
108
743
639
1031
257
568
1131
1044
649
296
1096
980
647
419
0
778
865
774
603
564
668
319
570
679
792
960
995
671
516
595
520
236
230
394
0
264
403
254
399
249
250
141
270
386
259
0
0
96
621
396
272
254
425
1069
704
410
795
0
392
308
0
108
393
404
0
16
0
239
0
1077
1062
1106
1109
1068
501
615
756
405
239
630
495
196
96
222
351
507
353
519
628
615
419
647
585
559
1062
1059
1056
1059
802
836
196
386
1059
1065
1062
1062
1047
1056
1053
876
436
606
703
495
339
1152
1188
1151
1127
565
1285
1274
1306
1208
1168
1264
1071
1068
842
531
453
564
355
0
1063
1100
1101
1063
1059
1056
1038
1053
612
230
201
500
596
0
1196
1518
83
1085
1062
663
231
225
378
459
649
497
747
892
900
496
907
734
229
882
729
566
615
1144
1062
445
510
99
495
912
913
1061
1066
1068
1062
1062
1068
1044
1011
1026
654
1073
1071
1068
986
1116
1053
1051
534
1051
394
703
489
222
276
276
354
936
495
359
388
540
971
1074
1068
102
288
399
1003
1050
566
372
354
228
398
192
233
0
0
222
0
0
1
229
102
0
227
0
0
0
0
107
0
0
0
0
0
19
0
0
96
0
0
281
398
0
101
0
286
225
103
0
201
0
410
101
231
0
230
0
0
0
0
0
0
0
223
0
0
0
0
0
0
96
276
0
231
0
0
0
228
436
384
279
289
296
296
1039
1065
1119
1146
1092
936
1061
785
99
432
245
606
567
486
906
768
414
504
360
0
513
99
789
405
657
0
1136
1107
1062
405
501
691
636
414
0
1128
828
1214
995
1342
1096
1055
1059
1056
1080
1089
1062
1062
1065
1059
456
747
1056
1062
1068
1091
1104
116
891
940
678
1161
1157
1100
412
462
927
316
113
589
835
294
395
233
0
201
105
0
246
822
1058
489
963
835
586
559
494
843
931
640
0
927
1080
1146
1154
869
919
425
425
448
813
402
292
473
535
1139
897
1040
1132
112
1120
681
1000
596
1078
4
647
1149
1140
1100
643
1091
517
424
558
682
1033
1089
1108
758
571
522
405
370
444
238
718
211
507
102
0
733
1121
1119
305
0
874
1120
1095
608
1044
557
1110
390
262
679
462
285
1155
1323
1213
386
674
741
245
1176
588
1015
645
380
364
757
0
898
579
418
516
722
1126
1078
1084
1081
945
1056
437
461
402
435
400
607
418
829
587
825
1063
1062
1062
501
1056
1066
1065
1059
363
1053
1026
1066
623
515
1062
1062
1077
1077
717
423
870
396
450
222
432
663
880
947
1079
856
379
878
1245
622
1099
850
410
566
362
382
555
426
578
730
547
518
554
368
1091
1090
1071
1074
1059
1047
797
1050
735
834
376
599
243
418
1062
1077
1071
1056
1056
1065
972
1180
411
1190
1105
1065
791
0
394
361
931
0
101
222
561
564
894
1056
1120
1174
1142
399
966
1157
1118
1050
1052
828
733
1065
1129
1151
1100
1062
1053
1093
1092
1132
1150
586
306
518
661
469
432
360
404
0
232
354
222
225
0
1053
1053
1059
1068
1065
1065
1065
1062
1059
1053
1056
1062
1062
531
0
0
0
0
0
0
0
0
0
0
0
0
0
0
0
0
534
1071
1062
1056
1068
1071
1065
1068
1071
1065
987
696
498
0
894
582
0
510
615
192
201
519
425
486
108
625
569
808
1048
1076
1055
878
919
460
498
1061
0
1
0
0
0
0
0
0
0
0
0
0
0
0
0
0
0
0
0
791
0
0
0
0
0
0
0
0
0
0
0
0
0
0
0
0
0
0
0
0
0
0
0
0
525
0
0
0
0
0
0
0
0
0
0
0
0
0
0
0
528
1053
1059
1068
1059
1062
954
1059
441
768
633
513
371
396
507
662
1036
1153
1152
1078
961
961
1077
1059
1068
621
1056
1059
1074
1065
1097
1097
1062
1068
1041
1056
1053
1050
387
225
492
396
276
396
0
363
1065
1065
1062
711
1029
513
606
1041
510
0
0
0
0
0
0
0
0
0
0
0
0
537
1068
1005
289
684
606
501
372
495
228
229
863
724
996
982
829
385
1128
1319
1141
0
1147
479
406
239
476
133
726
671
497
402
1082
1090
1078
0
525
0
0
0
0
0
0
0
0
0
0
0
0
0
0
0
0
0
0
0
0
0
0
540
1070
770
1084
1065
978
110
500
360
660
441
663
0
1125
1103
867
718
953
510
357
528
450
882
1082
837
570
1025
0
1382
1064
1056
1062
604
595
999
805
450
0
229
416
522
516
427
935
888
864
577
444
192
222
0
414
192
226
0
97
0
354
96
0
354
396
222
0
0
222
276
450
630
654
606
768
1011
1050
1059
1053
727
598
0
492
0
235
572
419
451
399
398
495
566
0
720
399
454
396
0
0
234
0
96
222
453
334
454
356
432
224
276
99
222
0
222
279
225
96
228
229
440
396
720
702
584
192
927
351
360
969
801
993
492
489
498
201
387
245
460
97
225
0
612
566
721
702
834
972
960
570
450
288
369
351
276
97
990
852
405
567
415
396
222
276
792
1059
1089
1098
1062
525
0
0
0
0
0
0
0
0
0
0
0
0
0
0
534
1068
1056
597
1062
651
495
0
567
276
0
1100
1297
1274
677
261
1178
1249
1319
1255
1105
1059
627
657
386
277
932
894
242
807
1006
490
847
1035
1050
606
231
383
378
1109
1133
404
1029
776
526
705
940
1137
1094
1224
770
1013
695
1046
432
507
1067
1095
388
484
660
1198
1116
1065
1062
564
564
645
401
785
723
390
755
766
486
1068
1021
1086
484
447
1147
694
1130
1143
715
1199
1064
939
1057
1120
624
479
941
1091
667
471
754
986
1159
1292
1221
1252
1192
1119
169
1102
1062
1059
1053
1077
1076
948
192
383
608
485
2
106
390
194
192
235
237
192
357
280
492
806
724
388
385
356
114
103
232
405
807
346
727
496
97
362
443
278
361
0
355
458
407
331
450
103
96
0
453
288
0
294
0
1062
1069
1078
450
986
1057
1065
1074
1120
948
1165
937
539
1134
1095
1065
1065
1061
1059
1030
1087
1109
1064
1096
1150
1165
1142
726
1187
1127
1055
964
1096
1059
1062
1065
954
1052
774
975
915
1097
963
501
875
1053
1053
1053
377
1053
1053
1050
1053
889
1059
1071
604
286
404
1043
930
285
621
96
702
422
276
276
796
797
737
366
417
558
419
399
360
510
1050
1020
1111
659
152
834
670
1107
1071
990
954
705
0
99
492
233
409
338
102
225
0
507
442
330
0
228
391
100
0
239
375
528
277
398
242
255
365
843
803
450
356
222
279
234
0
222
447
870
906
1052
1086
977
604
585
694
261
314
479
470
748
625
581
805
747
677
429
488
738
513
869
905
1142
1059
729
702
357
399
355
222
0
1050
846
771
422
495
720
486
192
278
1050
575
723
586
849
577
521
1056
790
657
663
792
354
225
376
337
400
552
288
432
330
372
402
192
369
1059
1065
1065
1056
1056
1059
1059
531
0
0
0
0
0
0
0
0
0
0
0
0
0
0
534
1059
1059
1065
1026
1050
507
708
492
102
498
594
955
1085
746
1063
1053
1056
903
552
504
504
330
285
786
700
1023
906
702
371
1165
636
1085
1092
564
575
448
694
848
594
218
1023
365
771
631
116
1119
906
404
1024
1121
1061
1065
393
468
600
360
282
1171
1414
1065
1059
423
392
233
424
537
582
955
618
653
835
369
643
635
541
939
1033
377
863
943
1068
1068
621
288
466
765
479
654
228
1162
1076
1056
502
678
704
396
417
102
627
0
530
648
995
605
792
1069
909
1146
1078
1050
1059
1065
1065
1062
1056
1059
1065
1059
853
1059
786
1056
648
798
498
354
372
96
384
552
432
276
192
810
1126
1105
1158
1130
1065
1129
1105
0
0
0
0
1172
1142
1062
1059
1053
1079
554
1049
1060
396
650
446
262
0
407
414
1154
1242
456
1067
1071
593
1116
1446
1198
1071
1072
541
1130
1371
1548
1065
1092
474
1235
1655
1590
1108
1087
1089
1372
1444
1081
1081
1072
1333
747
1083
1118
1146
1102
1059
1069
840
966
702
786
618
242
560
201
504
390
1230
1332
556
1071
1131
1162
1073
1255
1281
1033
1074
1060
1062
1095
1170
678
1132
1071
1068
743
1074
861
837
709
495
617
791
612
276
720
330
0
225
96
99
1106
1477
1365
1115
1121
1134
1482
1394
1065
1084
1192
1585
1468
1077
1075
1071
1562
1336
1073
1066
1217
1670
931
1100
1088
1320
1160
1132
1077
1068
1062
1063
1073
1080
1031
1072
448
730
834
1140
458
121
601
1074
1080
1076
1062
1086
947
1089
1091
1083
462
1060
1050
1053
1005
504
960
414
504
489
1171
1179
314
504
256
428
415
1007
994
0
819
940
1041
1090
1056
0
568
495
681
601
976
771
920
442
843
430
1091
337
1066
362
1151
675
599
518
1241
1098
1065
517
607
726
612
606
582
726
377
425
637
493
1080
987
1059
658
116
544
289
283
96
96
96
222
0
396
282
435
373
99
102
0
0
0
97
96
0
282
567
359
114
1061
131
384
393
355
713
1062
1062
944
1045
1060
1062
1118
1124
1075
1068
1062
1140
762
1100
1127
1071
1068
742
1070
1098
1126
976
1148
1199
1150
1098
1073
1062
1068
1056
918
1029
1063
1108
1143
1131
594
421
595
632
787
270
809
557
470
218
221
216
0
296
296
337
239
236
0
232
251
755
222
361
364
658
859
549
462
300
411
298
0
227
0
241
116
0
117
0
231
454
398
0
449
111
521
208
105
300
278
96
0
96
223
96
0
0
282
348
227
222
1067
1050
1051
1056
1056
1059
513
379
501
432
96
709
930
565
1056
602
606
564
588
0
0
192
360
228
10
234
0
366
400
501
476
226
98
357
1006
1056
607
780
540
642
852
226
198
105
229
195
440
564
1056
1077
1075
525
0
0
0
0
0
0
0
0
0
0
0
0
0
0
0
0
0
0
0
0
0
0
0
0
0
531
1065
1068
1065
1059
934
1059
1092
1089
1056
1065
1074
1068
1056
925
1056
915
504
369
1035
276
696
776
354
282
612
0
276
282
432
0
276
360
99
462
493
951
1105
997
894
663
1063
1074
1101
1093
1056
1107
848
1089
1053
592
1020
840
452
1053
905
609
681
999
408
297
456
333
363
198
102
102
885
689
928
995
591
292
1200
458
1091
800
621
432
0
756
626
621
0
519
381
631
1008
605
1084
1065
528
576
417
492
759
1068
1069
1018
473
670
233
987
937
462
650
1257
1062
1062
1062
1062
1002
702
1062
342
98
354
492
503
279
372
99
276
0
0
237
0
396
0
222
0
96
0
0
96
96
96
0
96
96
276
0
96
0
396
0
0
0
0
96
414
1044
1062
1064
1092
1095
1135
1152
429
672
937
1095
1104
1068
659
1077
1077
336
704
704
355
367
442
228
0
235
0
0
225
222
285
451
912
655
728
479
861
1258
939
609
1132
1143
1097
1093
1059
1062
1082
1076
1059
1077
1133
1028
1058
666
410
555
1128
1062
1080
1127
980
817
600
363
0
964
963
725
385
371
722
1044
941
574
228
981
987
907
371
1020
988
686
1088
1054
1065
1075
1105
1106
1062
507
706
993
1059
336
104
357
102
628
562
983
789
1033
1056
573
1059
720
576
451
606
975
774
0
360
510
966
699
894
1128
893
382
530
1307
1139
1145
1071
791
206
201
0
668
889
387
0
697
763
641
1071
945
1073
487
769
530
365
935
937
704
282
886
616
1057
1066
1062
1065
1062
1115
621
629
1192
1132
977
466
103
548
904
1015
801
378
198
1028
961
981
710
665
477
567
898
990
904
613
633
634
588
870
963
717
507
608
376
376
194
601
490
538
456
264
900
476
517
443
0
238
0
248
0
0
0
103
102
248
368
0
249
614
431
296
214
0
398
373
0
365
852
886
815
110
453
1014
1057
412
1049
1079
1074
1062
1062
1054
804
1053
510
1066
360
789
1002
564
0
96
402
1227
1339
1088
1077
690
940
381
250
625
417
1143
0
113
560
855
1078
668
1071
851
690
311
801
728
1122
426
683
863
1039
1056
375
908
0
444
198
102
858
608
106
1118
1127
993
873
367
1059
1084
1084
1053
1091
1092
504
675
826
1048
889
987
1124
437
863
1130
1022
287
1095
853
244
1074
1074
1062
1071
1070
1063
1068
1062
1062
996
1082
1079
1053
528
444
492
366
192
453
276
354
222
432
279
279
0
570
294
411
535
958
1032
1194
974
1094
1068
1062
1050
1053
681
657
915
606
720
558
1059
1059
1056
1014
844
715
616
906
762
639
474
495
877
948
852
1096
1065
1023
585
876
528
294
1056
697
492
225
495
1092
425
1031
1083
561
801
1211
1128
1110
1004
198
844
909
1133
711
943
1056
620
766
1058
1285
1079
1065
440
1059
969
239
948
102
1091
995
732
1141
1077
1065
1056
1053
1056
909
795
336
0
612
595
606
644
0
1143
1077
1041
618
720
450
285
468
291
639
923
942
1099
919
1126
1068
1069
1059
671
1064
1056
1035
570
380
1127
601
1041
220
683
1071
729
492
1079
587
273
418
1095
1115
707
436
584
1148
362
534
376
242
1039
633
373
532
475
527
389
407
650
1062
1050
1056
906
1051
1072
1093
1068
1056
1053
780
519
618
816
414
456
363
238
276
102
229
0
0
222
0
194
0
236
276
96
226
331
834
658
751
412
0
730
722
568
818
245
710
669
1081
1065
1059
1089
555
0
0
0
0
0
0
0
0
0
0
0
0
0
0
0
0
0
0
0
0
0
0
0
0
0
0
0
0
0
0
0
0
0
0
0
0
0
0
0
0
0
0
0
0
0
0
0
0
0
0
0
0
0
0
0
0
537
1077
1064
1057
1062
1059
1062
573
1068
1065
1059
903
996
237
531
894
375
534
572
389
612
540
585
234
459
930
1052
1139
1104
942
611
1067
1068
1068
1061
1053
1054
1059
952
1062
1053
1053
1059
1065
1068
1056
1053
975
753
606
567
333
495
0
576
642
906
891
1032
1053
1035
1038
1062
364
1062
985
610
748
361
576
755
967
507
1053
711
1063
1053
558
1059
393
906
796
378
386
534
354
399
404
818
473
908
531
0
526
421
869
808
866
1099
1149
1129
1056
1056
0
1050
828
636
1053
368
1056
735
381
438
358
282
399
105
792
936
925
964
522
435
1164
673
844
632
1127
1110
1083
385
1074
703
0
542
233
431
104
802
505
508
331
0
450
408
633
801
1030
1068
1065
1074
876
1065
1062
432
1050
223
1056
1056
768
930
1050
330
1050
927
495
843
357
531
618
294
956
745
1116
740
410
791
227
195
944
813
625
382
715
1246
1126
1069
1068
1062
1062
1056
864
694
1038
414
957
936
528
432
0
0
0
283
396
468
390
339
333
384
0
0
195
105
0
0
192
99
96
0
0
330
96
0
0
192
96
0
222
222
0
96
222
222
276
96
348
96
96
384
753
1056
1050
499
530
432
396
0
396
276
225
225
0
225
276
225
0
279
225
279
276
360
282
359
355
235
98
0
96
0
276
0
281
225
0
0
0
3
96
225
99
0
0
0
0
225
279
0
96
3
0
0
0
0
276
0
102
0
282
0
276
104
98
0
276
96
100
557
288
0
231
0
111
234
0
0
0
0
0
447
96
222
558
486
372
575
430
363
379
735
513
507
379
412
1080
856
1013
805
752
392
1006
1112
1002
738
430
582
1031
1049
1049
760
375
209
1042
1113
770
603
0
1108
1079
1076
248
292
1038
1077
1042
739
549
577
1111
1081
655
215
1076
982
772
777
585
423
816
777
1115
1092
1063
1060
885
850
1057
1061
854
582
498
364
633
438
96
729
297
957
870
1135
1053
717
663
720
399
240
1047
1112
647
5
699
886
812
739
1113
1095
969
1053
1056
621
572
234
426
528
522
1031
1057
1119
770
900
766
1057
747
1081
845
942
1059
1082
1085
389
636
987
1044
1006
1058
795
642
225
552
381
228
919
942
915
923
494
608
1195
700
1087
438
224
626
600
553
408
521
406
598
587
397
1076
1056
1062
1068
1065
105
569
641
511
639
607
471
501
973
1133
860
499
1040
99
0
960
835
501
450
1231
1184
1053
1062
1062
1056
1065
291
112
405
278
648
948
1074
1059
1108
1109
1074
1107
950
614
969
1085
1083
217
723
1064
1081
1078
988
1061
1048
1077
339
400
282
409
391
419
406
248
243
126
284
557
986
505
269
655
410
514
267
386
1060
1084
1068
1076
1124
1114
1020
396
1059
1068
1068
1059
1059
1065
531
405
1065
1053
240
378
98
402
619
565
432
1158
1065
1023
378
243
958
1080
300
282
768
839
893
633
1117
1101
624
1032
1059
257
1159
1367
1352
1063
1068
1065
976
705
615
3
1065
1076
1062
1058
108
367
1041
387
282
375
0
408
888
978
1130
1004
438
1034
1236
1114
1094
668
0
105
757
602
357
237
596
533
837
831
1120
225
355
1030
1083
243
1055
1021
1065
1138
1133
1066
1079
1099
1095
704
603
607
563
1065
1068
1053
1087
1089
1023
1084
641
627
378
357
99
0
591
411
577
400
1155
702
446
570
824
967
1064
1068
1062
1059
288
363
432
192
600
870
372
354
377
417
372
450
567
1335
1302
1077
1050
720
98
0
396
384
726
797
714
402
745
562
1149
732
1130
553
537
503
600
394
1078
709
282
847
357
1069
1053
1059
1062
1059
702
900
507
200
488
276
468
595
554
582
396
1180
1064
1050
234
1041
282
1050
1059
1056
531
453
102
639
439
642
1056
1059
1061
1041
1062
243
1056
1057
970
1065
439
439
1065
286
365
573
564
372
639
315
576
1207
1087
1214
1065
771
841
411
494
843
354
1013
1247
1320
483
813
1063
1056
613
1059
1056
1064
894
360
0
0
0
0
0
0
0
0
0
0
99557
114851
110838
117787
114295
111175
108148
3
531
1062
1063
1144
1062
872
561
335
278
399
434
746
536
849
733
1145
981
558
1056
537
1032
367
594
535
1103
109
842
869
1048
1227
1013
1117
390
1200
1267
1286
1056
1084
1105
1080
360
811
568
755
979
498
434
399
291
102
237
525
547
248
250
0
0
0
386
0
354
918
654
414
0
1056
1093
1155
1119
1052
664
984
1017
996
1056
1067
804
606
471
282
712
283
423
417
957
797
1080
646
456
1145
477
1123
559
402
841
674
429
291
944
872
1050
1059
978
1050
498
333
354
0
276
1162
1317
1091
1080
1069
776
405
592
403
0
248
244
380
126
1032
878
411
622
1067
594
292
735
1095
1111
642
243
422
234
451
225
192
363
982
730
379
636
627
1059
1094
1059
372
367
276
433
222
993
265
630
1086
1081
1058
585
411
432
444
674
1138
1227
1064
771
816
663
588
873
1172
1260
1059
1062
1056
1059
1020
453
1059
753
226
360
1100
1008
432
1133
978
1065
936
1032
1084
509
1058
1074
1078
809
1061
1062
1068
1062
1059
1065
828
1062
984
1020
1050
279
801
396
276
1127
1046
317
0
896
1004
669
1204
1163
1136
504
1109
1248
1204
1053
804
355
0
234
829
1062
96
276
506
536
354
873
996
531
360
102
102
873
914
927
920
417
1203
763
1116
352
780
835
516
764
680
1069
396
358
578
957
525
360
1137
1010
1061
433
370
384
608
1134
1072
1157
708
579
403
528
569
606
1154
1254
1068
1071
1066
1053
1053
1059
531
0
0
0
0
0
0
0
0
0
0
0
0
534
1059
1066
1074
1065
1065
1077
1069
1070
540
0
1
0
0
0
0
97727
105001
110637
100873
97347
83407
447
1013
1072
1068
984
1065
1059
591
366
601
418
630
147
458
1136
1008
570
501
1151
972
227
571
914
981
439
476
645
1100
827
1175
1147
1110
577
486
282
1008
887
658
582
992
1274
1121
1145
132
689
1120
535
351
860
422
929
784
1064
1056
1062
495
489
1061
1056
198
645
452
387
469
935
472
570
516
1208
1059
419
883
444
361
486
709
985
434
0
922
842
872
816
1125
1123
1080
606
595
196
638
811
952
1141
936
1108
1062
1062
566
30
1
0
0
0
0
186
717
1056
1050
700
224
96
490
816
1056
417
749
397
787
303
360
378
381
652
662
472
0
375
505
357
241
342
464
417
379
446
778
750
390
390
699
545
639
518
504
402
607
657
442
1050
680
0
0
0
0
0
0
0
2
0
1
0
0
0
0
0
0
0
0
0
1
1068
940
1056
1053
0
0
0
0
0
0
0
1
0
1
0
0
0
0
0
0
0
490
0
1
0
1
622
0
0
0
0
0
0
0
0
1
0
1
0
0
0
1062
1087
733
742
1117
1143
1107
1057
1013
852
626
962
1084
1076
1068
1059
973
1070
624
946
630
433
0
0
375
0
109
108
0
201
1151
1126
1086
1079
1051
1091
1101
1053
528
815
493
368
338
600
1
646
1075
1075
1063
372
622
504
378
239
785
909
1066
1062
1094
909
1008
1085
1063
1054
913
545
907
1095
1078
1068
1071
901
369
104
0
1064
1059
1077
1086
1053
1081
1089
462
610
625
1057
1062
1050
405
495
376
864
400
1002
702
379
567
106
451
453
420
573
104
421
883
1193
1216
959
1112
1056
1056
645
114
0
5
0
1
0
12
66
363
846
964
1062
1047
1061
106
402
613
732
596
1077
374
356
400
900
1062
243
928
0
230
253
0
403
284
396
379
748
465
407
731
1107
1075
1050
1056
750
809
570
606
402
1006
1056
1060
1127
1135
1059
717
1084
1075
1023
372
1059
1134
1129
927
1050
631
222
612
810
284
236
284
506
845
498
837
374
487
363
728
826
391
400
609
1011
1056
1051
974
723
1076
1086
667
370
0
249
109
382
381
387
279
197
398
474
433
435
582
844
1018
927
1020
1053
1078
1144
1156
989
978
1053
906
1050
1013
521
637
286
367
469
608
423
1093
1143
643
1133
1162
931
405
105
1101
1167
1346
1286
1317
1200
686
422
693
1195
995
1059
1073
1059
1066
1062
1032
795
1050
1255
1726
857
1091
1079
1069
1073
881
1183
1043
117
1094
1147
113
1079
1033
1106
1101
1100
377
583
1056
243
609
814
917
420
652
523
480
542
648
680
881
1096
1106
1113
1079
1056
1065
1071
1061
903
1063
204
1059
577
814
1062
1068
504
552
1056
841
636
469
1074
591
393
402
304
305
211
1145
1139
1157
1050
1220
1190
1194
957
1058
1029
930
1205
1201
1159
1127
1178
1162
1042
1085
1080
1050
1050
1056
886
735
796
568
432
469
366
1050
1068
1084
999
456
0
0
0
1
0
1
0
0
0
0
