24	25
134	136
140	141
144	146
151	152
157	158
168	169
178	179
180	181
194	196
207	208
252	253
264	265
268	269
281	282
285	286
297	298
300	301
309	311
312	315
317	318
326	327
328	331
336	338
345	346
347	349
351	353
354	359
360	361
363	364
370	382
384	389
396	397
400	401
402	407
409	431
434	440
441	445
449	454
455	457
458	462
463	471
474	476
477	479
481	489
492	514
516	522
523	526
578	580
582	584
585	586
588	591
593	595
596	600
613	615
618	638
639	642
644	672
675	679
684	689
692	702
704	712
713	717
718	728
732	736
737	746
747	753
756	757
758	760
764	766
768	770
774	776
778	779
781	784
787	788
795	796
801	805
809	812
816	818
822	824
826	830
831	833
836	838
839	841
844	847
849	850
852	854
856	860
861	865
866	869
870	871
872	875
876	877
878	889
890	895
897	898
899	901
903	904
905	914
916	917
918	920
923	925
926	928
931	932
935	937
942	943
944	947
948	949
950	954
957	958
959	964
966	967
972	979
980	982
983	987
988	990
992	993
996	999
1003	1006
1008	1010
1050	1052
1080	1082
1090	1091
1092	1094
1096	1098
1104	1107
1110	1111
1112	1113
1114	1116
1121	1123
1125	1126
1129	1132
1136	1137
1139	1141
1150	1151
1152	1156
1157	1162
1164	1169
1170	1173
1174	1175
1176	1178
1182	1192
1194	1198
1200	1202
1204	1208
1210	1211
1215	1218
1228	1237
1238	1240
1243	1244
1245	1249
1250	1261
1263	1268
1278	1280
1286	1289
1291	1292
1294	1298
1302	1303
1304	1306
1308	1309
1313	1314
1317	1318
1319	1328
1329	1330
1331	1334
1335	1336
1337	1339
1343	1345
1346	1349
1350	1352
1353	1355
1361	1362
1371	1375
1383	1384
1385	1388
1390	1393
1394	1395
1396	1399
1400	1401
1405	1406
1407	1409
1411	1414
1416	1420
1422	1424
1425	1429
1433	1435
1436	1437
1438	1441
1442	1443
1445	1446
1448	1449
1464	1465
1489	1493
1496	1501
1503	1505
1506	1507
1512	1513
1515	1523
1524	1528
1530	1532
1533	1539
1541	1545
1547	1548
1551	1553
1554	1556
1560	1561
1563	1564
1568	1577
1578	1579
1580	1583
1584	1586
1588	1589
1593	1598
1599	1604
1608	1609
1614	1616
1629	1630
1632	1633
1635	1637
1650	1653
1656	1657
1659	1660
1674	1676
1678	1681
1683	1684
1691	1692
1695	1698
1705	1706
1710	1712
1716	1717
1721	1722
1723	1725
1727	1730
1736	1737
1738	1739
1750	1751
1752	1759
1761	1763
1765	1767
1769	1774
1776	1779
1787	1792
1793	1796
1797	1799
1800	1803
1805	1809
1811	1814
1815	1816
1819	1821
1823	1826
1829	1831
1836	1837
1842	1843
1844	1845
1847	1849
1853	1854
1858	1859
1860	1862
1863	1864
1865	1869
1871	1877
1879	1880
1884	1888
1889	1894
1895	1897
1900	1902
1904	1906
1908	1909
1913	1914
1915	1916
1920	1921
1941	1943
1951	1954
1958	1959
1974	1976
1980	1981
1982	1983
1986	1988
1992	1993
2005	2007
2008	2009
2010	2015
2019	2022
2024	2025
2027	2029
2033	2035
2036	2037
2039	2041
2043	2044
2045	2047
2053	2056
2060	2062
2072	2073
2076	2078
2091	2094
2096	2098
2108	2109
2113	2115
2117	2118
2119	2121
2123	2124
2125	2127
2129	2136
2138	2141
2143	2151
2153	2162
2164	2166
2170	2172
2175	2178
2179	2180
2181	2183
2200	2202
2203	2204
2211	2213
2217	2219
2226	2227
2234	2236
2240	2242
2244	2245
2247	2248
2250	2253
2258	2261
2263	2265
2266	2268
2270	2271
2278	2281
2287	2289
2292	2295
2302	2304
2305	2307
2309	2310
2316	2319
2324	2325
2328	2329
2331	2334
2335	2339
2341	2342
2345	2349
2351	2356
2358	2361
2362	2363
2397	2398
2400	2401
2403	2404
2413	2414
2438	2441
2442	2443
2445	2447
2448	2449
2468	2470
2483	2484
2496	2497
2505	2506
2508	2510
2516	2519
2526	2528
2537	2539
2542	2543
2544	2545
2547	2552
2554	2555
2559	2564
2565	2571
2572	2575
2577	2579
2580	2581
2584	2592
2593	2598
2599	2605
2606	2607
2608	2610
2611	2618
2620	2627
2629	2631
2632	2637
2639	2640
2641	2643
2648	2649
2650	2654
2655	2660
2663	2666
2668	2672
2675	2677
2682	2683
2684	2686
2687	2692
2693	2695
2696	2698
2699	2704
2707	2717
2719	2721
2728	2737
2738	2745
2747	2749
2750	2751
2752	2754
2757	2758
2759	2771
2772	2776
2778	2780
2782	2785
2787	2792
2794	2800
2801	2811
2816	2822
2824	2829
2837	2838
2844	2848
2851	2854
2856	2859
2860	2861
2863	2867
2872	2873
2880	2882
2884	2885
2889	2891
2892	2894
2895	2897
2898	2900
2902	2909
2911	2913
2916	2919
2920	2923
2926	2927
2928	2930
2935	2939
2940	2948
2949	2951
2952	2957
2958	2959
2960	2962
2963	2966
2967	2968
2969	2972
2974	2981
2982	2987
2988	2989
2990	2996
2999	3002
3004	3006
3007	3008
3012	3013
3014	3018
3024	3026
3028	3038
3042	3047
3050	3052
3053	3057
3059	3063
3064	3066
3069	3071
3075	3078
3081	3085
3087	3089
3090	3094
3096	3097
3098	3100
3102	3106
3108	3111
3112	3115
3119	3121
3126	3129
3132	3138
3140	3143
3146	3148
3154	3159
3161	3162
3165	3166
3167	3168
3173	3174
3177	3183
3185	3186
3187	3188
3190	3196
3197	3199
3204	3205
3207	3209
3213	3217
3218	3221
3227	3229
3234	3236
3239	3241
3247	3248
3250	3253
3258	3259
3262	3265
3266	3267
3271	3272
3276	3279
3280	3284
3286	3289
3290	3291
3296	3297
3302	3305
3308	3310
3312	3314
3317	3320
3321	3322
3324	3327
3330	3333
3334	3341
3345	3349
3352	3354
3365	3368
3370	3373
3375	3376
3378	3380
3384	3386
3392	3394
3396	3397
3400	3405
3407	3409
3412	3414
3416	3417
3418	3421
3424	3426
3429	3437
3439	3440
3442	3443
3444	3446
3452	3453
3454	3455
3456	3460
3465	3466
3470	3472
3476	3477
3478	3481
3485	3487
3489	3492
3500	3502
3503	3505
3508	3512
3514	3515
3519	3520
3525	3527
3534	3539
3544	3548
3551	3557
3562	3563
3565	3569
3572	3573
3575	3579
3584	3590
3594	3596
3598	3599
3600	3603
3608	3609
3613	3616
3617	3618
3623	3625
3627	3630
3631	3633
3636	3639
3640	3649
3652	3657
3659	3661
3665	3668
3672	3673
3678	3681
3687	3689
3696	3697
3698	3699
3700	3701
3704	3705
3712	3714
3715	3717
3721	3723
3728	3730
3736	3740
3743	3746
3749	3755
3758	3759
3766	3777
3779	3786
3788	3794
3799	3800
3803	3806
3829	3830
3833	3835
3836	3837
3839	3841
3843	3846
3850	3856
3864	3865
3868	3870
3885	3889
3897	3899
3900	3902
3906	3908
3911	3917
3920	3921
3924	3925
3929	3930
3935	3939
3942	3944
3946	3951
3953	3955
3956	3957
3958	3959
4000	4013
4026	4031
4050	4051
4052	4053
4055	4057
4061	4065
4070	4072
4112	4115
4118	4120
4124	4126
4129	4130
4131	4133
4138	4139
4141	4143
4148	4149
4151	4152
4163	4167
4168	4172
4176	4177
4179	4180
4188	4189
4212	4213
4270	4271
4272	4276
4315	4317
4319	4321
4415	4417
4440	4441
4452	4454
4456	4457
4460	4461
4463	4465
4484	4486
4540	4541
4542	4544
4545	4553
4554	4559
4565	4567
4568	4573
4575	4580
4585	4587
4593	4595
4596	4597
4603	4604
4615	4619
4620	4621
4624	4626
4627	4633
4635	4640
4643	4648
4649	4654
4655	4660
4661	4663
4664	4666
4667	4670
4672	4676
4678	4679
4680	4681
4682	4688
4691	4692
4694	4702
4704	4705
4709	4710
4711	4712
4713	4714
4715	4717
4719	4720
4730	4733
4735	4742
4744	4747
4748	4750
4751	4753
4754	4758
4759	4762
4764	4766
4768	4772
4774	4777
4778	4781
4783	4787
4788	4794
4797	4798
4799	4801
4802	4807
4813	4814
4816	4817
4818	4820
4828	4829
4830	4835
4836	4838
4840	4841
4845	4847
4848	4849
4851	4855
4856	4859
4862	4865
4866	4867
4870	4873
4874	4879
4880	4882
4883	4885
4886	4888
4889	4893
4894	4900
4901	4903
4906	4909
4911	4914
4915	4917
4918	4921
4925	4926
4927	4930
4931	4933
4936	4940
4942	4946
4948	4949
4950	4951
4955	4957
4958	4960
4962	4963
4967	4969
4979	4981
4997	4999
5001	5002
5007	5009
5015	5017
5023	5027
5047	5050
5051	5056
5057	5059
5061	5062
5064	5069
5073	5074
5080	5081
5083	5085
5087	5090
5095	5097
5098	5102
5104	5105
5107	5108
5110	5113
5133	5134
5136	5137
5145	5147
5148	5149
5157	5158
5160	5161
5162	5163
5170	5171
5173	5174
5177	5180
5182	5185
5186	5187
5189	5190
5195	5197
5223	5224
5226	5228
5229	5230
5232	5234
5242	5244
5246	5247
5248	5253
5255	5259
5261	5262
5265	5267
5268	5270
5272	5276
5278	5279
5280	5281
5284	5285
5291	5295
5299	5300
5302	5305
5308	5312
5315	5317
5320	5321
5324	5326
5328	5330
5341	5342
5343	5344
5347	5348
5361	5362
5363	5366
5373	5377
5385	5392
5393	5399
5403	5405
5407	5408
5411	5413
5419	5421
5422	5425
5426	5431
5432	5433
5434	5439
5440	5442
5443	5451
5452	5455
5457	5461
5462	5463
5465	5468
5472	5474
5476	5477
5479	5486
5487	5488
5490	5493
5496	5497
5502	5504
5508	5509
5513	5515
5518	5521
5524	5529
5531	5535
5537	5539
5542	5543
5544	5547
5549	5551
5555	5556
5559	5564
5566	5567
5568	5569
5571	5573
5577	5579
5580	5581
5582	5583
5584	5585
5590	5595
5597	5607
5614	5619
5622	5625
5626	5627
5629	5631
5635	5637
5641	5643
5645	5646
5650	5652
5654	5655
5656	5657
5659	5660
5665	5666
5678	5681
5682	5687
5688	5690
5691	5697
5700	5706
5707	5709
5711	5713
5717	5719
5720	5721
5722	5726
5728	5731
5732	5735
5740	5741
5742	5743
5744	5746
5747	5749
5750	5752
5753	5755
5758	5759
5761	5762
5764	5765
5767	5769
5773	5774
5782	5786
5792	5793
5794	5795
5796	5798
5799	5801
5803	5804
5805	5807
5812	5814
5816	5823
5838	5840
5842	5843
5849	5854
5858	5860
5875	5877
5878	5880
5884	5885
5888	5889
5890	5896
5898	5899
5901	5904
5905	5907
5909	5912
5914	5920
5921	5924
5925	5938
5939	5942
5945	5948
5952	5953
5954	5958
5961	5963
5965	5966
5967	5968
5976	5978
5987	5995
5997	5999
6000	6005
6010	6011
6016	6017
6019	6020
6021	6026
6028	6029
6031	6039
6042	6043
6045	6046
6048	6051
6052	6055
6057	6061
6066	6068
6069	6078
6081	6082
6083	6088
6089	6092
6093	6099
6101	6103
6105	6107
6111	6113
6128	6129
6138	6143
6144	6146
6150	6155
6156	6160
6162	6164
6167	6173
6176	6181
6183	6187
6190	6191
6192	6194
6200	6201
6204	6207
6208	6212
6213	6226
6227	6234
6235	6238
6240	6242
6244	6246
6247	6248
6249	6257
6261	6263
6268	6269
6270	6271
6273	6275
6278	6280
6285	6286
6288	6298
6302	6304
6312	6313
6347	6350
6352	6355
6359	6361
6363	6364
6368	6373
6375	6376
6377	6379
6380	6381
6382	6385
6386	6388
6390	6391
6399	6401
6402	6404
6407	6409
6410	6415
6418	6421
6424	6433
6435	6442
6450	6452
6453	6458
6459	6462
6464	6465
6466	6467
6468	6470
6474	6477
6478	6479
6480	6483
6484	6485
6486	6488
6491	6494
6496	6500
6501	6502
6503	6505
6507	6508
6509	6512
6513	6514
6515	6517
6518	6520
6521	6524
6528	6530
6532	6541
6543	6545
6547	6549
6551	6556
6566	6570
6576	6580
6582	6586
6589	6592
6596	6598
6599	6602
6604	6605
6611	6614
6618	6620
6625	6626
6636	6637
6648	6649
6651	6652
6653	6655
6656	6658
6660	6661
6662	6664
6665	6666
6668	6670
6674	6678
6679	6680
6684	6688
6690	6692
6696	6698
6700	6701
6702	6704
6705	6707
6708	6709
6717	6718
6720	6721
6722	6723
6726	6728
6729	6731
6732	6734
6737	6740
6744	6745
6748	6752
6753	6754
6755	6758
6761	6764
6765	6766
6767	6773
6775	6776
6778	6780
6785	6786
6787	6792
6793	6795
6800	6801
6802	6803
6805	6806
6807	6809
6810	6813
6816	6822
6825	6828
6831	6832
6833	6837
6839	6843
6846	6847
6849	6851
6853	6854
6855	6857
6860	6861
6863	6865
6868	6869
6871	6872
6873	6874
6879	6883
6888	6890
6898	6899
6900	6903
6908	6910
6911	6912
6913	6917
6919	6920
6921	6923
6924	6926
6927	6929
6934	6935
6936	6937
6938	6941
6943	6944
6948	6955
6956	6959
6960	6965
6967	6968
6969	6970
6972	6974
6978	6979
6980	6983
6984	6985
6986	6989
6990	6992
6994	6995
7000	7003
7004	7005
7013	7015
7016	7021
7022	7025
7027	7028
7029	7036
7037	7040
7041	7043
7044	7053
7056	7057
7059	7060
7061	7062
7063	7065
7066	7070
7075	7076
7078	7084
7086	7089
7095	7099
7109	7116
7117	7118
7120	7121
7122	7124
7126	7129
7130	7133
7134	7136
7137	7144
7146	7150
7152	7155
7158	7161
7164	7165
7171	7175
7176	7180
7184	7186
7190	7194
7199	7205
7206	7208
7209	7211
7212	7214
7216	7217
7218	7220
7221	7225
7229	7232
7233	7238
7239	7240
7241	7245
7247	7250
7251	7253
7254	7255
7256	7259
7260	7262
7263	7265
7266	7268
7269	7274
7277	7280
7281	7286
7288	7291
7293	7297
7302	7304
7306	7307
7309	7311
7314	7315
7320	7321
7323	7325
7328	7331
7344	7345
7352	7353
7356	7357
7365	7366
7368	7369
7380	7381
7386	7387
7391	7397
7399	7401
7404	7405
7408	7409
7411	7417
7418	7420
7425	7427
7429	7431
7432	7435
7440	7441
7445	7451
7453	7456
7462	7467
7469	7470
7471	7472
7473	7479
7483	7486
7492	7494
7495	7496
7497	7506
7507	7509
7510	7511
7522	7523
7524	7525
7528	7531
7532	7533
7534	7538
7540	7547
7550	7551
7552	7554
7555	7556
7557	7562
7564	7567
7570	7573
7577	7580
7583	7585
7589	7591
7593	7594
7596	7597
7598	7601
7603	7608
7614	7618
7620	7624
7628	7631
7632	7633
7634	7636
7637	7639
7641	7642
7643	7645
7648	7649
7652	7653
7655	7659
7661	7663
7664	7666
7667	7673
7679	7681
7683	7684
7688	7690
7691	7693
7695	7696
7701	7702
7703	7705
7707	7708
7711	7712
7715	7717
7718	7719
7722	7723
7730	7731
7732	7735
7736	7738
7740	7744
7746	7747
7752	7753
7755	7758
7760	7762
7764	7765
7768	7774
7778	7779
7781	7783
7785	7786
7788	7791
7796	7798
7800	7807
7808	7810
7812	7813
7816	7818
7820	7822
7824	7828
7829	7831
7832	7839
7842	7843
7844	7846
7847	7852
7853	7854
7855	7857
7859	7861
7862	7865
7866	7868
7869	7870
7871	7873
7874	7878
7879	7881
7882	7891
7892	7893
7894	7900
7902	7906
7907	7909
7912	7915
7924	7925
7929	7937
7942	7947
7949	7954
7955	7957
7958	7960
7964	7966
7967	7972
7973	7977
7978	7982
7984	7987
7989	7991
7993	7998
7999	8002
8003	8004
8007	8008
8009	8012
8013	8018
8019	8021
8022	8026
8027	8030
8034	8038
8043	8045
8047	8050
8053	8060
8064	8065
8070	8071
8072	8077
8079	8080
8082	8083
8084	8089
8091	8092
8094	8096
8097	8098
8102	8107
8112	8113
8114	8116
8120	8122
8123	8125
8133	8134
8136	8140
8143	8144
8151	8152
8153	8154
8159	8161
8165	8169
8170	8175
8183	8185
8186	8187
8190	8199
8201	8202
8206	8207
8211	8212
8213	8215
8217	8223
8224	8233
8241	8242
8243	8244
8252	8255
8263	8264
8267	8269
8271	8276
8280	8284
8286	8289
8294	8299
8301	8306
8307	8312
8313	8319
8322	8324
8327	8330
8333	8343
8345	8346
8348	8350
8352	8353
8354	8358
8359	8361
8362	8366
8367	8378
8380	8383
8385	8386
8390	8391
8393	8395
8398	8399
8400	8404
8406	8413
8414	8419
8421	8423
8429	8435
8436	8438
8441	8442
8444	8446
8450	8452
8454	8457
8463	8466
8467	8469
8470	8475
8477	8478
8479	8481
8484	8488
8489	8492
8496	8499
8501	8503
8504	8507
8510	8511
8514	8515
8520	8521
8528	8530
8532	8533
8539	8541
8543	8544
8545	8547
8548	8549
8552	8553
8554	8558
8560	8562
8568	8574
8582	8585
8586	8588
8591	8594
8596	8599
8601	8602
8605	8608
8610	8617
8618	8620
8623	8624
8625	8627
8629	8630
8631	8633
8635	8636
8637	8639
8641	8643
8646	8648
8651	8654
8655	8656
8657	8660
8662	8663
8667	8669
8670	8673
8678	8682
8683	8688
8691	8697
8702	8704
8710	8711
8712	8714
8715	8727
8731	8737
8743	8744
8749	8755
8760	8765
8766	8768
8769	8770
8772	8774
8775	8777
8778	8780
8782	8783
8785	8787
8788	8791
8796	8797
8798	8799
8806	8812
8816	8817
8820	8821
8824	8825
8828	8832
8840	8843
8844	8845
8848	8864
8867	8870
8871	8872
8878	8879
8880	8881
8884	8885
8891	8894
8897	8902
8907	8914
8916	8917
8920	8921
8922	8923
8924	8926
8930	8931
8933	8938
8940	8942
8948	8951
8964	8965
8966	8968
8970	8972
8973	8974
8975	8977
8979	8980
8981	8983
8984	8990
8995	9005
9009	9010
9012	9014
9015	9019
9024	9025
9027	9028
9033	9035
9037	9038
9040	9041
9045	9047
9048	9049
9053	9054
9055	9056
9058	9062
9066	9068
9070	9071
9074	9075
9084	9085
9088	9091
9092	9097
9098	9099
9100	9109
9110	9112
9117	9118
9120	9121
9123	9124
9129	9130
9136	9138
9140	9141
9144	9145
9147	9148
9150	9151
9152	9153
9162	9164
9165	9172
9175	9178
9179	9183
9188	9190
9194	9196
9197	9198
9199	9200
9202	9203
9204	9208
9211	9213
9215	9219
9222	9223
9228	9230
9233	9234
9238	9239
9241	9242
9247	9250
9256	9257
9265	9268
9272	9277
9279	9281
9286	9288
9291	9293
9297	9299
9302	9305
9306	9310
9312	9313
9317	9318
9323	9328
9330	9333
9334	9337
9345	9347
9349	9350
9352	9355
9357	9358
9360	9361
9362	9363
9365	9367
9369	9370
9373	9376
9378	9379
9383	9385
9387	9393
9396	9403
9405	9414
9417	9418
9419	9420
9427	9430
9431	9432
9435	9439
9442	9444
9446	9453
9457	9459
9466	9467
9468	9471
9472	9473
9475	9481
9486	9487
9495	9499
9500	9509
9511	9513
9515	9519
9522	9523
9525	9527
9529	9530
9534	9536
9539	9542
9545	9547
9553	9554
9555	9557
9564	9567
9577	9578
9588	9589
9591	9595
9597	9598
9602	9603
9608	9609
9621	9622
9623	9625
9628	9632
9636	9637
9643	9644
9645	9646
9648	9650
9663	9664
9667	9670
9671	9673
9679	9682
9688	9693
9694	9697
9700	9708
9713	9714
9717	9722
9724	9733
9736	9738
9740	9742
9744	9745
9747	9755
9767	9772
9774	9777
9778	9781
9784	9786
9787	9789
9791	9795
9798	9800
9808	9809
9811	9813
9816	9819
9820	9821
9829	9830
9832	9833
9838	9839
9840	9843
9849	9854
9855	9856
9858	9860
9864	9865
9867	9869
9870	9871
9873	9874
9879	9883
9885	9886
9888	9889
9892	9893
9896	9897
9899	9903
9906	9911
9914	9917
9920	9921
9923	9925
9927	9937
9940	9941
9947	9949
9951	9952
9956	9958
9960	9961
9970	9978
9981	9982
9984	9985
9988	9995
9997	10000
10003	10004
10005	10007
10008	10009
10019	10020
10023	10025
10027	10031
10034	10036
10040	10043
10047	10050
10053	10054
10056	10059
10060	10062
10066	10069
10072	10075
10077	10081
10084	10088
10092	10093
10096	10101
10103	10105
10112	10113
10114	10117
10121	10129
10135	10136
10139	10141
10146	10147
10152	10153
10154	10156
10157	10158
10159	10162
10163	10166
10169	10171
10176	10177
10179	10180
10183	10184
10187	10190
10192	10194
10195	10198
10206	10207
10208	10209
10211	10219
10220	10222
10223	10227
10228	10230
10232	10233
10236	10237
10240	10242
10249	10254
10256	10257
10260	10261
10270	10271
10272	10273
10278	10279
10284	10289
10292	10294
10298	10300
10314	10317
10318	10319
10331	10333
10344	10345
10349	10350
10352	10354
10359	10360
10366	10367
10368	10369
10373	10374
10382	10385
10387	10388
10389	10391
10393	10396
10397	10400
10403	10406
10407	10409
10410	10412
10414	10419
10422	10431
10433	10436
10437	10443
10447	10451
10452	10454
10458	10461
10464	10466
10467	10469
10476	10478
10482	10483
10486	10489
10490	10492
10494	10496
10498	10503
10505	10509
10510	10513
10518	10529
10531	10532
10533	10537
10541	10544
10545	10552
10553	10556
10557	10562
10563	10564
10565	10567
10568	10571
10572	10573
10575	10580
10581	10583
10588	10589
10597	10600
10605	10606
10607	10610
10611	10614
10615	10616
10618	10619
10622	10624
10625	10628
10629	10631
10633	10634
10640	10643
10645	10646
10650	10655
10656	10658
10659	10664
10665	10666
10670	10672
10681	10683
10684	10690
10691	10696
10698	10699
10703	10705
10716	10717
10719	10720
10723	10724
10726	10727
10728	10729
10734	10735
10738	10739
10740	10741
10772	10773
10779	10782
10785	10789
10790	10791
10794	10797
10800	10805
10806	10808
10811	10813
10815	10818
10822	10828
10831	10834
10837	10839
10841	10843
10844	10849
10851	10866
10867	10876
10878	10880
10883	10886
10895	10897
10899	10901
10904	10909
10911	10912
10913	10914
10917	10918
10922	10924
10932	10933
10941	10942
10943	10945
10946	10948
10949	10954
10955	10960
10961	10969
10971	10975
10978	10979
10984	10985
10987	10988
10989	10990
10998	11006
11012	11013
11014	11020
11021	11024
11029	11030
11031	11042
11046	11048
11052	11054
11093	11094
11095	11097
11098	11111
11115	11118
11120	11123
11126	11131
11133	11135
11136	11139
11140	11142
11143	11149
11152	11155
11156	11165
11167	11169
11170	11175
11177	11178
11179	11188
11189	11193
11194	11199
11201	11203
11206	11207
11211	11212
11216	11219
11221	11222
11223	11224
11229	11234
11238	11239
11240	11245
11252	11253
11254	11255
11256	11257
11261	11264
11267	11269
11273	11274
11280	11281
11285	11286
11288	11291
11295	11297
11306	11308
11312	11314
11316	11317
11322	11325
11328	11331
11336	11338
11340	11341
11342	11344
11346	11348
11353	11359
11374	11375
11385	11386
11388	11393
11400	11403
11408	11411
11412	11413
11414	11416
11418	11419
11424	11425
11427	11428
11454	11455
11458	11459
11460	11461
11470	11473
11474	11476
11477	11482
11484	11488
11489	11492
11498	11500
11501	11503
11505	11506
11507	11509
11511	11512
11517	11518
11520	11521
11522	11527
11529	11530
11532	11535
11538	11539
11541	11548
11549	11554
11559	11564
11566	11569
11570	11571
11572	11581
11585	11587
11590	11593
11596	11598
11600	11612
11613	11617
11620	11623
11624	11630
11636	11637
11641	11642
11650	11651
11652	11653
11654	11659
11660	11661
11664	11666
11668	11673
11676	11680
11685	11689
11694	11695
11698	11699
11702	11706
11707	11709
11711	11718
11719	11723
11724	11725
11736	11739
11743	11754
11756	11758
11760	11763
11766	11769
11773	11775
11778	11781
11783	11786
11788	11792
11794	11799
11802	11805
11808	11811
11814	11815
11819	11821
11823	11825
11827	11830
11831	11836
11837	11842
11844	11846
11852	11858
11863	11865
11868	11870
11872	11874
11875	11882
11887	11889
11890	11899
11901	11903
11904	11910
11911	11912
11916	11918
11919	11921
11925	11929
11934	11942
11943	11946
11948	11953
11954	11957
11958	11962
11963	11965
11969	11974
11976	11977
11978	11979
11982	11983
11984	11986
11987	11989
11990	11992
11993	11995
11996	12003
12004	12007
12008	12010
12011	12017
12020	12022
12023	12029
12032	12036
12037	12038
12039	12046
12048	12050
12051	12056
12057	12061
12064	12067
12069	12071
12076	12077
12078	12083
12085	12088
12089	12094
12095	12097
12099	12103
12104	12106
12107	12111
12112	12115
12118	12121
12123	12126
12128	12129
12130	12131
12132	12133
12138	12141
12142	12143
12144	12147
12148	12149
12150	12153
12154	12157
12161	12169
12171	12172
12174	12176
12178	12181
12184	12185
12189	12190
12191	12194
12197	12199
12200	12201
12202	12205
12207	12209
12210	12212
12213	12215
12216	12218
12219	12223
12224	12232
12233	12235
12236	12238
12239	12242
12243	12244
12245	12248
12251	12255
12260	12262
12263	12265
12266	12271
12272	12274
12275	12277
12278	12283
12284	12289
12291	12292
12294	12296
12299	12304
12305	12308
12309	12314
12315	12316
12317	12323
12324	12326
12327	12328
12329	12337
12339	12340
12341	12344
12345	12347
12349	12353
12357	12358
12360	12361
12367	12368
12371	12376
12378	12386
12390	12393
12396	12398
12402	12403
12405	12407
12416	12418
12419	12423
12424	12425
12428	12429
12430	12431
12432	12433
12434	12438
12439	12441
12443	12447
12448	12458
12459	12463
12464	12468
12474	12478
12479	12483
12484	12485
12486	12489
12490	12494
12496	12497
12502	12507
12515	12519
12520	12522
12523	12528
12529	12531
12532	12534
12536	12537
12539	12540
12541	12543
12544	12546
12547	12549
12550	12552
12554	12558
12576	12577
12584	12587
12589	12591
12595	12598
12607	12617
12620	12623
12632	12635
12636	12637
12639	12641
12642	12643
12648	12650
12653	12656
12660	12662
12663	12664
12665	12668
12670	12673
12676	12683
12690	12691
12693	12697
12698	12700
12703	12706
12708	12710
12713	12716
12718	12724
12726	12727
12728	12733
12734	12736
12737	12742
12743	12745
12748	12752
12753	12754
12756	12757
12759	12761
12765	12767
12768	12769
12770	12775
12776	12778
12782	12786
12787	12790
12792	12793
12794	12796
12800	12802
12804	12807
12811	12812
12814	12819
12820	12821
12822	12826
12828	12831
12832	12834
12835	12841
12844	12846
12847	12849
12852	12855
12858	12861
12862	12867
12868	12873
12876	12879
12882	12884
12889	12890
12891	12899
12902	12903
12906	12911
12914	12918
12922	12923
12933	12934
12948	12949
12950	12951
12956	12957
12958	12961
12962	12964
12966	12967
12969	12970
12972	12974
12976	12981
12983	12991
12995	12997
12998	13000
13018	13021
13025	13029
13032	13033
13046	13053
13055	13057
13059	13060
13061	13062
13063	13067
13071	13072
13075	13076
13078	13079
13081	13082
13092	13095
13096	13097
13100	13101
13104	13105
13116	13117
13119	13120
13125	13127
13135	13138
13140	13141
13144	13146
13148	13150
13154	13156
13160	13165
13171	13174
13180	13182
13184	13186
13188	13190
13193	13196
13200	13204
13207	13213
13216	13218
13220	13222
13223	13227
13231	13233
13235	13238
13243	13247
13250	13252
13254	13255
13259	13261
13263	13265
13267	13269
13271	13273
13296	13297
13304	13355
13364	13369
13388	13389
13390	13395
13402	13404
13415	13418
13420	13422
13424	13427
13431	13432
13435	13436
13449	13454
13464	13465
13471	13472
13475	13476
13483	13484
13490	13491
13500	13503
13512	13513
13521	13523
13525	13526
13528	13529
13533	13535
13537	13538
13539	13540
13543	13544
13548	13550
13587	13589
13596	13597
13603	13604
13605	13607
13608	13610
13611	13613
13614	13616
13618	13619
13620	13624
13632	13634
13637	13638
13639	13641
13644	13645
13656	13658
13669	13670
13684	13685
13687	13691
13692	13694
13695	13697
13698	13704
13707	13709
13713	13717
13719	13722
13724	13727
13730	13732
13733	13739
13746	13750
13751	13752
13753	13754
13755	13756
13757	13763
13764	13768
13769	13773
13776	13777
13778	13781
13787	13789
13790	13793
13794	13797
13809	13811
13830	13832
13835	13836
13838	13840
13841	13844
13845	13850
13851	13853
13855	13857
13859	13861
13862	13868
13869	13873
13875	13877
13878	13879
13880	13883
13885	13886
13887	13889
13890	13892
13893	13899
13900	13904
13907	13914
13918	13921
13925	13926
13930	13931
13932	13933
13938	13939
13940	13941
13944	13945
13951	13957
13960	13961
13963	13965
13974	13975
13977	13978
13979	13984
13985	13987
13989	13991
13993	13994
13997	13998
14001	14005
14009	14010
14011	14014
14016	14019
14021	14022
14026	14030
14035	14037
14045	14046
14047	14049
14051	14052
14057	14059
14062	14064
14066	14067
14069	14070
14071	14073
14074	14077
14086	14089
14096	14097
14099	14101
14107	14110
14112	14115
14116	14118
14119	14121
14122	14123
14124	14128
14130	14133
14134	14139
14143	14151
14152	14154
14156	14157
14160	14163
14165	14166
14172	14174
14178	14179
14183	14184
14201	14203
14206	14208
14212	14213
14217	14219
14224	14225
14230	14233
14236	14238
14243	14245
14250	14252
14256	14257
14260	14261
14262	14264
14265	14266
14267	14269
14271	14272
14274	14275
14277	14279
14280	14281
14282	14285
14288	14293
14294	14296
14300	14303
14305	14309
14310	14311
14312	14313
14316	14317
14320	14321
14326	14327
14331	14333
14334	14339
14341	14345
14349	14353
14355	14357
14361	14366
14368	14369
14370	14373
14375	14378
14380	14382
14385	14386
14387	14389
14391	14394
14395	14399
14401	14405
14408	14409
14411	14412
14415	14416
14418	14421
14424	14425
14428	14430
14433	14436
14446	14448
14455	14458
14462	14463
14464	14466
14480	14482
14485	14486
14491	14492
14498	14500
14502	14503
14507	14509
14512	14514
14516	14521
14525	14530
14532	14533
14544	14546
14548	14557
14558	14559
14560	14563
14568	14571
14572	14574
14578	14582
14584	14586
14589	14591
14592	14594
14597	14600
14602	14603
14605	14608
14612	14613
14615	14618
14620	14622
14625	14627
14630	14633
14635	14639
14641	14645
14649	14651
14658	14660
14661	14663
14664	14666
14667	14669
14670	14671
14673	14675
14677	14678
14684	14689
14691	14696
14698	14701
14703	14708
14710	14711
14712	14715
14718	14719
14722	14723
14724	14728
14730	14732
14736	14737
14739	14746
14759	14764
14768	14769
14771	14776
14781	14783
14784	14786
14787	14789
14796	14798
14800	14802
14805	14808
14813	14814
14817	14822
14832	14841
14844	14851
14855	14859
14860	14861
14866	14871
14872	14873
14877	14878
14880	14881
14883	14888
14893	14894
14896	14897
14902	14903
14904	14905
14912	14913
14914	14920
14922	14924
14925	14929
14930	14934
14937	14939
14944	14946
14950	14957
14968	14971
14974	14979
14980	14983
14988	14989
14997	14998
15000	15002
15021	15022
15026	15028
15032	15033
15034	15037
15041	15043
15045	15046
15048	15049
15060	15061
15064	15066
15071	15073
15075	15076
15077	15078
15079	15080
15083	15084
15087	15089
15092	15102
15105	15108
15111	15112
15113	15114
15116	15117
15122	15123
15124	15126
15127	15130
15131	15135
15140	15141
15143	15147
15156	15159
15163	15164
15166	15171
15178	15180
15181	15183
15184	15186
15187	15189
15190	15193
15195	15196
15197	15199
15201	15204
15208	15209
15210	15213
15216	15219
15229	15230
15235	15236
15239	15240
15245	15247
15249	15251
15255	15259
15264	15266
15267	15270
15272	15273
15274	15275
15276	15277
15280	15287
15289	15291
15293	15294
15300	15304
15306	15307
15309	15317
15322	15326
15331	15334
15340	15341
15360	15361
15367	15368
15369	15371
15377	15379
15380	15381
15382	15384
15386	15388
15392	15395
15397	15401
15403	15406
15408	15410
15413	15419
15422	15425
15428	15430
15432	15434
15436	15440
15446	15447
15449	15452
15456	15457
15460	15462
15467	15469
15471	15473
15478	15479
15482	15483
15484	15486
15488	15489
15490	15493
15498	15503
15504	15506
15509	15511
15513	15515
15516	15519
15523	15524
15525	15527
15532	15533
15536	15537
15538	15541
15557	15559
15563	15567
15571	15573
15575	15577
15586	15590
15592	15594
15599	15602
15607	15609
15617	15620
15621	15622
15623	15629
15632	15635
15640	15648
15650	15654
15656	15661
15663	15667
15672	15673
15678	15679
15680	15682
15683	15685
15688	15689
15691	15695
15698	15705
15706	15710
15712	15718
15719	15721
15722	15724
15725	15727
15728	15731
15732	15739
15742	15743
15744	15746
15748	15751
15752	15754
15756	15757
15765	15769
15770	15774
15776	15782
15785	15787
15788	15790
15791	15793
15797	15799
15802	15804
15809	15812
15816	15818
15828	15832
15833	15842
15843	15848
15849	15853
15854	15857
15864	15865
15866	15869
15871	15872
15875	15878
15880	15881
15884	15885
15889	15890
15895	15897
15900	15901
15906	15907
15916	15917
15922	15925
15930	15931
15932	15934
15935	15937
15941	15950
15951	15952
15954	15959
15961	15963
15982	15986
15990	15991
15992	15993
15996	15997
15999	16003
16005	16017
16018	16020
16022	16024
16026	16030
16031	16033
16034	16036
16037	16040
16042	16047
16048	16052
16055	16057
16060	16061
16066	16067
16068	16069
16072	16074
16077	16078
16080	16083
16086	16087
16091	16097
16108	16112
16126	16127
16128	16129
16130	16131
16139	16144
16152	16153
16156	16159
16162	16163
16164	16167
16170	16171
16174	16178
16186	16189
16193	16194
16196	16198
16199	16203
16205	16209
16212	16215
16216	16217
16222	16225
16227	16230
16232	16233
16236	16237
16239	16244
16248	16249
16267	16272
16274	16287
16288	16298
16300	16319
16320	16321
16327	16359
16362	16364
16368	16370
16373	16377
16379	16382
16384	16385
16391	16396
16397	16401
16402	16413
16415	16417
16420	16423
16428	16429
16434	16435
16437	16438
16441	16442
16450	16454
16456	16457
16459	16460
16461	16463
16467	16469
16475	16484
16488	16489
16490	16493
16496	16503
16505	16508
16509	16513
16515	16519
16520	16522
16524	16526
16527	16532
16541	16551
16561	16562
16564	16566
16583	16586
16591	16592
16601	16602
16608	16609
16611	16613
16620	16621
16644	16645
16668	16669
16680	16681
16728	16729
16743	16744
16751	16753
16766	16767
16776	16778
16785	16786
16791	16794
16799	16802
16804	16806
16809	16818
16822	16827
16829	16834
16835	16837
16844	16847
16850	16853
16857	16859
16862	16865
16871	16873
16876	16878
16884	16887
16889	16892
16895	16900
16934	16957
16963	16988
17000	17002
17004	17008
17012	17013
17014	17016
17018	17019
17021	17022
17025	17026
17032	17033
17036	17037
17113	17114
17118	17120
17124	17126
17129	17131
17134	17136
17145	17147
17161	17166
17173	17175
17178	17180
17192	17194
17198	17200
17220	17222
17227	17229
17232	17233
17236	17238
17247	17250
17251	17253
17254	17261
17266	17267
17280	17283
17290	17291
17293	17296
17297	17301
17302	17306
17312	17314
17315	17317
17318	17322
17323	17326
17328	17329
17330	17332
17333	17334
17336	17338
17339	17341
17343	17346
17347	17350
17351	17353
17354	17356
17358	17359
17360	17365
17366	17368
17370	17372
17374	17375
17376	17377
17379	17381
17387	17392
17399	17401
17402	17403
17404	17407
17409	17410
17411	17413
17414	17418
17419	17420
17421	17422
17423	17428
17431	17433
17434	17437
17439	17440
17441	17442
17443	17449
17450	17455
17456	17457
17459	17461
17465	17467
17472	17473
17474	17478
17479	17481
17483	17485
17489	17491
17496	17497
17499	17501
17502	17505
17508	17510
17512	17521
17523	17526
17527	17529
17532	17534
17552	17553
17555	17557
17558	17560
17561	17563
17565	17569
17570	17572
17574	17575
17576	17578
17579	17586
17587	17590
17593	17596
17598	17602
17603	17608
17611	17613
17614	17615
17620	17622
17623	17625
17633	17638
17646	17650
17655	17656
17657	17659
17663	17664
17669	17671
17672	17677
17679	17683
17687	17689
17693	17695
17699	17703
17705	17707
17736	17737
17738	17741
17745	17746
17748	17749
17754	17755
17759	17761
17765	17767
17768	17770
17771	17776
17781	17784
17786	17788
17792	17793
17795	17797
17799	17802
17808	17811
17817	17819
17820	17823
17826	17827
17833	17834
17836	17840
17846	17848
17849	17851
17853	17854
17855	17857
17859	17860
17863	17869
17874	17876
17878	17879
17880	17882
17887	17888
17899	17902
17906	17909
17911	17912
17913	17914
17916	17921
17924	17925
17928	17929
17930	17933
17938	17939
17940	17942
17950	17953
17968	17971
17974	17977
17980	17983
17986	17988
17998	18001
18002	18003
18004	18010
18011	18019
18027	18029
18031	18034
18035	18037
18041	18043
18045	18048
18060	18062
18069	18071
18076	18077
18082	18083
18085	18087
18096	18097
18099	18101
18102	18104
18105	18107
18108	18111
18113	18115
18120	18122
18123	18126
18128	18133
18136	18138
18141	18145
18147	18149
18153	18157
18159	18160
18163	18166
18168	18169
18171	18172
18173	18174
18175	18177
18178	18185
18186	18190
18192	18201
18203	18206
18208	18210
18211	18219
18221	18230
18233	18234
18240	18243
18244	18245
18246	18254
18255	18258
18260	18261
18263	18266
18282	18283
18300	18303
18305	18306
18310	18313
18316	18319
18322	18328
18330	18332
18336	18341
18345	18346
18348	18350
18351	18353
18357	18362
18364	18367
18368	18374
18376	18379
18380	18381
18384	18387
18393	18400
18404	18406
18408	18413
18415	18420
18421	18423
18424	18425
18429	18430
18434	18436
18437	18439
18448	18449
18452	18453
18456	18459
18465	18466
18467	18471
18482	18486
18490	18494
18496	18502
18504	18505
18512	18513
18519	18522
18525	18527
18530	18533
18535	18542
18543	18549
18561	18562
18563	18568
18569	18574
18575	18577
18579	18587
18601	18604
18613	18615
18622	18623
18624	18626
18630	18631
18633	18637
18642	18644
18653	18654
18658	18660
18661	18663
18667	18670
18683	18684
18691	18694
18696	18697
18707	18716
18718	18721
18722	18727
18729	18731
18734	18736
18744	18745
18747	18748
18752	18755
18756	18757
18765	18766
18767	18770
18771	18775
18777	18778
18779	18782
18785	18788
18790	18796
18797	18800
18804	18805
18806	18812
18818	18820
18821	18824
18827	18830
18832	18834
18844	18846
18849	18855
18862	18866
18885	18887
18888	18889
18894	18895
18896	18897
18902	18903
18907	18908
18945	18947
18970	18971
18973	18975
18976	18978
18984	18985
18986	18988
18991	18997
19005	19009
19012	19013
19014	19016
19020	19021
19024	19025
19027	19028
19030	19033
19035	19037
19038	19040
19043	19045
19047	19049
19054	19055
19056	19060
19063	19071
19074	19077
19079	19081
19086	19087
19091	19093
19097	19102
19103	19108
19113	19117
19121	19123
19125	19127
19128	19131
19133	19134
19135	19137
19142	19144
19148	19153
19154	19157
19162	19163
19165	19167
19169	19173
19176	19178
19179	19182
19183	19185
19187	19191
19195	19196
19198	19204
19205	19206
19211	19212
19213	19214
19216	19222
19224	19226
19231	19234
19243	19246
19248	19249
19250	19254
19256	19264
19269	19270
19272	19274
19278	19280
19287	19292
19302	19303
19309	19311
19316	19318
19320	19321
19326	19327
19329	19331
19335	19339
19342	19343
19344	19345
19350	19351
19352	19355
19356	19357
19359	19361
19363	19369
19402	19403
19405	19407
19413	19422
19427	19428
19430	19431
19436	19437
19440	19441
19444	19445
19448	19450
19451	19453
19454	19456
19464	19466
19467	19468
19469	19475
19477	19478
19479	19480
19481	19486
19488	19490
19491	19493
19494	19496
19497	19499
19500	19502
19503	19505
19508	19510
19511	19514
19515	19518
19520	19527
19528	19529
19530	19533
19534	19538
19539	19540
19541	19545
19546	19551
19556	19559
19560	19562
19564	19565
19568	19570
19571	19577
19581	19585
19586	19587
19588	19591
19592	19602
19603	19604
19610	19613
19615	19619
19624	19638
19642	19649
19650	19652
19656	19657
19659	19665
19666	19670
19672	19673
19674	19678
19679	19681
19682	19686
19688	19691
19693	19694
19695	19697
19699	19701
19702	19703
19705	19706
19707	19713
19714	19717
19718	19722
19723	19724
19726	19727
19728	19730
19731	19733
19735	19742
19745	19747
19749	19758
19761	19762
19764	19765
19766	19769
19770	19772
19774	19775
19779	19781
19783	19786
19799	19801
19803	19804
19807	19810
19812	19813
19814	19819
19821	19823
19830	19837
19839	19841
19845	19847
19850	19852
19857	19862
19864	19866
19868	19869
19870	19874
19876	19877
19880	19882
19884	19885
19887	19889
19894	19897
19900	19901
19904	19906
19908	19910
19911	19913
19919	19921
19923	19925
19926	19927
19928	19930
19932	19933
19941	19945
19948	19955
19956	19966
19971	19973
19974	19982
19984	19985
19989	19993
19996	19997
19998	19999
20000	20002
20003	20006
20007	20008
20010	20011
20013	20017
20021	20023
20027	20029
20031	20035
20037	20041
20043	20047
20049	20054
20100	20101
20136	20138
20141	20142
20146	20148
20150	20152
20155	20158
20160	20163
20166	20167
20170	20174
20178	20180
20187	20188
20194	20197
20200	20202
20206	20213
20214	20215
20216	20217
20220	20223
20226	20228
20232	20234
20236	20237
20238	20240
20244	20247
20250	20254
20255	20259
20264	20269
20271	20273
20274	20279
20282	20286
20291	20293
20294	20296
20297	20298
20304	20305
20307	20308
20310	20311
20312	20314
20316	20317
20324	20328
20332	20335
20337	20338
20339	20341
20345	20347
20354	20359
20363	20365
20366	20367
20369	20372
20373	20381
20382	20394
20396	20397
20398	20404
20405	20410
20412	20415
20416	20417
20419	20422
20423	20427
20428	20437
20438	20439
20440	20443
20445	20449
20450	20452
20453	20455
20460	20462
20463	20464
20467	20473
20474	20476
20479	20483
20484	20489
20494	20502
20506	20509
20512	20515
20521	20526
20527	20530
20534	20536
20540	20543
20546	20547
20548	20554
20555	20560
20562	20567
20568	20570
20571	20573
20574	20575
20579	20590
20592	20596
20598	20607
20610	20615
20619	20633
20636	20639
20640	20642
20644	20645
20648	20650
20652	20655
20656	20660
20662	20669
20671	20673
20674	20675
20677	20679
20680	20683
20684	20687
20699	20704
20705	20707
20708	20710
20712	20716
20719	20722
20724	20726
20730	20731
20735	20737
20749	20750
20760	20761
20762	20764
20765	20767
20768	20774
20775	20776
20777	20780
20783	20784
20789	20791
20793	20797
20800	20801
20805	20809
20810	20811
20820	20821
20851	20852
20880	20881
20933	20934
20940	20941
20943	20945
20950	20954
20955	20956
20958	20959
20961	20963
20966	20968
20970	20972
20974	20979
20982	20983
20986	20994
21001	21002
21003	21006
21008	21014
21020	21033
21035	21040
21043	21044
21046	21049
21051	21062
21069	21083
21091	21092
21095	21097
21102	21104
21106	21109
21111	21114
21115	21116
21120	21121
21132	21133
21135	21136
21137	21138
21139	21142
21143	21145
21146	21148
21149	21161
21162	21163
21165	21167
21170	21173
21175	21176
21177	21178
21180	21185
21186	21187
21188	21189
21190	21194
21195	21204
21206	21211
21213	21214
21215	21218
21220	21223
21225	21226
21229	21230
21232	21233
21235	21238
21239	21242
21245	21246
21249	21253
21258	21259
21260	21263
21264	21268
21272	21274
21275	21277
21279	21283
21284	21290
21293	21297
21299	21307
21308	21313
21315	21319
21320	21325
21327	21328
21329	21331
21332	21335
21336	21337
21338	21340
21341	21343
21345	21346
21347	21350
21352	21357
21361	21362
21363	21364
21366	21369
21370	21377
21378	21379
21380	21383
21384	21386
21387	21389
21390	21394
21395	21402
21405	21410
21413	21416
21419	21422
21425	21428
21433	21440
21444	21446
21448	21454
21458	21460
21461	21467
21472	21478
21480	21481
21482	21485
21487	21490
21492	21494
21496	21499
21503	21505
21510	21511
21512	21516
21517	21521
21525	21527
21528	21529
21530	21535
21538	21541
21546	21547
21548	21550
21553	21554
21561	21562
21570	21571
21572	21575
21591	21592
21593	21594
21600	21604
21606	21609
21611	21613
21619	21620
21624	21628
21629	21634
21636	21637
21638	21642
21648	21649
21653	21654
21660	21662
21665	21673
21674	21678
21681	21682
21684	21685
21688	21690
21691	21694
21696	21700
21704	21706
21708	21712
21715	21721
21723	21726
21728	21733
21734	21737
21740	21744
21748	21753
21755	21760
21761	21765
21770	21772
21780	21781
21783	21784
21785	21789
21791	21794
21797	21801
21803	21818
21820	21821
21822	21824
21826	21829
21831	21832
21841	21843
21844	21846
21847	21852
21860	21868
21872	21876
21882	21883
21885	21889
21890	21891
21893	21898
21900	21903
21905	21907
21910	21915
21918	21921
21922	21925
21928	21933
21935	21939
21945	21954
21960	21966
21968	21973
21975	21977
21980	21981
21983	21985
21986	21992
21994	21997
22005	22007
22009	22010
22021	22024
22027	22028
22029	22030
22031	22035
22044	22045
22047	22049
22052	22057
22060	22064
22066	22071
22072	22079
22082	22084
22086	22087
22090	22091
22096	22101
22104	22106
22113	22114
22116	22117
22119	22123
22124	22126
22128	22130
22131	22137
22139	22142
22144	22148
22150	22151
22152	22154
22159	22161
22162	22163
22164	22167
22169	22174
22176	22177
22178	22180
22187	22190
22198	22199
22212	22213
22228	22229
22230	22234
22235	22237
22241	22242
22244	22246
22247	22250
22252	22254
22264	22266
22269	22270
22272	22274
22275	22277
22282	22283
22289	22290
22293	22295
22303	22305
22306	22308
22310	22314
22316	22319
22322	22325
22327	22331
22332	22333
22335	22336
22340	22341
22344	22345
22352	22353
22354	22357
22358	22362
22365	22367
22368	22370
22372	22375
22380	22384
22386	22391
22398	22399
22401	22402
22416	22417
22428	22429
22430	22433
22437	22438
22439	22444
22447	22451
22455	22457
22461	22463
22465	22469
22471	22474
22485	22486
22512	22514
22518	22520
22524	22526
22531	22534
22536	22537
22538	22540
22544	22545
22548	22549
22555	22563
22565	22566
22570	22574
22575	22578
22583	22593
22595	22598
22605	22607
22609	22612
22614	22615
22619	22621
22623	22624
22626	22629
22633	22634
22643	22644
22647	22655
22657	22658
22660	22661
22662	22664
22668	22669
22671	22673
22690	22692
22698	22703
22704	22705
22710	22717
22719	22720
22721	22722
22726	22733
22734	22737
22739	22742
22744	22745
22748	22750
22752	22753
22755	22760
22764	22766
22769	22771
22772	22773
22782	22784
22785	22786
22801	22804
22806	22807
22809	22811
22812	22813
22824	22826
22834	22835
22836	22837
22839	22840
22842	22844
22847	22848
22850	22852
22855	22861
22862	22865
22868	22870
22872	22874
22877	22880
22883	22884
22887	22895
22898	22899
22900	22901
22902	22903
22906	22907
22908	22909
22911	22918
22922	22924
22929	22931
22934	22936
22945	22947
22950	22952
22965	22977
22979	22981
22983	22987
22989	22999
23016	23018
23021	23022
23024	23032
23034	23035
23044	23045
23048	23049
23051	23054
23055	23057
23059	23063
23064	23065
23066	23073
23076	23077
23079	23080
23082	23085
23087	23092
23093	23096
23100	23104
23106	23107
23108	23109
23110	23115
23117	23118
23120	23121
23125	23127
23129	23132
23139	23143
23146	23147
23148	23151
23152	23161
23163	23165
23168	23171
23175	23176
23179	23185
23188	23192
23194	23198
23201	23204
23210	23212
23218	23219
23220	23221
23224	23225
23231	23233
23244	23261
23264	23269
23271	23273
23274	23281
23288	23290
23292	23296
23300	23305
23310	23315
23321	23322
23323	23326
23331	23333
23335	23337
23340	23342
23347	23349
23351	23353
23360	23365
23367	23379
23383	23386
23395	23407
23411	23413
23415	23416
23417	23419
23421	23423
23424	23426
23430	23431
23432	23434
23436	23442
23447	23451
23453	23454
23460	23464
23467	23469
23471	23474
23478	23482
23486	23487
23488	23491
23493	23494
23496	23497
23502	23503
23505	23506
23508	23509
23511	23513
23517	23518
23521	23522
23524	23525
23532	23534
23539	23542
23544	23545
23553	23555
23556	23558
23559	23560
23561	23564
23565	23567
23571	23573
23574	23579
23581	23582
23583	23584
23586	23591
23595	23596
23598	23600
23602	23603
23604	23605
23608	23610
23620	23623
23625	23632
23635	23638
23640	23641
23643	23644
23647	23650
23655	23659
23667	23670
23676	23677
23678	23679
23683	23689
23691	23703
23705	23709
23712	23713
23715	23720
23722	23725
23729	23733
23735	23739
23741	23742
23748	23749
23755	23756
23759	23762
23771	23772
23776	23777
23778	23781
23782	23784
23785	23786
23796	23797
23800	23806
23808	23809
23816	23817
23819	23823
23825	23827
23829	23830
23834	23836
23838	23847
23850	23852
23854	23862
23869	23870
23875	23876
23880	23881
23886	23887
23891	23893
23897	23898
23900	23901
23904	23905
23907	23911
23915	23918
23922	23924
23927	23929
23931	23933
23935	23938
23940	23941
23942	23943
23946	23949
23952	23953
23957	23961
23964	23967
23968	23969
23972	23973
23977	23979
23981	23982
23984	23985
23988	23990
23991	23993
23997	23998
24004	24007
24008	24019
24021	24028
24031	24033
24034	24037
24039	24041
24042	24044
24048	24051
24052	24054
24057	24058
24060	24061
24062	24064
24073	24076
24077	24079
24080	24081
24082	24087
24088	24091
24092	24101
24102	24104
24108	24112
24115	24118
24120	24124
24128	24134
24138	24142
24144	24148
24157	24158
24159	24170
24172	24174
24178	24181
24184	24188
24191	24198
24203	24215
24217	24222
24226	24227
24228	24233
24235	24238
24240	24242
24244	24246
24249	24251
24256	24257
24258	24259
24264	24265
24267	24269
24271	24272
24274	24275
24276	24278
24279	24283
24286	24289
24292	24296
24299	24301
24304	24305
24308	24310
24311	24313
24314	24319
24321	24324
24325	24327
24329	24333
24334	24339
24340	24344
24346	24348
24349	24350
24351	24362
24364	24365
24368	24369
24370	24374
24375	24381
24385	24386
24387	24390
24392	24398
24400	24402
24404	24405
24406	24409
24415	24420
24421	24422
24423	24426
24429	24431
24432	24434
24436	24437
24440	24446
24449	24455
24456	24458
24461	24466
24467	24469
24470	24471
24479	24481
24484	24486
24493	24496
24497	24503
24508	24511
24514	24515
24516	24518
24520	24523
24526	24533
24535	24543
24545	24546
24548	24549
24550	24553
24558	24559
24561	24562
24564	24565
24568	24570
24573	24574
24578	24579
24588	24595
24596	24598
24599	24603
24604	24611
24612	24619
24621	24622
24623	24631
24650	24651
24655	24658
24660	24669
24670	24673
24677	24678
24679	24682
24683	24685
24686	24687
24689	24693
24694	24697
24698	24699
24701	24703
24704	24706
24708	24712
24713	24714
24715	24716
24717	24723
24724	24728
24729	24731
24732	24737
24738	24740
24742	24743
24744	24748
24750	24753
24754	24757
24758	24759
24760	24766
24768	24770
24774	24775
24777	24778
24779	24781
24783	24784
24786	24796
24798	24799
24809	24811
24813	24818
24820	24821
24828	24830
24835	24836
24837	24840
24843	24844
24846	24848
24876	24877
24902	24903
24912	24913
24930	24931
24936	24937
24952	24953
24958	24961
24967	24969
24972	24974
24976	24978
24980	24982
24984	24985
24987	24988
24990	24992
24997	24999
25000	25003
25008	25012
25016	25017
25018	25023
25026	25029
25030	25041
25045	25046
25047	25049
25051	25052
25055	25059
25060	25063
25065	25069
25071	25078
25080	25082
25087	25088
25089	25093
25097	25098
25100	25101
25104	25111
25113	25115
25116	25119
25121	25126
25128	25129
25130	25133
25142	25143
25147	25148
25152	25157
25163	25164
25169	25179
25187	25192
25194	25196
25199	25202
25207	25211
25224	25225
25273	25274
25284	25285
25320	25321
25344	25345
25350	25351
25428	25429
25440	25441
25468	25470
25472	25473
25476	25477
25486	25487
25495	25497
25507	25508
25512	25513
25524	25525
25536	25537
25554	25555
25556	25558
25560	25561
25562	25563
25565	25566
25572	25577
25584	25585
25596	25597
25603	25604
25608	25609
25620	25621
25648	25649
25650	25654
25656	25657
25665	25666
25668	25669
25684	25687
25692	25693
25704	25705
25754	25755
25764	25765
