0
1
2
3
4
5
6
7
8
9
10
11
12
13
14
15
16
17
18
19
20
21
31
33
34
35
36
37
38
39
40
41
42
43
44
45
46
47
48
49
50
51
52
53
54
55
56
57
58
59
60
61
62
63
64
65
66
67
68
69
70
71
72
73
74
75
76
77
78
79
80
81
82
83
84
99
100
101
102
103
104
105
106
107
108
109
110
111
112
113
114
115
116
117
118
119
120
121
122
123
128
129
130
131
132
133
134
135
136
137
138
139
140
141
142
143
144
145
146
147
148
149
150
151
152
153
154
155
156
157
158
159
162
190
191
192
193
194
195
196
197
198
199
200
201
202
203
204
205
206
207
208
209
210
211
212
220
221
222
223
224
225
226
227
228
229
230
231
232
233
234
235
236
237
246
268
269
270
271
272
273
291
301
302
303
304
305
306
307
308
309
310
311
312
313
314
315
316
317
318
319
399
400
403
411
412
413
414
415
416
417
418
429
430
431
432
433
434
435
436
454
455
473
474
495
496
497
498
646
651
652
653
654
655
656
684
685
686
712
713
784
787
789
790
791
792
793
794
862
863
891
892
893
894
895
896
897
898
899
924
925
926
952
978
979
1039
1040
1041
1042
1043
1044
1052
1053
1054
1055
1056
1150
1151
1152
1153
1154
1155
1178
1190
1191
1192
1197
1222
1223
1224
1225
1226
1227
1228
1229
1230
1231
1232
1233
1234
1235
1236
1237
1238
1239
1247
1249
1250
1263
1265
1266
1267
1268
1280
1281
1282
1283
1284
1285
1286
1287
1288
1289
1290
1291
1292
1293
1294
1297
1298
1299
1300
1301
1302
1303
1304
1305
1306
1307
1308
1309
1310
1311
1312
1317
1318
1319
1329
1330
1331
1333
1334
1335
1372
1386
1408
1424
1425
1426
1427
1428
1455
1460
1461
1462
1481
1482
1483
1501
1502
1503
1504
1505
1536
1537
1538
1539
1540
1541
1542
1544
1550
1551
1559
1560
1562
1572
1573
1583
1584
1585
1586
1587
1606
1607
1608
1628
1629
1630
1631
1632
1633
1634
1635
1636
1637
1647
1648
1649
1650
1651
1652
1653
1654
1655
1656
1657
1658
1659
1660
1661
1662
1663
1664
1665
1666
1667
1668
1669
1672
1691
1692
1693
1701
1702
1703
1704
1775
1776
1777
1783
1784
1785
1786
1787
1788
1789
1790
1791
1792
1793
1794
1795
1796
1797
1798
1799
1800
1801
1832
1896
1898
1899
1902
1917
2008
2009
2011
2012
2030
2040
2041
2042
2043
2044
2126
2178
2350
2417
2418
2445
2446
2447
2448
2449
2450
2451
2452
2453
2454
2455
2456
2479
2480
2481
2482
2483
2484
2485
2486
2492
2493
2502
2503
2504
2505
2602
2603
2604
2627
2628
2629
2631
2640
2738
2739
2742
2743
2744
2745
2746
2747
2748
2749
2750
2751
2752
2753
2754
2786
2787
2789
2790
2791
2792
2793
2794
2795
2850
2851
2852
2853
2854
2864
2865
2866
2867
2868
2883
2884
2885
2886
2887
2888
2889
2890
2891
2892
2893
2984
2985
2986
2987
2988
2989
2990
2991
3036
3037
3038
3039
3057
3058
3060
3066
3067
3089
3090
3091
3092
3093
3094
3095
3096
3097
3098
3099
3100
3107
3108
3109
3110
3111
3112
3119
3128
3129
3130
3131
3132
3133
3134
3135
3136
3137
3138
3139
3140
3141
3142
3143
3144
3145
3146
3147
3148
3168
3169
3170
3171
3172
3178
3179
3180
3181
3182
3183
3184
3185
3186
3187
3188
3189
3190
3191
3192
3193
3194
3195
3196
3197
3205
3223
3224
3225
3226
3227
3228
3229
3230
3231
3232
3233
3234
3235
3236
3237
3238
3239
3240
3241
3242
3243
3244
3245
3246
3247
3248
3249
3250
3251
3252
3253
3254
3255
3256
3257
3258
3259
3260
3261
3262
3263
3264
3265
3266
3267
3268
3269
3270
3271
3272
3273
3274
3275
3276
3277
3278
3279
3280
3281
3282
3283
3284
3285
3286
3287
3288
3289
3290
3291
3292
3293
3294
3295
3296
3297
3298
3299
3300
3301
3302
3303
3304
3305
3306
3307
3308
3309
3310
3311
3359
3360
3361
3362
3363
3383
3384
3394
3395
3396
3436
3469
3470
3471
3472
3473
3474
3475
3476
3477
3478
3479
3480
3481
3482
3483
3484
3485
3486
3487
3488
3489
3490
3516
3520
3521
3522
3538
3539
3540
3541
3542
3543
3544
3545
3546
3547
3548
3549
3550
3551
3552
3553
3554
3555
3556
3557
3558
3559
3560
3561
3562
3563
3564
3565
3566
3567
3568
3569
3570
3571
3572
3573
3574
3575
3576
3577
3578
3579
3580
3581
3582
3583
3584
3585
3586
3587
3588
3589
3590
3591
3592
3593
3594
3595
3596
3597
3598
3612
3668
3669
3795
3796
3797
3798
3799
3800
3801
3802
3803
3804
3805
3806
3807
3808
3809
3810
3811
3812
3813
3814
3815
3816
3817
3818
3819
3820
3821
3822
3823
3824
3825
3826
3827
3828
3829
3830
3839
3840
3841
3842
3843
3844
3845
3846
3847
3866
3867
3915
3964
3965
3966
3967
3968
3969
3970
3971
3972
3973
3974
3975
3976
3977
3978
3979
3980
3981
3982
3983
3984
3985
3986
3987
3988
3989
3990
3991
3992
3993
3994
3995
3996
3997
4067
4068
4069
4070
4071
4072
4073
4074
4075
4143
4157
4158
4159
4160
4161
4162
4163
4164
4172
4173
4175
4176
4177
4178
4187
4188
4189
4190
4191
4192
4193
4194
4195
4196
4197
4200
4211
4212
4213
4214
4215
4216
4225
4226
4227
4228
4229
4231
4237
4238
4239
4240
4241
4242
4243
4244
4245
4274
4286
4287
4288
4289
4290
4291
4292
4293
4294
4295
4297
4300
4301
4302
4303
4304
4305
4314
4333
4334
4335
4336
4337
4338
4339
4340
4341
4342
4343
4344
4345
4346
4347
4348
4349
4350
4351
4352
4353
4354
4355
4356
4357
4358
4359
4360
4361
4362
4363
4364
4365
4366
4367
4368
4369
4370
4371
4372
4373
4374
4375
4376
4377
4378
4379
4380
4381
4382
4383
4384
4385
4386
4387
4388
4389
4390
4391
4392
4393
4394
4395
4396
4397
4398
4399
4400
4401
4402
4403
4404
4405
4406
4407
4408
4413
4425
4428
4461
4462
4471
4472
4473
4474
4475
4483
4484
4485
4486
4487
4488
4489
4490
4491
4492
4508
4509
4510
4511
4560
4561
4562
4576
4577
4578
4579
4580
4581
4582
4583
4584
4585
4586
4587
4588
4589
4590
4591
4592
4615
4616
4617
4618
4619
4620
4621
4656
4657
4658
4659
4660
4661
4685
4686
4687
4688
4689
4690
4691
4692
4693
4704
4705
4706
4707
4708
4709
4716
4717
4718
4719
4720
4721
4722
4723
4726
4734
4735
4736
4737
4738
4739
4797
4798
4799
4800
4801
4802
4824
4825
4826
4827
4828
4829
4830
4831
4836
4837
4838
4839
4840
4841
4842
4843
4844
4845
4846
4851
4853
4854
4855
4856
4857
4858
4897
4898
4899
4900
4901
4905
4906
4907
4908
4909
4910
4920
4921
4922
4923
4924
4925
4926
4927
4928
4929
4930
4931
4932
4933
4934
4935
4936
4937
4938
4939
4940
4941
4942
4943
4957
4958
4959
4960
4961
4962
4968
4969
4970
4971
4972
4973
4974
4975
4976
4977
4983
4985
4986
4987
4988
4989
4990
5033
5068
5094
5095
5116
5117
5118
5119
5120
5121
5122
5123
5124
5143
5146
5147
5148
5163
5164
5165
5166
5167
5168
5169
5170
5171
5172
5173
5174
5175
5176
5177
5178
5179
5180
5181
5182
5183
5184
5185
5186
5187
5188
5189
5190
5191
5215
5216
5217
5218
5219
5220
5221
5222
5226
5227
5236
5247
5248
5249
5250
5251
5252
5259
5260
5261
5262
5263
5273
5274
5282
5283
5284
5293
5294
5295
5296
5297
5298
5299
5300
5301
5302
5303
5313
5314
5315
5316
5317
5318
5319
5320
5321
5322
5323
5324
5325
5326
5337
5338
5339
5340
5341
5342
5343
5344
5345
5346
5347
5348
5349
5361
5362
5383
5384
5385
5386
5387
5388
5389
5390
5427
5428
5429
5444
5445
5446
5447
5448
5449
5450
5451
5452
5461
5462
5463
5464
5478
5479
5480
5481
5482
5483
5484
5485
5486
5487
5488
5489
5490
5492
5506
5507
5508
5509
5510
5511
5512
5513
5514
5541
5542
5543
5544
5545
5546
5547
5548
5552
5553
5554
5555
5556
5557
5558
5559
5560
5561
5573
5574
5612
5620
5623
5624
5625
5626
5627
5628
5629
5652
5653
5654
5655
5656
5657
5658
5666
5667
5668
5669
5670
5671
5672
5675
5676
5678
5679
5681
5682
5683
5684
5685
5686
5687
5688
5689
5690
5691
5692
5693
5694
5695
5696
5708
5709
5710
5711
5712
5713
5714
5715
5716
5717
5718
5719
5720
5721
5722
5723
5724
5725
5726
5727
5728
5729
5730
5731
5732
5733
5734
5735
5736
5737
5738
5739
5740
5741
5742
5743
5744
5745
5746
5747
5748
5749
5750
5751
5752
5760
5761
5762
5763
5764
5768
5769
5770
5771
5772
5773
5774
5775
5776
5777
5778
5779
5780
5781
5782
5783
5784
5785
5786
5787
5788
5789
5790
5791
5792
5793
5794
5795
5796
5797
5798
5799
5800
5801
5802
5803
5804
5805
5806
5807
5808
5809
5810
5811
5812
5813
5814
5815
5816
5817
5818
5819
5820
5821
5822
5823
5824
5825
5826
5827
5828
5829
5830
5831
5832
5833
5834
5835
5836
5837
5838
5839
5840
5841
5842
5843
5844
5845
5846
5864
5865
5866
5867
5868
5885
5886
5887
5888
5891
5892
5893
5894
5895
5896
5897
5898
5899
5918
5922
5923
5924
5925
5926
5927
5928
5929
5930
5931
5932
5933
5934
5935
5936
5937
5938
5939
5940
5941
5942
5943
5944
5945
5946
5947
5958
5959
5960
5967
5968
5969
5970
5971
5972
5973
5986
5987
5988
5989
5990
5991
5992
5993
5994
5995
5996
6010
6011
6012
6013
6014
6015
6016
6017
6018
6019
6020
6021
6022
6023
6024
6025
6026
6028
6032
6033
6034
6035
6036
6037
6038
6046
6047
6048
6049
6050
6051
6052
6053
6054
6090
6124
6125
6126
6134
6135
6136
6137
6138
6139
6140
6141
6142
6143
6144
6145
6146
6147
6148
6149
6150
6151
6184
6185
6186
6187
6188
6189
6190
6216
6217
6235
6236
6237
6238
6239
6240
6241
6242
6243
6244
6245
6246
6271
6272
6273
6274
6275
6276
6277
6278
6289
6297
6298
6299
6300
6301
6302
6303
6343
6365
6371
6372
6373
6374
6380
6381
6382
6383
6384
6385
6386
6387
6449
6481
6482
6483
6484
6485
6486
6487
6490
6491
6492
6493
6494
6495
6496
6497
6507
6517
6518
6519
6527
6528
6529
6530
6531
6546
6547
6548
6549
6550
6551
6552
6553
6554
6555
6566
6568
6569
6570
6601
6602
6603
6611
6612
6613
6614
6615
6616
6617
6618
6619
6620
6621
6622
6623
6644
6645
6646
6666
6667
6668
6669
6729
6730
6731
6732
6733
6734
6735
6736
6737
6738
6739
6794
6795
6823
6835
6836
6837
6838
6839
6840
6841
6842
6843
6844
6845
6846
6864
6879
6880
6881
6882
6883
6952
6953
6954
6955
6956
6957
7027
7080
7081
7082
7094
7095
7096
7097
7108
7111
7112
7113
7114
7115
7116
7117
7118
7126
7127
7128
7167
7184
7185
7186
7187
7188
7189
7190
7191
7192
7193
7211
7212
7213
7214
7215
7216
7217
7218
7219
7220
7221
7222
7223
7224
7225
7226
7227
7228
7229
7230
7231
7232
7233
7234
7235
7236
7237
7238
7239
7240
7241
7242
7243
7294
7295
7316
7317
7318
7319
7333
7334
7335
7336
7337
7338
7339
7340
7341
7342
7343
7344
7345
7346
7347
7348
7349
7350
7351
7352
7353
7354
7355
7356
7357
7388
7389
7390
7391
7441
7442
7443
7444
7445
7469
7470
7473
7474
7475
7476
7477
7478
7479
7480
7508
7510
7527
7573
7588
7589
7590
7591
7592
7593
7656
7657
7659
7660
7661
7662
7663
7664
7715
7716
7743
7744
7745
7746
7747
7748
7749
7750
7870
7871
7872
7873
7874
7875
7876
7877
7878
7879
7880
7881
7882
7883
7884
7885
7886
7887
7888
7889
7890
7891
7892
7893
7894
7895
7896
7897
7898
7899
7900
7901
7902
7903
7904
7905
7906
7907
7908
7909
7910
7911
7912
7913
7914
7915
7920
7921
7922
7923
7924
7925
7926
7927
7928
7929
7930
7931
7932
7933
7934
7935
7936
7937
7938
7939
7940
7941
7942
7943
7944
7945
7946
7947
7948
7949
7950
7951
7952
7953
7954
7955
7956
7957
7958
7959
7960
7961
7962
7963
7964
7965
7966
7967
7968
7969
7970
7971
7972
7973
7974
7975
7976
7977
7978
7979
7980
7981
7982
7983
7984
7985
7986
7987
7988
7989
7990
7991
7992
7993
7994
7995
7996
7997
7998
7999
8000
8001
8002
8003
8004
8005
8006
8007
8008
8009
8010
8011
8012
8014
8015
8016
8017
8018
8019
8020
8021
8022
8023
8024
8080
8081
8082
8083
8084
8085
8086
8087
8088
8089
8090
8091
8092
8093
8094
8095
8102
8103
8104
8105
8106
8107
8108
8109
8110
8111
8112
8113
8114
8115
8116
8117
8118
8119
8152
8155
8156
8157
8158
8159
8160
8161
8167
8168
8169
8170
8201
8202
8203
8204
8205
8206
8207
8208
8209
8210
8219
8265
8266
8267
8268
8269
8270
8271
8272
8273
8311
8312
8313
8314
8315
8316
8317
8318
8319
8320
8321
8322
8323
8324
8325
8326
8327
8328
8329
8330
8331
8332
8333
8334
8335
8340
8341
8342
8343
8344
8345
8346
8347
8348
8349
8350
8351
8352
8353
8354
8355
8356
8357
8358
8359
8360
8361
8362
8363
8364
8365
8366
8367
8368
8369
8370
8371
8372
8373
8374
8375
8376
8377
8378
8379
8380
8381
8382
8383
8384
8385
8386
8387
8388
8389
8390
8391
8392
8393
8394
8395
8396
8397
8398
8399
8400
8401
8402
8403
8404
8405
8406
8407
8408
8409
8410
8411
8412
8413
8414
8415
8424
8429
8484
8485
8486
8487
8546
8547
8562
8563
8564
8565
8566
8567
8568
8569
8604
8605
8606
8607
8615
8616
8617
8618
8619
8620
8750
8751
8752
8764
8765
8831
8832
8833
8834
8891
8893
8894
8895
8940
8943
8944
8945
8981
8982
9025
9026
9027
9035
9036
9037
9038
9039
9040
9051
9157
9158
9159
9174
9175
9176
9177
9280
9282
9283
9284
9285
9286
9287
9288
9289
9290
9330
9360
9375
9376
9377
9378
9379
9380
9381
9382
9393
9394
9395
9396
9398
9399
9438
9459
9460
9508
9509
9510
9511
9512
9513
9514
9515
9516
9517
9518
9519
9520
9528
9532
9555
9556
9557
9558
9559
9560
9568
9569
9574
9575
9576
9577
9578
9579
9608
9620
9628
9629
9770
9771
9772
9773
9774
9775
9789
9790
9797
9798
9799
9800
9801
9802
9803
9804
9805
9806
9807
9808
9809
9837
9840
9841
9842
9843
9844
9845
9846
9847
9848
9849
9850
9851
9852
9853
9854
9862
9863
9864
9865
9866
9867
9868
9869
9870
9871
9872
9873
9874
9875
9876
9877
9918
9919
9920
9949
9950
9951
9952
9953
9954
9972
9973
9974
9975
9976
9981
9982
9983
9984
9985
9986
9987
9988
9989
9990
9991
9992
9993
9995
10030
10031
10032
10033
10034
10035
10036
10070
10071
10072
10073
10074
10075
10076
10095
10096
10097
10098
10099
10100
10101
10102
10103
10104
10105
10106
10107
10108
10109
10110
10111
10112
10113
10114
10115
10116
10117
10118
10119
10120
10121
10122
10123
10127
10128
10129
10130
10131
10132
10133
10134
10152
10153
10154
10172
10173
10174
10175
10176
10177
10178
10179
10180
10181
10182
10183
10184
10188
10287
10326
10327
10328
10329
10345
10346
10347
10349
10358
10360
10361
10362
10363
10364
10365
10366
10367
10368
10369
10370
10371
10372
10373
10374
10375
10376
10377
10378
10379
10380
10381
10382
10383
10384
10385
10386
10387
10388
10389
10390
10391
10392
10393
10394
10395
10396
10397
10398
10399
10400
10401
10402
10403
10404
10405
10406
10407
10408
10409
10410
10411
10412
10413
10414
10415
10416
10417
10418
10419
10420
10421
10422
10423
10424
10425
10426
10427
10428
10429
10430
10431
10432
10433
10434
10435
10436
10437
10438
10439
10440
10441
10442
10443
10444
10445
10446
10447
10448
10449
10450
10451
10452
10453
10454
10455
10456
10457
10458
10459
10460
10461
10462
10463
10464
10465
10466
10467
10468
10469
10470
10471
10472
10473
10474
10475
10476
10477
10478
10479
10480
10481
10482
10483
10484
10485
10486
10487
10488
10489
10490
10491
10492
10493
10494
10495
10496
10497
10498
10499
10500
10501
10502
10503
10504
10505
10506
10507
10508
10509
10510
10511
10512
10513
10514
10515
10516
10517
10518
10519
10520
10521
10522
10523
10524
10525
10526
10527
10528
10529
10530
10531
10532
10533
10534
10535
10536
10537
10538
10539
10540
10541
10542
10543
10544
10545
10546
10547
10548
10549
10550
10551
10552
10553
10554
10555
10556
10557
10558
10559
10560
10561
10562
10563
10564
10565
10566
10567
10568
10569
10570
10571
10572
10573
10574
10575
10576
10577
10578
10579
10580
10581
10582
10584
10585
10586
10587
10588
10589
10590
10603
10604
10606
10608
10609
10619
10620
10621
10622
10623
10624
10644
10645
10646
10647
10648
10649
10650
10651
10652
10653
10654
10655
10656
10657
10658
10659
10660
10661
10662
10663
10664
10665
10666
10667
10668
10669
10670
10671
10672
10673
10674
10675
10676
10677
10678
10679
10680
10681
10682
10683
10684
10685
10686
10687
10688
10689
10690
10698
10699
10706
10707
10708
10709
10710
10711
10712
10713
10714
10715
10716
10717
10718
10719
10720
10721
10722
10723
10724
10725
10726
10727
10728
10729
10792
10793
10794
10795
10796
10797
10798
10799
10833
10834
10835
10836
10837
10855
10856
10860
10861
10929
10930
10931
10932
10933
10963
10964
10965
10966
10967
10968
10969
10970
10971
10972
10973
10974
10975
10976
10997
10998
10999
11000
11001
11002
11003
11004
11005
11046
11047
11048
11071
11072
11073
11074
11075
11076
11077
11106
11107
11111
11112
11154
11155
11156
11284
11285
11286
11287
11288
11289
11290
11291
11292
11293
11294
11334
11335
11352
11361
11362
11363
11364
11365
11366
11408
11409
11410
11411
11412
11413
11414
11415
11416
11417
11418
11419
11420
11421
11422
11423
11425
11554
11557
11558
11559
11560
11561
11562
11565
11605
11606
11607
11619
11620
11621
11622
11655
11656
11660
11662
11678
11679
11680
11681
11682
11683
11703
11704
11705
11706
11707
11708
11709
11710
11721
11722
11770
11782
11783
11784
11807
11808
11809
11810
11811
11812
11813
11814
11815
11816
11880
11881
11882
11896
11897
11898
11899
11900
11901
11902
11903
11904
11905
11906
11907
11908
11909
11910
11919
11920
11921
11922
11923
11924
11925
11948
11949
11970
11971
11972
11973
11976
11979
11980
11981
11982
11983
11984
12065
12066
12067
12075
12076
12077
12078
12079
12080
12081
12082
12083
12084
12165
12183
12184
12185
12186
12187
12188
12189
12190
12191
12192
12193
12194
12195
12196
12197
12198
12206
12207
12208
12209
12210
12211
12212
12213
12214
12215
12216
12217
12218
12219
12220
12221
12222
12223
12224
12225
12226
12227
12228
12229
12230
12231
12232
12234
12264
12265
12266
12267
12268
12269
12270
12271
12272
12273
12282
12283
12284
12285
12286
12287
12288
12289
12360
12382
12384
12385
12386
12387
12388
12392
12393
12394
12395
12396
12397
12398
12399
12400
12401
12402
12425
12426
12427
12428
12429
12430
12581
12582
12614
12615
12616
12617
12618
12619
12620
12621
12622
12649
12650
12651
12652
12653
12654
12655
12656
12657
12658
12659
12660
12661
12662
12663
12664
12665
12666
12667
12668
12669
12670
12671
12672
12673
12675
12676
12677
12678
12699
12700
12701
12702
12703
12705
12837
12838
12840
12841
12842
12897
12898
12915
12916
12917
12918
12919
12920
12921
12922
12923
12924
12925
12926
12927
12928
12929
12930
12931
12932
12933
12934
12935
12936
12937
12938
12939
12940
12941
12942
12943
12944
12945
12946
12947
12948
12949
12950
12951
12952
12953
12954
12955
12956
12957
12958
12959
12960
12961
12962
12963
12964
12965
12966
12967
12968
12969
12970
12971
12972
12973
12974
12975
12976
12977
12978
12979
12980
12981
12982
12983
12984
12985
12986
12987
12988
12989
12990
12991
12992
12993
12994
12995
12996
13003
13004
13005
13006
13007
13044
13096
13104
13105
13106
13108
13109
13120
13121
13122
13123
13124
13125
13126
13127
13128
13129
13137
13138
13147
13148
13149
13150
13151
13152
13153
13154
13155
13156
13157
13158
13159
13160
13161
13162
13163
13164
13165
13166
13167
13168
13169
13170
13171
13172
13173
13174
13175
13176
13177
13178
13179
13180
13181
13182
13183
13184
13185
13186
13187
13188
13189
13190
13191
13192
13193
13194
13195
13196
13197
13198
13199
13200
13201
13202
13203
13204
13205
13206
13207
13208
13209
13210
13211
13212
13213
13214
13215
13216
13221
13222
13223
13224
13225
13226
13227
13228
13232
13233
13234
13235
13236
13237
13238
13239
13240
13241
13267
13268
13269
13270
13291
13292
13293
13294
13295
13296
13297
13298
13299
13300
13327
13328
13329
13330
13332
13365
13366
13367
13423
13424
13425
13426
13427
13428
13429
13430
13431
13532
13533
13534
13535
13536
13537
13538
13539
13540
13541
13574
13600
13602
13603
13604
13605
13606
13607
13608
13609
13610
13611
13612
13613
13614
13615
13616
13617
13618
13619
13620
13621
13622
13623
13624
13625
13626
13627
13628
13629
13630
13631
13632
13633
13634
13635
13636
13637
13638
13639
13640
13641
13642
13643
13644
13645
13646
13647
13648
13649
13650
13651
13652
13653
13654
13655
13656
13657
13658
13659
13660
13661
13662
13663
13664
13665
13666
13667
13668
13669
13670
13671
13672
13673
13674
13675
13676
13677
13678
13679
13680
13681
13688
13689
13691
13692
13693
13694
13695
13696
13697
13698
13699
13700
13701
13702
13703
13704
13705
13706
13707
13708
13709
13710
13711
13712
13713
13714
13715
13716
13717
13718
13719
13720
13722
13723
13724
13725
13726
13727
13728
13729
13730
13731
13732
13733
13734
13735
13736
13737
13738
13739
13740
13741
13742
13743
13744
13745
13746
13747
13748
13749
13750
13751
13752
13753
13754
13755
13756
13757
13758
13759
13760
13761
13762
13763
13764
13765
13766
13767
13768
13769
13770
13771
13772
13773
13774
13788
13789
13790
13798
13799
13800
13801
13802
13803
13804
13805
13827
13828
13829
13830
13831
13835
13836
13837
13838
13839
13846
13847
13848
13849
13850
13851
13852
13853
13856
13857
13858
13859
13860
13861
13862
13863
13876
13877
13878
13879
13880
13881
13882
13883
13884
13885
13886
13887
13888
13889
13890
13891
13892
13893
13894
13895
13896
13897
13898
13899
13900
13901
13902
13903
13904
13905
13906
13907
13908
13909
13910
13911
13912
13913
13914
13915
13916
13917
13946
13948
13993
13994
13995
13996
13997
14013
14070
14071
14072
14128
14129
14130
14159
14160
14161
14162
14163
14164
14165
14166
14167
14168
14213
14214
14215
14216
14217
14218
14219
14220
14221
14231
14232
14233
14234
14235
14236
14237
14238
14246
14247
14248
14249
14250
14251
14252
14253
14254
14255
14256
14257
14258
14259
14260
14261
14262
14263
14264
14265
14266
14295
14296
14297
14298
14299
14300
14301
14302
14303
14304
14305
14306
14307
