656
652
652
652
652
652
652
651
652
652
652
652
652
652
652
653
652
652
652
652
652
652
652
652
652
652
652
652
657
653
653
656
656
653
653
653
652
652
654
657
657
657
657
657
657
657
657
657
655
652
651
651
651
651
651
651
656
655
655
655
655
655
655
655
655
655
655
655
655
655
655
656
657
657
657
657
657
656
654
654
654
654
656
656
656
656
656
656
656
652
652
653
655
655
655
650
649
653
653
655
652
652
655
655
655
655
655
655
656
656
656
655
654
653
652
652
652
652
655
655
654
654
654
654
654
654
654
651
650
652
652
653
655
656
656
656
656
656
656
656
656
656
656
656
656
656
656
656
656
656
656
656
656
654
653
653
651
651
651
651
651
651
655
654
654
655
655
652
653
653
655
658
653
653
652
652
652
653
656
652
656
656
650
650
650
656
655
655
655
655
651
650
652
652
652
652
652
652
652
652
652
652
652
652
652
652
652
652
652
652
652
652
652
652
652
652
652
652
652
649
656
654
654
654
654
654
654
654
655
655
655
655
655
655
655
655
655
655
655
655
652
652
652
653
655
652
656
655
654
652
653
653
652
652
655
653
641
640
640
640
648
652
653
652
652
651
648
652
654
652
652
652
651
652
651
652
652
652
651
650
651
648
652
651
653
650
652
653
651
653
651
649
650
653
653
652
653
653
653
655
652
656
653
652
652
652
652
652
652
652
652
652
652
652
652
652
652
652
652
652
652
652
652
652
651
653
655
660
657
658
661
665
668
668
669
669
672
672
674
678
684
684
689
692
696
699
696
698
702
704
708
709
713
715
717
716
721
723
729
730
731
736
737
739
739
743
746
750
754
755
756
760
763
762
767
768
771
776
776
782
785
787
784
785
792
793
795
799
800
804
807
807
810
812
810
812
815
816
823
824
824
826
824
826
826
826
826
826
829
826
826
831
830
834
834
834
833
833
833
833
831
831
831
829
830
830
834
836
831
836
834
834
833
833
834
834
835
834
833
834
834
832
832
832
836
836
837
838
835
833
834
833
836
834
830
833
833
832
832
832
832
832
834
841
841
844
845
842
846
846
845
849
846
850
850
850
850
849
847
846
847
848
844
847
852
853
854
852
854
855
851
854
853
853
856
854
854
854
853
851
852
853
853
853
854
855
860
863
860
862
861
861
861
868
868
867
868
868
871
868
872
867
869
864
869
869
869
869
868
870
868
870
870
872
880
880
880
883
885
884
885
884
884
882
883
884
881
887
889
891
896
895
896
895
894
894
892
889
888
893
897
895
906
907
904
903
903
902
899
899
902
911
910
909
915
916
916
920
922
928
925
929
933
932
936
930
932
936
937
936
936
934
936
935
936
930
930
932
930
933
936
937
939
942
943
943
943
945
947
951
951
946
946
950
958
954
960
959
959
959
959
961
963
968
963
962
962
961
965
964
964
967
966
967
962
964
963
963
961
961
964
966
965
966
966
964
965
964
965
966
967
966
967
967
965
964
966
966
966
966
967
967
967
972
980
984
989
991
991
991
991
992
991
996
1000
995
1000
998
997
1002
1000
1005
1004
1005
1000
1000
1000
1001
996
996
996
996
996
996
1001
995
1008
1015
1020
1031
1036
1041
1046
1057
1071
1079
1083
1091
1098
1096
1109
1116
1121
1122
1122
1123
1123
1123
1123
1124
1128
1137
1143
1147
1153
1153
1153
1153
1153
1154
1158
1156
1157
1157
1155
1158
1155
1161
1169
1170
1174
1175
1174
1177
1185
1192
1191
1191
1191
1190
1194
1200
1215
1222
1224
1224
1225
1227
1234
1242
1249
1249
1249
1253
1255
1259
1268
1276
1280
1282
1283
1282
1295
1299
1306
1306
1308
1308
1312
1313
1316
1313
1311
1314
1313
1314
1314
1315
1315
1317
1315
1315
1313
1313
1313
1314
1314
1313
1313
1313
1313
1316
1322
1336
1344
1342
1347
1348
1348
1349
1349
1351
1350
1355
1351
1356
1355
1354
1356
1354
1353
1376
1383
1384
1384
1386
1391
1404
1412
1412
1421
1420
1417
1425
1434
1440
1441
1440
1446
1458
1466
1467
1467
1468
1465
1467
1475
1477
1499
1499
1499
1501
1502
1506
1505
1504
1503
1507
1504
1508
1508
1508
1504
1503
1505
1506
1506
1506
1506
1506
1508
1514
1523
1539
1547
1549
1550
1552
1552
1549
1552
1554
1554
1556
1553
1557
1554
1556
1556
1556
1554
1556
1555
1556
1558
1559
1559
1558
1558
1558
1559
1559
1559
1558
1558
1558
1556
1560
1558
1582
1590
1591
1599
1608
1614
1620
1624
1623
1631
1633
1636
1640
1640
1641
1651
1652
1652
1651
1651
1651
1651
1651
1649
1652
1656
1658
1677
1687
1688
1697
1704
1716
1724
1733
1740
1750
1755
1758
1761
1769
1770
1773
1780
1780
1782
1782
1785
1785
1785
1785
1780
1784
1790
1788
1789
1789
1787
1786
1787
1786
1784
1790
1788
1789
1789
1786
1783
1781
1788
1788
1788
1789
1788
1789
1789
1787
1788
1786
1789
1790
1791
1787
1790
1793
1791
1792
1788
1793
1783
1791
1788
1789
1792
1786
1791
1791
1791
1790
1792
1790
1791
1790
1792
1791
1792
1784
1783
1788
1787
1788
1791
1788
1789
1787
1790
1791
1783
1782
1791
1788
1788
1787
1792
1792
1792
1790
1791
1791
1790
1793
1792
1793
1791
1791
1793
1793
1793
1793
1793
1790
1791
1791
1794
1791
1791
1791
1792
1792
1792
1792
1792
1791
1793
1796
1799
1798
1796
1798
1799
1800
1803
1806
1807
1810
1807
1807
1812
1817
1825
1821
1819
1817
1819
1821
1821
1821
1821
1818
1817
1819
1816
1818
1822
1822
1826
1827
1827
1829
1827
1829
1827
1827
1826
1826
1826
1830
1832
1832
1828
1830
1832
1836
1836
1835
1832
1833
1840
1841
1844
1845
1846
1849
1853
1853
1854
1853
1858
1858
1862
1864
1866
1865
1865
1866
1871
1873
1875
1876
1877
1883
1882
1886
1881
1885
1883
1881
1882
1881
1879
1884
1882
1882
1883
1882
1883
1885
1885
1885
1885
1884
1883
1883
1887
1892
1893
1893
1890
1893
1891
1900
1899
1901
1899
1901
1903
1905
1906
1908
1912
1911
1911
1913
1913
1914
1914
1914
1918
1921
1922
1921
1926
1925
1925
1925
1925
1925
1926
1924
1926
1925
1927
1927
1927
1927
1927
1931
1930
1933
1931
1942
1944
1946
1945
1944
1945
1948
1951
1951
1957
1956
1957
1960
1962
1965
1966
1966
1966
1966
1967
1967
1968
1968
1968
1968
1968
1968
1968
1968
1968
1968
1968
1968
1968
1968
1968
1969
1973
1977
1974
1975
1976
1976
1976
1976
1977
1981
1981
1980
1981
1978
1981
1982
1981
1979
1979
1983
1982
1983
1983
1983
1983
1985
1985
1984
1982
1981
1983
1982
1982
1978
1982
1982
1982
1982
1984
1983
1983
1983
1983
1982
1981
1981
1981
1981
1981
1981
1981
1980
1982
1983
1982
1981
1980
1980
1980
1980
1980
1980
1980
1980
1980
1980
1980
1980
1980
1980
1981
1978
1979
1980
1983
1983
1983
1983
1983
1983
1980
1985
1990
1989
1990
1989
1989
1991
1993
1993
1993
1992
1992
1995
1995
1995
1994
1991
1991
1993
2000
2000
2003
2006
2007
2006
2007
2011
2009
2008
2006
2010
2010
2009
2010
2012
2011
2011
2009
2009
2012
2012
2016
2016
2014
2009
2012
2012
2012
2011
2014
2014
2013
2014
2010
2014
2012
2013
2011
2016
2011
2011
2011
2013
2013
2013
2014
2012
2016
2012
2016
2015
2013
2013
2013
2011
2013
2011
2012
2013
2013
2009
2011
2012
2011
2011
2012
2011
2012
2011
2014
2015
2011
2014
2014
2011
2011
2014
2015
2012
2013
2014
2013
2013
2013
2013
2012
2012
2014
2013
2020
2021
2020
2021
2020
2022
2020
2024
2023
2023
2024
2021
2027
2027
2025
2026
2029
2031
2033
2030
2030
2030
2031
2030
2033
2033
2032
2033
2031
2031
2031
2030
2030
2032
2029
2037
2037
2037
2043
2044
2047
2043
2043
2045
2045
2043
2043
2045
2043
2042
2042
2042
2042
2043
2045
2053
2054
2057
2057
2057
2054
2054
2054
2059
2062
2069
2069
2069
2070
2071
2071
2071
2072
2072
2070
2070
2069
2072
2071
2073
2074
2079
2077
2078
2082
2081
2080
2078
2083
2079
2082
2081
2082
2081
2080
2082
2079
2079
2080
2084
2078
2079
2079
2081
2081
2081
2081
2081
2079
2079
2079
2079
2081
2080
2083
2083
2085
2086
2085
2086
2086
2087
2087
2092
2092
2093
2090
2090
2090
2090
2089
2090
2093
2092
2093
2095
2101
2098
2098
2098
2097
2098
2098
2097
2099
2097
2101
2097
2098
2097
2097
2098
2098
2100
2099
2099
2099
2099
2096
2100
2103
2104
2105
2107
2108
2112
2112
2114
2110
2114
2110
2111
2113
2115
2115
2115
2116
2116
2116
2113
2118
2122
2124
2127
2123
2124
2124
2125
2124
2129
2134
2138
2141
2141
2142
2142
2140
2141
2140
2140
2140
2140
2140
2139
2139
2139
2139
2140
2144
2145
2144
2146
2151
2151
2151
2151
2151
2151
2151
2151
2151
2151
2151
2151
2151
2151
2151
2151
2151
2151
2151
2150
2150
2151
2151
2152
2154
2153
2153
2154
2154
2156
2158
2158
2160
2158
2160
2159
2157
2156
2156
2159
2159
2157
2156
2157
2155
2156
2156
2155
2157
2157
2157
2156
2154
2157
2157
2156
2156
2156
2154
2153
2154
2155
2155
2155
2158
2156
2160
2159
2158
2160
2159
2161
2158
2159
2157
2158
2161
2158
2156
2152
2161
2153
2150
2159
2158
2157
2159
2160
2162
2162
2158
2163
2161
2161
2158
2157
2160
2160
2159
2162
2158
2161
2159
2157
2155
2160
2157
2159
2155
2159
2158
2158
2158
2156
2161
2161
2158
2161
2159
2156
2155
2156
2158
2163
2163
2163
2163
2155
2154
2153
2153
2153
2153
2153
2153
2158
2158
2160
2160
2160
2161
2160
2161
2161
2161
2161
2161
2161
2161
2160
2161
2160
2159
2160
2160
2160
2160
2160
2159
2161
2159
2161
2158
2162
2165
2165
2166
2160
2161
2163
2163
2161
2163
2166
2165
2165
2161
2164
2167
2167
2169
2169
2165
2165
2168
2169
2170
2169
2168
2166
2166
2166
2170
2167
2167
2164
2167
2165
2164
2159
2166
2163
2162
2164
2167
2168
2164
2170
2170
2168
2170
2168
2170
2159
2157
2157
2157
2157
2159
2165
2164
2165
2169
2164
2165
2167
2166
2169
2166
2166
2167
2169
2166
2171
2166
2168
2170
2164
2170
2170
2170
2169
2168
2168
2172
2167
2169
2172
2171
2171
2169
2170
2170
2169
2171
2171
2170
2169
2168
2169
2170
2169
2166
2167
2170
2169
2170
2172
2172
2169
2169
2169
2171
2173
2173
2172
2172
2168
2168
2166
2166
2166
2172
2172
2171
2171
2171
2170
2173
2178
2182
2189
2191
2198
2198
2198
2196
2197
2199
2203
2203
2214
2217
2217
2220
2220
2221
2223
2224
2219
2222
2224
2221
2226
2224
2222
2226
2217
2222
2222
2221
2220
2221
2227
2233
2233
2232
2232
2233
2237
2234
2236
2234
2236
2236
2236
2233
2236
2236
2233
2232
2237
2237
2232
2233
2235
2237
2235
2236
2238
2239
2236
2241
2233
2234
2232
2235
2236
2235
2233
2237
2236
2236
2235
2235
2235
2237
2238
2237
2235
2235
2235
2236
2238
2237
2238
2234
2236
2236
2236
2235
2238
2236
2237
2238
2237
2235
2235
2235
2236
2239
2239
2236
2235
2233
2233
2232
2233
2233
2233
2233
2233
2233
2238
2233
2237
2241
2241
2241
2238
2238
2238
2243
2243
2247
2248
2248
2242
2242
2245
2244
2244
2245
2241
2248
2241
2248
2253
2251
2251
2248
2248
2254
2253
2252
2248
2247
2247
2251
2250
2248
2253
2250
2254
2250
2254
2251
2251
2252
2255
2253
2252
2254
2255
2254
2250
2256
2255
2254
2251
2253
2255
2253
2257
2249
2249
2248
2250
2248
2247
2246
2248
2249
2252
2252
2251
2256
2250
2254
2254
2254
2254
2252
2255
2255
2256
2254
2254
2254
2256
2259
2259
2257
2258
2256
2256
2253
2251
2254
2250
2251
2256
2258
2255
2251
2252
2256
2257
2256
2255
2255
2256
2257
2255
2259
2258
2258
2259
2252
2254
2253
2252
2255
2268
2277
2278
2276
2282
2280
2282
2287
2286
2286
2288
2288
2288
2287
2287
2283
2281
2288
2293
2299
2298
2294
2303
2308
2308
2312
2316
2320
2325
2325
2325
2323
2327
2327
2330
2332
2332
2338
2336
2336
2339
2335
2335
2341
2340
2341
2340
2342
2338
2342
2343
2343
2339
2339
2340
2340
2338
2343
2343
2343
2335
2343
2347
2344
2342
2337
2338
2340
2340
2340
2337
2340
2337
2340
2336
2336
2334
2333
2335
2339
2338
2339
2342
2340
2338
2333
2333
2339
2340
2336
2335
2336
2337
2337
2335
2338
2336
2338
2337
2337
2338
2337
2339
2337
2336
2340
2341
2344
2343
2346
2347
2340
2345
2341
2341
2341
2341
2341
2345
2343
2346
2346
2346
2342
2338
2349
2350
2350
2349
2350
2348
2350
2358
2361
2353
2360
2362
2365
2371
2375
2369
2370
2368
2374
2374
2373
2373
2369
2374
2369
2376
2382
2382
2382
2384
2385
2387
2391
2391
2390
2390
2394
2394
2394
2392
2390
2390
2388
2385
2396
2404
2422
2437
2439
2439
2439
2439
2443
2440
2444
2444
2443
2443
2445
2446
2448
2448
2446
2445
2449
2447
2447
2445
2447
2450
2450
2452
2453
2455
2453
2458
2462
2459
2459
2458
2463
2465
2468
2469
2467
2467
2467
2467
2468
2465
2472
2476
2476
2480
2484
2487
2484
2481
2481
2481
2486
2482
2490
2489
2491
2492
2492
2492
2498
2499
2499
2496
2501
2495
2499
2497
2505
2509
2512
2509
2511
2509
2508
2508
2508
2510
2510
2512
2511
2511
2514
2514
2513
2516
2516
2519
2519
2521
2522
2526
2528
2523
2532
2527
2527
2528
2530
2527
2532
2528
2526
2526
2525
2525
2525
2525
2527
2527
2527
2527
2527
2527
2527
2527
2527
2531
2531
2533
2535
2534
2534
2534
2539
2536
2538
2539
2539
2535
2537
2539
2537
2535
2533
2538
2538
2538
2540
2540
2539
2539
2539
2539
2539
2539
2539
2537
2538
2535
2537
2538
2538
2538
2538
2538
2535
2542
2541
2544
2543
2544
2544
2544
2543
2543
2546
2546
2546
2553
2557
2558
2560
2556
2561
2561
2563
2561
2561
2561
2563
2565
2564
2564
2562
2565
2564
2570
2571
2571
2572
2567
2569
2574
2579
2584
2585
2587
2582
2588
2591
2595
2591
2595
2598
2602
2603
2606
2603
2601
2601
2600
2600
2603
2607
2609
2617
2621
2616
2621
2622
2623
2622
2620
2623
2624
2623
2623
2620
2619
2621
2619
2624
2625
2625
2625
2633
2633
2638
2638
2640
2644
2641
2644
2644
2642
2649
2653
2655
2655
2652
2660
2661
2661
2662
2665
2661
2666
2668
2668
2671
2673
2672
2672
2672
2672
2672
2673
2680
2679
2677
2677
2678
2679
2676
2674
2674
2671
2676
2676
2679
2680
2679
2676
2678
2677
2677
2679
2678
2678
2678
2679
2677
2678
2677
2679
2674
2674
2674
2672
2672
2672
2671
2668
2666
2672
2671
2670
2673
2671
2675
2675
2674
2669
2671
2677
2675
2679
2674
2676
2674
2672
2676
2673
2675
2676
2672
2670
2674
2674
2670
2674
2674
2675
2677
2674
2670
2676
2672
2677
2679
2681
2677
2680
2676
2676
2675
2670
2674
2671
2674
2675
2675
2674
2675
2674
2671
2670
2670
2669
2667
2668
2662
2671
2672
2671
2671
2670
2671
2670
2675
2673
2671
2671
2669
2673
2677
2676
2677
2676
2673
2672
2674
2673
2670
2671
2669
2673
2674
2674
2674
2672
2670
2671
2673
2672
2672
2673
2672
2674
2674
2674
2676
2675
2674
2674
2674
2674
2672
2672
2672
2672
2672
2672
2672
2672
2677
2677
2679
2677
2678
2680
2675
2675
2675
2677
2676
2677
2681
2676
2675
2676
2676
2674
2677
2676
2677
2678
2675
2678
2677
2678
2677
2678
2678
2676
2675
2676
2677
2677
2678
2680
2680
2680
2680
2679
2678
2678
2674
2676
2681
2681
2687
2694
2697
2698
2695
2696
2699
2707
2707
2713
2714
2719
2718
2718
2720
2716
2719
2719
2719
2718
2717
2717
2720
2724
2722
2724
2723
2730
2733
2735
2735
2736
2740
2739
2742
2741
2744
2744
2741
2740
2743
2741
2740
2744
2746
2743
2745
2745
2745
2745
2745
2745
2745
2745
2749
2751
2750
2751
2749
2749
2749
2747
2749
2749
2748
2748
2748
2748
2748
2752
2746
2751
2749
2749
2749
2751
2754
2751
2751
2751
2751
2752
2750
2751
2751
2750
2749
2749
2749
2750
2750
2750
2750
2750
2754
2757
2753
2759
2757
2760
2762
2761
2764
2760
2761
2765
2760
2764
2758
2773
2772
2766
2769
2767
2775
2778
2778
2777
2777
2782
2783
2787
2790
2789
2793
2790
2791
2791
2791
2790
2791
2794
2795
2802
2804
2804
2804
2803
2802
2802
2806
2804
2802
2803
2804
2801
2806
2810
2809
2808
2811
2816
2820
2822
2825
2825
2829
2826
2827
2828
2831
2833
2837
2838
2841
2844
2842
2842
2847
2851
2854
2857
2858
2858
2860
2859
2861
2862
2867
2868
2867
2868
2869
2869
2868
2868
2868
2868
2869
2867
2866
2864
2864
2865
2867
2872
2869
2870
2872
2870
2868
2868
2871
2871
2867
2870
2872
2871
2872
2872
2871
2866
2871
2866
2865
2872
2875
2874
2869
2871
2869
2873
2874
2873
2874
2876
2873
2875
2876
2871
2873
2871
2873
2871
2871
2871
2871
2871
2873
2872
2875
2874
2872
2872
2874
2873
2872
2872
2875
2876
2876
2872
2872
2872
2874
2873
2873
2874
2872
2872
2871
2870
2872
2874
2874
2875
2875
2875
2875
2871
2875
2868
2869
2869
2869
2873
2873
2872
2870
2870
2870
2873
2872
2868
2871
2871
2871
2874
2874
2874
2874
2874
2874
2874
2874
2874
2874
2873
2872
2872
2872
2876
2873
2873
2873
2871
2871
2871
2871
2872
2872
2872
2874
2871
2870
2873
2873
2874
2874
2874
2873
2870
2875
2871
2871
2871
2872
2872
2872
2872
2872
2872
2872
2872
2872
2872
2872
2872
2872
2872
2872
2872
2872
2872
2873
2873
2874
2874
2874
2874
2868
2871
2871
2870
2876
2875
2875
2875
2870
2869
2871
2870
2875
2872
2872
2873
2873
2873
2871
2871
2872
2872
2870
2869
2873
2873
2873
2873
2873
2873
2873
2874
2874
2873
2873
2873
2874
2874
2874
2874
2874
2874
2874
2874
2873
2873
2873
2873
2875
2871
2872
2873
2872
2872
2872
2871
2873
2869
2873
2874
2875
2873
2870
2871
2872
2870
2872
2863
2860
2860
2860
2860
2860
2860
2860
2860
2860
2860
2860
2860
2860
2860
2860
2860
2860
2860
2860
2860
2860
2860
2860
2860
2860
2860
2860
2860
2860
2860
2860
2860
2860
2860
2860
2860
2860
2860
2860
2860
2860
2860
2860
2860
2860
2860
2860
2860
2860
2860
2860
2860
2860
2860
2860
2860
2860
2860
2860
2860
2860
2860
2860
2860
2860
2860
2860
2860
2860
2860
2860
2860
2860
2860
2860
2860
2860
2860
2860
2860
2860
2860
2860
2860
2860
2860
2860
2860
2860
2860
2860
2860
2860
2860
2860
2868
2870
2871
2867
2869
2873
2869
2871
2865
2870
2870
2869
2871
2869
2871
2871
2869
2869
2871
2869
2870
2869
2872
2872
2872
2869
2872
2872
2870
2868
2870
2868
2871
2871
2870
2869
2868
2866
2867
2871
2868
2865
2865
2865
2865
2865
2866
2865
2866
2867
2868
2869
2871
2870
2869
2871
2875
2871
2870
2870
2874
2871
2870
2872
2869
2870
2870
2871
2870
2870
2869
2868
2869
2873
2870
2867
2867
2866
2866
2865
2868
2868
2868
2867
2866
2862
2868
2871
2872
2870
2871
2872
2869
2871
2866
2869
2873
2868
2863
2863
2864
2863
2859
2865
2863
2859
2870
2866
2865
2865
2868
2866
2865
2867
2867
2870
2870
2864
2864
2864
2864
2864
2867
2867
2867
2862
2864
2864
2864
2866
2866
2871
2868
2870
2870
2869
2867
2870
2868
2867
2865
2862
2866
2868
2871
2871
2871
2872
2871
2867
2870
2870
2868
2871
2870
2870
2870
2870
2870
2869
2870
2870
2870
2870
2870
2870
2870
2870
2871
2872
2872
2872
2872
2872
2872
2872
2871
2869
2867
2870
2866
2867
2865
2869
2869
2870
2869
2871
2868
2871
2869
2870
2870
2869
2871
2868
2868
2870
2870
2871
2869
2872
2872
2872
2872
2869
2870
2870
2868
2868
2868
2869
2866
2869
2870
2869
2870
2871
2868
2861
2860
2860
2860
2860
2860
2860
2860
2860
2860
2860
2860
2860
2860
2860
2860
2860
2860
2860
2860
2860
2860
2860
2860
2860
2860
2860
2860
2860
2860
2860
2860
2860
2860
2860
2860
2860
2860
2860
2860
2860
2860
2860
2860
2860
2860
2860
2860
2860
2860
2860
2860
2860
2860
2860
2860
2860
2860
2860
2860
2860
2860
2860
2860
2860
2860
2860
2860
2869
2896
2895
2882
2894
2897
2865
2861
2861
2861
2861
2861
2861
2861
2881
2895
2893
2870
2872
2875
2870
2871
2868
2868
2870
2874
2871
2860
2858
2857
2858
2860
2853
2856
2857
2855
2849
2843
2838
2836
2838
2837
2837
2840
2839
2839
2839
2837
2834
2836
2824
2828
2823
2820
2820
2820
2822
2818
2820
2818
2813
2814
2810
2810
2810
2810
2812
2813
2810
2810
2810
2807
2813
2809
2811
2810
2810
2811
2814
2809
2809
2809
2811
2810
2810
2810
2833
2833
2835
2838
2834
2833
2837
2833
2833
2826
2820
2819
2814
2823
2822
2818
2829
2827
2813
2813
2811
2807
2799
2797
2798
2797
2790
2789
2781
2782
2779
2775
2773
2768
2763
2766
2764
2766
2765
2767
2764
2764
2766
2764
2764
2764
2765
2762
2756
2756
2756
2747
2747
2743
2744
2739
2739
2743
2744
2744
2744
2746
2744
2744
2741
2745
2740
2744
2742
2745
2745
2744
2742
2740
2740
2742
2745
2742
2742
2742
2743
2747
2743
2745
2741
2748
2743
2743
2743
2742
2742
2767
2767
2764
2769
2767
2766
2764
2764
2770
2769
2772
2750
2733
2733
2733
2733
2733
2733
2733
2733
2733
2733
2733
2733
2733
2733
2733
2733
2733
2733
2733
2733
2733
2733
2733
2733
2733
2733
2733
2733
2733
2733
2733
2733
2733
2733
2733
2733
2733
2733
2733
2733
2733
2733
2733
2742
2747
2746
2745
2744
2743
2744
2744
2744
2746
2745
2745
2746
2746
2745
2744
2746
2742
2746
2746
2739
2742
2740
2743
2743
2747
2743
2745
2751
2745
2745
2745
2745
2745
2745
2745
2743
2748
2758
2764
2760
2763
2764
2764
2764
2764
2769
2775
2778
2781
2785
2787
2787
2787
2789
2789
2787
2789
2785
2789
2787
2790
2788
2785
2788
2786
2787
2787
2789
2789
2791
2785
2789
2789
2791
2790
2789
2787
2788
2787
2789
2789
2789
2788
2787
2791
2788
2787
2787
2787
2787
2787
2790
2795
2795
2802
2803
2803
2803
2803
2807
2805
2821
2825
2825
2825
2829
2831
2829
2830
2831
2826
2830
2827
2828
2831
2830
2829
2826
2832
2830
2831
2831
2827
2829
2828
2816
2815
2815
2815
2815
2815
2815
2815
2815
2815
2815
2815
2815
2815
2815
2815
2815
2815
2815
2815
2815
2815
2815
2815
2815
2815
2815
2815
2815
2815
2815
2815
2815
2815
2815
2815
2815
2815
2815
2815
2815
2823
2825
2821
2827
2828
2824
2826
2826
2826
2822
2825
2826
2825
2828
2825
2826
2825
2825
2818
2818
2824
2819
2825
2825
2825
2822
2825
2823
2821
2820
2824
2823
2822
2821
2822
2822
2823
2825
2821
2823
2824
2823
2828
2819
2820
2819
2821
2821
2826
2819
2820
2828
2823
2824
2826
2825
2824
2826
2825
2825
2826
2819
2824
2823
2822
2822
2822
2824
2824
2824
2826
2826
2826
2826
2826
2828
2828
2824
2825
2823
2819
2820
2823
2820
2822
2825
2819
2825
2827
2825
2825
2821
2823
2824
2826
2824
2827
2823
2825
2826
2828
2826
2827
2826
2826
2827
2830
2824
2827
2827
2827
2828
2827
2824
2822
2825
2826
2827
2825
2827
2825
2826
2829
2826
2827
2828
2827
2826
2828
2829
2826
2825
2827
2824
2826
2828
2825
2821
2825
2825
2825
2826
2825
2827
2827
2828
2825
2827
2826
2828
2828
2829
2825
2825
2824
2823
2823
2823
2824
2826
2826
2826
2826
2825
2824
2822
2823
2825
2824
2824
2827
2826
2826
2825
2825
2825
2821
2821
2821
2821
2821
2824
2827
2829
2828
2829
2829
2829
2829
2829
2829
2829
2829
2829
2829
2825
2826
2826
2826
2825
2824
2821
2821
2823
2823
2822
2826
2826
2824
2824
2825
2825
2825
2824
2822
2822
2822
2824
2823
2825
2826
2825
2826
2824
2824
2824
2826
2826
2826
2826
2824
2824
2828
2828
2824
2825
2825
2825
2825
2825
2825
2825
2825
2825
2824
2825
2826
2823
2825
2824
2825
2824
2826
2825
2826
2828
2826
2824
2822
2821
2821
2825
2825
2819
2826
2823
2824
2820
2820
2823
2823
2822
2824
2823
2822
2821
2821
2820
2816
2819
2825
2822
2821
2822
2822
2822
2820
2820
2820
2820
2821
2821
2823
2823
2823
2825
2824
2823
2822
2823
2822
2822
2822
2823
2824
2823
2823
2821
2823
2826
2826
2825
2825
2824
2827
2826
2826
2828
2825
2825
2830
2826
2828
2829
2829
2827
2823
2823
2826
2824
2824
2822
2822
2824
2824
2824
2824
2824
2824
2823
2823
2823
2822
2822
2822
2822
2822
2824
2824
2825
2825
2823
2823
2823
2823
2823
2823
2823
2823
2823
2823
2823
2823
2823
2823
2823
2823
2823
2823
2823
2823
2823
2823
2823
2823
2823
2823
2823
2823
2823
2823
2823
2823
2823
2823
2823
2823
2823
2823
2823
2823
2823
2823
2823
2823
2823
2823
2823
2823
2823
2822
2822
2823
2823
2824
2825
2825
2827
2826
2826
2826
2829
2830
2830
2832
2832
2834
2835
2833
2841
2839
2841
2841
2843
2842
2842
2842
2843
2846
2847
2847
2851
2851
2855
2853
2857
2858
2859
2862
2863
2866
2868
2875
2879
2882
2888
2892
2897
2901
2904
2904
2913
2916
2918
2924
2927
2930
2932
2932
2932
2934
2934
2935
2935
2937
2940
2946
2946
2946
2946
2947
2948
2948
2948
2948
2948
2949
2950
2959
2957
2958
2957
2959
2959
2959
2959
2959
2959
2959
2959
2959
2959
2957
2957
2961
2963
2971
2974
2976
2980
2982
2983
2983
2988
2989
2989
2989
2988
2988
2988
2988
2988
2991
2991
2997
3000
3005
3008
3008
3013
3016
3010
3013
3028
3028
3031
3035
3036
3036
3036
3040
3036
3050
3052
3058
3059
3060
3060
3061
3059
3063
3072
3071
3071
3071
3072
3073
3082
3085
3084
3093
3093
3093
3092
3095
3102
3104
3103
3103
3103
3103
3103
3103
3103
3109
3112
3117
3127
3126
3132
3137
3141
3144
3144
3143
3143
3143
3143
3143
3144
3144
3144
3144
3144
3144
3144
3144
3144
3144
3144
3144
3144
3144
3147
3150
3147
3149
3149
3149
3150
3148
3150
3147
3150
3149
3152
3151
3147
3146
3149
3152
3149
3151
3151
3151
3151
3151
3151
3151
3151
3151
3151
3151
3147
3150
3148
3154
3158
3161
3165
3169
3175
3185
3191
3198
3206
3217
3224
3226
3232
3240
3248
3254
3255
3264
3271
3277
3279
3281
3285
3288
3296
3297
3297
3301
3301
3301
3301
3301
3301
3301
3301
3300
3299
3305
3304
3303
3304
3301
3301
3299
3303
3296
3300
3303
3294
3293
3298
3299
3301
3300
3302
3301
3300
3300
3298
3298
3298
3298
3297
3298
3297
3299
3299
3298
3298
3300
3298
3298
3300
3297
3299
3299
3299
3299
3299
3299
3297
3300
3300
3300
3299
3303
3301
3301
3301
3301
3301
3301
3301
3301
3298
3298
3298
3298
3301
3300
3301
3300
3299
3299
3297
3300
3300
3301
3301
3301
3301
3301
3301
3298
3295
3299
3296
3298
3300
3301
3297
3298
3296
3295
3299
3297
3292
3296
3299
3298
3297
3300
3301
3298
3299
3300
3300
3300
3301
3299
3301
3303
3302
3304
3302
3299
3300
3296
3296
3296
3295
3297
3294
3294
3295
3299
3295
3295
3295
3293
3300
3298
3297
3295
3297
3294
3297
3298
3299
3299
3300
3300
3300
3300
3299
3297
3296
3297
3299
3301
3296
3297
3301
3294
3300
3293
3297
3296
3298
3299
3293
3297
3302
3301
3299
3299
3297
3298
3298
3298
3298
3298
3297
3299
3298
3298
3296
3299
3298
3298
3298
3298
3298
3298
3298
3298
3298
3296
3297
3299
3299
3298
3299
3299
3297
3298
3299
3298
3298
3298
3298
3298
3297
3301
3299
3299
3302
3300
3299
3296
3296
3299
3301
3298
3299
3298
3301
3299
3300
3297
3293
3293
3298
3298
3296
3298
3297
3298
3298
3301
3298
3298
3300
3300
3298
3301
3300
3298
3296
3296
3296
3296
3296
3298
3297
3299
3298
3299
3299
3298
3298
3298
3300
3302
3302
3302
3297
3297
3293
3297
3297
3295
3295
3295
3295
3295
3295
3295
3295
3295
3295
3295
3295
3295
3295
3295
3295
3295
3295
3295
3295
3295
3294
3294
3294
3294
3295
3296
3297
3301
3300
3300
3304
3302
3304
3298
3298
3296
3296
3296
3299
3299
3298
3298
3298
3297
3298
3301
3303
3304
3304
3304
3304
3304
3304
3304
3304
3304
3303
3303
3304
3307
3307
3311
3312
3313
3313
3313
3313
3314
3315
3313
3313
3314
3314
3313
3317
3313
3318
3317
3311
3316
3317
3314
3313
3314
3312
3312
3316
3316
3314
3312
3313
3313
3317
3315
3310
3311
3314
3314
3312
3315
3315
3313
3313
3315
3317
3311
3317
3319
3316
3318
3319
3319
3320
3321
3321
3319
3318
3315
3315
3313
3314
3310
3314
3312
3310
3311
3311
3312
3311
3309
3311
3311
3313
3307
3314
3310
3310
3310
3310
3311
3307
3304
3303
3309
3307
3308
3307
3308
3309
3308
3308
3308
3312
3312
3313
3311
3312
3317
3309
3309
3308
3313
3312
3315
3314
3317
3317
3317
3317
3315
3312
3314
3314
3313
3313
3313
3314
3314
3315
3311
3310
3318
3318
3316
3315
3317
3314
3319
3314
3314
3313
3313
3317
3317
3314
3314
3315
3315
3315
3315
3315
3315
3315
3315
3315
3315
3312
3313
3318
3320
3320
3318
3323
3324
3323
3322
3325
3327
3324
3326
3326
3328
3327
3326
3327
3327
3327
3323
3323
3323
3323
3323
3327
3327
3330
3331
3335
3335
3331
3336
3333
3333
3333
3333
3333
3333
3335
3334
3334
3333
3333
3333
3333
3332
3332
3332
3332
3332
3332
3333
3334
3334
3333
3333
3333
3333
3333
3333
3333
3332
3331
3331
3332
3333
3333
3337
3338
3337
3337
3338
3334
3334
3335
3338
3336
3336
3337
3337
3338
3341
3340
3339
3339
3343
3343
3342
3343
3343
3343
3343
3343
3343
3344
3346
3347
3349
3350
3350
3350
3350
3348
3346
3349
3349
3348
3352
3351
3351
3351
3351
3353
3347
3347
3352
3351
3351
3352
3351
3351
3350
3351
3351
3351
3352
3354
3355
3352
3351
3352
3352
3352
3351
3351
3352
3352
3351
3353
3351
3352
3353
3351
3352
3350
3350
3350
3349
3349
3347
3344
3345
3345
3345
3346
3345
3348
3348
3347
3347
3346
3351
3350
3350
3350
3346
3346
3345
3345
3345
3345
3344
3344
3344
3344
3344
3344
3344
3346
3351
3356
3351
3349
3349
3348
3348
3348
3348
3348
3348
3348
3348
3352
3352
3353
3353
3354
3354
3354
3353
3354
3353
3357
3358
3357
3361
3359
3360
3359
3359
3359
3359
3359
3361
3359
3359
3360
3360
3360
3360
3359
3359
3359
3359
3364
3366
3368
3371
3372
3368
3369
3369
3369
3372
3371
3370
3370
3370
3372
3374
3372
3372
3373
3372
3376
3376
3374
3376
3373
3373
3377
3374
3376
3376
3376
3374
3375
3375
3375
3375
3376
3378
3377
3378
3379
3379
3378
3381
3379
3380
3380
3384
3382
3383
3383
3383
3384
3387
3389
3385
3388
3386
3385
3385
3386
3385
3386
3389
3388
3387
3385
3385
3384
3383
3385
3388
3386
3386
3386
3386
3387
3386
3387
3386
3387
3385
3386
3385
3384
3387
3384
3383
3387
3384
3384
3384
3385
3385
3385
3385
3385
3385
3384
3385
3385
3387
3387
3388
3390
3395
3394
3394
3394
3394
3394
3393
3393
3393
3396
3395
3400
3400
3400
3403
3402
3403
3399
3401
3402
3402
3403
3403
3404
3404
3404
3404
3404
3404
3404
3404
3403
3403
3403
3403
3403
3406
3403
3403
3405
3408
3409
3409
3412
3412
3410
3412
3412
3413
3412
3410
3410
3410
3410
3410
3410
3410
3410
3410
3414
3414
3423
3425
3424
3426
3424
3424
3424
3427
3428
3428
3429
3432
3438
3437
3437
3437
3440
3444
3444
3443
3442
3444
3443
3445
3445
3445
3445
3445
3445
3445
3441
3441
3441
3441
3444
3444
3444
3444
3444
3444
3444
3444
3444
3444
3442
3444
3445
3447
3448
3446
3445
3451
3451
3451
3451
3453
3453
3454
3454
3455
3460
3459
3459
3462
3464
3465
3462
3463
3464
3463
3461
3459
3459
3460
3460
3464
3459
3461
3461
3460
3458
3460
3460
3457
3459
3460
3457
3460
3461
3463
3460
3460
3460
3461
3462
3463
3461
3462
3460
3460
3460
3461
3464
3462
3462
3462
3463
3463
3463
3463
3463
3463
3461
3459
3461
3462
3460
3456
3463
3463
3460
3459
3461
3459
3459
3460
3451
3457
3461
3459
3468
3467
3468
3468
3468
3467
3467
3467
3468
3468
3468
3468
3469
3472
3468
3468
3470
3470
3469
3469
3469
3469
3468
3470
3471
3471
3470
3471
3472
3471
3472
3471
3470
3470
3471
3469
3469
3469
3469
3469
3469
3469
3471
3471
3471
3471
3471
3471
3470
3471
3469
3467
3470
3469
3470
3469
3468
3467
3469
3468
3470
3470
3470
3470
3470
3470
3470
3470
3470
3470
3472
3472
3472
3472
3472
3472
3472
3472
3472
3472
3472
3472
3472
3472
3472
3472
3472
3472
3472
3472
3472
3472
3472
3472
3472
3472
3472
3472
3472
3472
3472
3472
3472
3472
3472
3472
3472
3471
3464
3464
3464
3464
3464
3464
3464
3463
3464
3465
3465
3462
3464
3464
3464
3464
3464
3464
3464
3464
3464
3464
3464
3464
3464
3464
3464
3464
3464
3464
3462
3462
3462
3464
3464
3464
3464
3463
3463
3463
3463
3463
3463
3463
3463
3463
3463
3463
3463
3463
3463
3463
3463
3463
3463
3463
3463
3463
3463
3463
3463
3463
3465
3466
3466
3466
3466
3465
3465
3465
3465
3465
3465
3465
3465
3465
3465
3465
3465
3465
3465
3465
3465
3465
3465
3465
3465
3465
3465
3465
3464
3465
3465
3462
3464
3463
3464
3462
3464
3464
3461
3461
3462
3464
3461
3462
3461
3462
3461
3460
3460
3460
3460
3460
3464
3465
3462
3463
3463
3465
3464
3463
3462
3464
3464
3461
3464
3464
3463
3463
3462
3463
3463
3461
3462
3462
3465
3465
3465
3465
3465
3465
3465
3465
3465
3463
3459
3465
3459
3460
3462
3462
3463
3464
3461
3466
3466
3464
3463
3466
3465
3465
3467
3467
3467
3467
3462
3462
3463
3463
3463
3463
3463
3464
3464
3464
3463
3463
3463
3463
3463
3463
3463
3463
3463
3464
3466
3466
3466
3466
3466
3466
3465
3468
3467
3464
3463
3465
3463
3465
3465
3466
3466
3464
3463
3463
3462
3463
3466
3465
3466
3465
3465
3465
3465
3463
3463
3463
3463
3465
3467
3462
3463
3462
3463
3464
3462
3465
3466
3466
3466
3465
3465
3465
3465
3465
3465
3465
3465
3465
3465
3466
3462
3463
3464
3465
3463
3462
3465
3466
3462
3463
3463
3465
3465
3465
3465
3465
3465
3465
3465
3465
3465
3465
3465
3465
3465
3465
3464
3465
3465
3465
3462
3462
3464
3464
3466
3466
3466
3466
3466
3465
3465
3465
3462
3463
3465
3465
3466
3463
3463
3465
3465
3465
3465
3465
3464
3465
3465
3465
3468
3468
3465
3465
3464
3466
3462
3463
3466
3462
3462
3465
3463
3461
3462
3463
3465
3464
3463
3464
3464
3461
3461
3458
3464
3461
3466
3463
3462
3464
3460
3460
3460
3461
3461
3463
3463
3462
3458
3463
3461
3462
3462
3462
3460
3463
3460
3462
3468
3465
3463
3465
3466
3466
3465
3463
3465
3465
3464
3467
3464
3465
3466
3463
3461
3464
3463
3463
3463
3461
3461
3461
3462
3461
3464
3462
3462
3461
3462
3462
3462
3462
3462
3462
3463
3463
3463
3463
3463
3463
3463
3463
3463
3463
3463
3461
3462
3460
3461
3458
3463
3460
3464
3461
3459
3460
3462
3463
3462
3464
3466
3467
3468
3464
3463
3463
3466
3464
3466
3468
3463
3464
3466
3464
3460
3461
3462
3461
3463
3463
3463
3463
3464
3464
3464
3466
3467
3466
3464
3468
3463
3459
3465
3466
3468
3464
3464
3464
3465
3467
3464
3459
3466
3460
3464
3463
3466
3465
3465
3465
3467
3465
3464
3464
3463
3467
3465
3465
3464
3463
3465
3468
3469
3468
3469
3465
3463
3464
3465
3465
3466
3466
3466
3466
3466
3466
3466
3466
3466
3466
3467
3464
3465
3464
3465
3465
3464
3465
3462
3464
3465
3467
3467
3465
3467
3467
3466
3464
3464
3467
3465
3466
3465
3467
3465
3465
3464
3464
3464
3464
3464
3464
3464
3467
3466
3464
3468
3464
3467
3465
3465
3466
3467
3468
3468
3466
3467
3464
3466
3466
3466
3467
3465
3465
3465
3465
3465
3465
3465
3465
3467
3460
3464
3461
3463
3466
3461
3465
3461
3460
3463
3466
3466
3461
3462
3462
3461
3463
3464
3462
3460
3458
3458
3461
3460
3466
3464
3467
3469
3468
3468
3467
3464
3468
3467
3466
3466
3465
3465
3463
3462
3468
3467
3465
3464
3466
3465
3464
3469
3469
3467
3467
3466
3463
3464
3468
3468
3468
3468
3466
3466
3467
3465
3467
3466
3466
3467
3467
3467
3467
3465
3465
3469
3468
3468
3468
3468
3468
3468
3468
3468
3465
3466
3467
3466
3465
3464
3463
3466
3467
3465
3465
3463
3466
3467
3467
3466
3464
3465
3458
3458
3462
3463
3459
3463
3459
3457
3454
3464
3462
3464
3466
3465
3465
3465
3463
3464
3462
3464
3462
3462
3463
3468
3465
3465
3466
3467
3468
3468
3465
3468
3465
3466
3467
3467
3462
3468
3469
3470
3467
3467
3469
3468
3468
3468
3469
3467
3462
3464
3470
3469
3468
3465
3467
3469
3471
3470
3470
3473
3469
3469
3470
3472
3469
3467
3468
3471
3470
3469
3469
3469
3464
3463
3467
3467
3467
3467
3467
3467
3467
3464
3464
3465
3466
3467
3466
3464
3464
3464
3464
3464
3464
3465
3468
3466
3469
3465
3469
3469
3468
3469
3467
3466
3467
3467
3466
3470
3466
3467
3466
3466
3465
3465
3465
3467
3465
3464
3466
3465
3467
3467
3465
3465
3465
3464
3465
3464
3465
3467
3466
3465
3465
3466
3469
3464
3463
3461
3462
3463
3463
3462
3463
3462
3461
3462
3462
3462
3462
3462
3461
3462
3463
3461
3463
3465
3463
3460
3460
3463
3463
3463
3463
3461
3461
3463
3463
3464
3464
3461
3462
3466
3471
3473
3472
3468
3471
3471
3471
3476
3477
3477
3478
3476
3479
3480
3478
3484
3483
3484
3483
3489
3492
3490
3491
3491
3490
3489
3489
3489
3487
3488
3491
3493
3493
3493
3492
3493
3493
3493
3493
3493
3494
3494
3494
3494
3494
3494
3496
3496
3495
3498
3500
3500
3501
3502
3502
3506
3508
3509
3511
3512
3510
3508
3511
3515
3516
3515
3516
3516
3516
3519
3519
3519
3521
3523
3526
3528
3525
3526
3527
3529
3529
3529
3529
3524
3526
3530
3532
3531
3531
3532
3532
3533
3534
3536
3535
3535
3539
3537
3537
3534
3534
3535
3535
3538
3533
3536
3538
3536
3535
3537
3534
3538
3536
3536
3533
3537
3539
3541
3537
3540
3535
3540
3542
3541
3542
3542
3537
3542
3536
3537
3538
3538
3535
3543
3536
3539
3537
3537
3540
3539
3536
3533
3535
3533
3534
3537
3538
3537
3533
3533
3534
3537
3536
3536
3536
3536
3536
3536
3536
3536
3536
3536
3536
3536
3533
3532
3535
3535
3536
3533
3536
3534
3529
3530
3533
3534
3532
3532
3534
3534
3534
3527
3525
3531
3531
3532
3530
3534
3533
3533
3530
3534
3534
3534
3529
3530
3533
3532
3534
3537
3537
3538
3538
3536
3534
3534
3532
3530
3533
3533
3530
3534
3529
3531
3532
3530
3530
3532
3532
3533
3533
3532
3527
3530
3529
3528
3533
3531
3531
3533
3530
3533
3527
3530
3534
3533
3526
3534
3533
3532
3527
3533
3535
3535
3534
3535
3535
3536
3534
3535
3533
3532
3533
3536
3533
3533
3532
3532
3534
3535
3535
3533
3533
3533
3534
3534
3534
3533
3533
3534
3534
3536
3535
3537
3535
3537
3533
3531
3534
3537
3536
3530
3530
3534
3534
3535
3537
3535
3535
3534
3534
3536
3535
3531
3536
3534
3533
3533
3537
3539
3537
3537
3537
3537
3537
3537
3537
3536
3533
3535
3536
3537
3539
3540
3543
3547
3544
3550
3549
3547
3549
3555
3557
3562
3561
3565
3565
3574
3579
3584
3585
3587
3590
3590
3594
3603
3604
3610
3612
3615
3613
3618
3625
3630
3628
3635
3637
3640
3647
3642
3646
3651
3658
3661
3668
3668
3666
3669
3668
3678
3684
3687
3681
3696
3695
3700
3702
3706
3709
3711
3715
3719
3720
3719
3719
3720
3720
3720
3720
3723
3723
3723
3724
3724
3727
3724
3725
3728
3721
3728
3726
3728
3729
3725
3724
3725
3727
3729
3725
3723
3722
3728
3726
3726
3726
3727
3729
3722
3733
3739
3744
3742
3749
3745
3747
3745
3750
3749
3745
3748
3749
3752
3755
3755
3756
3753
3752
3756
3754
3758
3762
3764
3765
3768
3767
3765
3766
3768
3768
3768
3770
3776
3780
3778
3781
3784
3786
3782
3782
3782
3782
3783
3782
3782
3788
3787
3787
3783
3785
3787
3793
3798
3798
3795
3801
3799
3800
3807
3807
3808
3814
3806
3810
3811
3806
3813
3810
3814
3813
3809
3814
3810
3812
3812
3811
3812
3810
3814
3809
3808
3810
3809
3815
3814
3813
3816
3815
3814
3821
3811
3811
3811
3811
3811
3811
3811
3811
3812
3812
3818
3819
3827
3827
3831
3829
3828
3828
3828
3829
3829
3829
3831
3831
3830
3827
3828
3827
3828
3827
3827
3822
3822
3822
3822
3822
3828
3828
3828
3828
3828
3828
3828
3828
3828
3824
3827
3828
3827
3827
3827
3827
3824
3823
3823
3825
3826
3826
3823
3827
3828
3832
3831
3832
3836
3836
3833
3834
3838
3836
3836
3836
3835
3829
3836
3836
3840
3841
3840
3843
3842
3842
3845
3843
3845
3840
3844
3846
3845
3847
3847
3846
3845
3846
3846
3841
3845
3844
3846
3845
3846
3844
3844
3844
3845
3842
3843
3843
3845
3845
3845
3845
3845
3845
3844
3844
3844
3844
3844
3845
3849
3846
3850
3849
3857
3854
3851
3852
3852
3850
3850
3841
3841
3841
3841
3841
3841
3841
3841
3841
3841
3841
3841
3841
3841
3841
3841
3841
3841
3841
3841
3841
3841
3841
3841
3841
3841
3841
3841
3841
3841
3841
3841
3841
3841
3841
3841
3841
3841
3841
3841
3854
3846
3878
3865
3876
3877
3879
3874
3871
3874
3874
3872
3864
3865
3871
3860
3862
3862
3865
3868
3861
3864
3850
3849
3847
3846
3841
3841
3843
3838
3837
3842
3839
3837
3828
3827
3827
3829
3825
3826
3827
3828
3825
3827
3825
3825
3824
3824
3824
3822
3823
3824
3822
3820
3817
3821
3820
3820
3819
3825
3822
3822
3822
3824
3824
3820
3821
3821
3821
3818
3819
3819
3819
3819
3819
3820
3836
3832
3838
3846
3845
3838
3810
3807
3807
3807
3807
3807
3807
3807
3807
3807
3807
3807
3807
3807
3807
3807
3807
3807
3807
3807
3807
3807
3807
3807
3807
3807
3807
3807
3807
3807
3807
3807
3818
3813
3815
3819
3819
3820
3819
3819
3818
3822
3815
3817
3820
3817
3817
3819
3821
3819
3822
3822
3820
3820
3824
3821
3820
3823
3822
3821
3821
3821
3821
3821
3820
3816
3822
3822
3822
3825
3827
3822
3822
3826
3826
3822
3825
3825
3824
3825
3823
3823
3826
3825
3825
3825
3823
3822
3823
3826
3827
3825
3830
3828
3833
3839
3835
3841
3838
3838
3836
3836
3841
3839
3843
3842
3840
3842
3838
3840
3841
3841
3840
3840
3840
3840
3840
3839
3839
3840
3845
3857
3859
3867
3870
3874
3875
3881
3878
3881
3879
3886
3885
3883
3886
3884
3887
3888
3888
3888
3887
3888
3886
3886
3884
3885
3885
3885
3885
3885
3885
3885
3885
3885
3889
3886
3891
3887
3896
3913
3932
3947
3963
3970
3972
3973
3981
3986
3981
3983
3988
3992
3996
4002
3998
4005
4005
4007
4006
4005
4005
4006
4006
4008
4007
4010
4015
4025
4036
4042
4043
4043
4045
4049
4047
4048
4048
4049
4048
4048
4050
4050
4045
4059
4062
4068
4074
4073
4075
4080
4096
4096
4099
4098
4102
4106
4117
4128
4130
4131
4131
4133
4130
4132
4134
4147
4152
4149
4147
4147
4147
4146
4152
4149
4150
4151
4154
4152
4148
4152
4154
4154
4152
4152
4151
4151
4153
4152
4150
4151
4151
4153
4153
4154
4153
4146
4147
4147
4147
4147
4147
4147
4147
4149
4149
4149
4149
4153
4146
4152
4159
4167
4173
4177
4177
4176
4176
4180
4176
4179
4182
4182
4182
4184
4181
4179
4182
4183
4181
4181
4182
4182
4185
4190
4203
4203
4212
4213
4213
4212
4219
4233
4238
4243
4244
4246
4249
4263
4266
4271
4269
4277
4289
4299
4300
4301
4300
4299
4301
4310
4322
4323
4325
4328
4328
4329
4327
4327
4328
4328
4329
4328
4330
4329
4329
4328
4328
4328
4330
4341
4345
4356
4358
4360
4360
4358
4357
4357
4357
4359
4354
4360
4358
4355
4354
4359
4359
4359
4355
4357
4357
4363
4353
4353
4353
4353
4353
4357
4357
4367
4372
4377
4393
4396
4410
4407
4415
4422
4428
4429
4429
4433
4436
4440
4440
4440
4440
4440
4440
4441
4440
4449
4454
4457
4463
4464
4468
4472
4475
4487
4496
4499
4501
4506
4509
4513
4517
4517
4520
4524
4528
4529
4533
4534
4534
4534
4534
4534
4534
4536
4536
4536
4536
4536
4536
4541
4539
4542
4544
4543
4543
4542
4543
4543
4538
4540
4540
4537
4537
4537
4538
4539
4537
4541
4544
4543
4543
4543
4545
4543
4545
4543
4543
4544
4543
4549
4547
4547
4547
4544
4548
4543
4545
4536
4537
4538
4541
4534
4533
4536
4535
4538
4539
4534
4539
4540
4539
4542
4542
4539
4539
4537
4539
4539
4539
4538
4540
4535
4538
4540
4541
4543
4540
4541
4542
4534
4536
4541
4541
4543
4541
4542
4539
4544
4542
4535
4537
4540
4536
4539
4540
4538
4538
4542
4539
4541
4538
4542
4541
4543
4541
4542
4540
4539
4539
4537
4538
4537
4538
4535
4537
4541
4538
4540
4539
4537
4538
4539
4538
4537
4536
4535
4534
4535
4535
4535
4536
4537
4537
4537
4537
4536
4536
4536
4536
4536
4536
4536
4536
4536
4535
4535
4535
4535
4535
4535
4535
4535
4535
4535
4535
4535
4535
4535
4535
4535
4535
4535
4536
4536
4536
4536
4536
4536
4536
4537
4537
4542
4542
4542
4544
4544
4544
4544
4544
4544
4544
4544
4544
4543
4543
4543
4543
4543
4543
4544
4546
4546
4546
4546
4546
4546
4546
4546
4546
4546
4546
4546
4546
4546
4546
4546
4543
4543
4543
4543
4543
4543
4543
4543
4543
4543
4543
4543
4543
4543
4543
4543
4543
4543
4543
4543
4543
4543
4543
4543
4543
4543
4543
4543
4543
4543
4543
4543
4543
4543
4543
4543
4543
4543
4543
4543
4543
4543
4543
4543
4543
4542
4542
4543
4543
4541
4542
4541
4541
4541
4540
4540
4540
4540
4540
4542
4544
4543
4543
4543
4543
4541
4541
4541
4540
4540
4540
4540
4540
4539
4539
4541
4540
4537
4540
4542
4534
4546
4542
4545
4544
4545
4544
4546
4542
4533
4542
4542
4540
4538
4541
4540
4539
4540
4544
4543
4540
4543
4541
4541
4536
4539
4540
4541
4541
4542
4534
4536
4540
4537
4537
4538
4536
4540
4540
4540
4536
4539
4539
4537
4537
4544
4544
4544
4544
4544
4544
4543
4543
4544
4542
4542
4542
4543
4543
4543
4541
4541
4541
4541
4541
4541
4541
4538
4542
4542
4542
4542
4542
4542
4542
4542
4542
4541
4541
4541
4541
4541
4541
4541
4541
4541
4541
4540
4540
4539
4542
4542
4540
4542
4540
4537
4541
4538
4537
4539
4539
4543
4539
4539
4539
4539
4541
4540
4543
4540
4540
4540
4538
4538
4537
4535
4539
4541
4541
4541
4544
4543
4543
4542
4543
4544
4544
4544
4544
4544
4544
4544
4540
4540
4543
4543
4543
4541
4541
4541
4541
4541
4543
4547
4534
4538
4536
4533
4539
4543
4538
4532
4539
4544
4545
4543
4544
4542
4542
4543
4544
4547
4544
4544
4545
4538
4544
4546
4546
4546
4547
4546
4545
4545
4544
4545
4545
4545
4545
4545
4546
4545
4547
4542
4547
4548
4547
4545
4546
4546
4546
4546
4543
4546
4549
4547
4547
4546
4547
4546
4549
4551
4547
4548
4548
4550
4546
4546
4545
4545
4545
4544
4545
4550
4549
4547
4545
4547
4549
4546
4546
4547
4545
4546
4545
4546
4549
4548
4545
4547
4544
4546
4546
4547
4548
4548
4548
4548
4548
4548
4548
4548
4548
4548
4548
4544
4539
4543
4543
4540
4544
4543
4543
4544
4542
4545
4542
4545
4542
4541
4544
4541
4543
4543
4541
4541
4542
4543
4538
4543
4542
4542
4543
4544
4540
4544
4542
4542
4540
4543
4543
4543
4543
4543
4543
4543
4543
4543
4543
4543
4543
4545
4545
4544
4544
4544
4544
4544
4544
4544
4544
4542
4542
4542
4542
4543
4540
4540
4543
4543
4543
4543
4543
4543
4541
4540
4540
4540
4540
4540
4540
4540
4542
4542
4542
4542
4542
4542
4542
4544
4544
4544
4544
4544
4544
4544
4544
4544
4544
4544
4543
4543
4543
4543
4543
4543
4543
4543
4543
4543
4543
4543
4543
4543
4543
4543
4543
4543
4543
4543
4543
4543
4543
4543
4543
4545
4545
4545
4545
4545
4545
4545
4545
4545
4545
4545
4545
4546
4543
4543
4545
4545
4545
4545
4545
4544
4544
4541
4544
4543
4543
4544
4543
4544
4543
4541
4541
4543
4542
4543
4543
4543
4540
4542
4541
4540
4542
4543
4542
4540
4539
4540
4544
4554
4541
4548
4548
4549
4544
4545
4543
4549
4546
4541
4548
4549
4546
4548
4548
4549
4548
4547
4551
4549
4546
4548
4548
4548
4547
4548
4549
4547
4549
4549
4545
4545
4546
4547
4546
4550
4550
4548
4548
4548
4550
4549
4548
4548
4550
4550
4547
4550
4546
4547
4548
4546
4546
4547
4548
4549
4550
4548
4549
4546
4549
4549
4551
4548
4549
4550
4549
4547
4548
4548
4550
4543
4541
4542
4542
4543
4543
4537
4545
4545
4545
4543
4543
4543
4543
4548
4548
4546
4547
4545
4547
4546
4547
4547
4545
4544
4547
4546
4544
4544
4544
4543
4545
4544
4544
4543
4541
4548
4542
4544
4541
4547
4548
4550
4550
4550
4551
4549
4551
4550
4550
4550
4550
4550
4550
4550
4545
4546
4547
4546
4544
4545
4547
4544
4545
4547
4546
4542
4546
4547
4546
4546
4548
4545
4547
4546
4544
4547
4547
4543
4543
4542
4544
4545
4545
4547
4544
4545
4545
4544
4545
4545
4545
4544
4545
4544
4547
4546
4545
4546
4546
4545
4545
4545
4545
4544
4544
4546
4543
4549
4546
4546
4547
4546
4546
4544
4548
4544
4546
4546
4545
4544
4543
4544
4533
4545
4546
4545
4547
4546
4546
4550
4545
4544
4543
4546
4543
4545
4543
4544
4544
4546
4544
4545
4546
4543
4543
4546
4545
4547
4543
4541
4539
4541
4544
4545
4542
4546
4541
4545
4547
4548
4544
4544
4539
4544
4544
4545
4542
4541
4529
4546
4540
4540
4539
4545
4544
4544
4544
4533
4541
4544
4542
4545
4541
4543
4541
4541
4542
4540
4538
4539
4541
4545
4545
4543
4546
4546
4547
4546
4548
4548
4545
4547
4547
4550
4549
4548
4548
4550
4551
4551
4549
4551
4549
4553
4550
4552
4550
4550
4551
4548
4549
4551
4551
4552
4552
4548
4549
4548
4548
4552
4551
4551
4549
4549
4549
4549
4549
4549
4549
4541
4541
4541
4541
4544
4541
4541
4543
4543
4544
4544
4544
4543
4548
4550
4550
4550
4553
4553
4548
4558
4557
4563
4568
4569
4568
4567
4570
4572
4573
4575
4578
4578
4576
4575
4577
4576
4575
4575
4575
4577
4580
4579
4582
4582
4581
4586
4586
4592
4588
4588
4591
4590
4593
4594
4600
4596
4599
4599
4596
4597
4597
4597
4600
4600
4606
4604
4611
4612
4612
4616
4613
4613
4613
4613
4613
4614
4611
4613
4613
4613
4613
4614
4615
4609
4618
4622
4631
4640
4643
4642
4644
4645
4642
4643
4646
4649
4645
4646
4646
4647
4645
4645
4644
4647
4644
4645
4649
4656
4660
4658
4656
4659
4662
4662
4661
4661
4661
4664
4667
4673
4673
4674
4677
4686
4685
4686
4685
4687
4689
4694
4692
4693
4690
4691
4691
4691
4691
4692
4690
4689
4690
4691
4690
4689
4691
4693
4694
4699
4696
4697
4697
4707
4709
4708
4707
4712
4712
4713
4712
4713
4715
4716
4718
4718
4721
4723
4722
4721
4726
4733
4733
4736
4734
4733
4736
4733
4732
4733
4733
4737
4737
4737
4742
4742
4743
4743
4743
4744
4743
4743
4746
4745
4748
4749
4751
4755
4752
4750
4750
4750
4752
4757
4752
4751
4751
4751
4751
4752
4758
4755
4756
4766
4768
4773
4774
4777
4775
4774
4775
4779
4783
4781
4780
4781
4781
4781
4781
4779
4779
4784
4783
4781
4783
4783
4780
4785
4784
4785
4790
4790
4790
4790
4794
4795
4797
4798
4800
4800
4809
4804
4807
4805
4805
4804
4810
4816
4813
4806
4806
4814
4815
4815
4817
4816
4820
4820
4820
4820
4818
4819
4820
4819
4819
4818
4820
4818
4819
4818
4819
4819
4819
4819
4819
4819
4817
4816
4818
4821
4823
4820
4822
4822
4819
4819
4820
4821
4821
4821
4819
4823
4827
4829
4832
4834
4837
4835
4840
4845
4844
4848
4846
4842
4844
4848
4849
4850
4858
4856
4857
4857
4862
4858
4866
4863
4867
4868
4865
4869
4874
4876
4875
4878
4878
4878
4878
4882
4883
4880
4882
4880
4877
4875
4877
4880
4881
4878
4878
4880
4877
4877
4880
4877
4879
4880
4878
4880
4880
4883
4884
4876
4877
4878
4876
4877
4875
4878
4875
4872
4874
4875
4871
4879
4880
4876
4875
4876
4875
4873
4874
4875
4873
4876
4875
4877
4879
4878
4876
4878
4875
4876
4878
4879
4874
4874
4871
4878
4875
4876
4877
4877
4877
4877
4875
4876
4876
4878
4876
4878
4877
4878
4876
4877
4880
4876
4878
4878
4876
4878
4878
4878
4878
4878
4876
4875
4883
4883
4885
4885
4881
4887
4886
4891
4893
4896
4899
4901
4900
4900
4904
4910
4912
4912
4910
4913
4915
4914
4917
4912
4912
4912
4913
4918
4923
4926
4928
4926
4931
4931
4928
4928
4926
4928
4925
4925
4927
4928
4929
4935
4934
4937
4937
4936
4940
4941
4944
4946
4949
4944
4944
4947
4947
4947
4949
4954
4953
4957
4957
4962
4961
4965
4965
4964
4965
4964
4967
4964
4968
4969
4969
4969
4969
4974
4973
4974
4975
4975
4977
4974
4975
4976
4974
4974
4972
4974
4972
4977
4979
4975
4975
4978
4978
4976
4978
4978
4978
4978
4979
4981
4981
4981
4981
4981
4981
4981
4981
4983
4979
4982
4982
4981
4977
4984
4987
4982
4982
4985
4985
4984
4987
4984
4981
4982
4985
4989
4989
4994
4996
4991
4995
4992
4989
4991
4992
4992
4994
4996
4996
4998
4993
4997
4996
4996
4997
4995
4995
4994
4995
4998
4999
5000
5001
5000
5000
4999
5001
5000
4993
5001
4999
5001
4996
4997
4998
5001
5001
5001
4998
4998
4996
4999
4999
4999
5000
4998
4998
5001
5001
5000
5000
5002
5000
4999
5000
4999
4996
4998
4999
4999
5000
5000
5000
5000
5000
5003
5003
5003
5003
5003
5001
5006
5008
5008
5011
5012
5013
5015
5015
5014
5014
5013
5013
5013
5013
5018
5018
5018
5023
5025
5024
5023
5023
5021
5026
5025
5028
5024
5023
5023
5027
5030
5030
5031
5030
5025
5026
5027
5028
5035
5035
5037
5032
5035
5035
5036
5038
5036
5038
5039
5036
5037
5037
5037
5037
5039
5039
5031
5039
5039
5046
5049
5048
5050
5053
5051
5049
5050
5051
5054
5060
5061
5061
5061
5062
5063
5062
5062
5064
5060
5060
5061
5063
5060
5065
5065
5068
5068
5066
5066
5068
5071
5076
5069
5074
5073
5075
5073
5075
5070
5072
5073
5075
5076
5072
5074
5075
5074
5073
5073
5073
5078
5073
5075
5071
5076
5078
5077
5077
5075
5077
5075
5074
5074
5075
5075
5075
5075
5075
5075
5075
5075
5075
5075
5075
5075
5075
5074
5077
5083
5083
5085
5083
5085
5085
5085
5085
5088
5089
5090
5091
5092
5087
5087
5089
5093
5093
5095
5096
5096
5095
5097
5095
5095
5094
5097
5094
5096
5094
5094
5094
5094
5094
5094
5094
5094
5095
5097
5097
5104
5105
5105
5105
5105
5106
5108
5108
5106
5109
5109
5109
5109
5109
5109
5108
5108
5109
5108
5114
5121
5122
5123
5123
5123
5123
5125
5121
5122
5127
5128
5134
5139
5141
5141
5137
5142
5140
5143
5145
5140
5140
5139
5139
5142
5141
5141
5140
5144
5144
5144
5146
5149
5147
5147
5147
5147
5147
5149
5150
5155
5156
5156
5154
5155
5154
5154
5154
5152
5155
5154
5150
5151
5151
5150
5149
5146
5150
5152
5145
5152
5152
5155
5153
5153
5152
5151
5154
5151
5155
5154
5155
5152
5153
5148
5152
5147
5147
5147
5149
5148
5147
5150
5153
5152
5153
5150
5150
5151
5152
5150
5153
5153
5157
5152
5148
5156
5157
5156
5155
5154
5154
5156
5154
5156
5156
5156
5155
5158
5159
5150
5158
5157
5157
5158
5161
5159
5160
5161
5159
5160
5159
5159
5157
5161
5160
5158
5159
5161
5161
5160
5160
5154
5156
5155
5155
5157
5154
5156
5160
5154
5154
5156
5156
5153
5157
5151
5149
5154
5156
5155
5154
5153
5152
5156
5155
5150
5148
5149
5145
5148
5148
5149
5149
5150
5148
5151
5147
5148
5149
5150
5150
5150
5154
5150
5152
5152
5148
5152
5150
5150
5148
5153
5151
5151
5151
5153
5152
5152
5152
5151
5150
5151
5151
5151
5155
5154
5154
5152
5153
5155
5153
5155
5155
5153
5151
5151
5151
5151
5149
5146
5147
5148
5147
5147
5147
5147
5147
5147
5147
5147
5147
5147
5147
5148
5148
5148
5150
5151
5148
5148
5156
5151
5153
5152
5155
5156
5152
5152
5152
5151
5153
5154
5153
5157
5156
5154
5158
5153
5154
5154
5152
5156
5156
5156
5156
5156
5158
5157
5158
5158
5158
5158
5158
5157
5156
5158
5157
5157
5156
5156
5156
5156
5159
5156
5157
5157
5157
5155
5157
5156
5156
5156
5156
5155
5157
5157
5156
5155
5155
5155
5154
5156
5157
5157
5156
5156
5159
5158
5152
5156
5157
5157
5154
5154
5154
5151
5149
5151
5151
5154
5155
5155
5153
5156
5153
5158
5157
5155
5148
5152
5155
5158
5156
5155
5155
5158
5155
5154
5153
5161
5160
5160
5160
5159
5159
5159
5161
5159
5158
5157
5158
5162
5160
5158
5158
5159
5160
5162
5162
5160
5159
5154
5152
5156
5158
5160
5161
5162
5161
5161
5156
5156
5154
5155
5156
5156
5156
5156
5156
5156
5157
5152
5152
5153
5156
5155
5156
5156
5155
5156
5154
5155
5150
5157
5157
5158
5158
5158
5158
5158
5158
5158
5155
5156
5155
5159
5159
5159
5159
5159
5159
5159
5159
5159
5159
5159
5157
5159
5159
5160
5160
5160
5158
5159
5156
5158
5156
5154
5157
5158
5150
5157
5153
5159
5159
5152
5156
5157
5157
5157
5159
5156
5154
5155
5156
5158
5158
5157
5154
5155
5157
5153
5154
5158
5158
5158
5157
5157
5157
5157
5157
5157
5158
5157
5159
5156
5154
5158
5154
5157
5157
5160
5155
5155
5158
5157
5157
5163
5156
5161
5157
5155
5159
5160
5158
5163
5160
5160
5161
5156
5160
5156
5158
5159
5157
5157
5157
5157
5157
5157
5157
5153
5153
5153
5154
5151
5153
5153
5157
5156
5157
5157
5156
5152
5153
5152
5157
5158
5156
5155
5155
5155
5155
5155
5155
5159
5159
5159
5159
5159
5159
5159
5159
5159
5159
5159
5159
5159
5159
5159
5159
5155
5154
5154
5154
5154
5154
5154
5157
5155
5154
5154
5155
5155
5155
5155
5155
5156
5155
5155
5155
5154
5156
5153
5152
5156
5157
5152
5150
5152
5154
5155
5156
5160
5158
5158
5158
5158
5160
5161
5160
5160
5161
5158
5159
5153
5158
5159
5160
5161
5158
5157
5158
5163
5161
5159
5159
5159
5158
5158
5158
5159
5159
5158
5158
5158
5158
5156
5157
5159
5159
5159
5159
5156
5157
5159
5159
5160
5159
5163
5156
5155
5155
5155
5153
5154
5154
5160
5162
5157
5153
5159
5155
5157
5151
5152
5153
5157
5157
5157
5153
5152
5152
5149
5152
5158
5152
5154
5156
5153
5155
5156
5154
5154
5155
5155
5153
5162
5158
5159
5158
5156
5159
5156
5153
5158
5160
5152
5155
5152
5150
5154
5154
5151
5147
5152
5149
5149
5151
5149
5147
5152
5148
5148
5151
5149
5154
5152
5157
5155
5150
5155
5154
5156
5156
5155
5157
5156
5156
5158
5153
5157
5156
5154
5156
5157
5158
5153
5158
5158
5157
5156
5155
5157
5157
5158
5155
5159
5156
5156
5158
5150
5156
5157
5156
5157
5157
5157
5153
5161
5161
5161
5161
5158
5153
5160
5157
5161
5159
5158
5160
5154
5157
5155
5158
5155
5153
5155
5155
5156
5156
5155
5158
5158
5157
5157
5157
5157
5152
5159
5149
5155
5155
5155
5158
5157
5155
5156
5157
5158
5156
5156
5156
5156
5156
5158
5155
5156
5155
5156
5156
5154
5155
5154
5156
5156
5156
5155
5156
5157
5157
5157
5157
5157
5157
5157
5157
5157
5157
5157
5157
5157
5157
5157
5157
5157
5157
5157
5157
5157
5157
5157
5157
5157
5157
5157
5157
5157
5157
5157
5157
5158
5158
5158
5158
5159
5159
5159
5159
5157
5158
5158
5158
5158
5158
5158
5158
5157
5157
5157
5154
5154
5154
5154
5154
5154
5157
5157
5157
5157
5157
5155
5156
5156
5156
5156
5156
5156
5156
5156
5156
5155
5155
5155
5155
5155
5155
5155
5155
5155
5155
5155
5156
5156
5156
5156
5154
5154
5154
5154
5154
5154
5154
5154
5154
5154
5154
5154
5154
5154
5154
5156
5156
5156
5156
5156
5156
5156
5156
5156
5156
5156
5156
5156
5156
5156
5156
5155
5154
5155
5155
5155
5155
5155
5155
5155
5155
5155
5155
5155
5154
5154
5154
5154
5154
5154
5153
5154
5154
5154
5154
5154
5154
5155
5155
5155
5154
5155
5155
5155
5155
5155
5155
5155
5155
5155
5155
5155
5155
5155
5155
5155
5155
5155
5155
5155
5155
5155
5155
5155
5155
5155
5155
5155
5155
5155
5155
5155
5155
5155
5155
5155
5155
5155
5155
5155
5155
5155
5155
5155
5155
5155
5155
5155
5155
5155
5154
5154
5154
5154
5154
5154
5154
5154
5154
5154
5154
5154
5154
5154
5154
5154
5154
5154
5154
5157
5157
5157
5154
5154
5154
5155
5155
5156
5157
5156
5157
5156
5156
5154
5156
5157
5157
5155
5156
5153
5153
5155
5155
5156
5156
5156
5154
5156
5156
5154
5154
5154
5155
5153
5156
5154
5153
5154
5155
5155
5155
5156
5155
5154
5154
5153
5155
5153
5157
5155
5151
5152
5155
5156
5153
5155
5154
5157
5156
5154
5153
5154
5155
5154
5154
5156
5156
5156
5156
5156
5156
5156
5156
5156
5156
5156
5156
5156
5156
5156
5156
5155
5155
5156
5156
5156
5156
5156
5156
5155
5155
5155
5155
5154
5154
5155
5155
5155
5155
5155
5155
5155
5155
5155
5154
5154
5154
5155
5156
5155
5155
5154
5153
5156
5154
5155
5155
5155
5156
5155
5156
5154
5156
5156
5153
5153
5153
5153
5153
5153
5153
5156
5156
5156
5153
5153
5153
5153
5153
5153
5153
5153
5153
5153
5153
5153
5153
5153
5153
5156
5154
5155
5153
5154
5150
5150
5152
5151
5152
5153
5152
5154
5151
5145
5146
5149
5150
5152
5151
5148
5149
5150
5146
5151
5150
5148
5148
5150
5150
5154
5157
5154
5156
5153
5157
5154
5154
5158
5149
5147
5157
5156
5157
5146
5152
5150
5156
5151
5155
5156
5157
5155
5155
5157
5159
5159
5154
5158
5157
5157
5156
5157
5157
5158
5158
5159
5159
5159
5159
5159
5157
5159
5162
5165
5174
5174
5179
5181
5185
5181
5182
5176
5184
5190
5198
5204
5205
5213
5209
5207
5207
5207
5208
5210
5214
5213
5208
5211
5215
5214
5214
5211
5211
5211
5210
5210
5210
5211
5214
5215
5220
5226
5226
5230
5227
5230
5228
5228
5225
5225
5230
5229
5228
5228
5229
5231
5231
5230
5231
5234
5234
5235
5235
5235
5243
5238
5237
5241
5241
5241
5237
5240
5235
5234
5234
5237
5240
5241
5241
5241
5241
5235
5239
5238
5240
5241
5241
5241
5247
5249
5247
5247
5249
5250
5248
5248
5249
5245
5249
5249
5245
5244
5243
5244
5247
5247
5242
5246
5249
5249
5247
5246
5249
5244
5249
5256
5260
5262
5269
5270
5272
5272
5272
5268
5277
5276
5276
5280
5279
5279
5279
5279
5279
5279
5275
5274
5277
5281
5279
5295
5296
5290
5301
5302
5304
5302
5310
5315
5319
5318
5318
5322
5328
5325
5326
5325
5331
5333
5331
5333
5334
5334
5334
5336
5336
5337
5337
5335
5336
5336
5336
5336
5336
5335
5335
5333
5333
5333
5333
5337
5339
5336
5338
5339
5339
5338
5341
5341
5339
5343
5340
5341
5339
5338
5339
5340
5339
5338
5338
5339
5339
5340
5341
5341
5341
5342
5339
5339
5341
5339
5340
5342
5337
5339
5336
5341
5346
5345
5346
5348
5350
5349
5354
5354
5357
5358
5356
5358
5362
5364
5367
5368
5365
5370
5365
5367
5367
5365
5366
5361
5371
5367
5366
5365
5364
5363
5363
5364
5364
5364
5364
5369
5370
5370
5380
5380
5382
5382
5385
5384
5380
5385
5377
5382
5382
5386
5382
5382
5381
5382
5382
5384
5384
5384
5384
5384
5384
5384
5386
5384
5388
5395
5400
5402
5416
5418
5426
5432
5434
5444
5448
5449
5452
5452
5452
5455
5454
5458
5453
5460
5460
5456
5457
5457
5458
5458
5461
5461
5460
5461
5462
5461
5461
5461
5459
5463
5461
5461
5462
5463
5459
5461
5462
5461
5459
5464
5462
5457
5458
5463
5467
5467
5472
5472
5470
5471
5468
5472
5466
5476
5485
5485
5486
5491
5486
5488
5492
5495
5492
5491
5495
5495
5495
5495
5495
5493
5493
5493
5497
5493
5498
5496
5496
5496
5496
5496
5497
5493
5495
5501
5500
5496
5499
5500
5503
5502
5506
5504
5505
5506
5510
5509
5509
5512
5512
5508
5507
5509
5513
5514
5520
5516
5521
5523
5524
5526
5522
5524
5523
5524
5527
5527
5527
5524
5524
5524
5520
5521
5523
5522
5523
5524
5525
5523
5522
5526
5530
5526
5528
5530
5530
5526
5526
5528
5527
5526
5529
5534
5530
5530
5532
5528
5529
5532
5536
5536
5535
5539
5541
5541
5538
5540
5541
5538
5540
5537
5540
5542
5541
5540
5538
5543
5538
5541
5538
5541
5541
5539
5542
5542
5541
5542
5540
5541
5540
5541
5543
5544
5550
5551
5556
5555
5562
5567
5570
5570
5566
5567
5573
5574
5576
5576
5580
5580
5580
5580
5580
5580
5580
5580
5581
5581
5580
5580
5579
5579
5578
5584
5589
5594
5596
5594
5594
5600
5607
5606
5612
5618
5612
5614
5615
5619
5620
5620
5619
5618
5619
5620
5617
5623
5629
5637
5636
5638
5646
5644
5645
5649
5650
5654
5651
5653
5652
5652
5652
5652
5652
5652
5661
5661
5667
5669
5669
5667
5669
5680
5685
5687
5688
5689
5689
5690
5688
5689
5689
5691
5693
5692
5694
5695
5695
5695
5693
5693
5693
5693
5693
5692
5694
5690
5694
5692
5695
5695
5692
5694
5692
5692
5693
5697
5697
5695
5697
5694
5695
5695
5698
5698
5696
5696
5699
5699
5698
5691
5700
5694
5693
5691
5692
5693
5692
5692
5693
5694
5698
5696
5696
5696
5696
5696
5696
5696
5694
5693
5693
5693
5693
5693
5693
5693
5695
5695
5697
5696
5696
5696
5694
5695
5691
5695
5689
5692
5688
5693
5688
5695
5694
5694
5693
5691
5691
5694
5696
5693
5693
5694
5695
5698
5698
5692
5692
5697
5698
5695
5696
5692
5691
5693
5693
5693
5695
5690
5702
5713
5715
5714
5721
5715
5716
5711
5723
5731
5736
5733
5741
5742
5745
5747
5743
5750
5747
5748
5749
5744
5747
5744
5748
5745
5748
5742
5743
5750
5756
5758
5761
5758
5762
5766
5764
5765
5774
5775
5775
5769
5774
5770
5771
5769
5770
5774
5775
5780
5781
5777
5785
5783
5783
5778
5778
5781
5781
5780
5782
5787
5782
5790
5790
5785
5790
5788
5787
5791
5782
5787
5788
5793
5798
5798
5803
5805
5805
5802
5809
5813
5816
5818
5825
5824
5824
5826
5825
5825
5827
5828
5830
5830
5830
5828
5828
5828
5830
5830
5829
5828
5829
5831
5831
5830
5833
5833
5831
5833
5840
5839
5844
5846
5844
5850
5856
5855
5858
5858
5860
5854
5862
5859
5860
5861
5858
5870
5873
5876
5872
5877
5877
5882
5885
5885
5895
5899
5896
5895
5897
5897
5898
5898
5897
5897
5897
5895
5892
5906
5911
5914
5918
5918
5915
5918
5918
5918
5918
5918
5918
5918
5917
5925
5935
5935
5939
5943
5944
5940
5943
5941
5940
5940
5934
5940
5939
5937
5941
5940
5937
5942
5940
5943
5941
5939
5941
5938
5942
5940
5940
5940
5940
5942
5941
5942
5942
5939
5939
5939
5939
5942
5942
5938
5940
5941
5941
5941
5941
5944
5942
5940
5941
5941
5939
5939
5941
5941
5941
5943
5943
5944
5944
5941
5942
5941
5942
5942
5940
5941
5943
5941
5938
5943
5939
5945
5942
5941
5943
5941
5942
5942
5942
5942
5942
5940
5940
5940
5944
5944
5944
5939
5943
5943
5939
5939
5939
5940
5941
5942
5942
5940
5941
5940
5938
5939
5940
5938
5939
5939
5941
5938
5938
5936
5934
5936
5937
5937
5939
5939
5937
5941
5940
5939
5939
5940
5940
5940
5934
5936
5939
5939
5944
5940
5940
5940
5938
5935
5939
5931
5938
5939
5939
5938
5938
5939
5936
5938
5938
5938
5938
5937
5940
5937
5941
5938
5937
5938
5938
5938
5939
5938
5937
5938
5936
5937
5931
5936
5938
5937
5937
5938
5938
5939
5937
5935
5937
5937
5934
5934
5938
5934
5934
5934
5934
5934
5934
5934
5934
5934
5934
5934
5936
5936
5937
5937
5934
5936
5934
5937
5934
5936
5934
5934
5935
5935
5936
5932
5933
5935
5932
5931
5935
5936
5933
5933
5930
5935
5936
5933
5929
5938
5936
5934
5934
5935
5937
5936
5936
5930
5929
5933
5933
5935
5936
5934
5933
5933
5936
5934
5933
5932
5931
5929
5931
5930
5931
5932
5927
5930
5931
5929
5931
5939
5939
5939
5939
5939
5937
5939
5938
5939
5939
5937
5941
5937
5938
5938
5940
5935
5938
5939
5939
5939
5939
5938
5938
5937
5938
5938
5938
5938
5938
5938
5938
5938
5938
5938
5938
5940
5937
5939
5934
5938
5937
5936
5936
5936
5936
5936
5936
5937
5937
5938
5937
5939
5937
5935
5935
5935
5934
5938
5938
5940
5942
5939
5943
5943
5940
5946
5945
5941
5942
5941
5942
5943
5943
5943
5942
5943
5939
5944
5936
5936
5933
5941
5941
5944
5942
5941
5942
5941
5938
5942
5940
5941
5941
5941
5941
5943
5943
5943
5940
5941
5940
5939
5939
5940
5940
5940
5940
5943
5943
5941
5941
5943
5943
5940
5939
5939
5937
5939
5944
5935
5933
5936
5937
5938
5938
5935
5935
5941
5939
5942
5942
5937
5939
5936
5938
5937
5937
5936
5939
5935
5933
5937
5937
5935
5937
5939
5937
5937
5932
5936
5938
5939
5938
5941
5939
5937
5937
5940
5937
5938
5938
5935
5936
5937
5936
5936
5940
5939
5937
5935
5940
5941
5942
5940
5939
5939
5937
5937
5939
5943
5939
5935
5938
5936
5941
5941
5939
5939
5939
5940
5940
5940
5941
5939
5936
5934
5937
5937
5937
5937
5937
5937
5937
5937
5937
5937
5937
5937
5937
5936
5938
5933
5941
5936
5937
5940
5937
5938
5938
5940
5937
5942
5939
5934
5936
5938
5936
5941
5939
5935
5938
5937
5938
5940
5940
5938
5940
5940
5935
5933
5929
5931
5930
5932
5932
5930
5935
5935
5933
5933
5934
5936
5934
5935
5933
5937
5929
5928
5934
5929
5928
5930
5930
5934
5928
5930
5936
5937
5937
5935
5929
5929
5928
5930
5929
5925
5927
5928
5934
5930
5930
5933
5931
5934
5931
5932
5932
5936
5936
5935
5935
5935
5933
5937
5935
5938
5938
5939
5939
5939
5932
5930
5936
5934
5934
5936
5936
5936
5936
5936
5935
5936
5938
5938
5938
5938
5938
5938
5938
5938
5941
5941
5941
5942
5942
5937
5939
5939
5937
5936
5936
5936
5936
5938
5938
5938
5938
5938
5939
5939
5939
5939
5939
5939
5937
5937
5937
5936
5936
5936
5936
5936
5936
5937
5937
5938
5938
5940
5940
5937
5937
5939
5939
5941
5940
5938
5942
5940
5938
5944
5943
5940
5942
5937
5938
5939
5941
5943
5941
5941
5940
5941
5939
5935
5933
5934
5934
5934
5934
5935
5935
5935
5935
5935
5935
5934
5934
5937
5938
5939
5941
5935
5938
5938
5939
5939
5939
5940
5940
5940
5940
5938
5939
5940
5941
5942
5943
5940
5943
5944
5942
5942
5943
5940
5942
5939
5942
5938
5939
5940
5943
5934
5937
5945
5939
5938
5941
5937
5936
5935
5941
5940
5938
5937
5937
5937
5938
5943
5942
5942
5938
5941
5938
5937
5939
5944
5939
5940
5940
5941
5943
5943
5937
5943
5942
5937
5936
5939
5942
5945
5942
5945
5946
5939
5941
5940
5944
5940
5943
5937
5937
5937
5938
5938
5934
5935
5935
5933
5939
5938
5936
5936
5938
5937
5939
5937
5935
5938
5941
5937
5937
5943
5943
5937
5937
5937
5937
5937
5937
5938
5940
5938
5938
5937
5937
5940
5940
5939
5940
5940
5940
5940
5940
5940
5942
5942
5942
5941
5938
5940
5940
5939
5939
5940
5940
5936
5934
5934
5936
5934
5936
5934
5938
5938
5935
5937
5937
5939
5939
5939
5939
5940
5941
5940
5939
5940
5940
5938
5937
5941
5937
5935
5939
5938
5938
5940
5935
5935
5937
5939
5943
5942
5942
5941
5937
5940
5940
5940
5937
5940
5942
5943
5942
5940
5942
5938
5942
5943
5941
5938
5942
5943
5941
5941
5941
5946
5931
5937
5940
5938
5937
5939
5939
5938
5930
5936
5938
5936
5937
5935
5931
5940
5942
5940
5935
5941
5940
5938
5937
5939
5939
5937
5937
5930
5936
5936
5935
5937
5939
5939
5938
5936
5930
5936
5939
5940
5938
5936
5940
5938
5935
5938
5929
5939
5938
5939
5939
5939
5937
5934
5933
5936
5933
5931
5932
5934
5936
5935
5940
5939
5934
5942
5944
5942
5937
5938
5940
5943
5942
5942
5939
5934
5937
5935
5941
5933
5936
5937
5932
5934
5934
5937
5936
5937
5938
5930
5936
5939
5937
5939
5940
5939
5942
5938
5938
5942
5943
5943
5940
5942
5938
5938
5938
5939
5939
5940
5939
5942
5942
5943
5944
5943
5942
5941
5944
5942
5942
5941
5942
5936
5934
5933
5937
5938
5934
5935
5933
5935
5934
5934
5936
5935
5938
5936
5937
5934
5934
5936
5936
5936
5936
5936
5935
5935
5935
5933
5933
5933
5936
5933
5934
5935
5929
5936
5934
5935
5935
5932
5932
5935
5934
5933
5935
5936
5933
5932
5938
5936
5935
5936
5934
5936
5936
5936
5937
5937
5937
5937
5937
5937
5937
5937
5937
5937
5935
5936
5935
5935
5935
5935
5937
5938
5938
5938
5935
5935
5935
5934
5934
5935
5933
5934
5934
5934
5935
5937
5939
5933
5932
5930
5933
5936
5935
5938
5938
5934
5939
5934
5935
5935
5937
5937
5936
5936
5939
5939
5939
5939
5939
5938
5934
5935
5934
5928
5936
5930
5933
5929
5932
5935
5937
5937
5932
5932
5935
5935
5932
5934
5939
5936
5938
5939
5940
5940
5936
5935
5935
5937
5937
5935
5932
5933
5933
5934
5936
5934
5934
5932
5933
5935
5935
5936
5934
5928
5926
5928
5928
5925
5931
5927
5929
5929
5931
5926
5928
5930
5932
5930
5929
5931
5932
5934
5937
5934
5933
5932
5931
5935
5935
5938
5930
5928
5930
5931
5933
5933
5932
5932
5935
5933
5932
5933
5931
5931
5933
5934
5941
5939
5927
5934
5933
5937
5937
5931
5934
5933
5931
5932
5928
5935
5936
5935
5936
5934
5934
5931
5929
5936
5936
5933
5932
5933
5934
5930
5931
5934
5936
5936
5934
5933
5932
5934
5935
5935
5934
5936
5933
5932
5932
5930
5931
5930
5930
5930
5930
5933
5932
5933
5932
5937
5939
5933
5934
5929
5927
5928
5932
5935
5939
5937
5938
5937
5940
5931
5938
5932
5931
5934
5933
5942
5942
5940
5941
5938
5934
5941
5938
5946
5942
5943
5945
5942
5944
5943
5943
5940
5941
5939
5936
5935
5937
5940
5937
5935
5938
5938
5935
5937
5937
5940
5940
5940
5939
5939
5939
5943
5940
5942
5943
5940
5938
5940
5940
5939
5941
5942
5943
5940
5940
5940
5940
5940
5940
5939
5939
5942
5942
5942
5942
5941
5942
5942
5942
5942
5942
5943
5943
5944
5944
5944
5944
5944
5944
5941
5941
5941
5941
5941
5941
5941
5941
5941
5941
5941
5941
5941
5941
5941
5941
5938
5938
5938
5938
5938
5938
5938
5938
5938
5938
5938
5938
5938
5938
5938
5938
5938
5938
5938
5938
5938
5938
5938
5938
5938
5938
5938
5934
5934
5935
5935
5935
5935
5935
5935
5935
5935
5935
5935
5936
5936
5934
5934
5937
5934
5934
5934
5934
5933
5933
5933
5933
5935
5933
5932
5930
5929
5931
5931
5933
5931
5931
5930
5931
5928
5931
5928
5929
5930
5928
5930
5927
5931
5926
5930
5932
5934
5926
5930
5931
5934
5930
5932
5934
5928
5929
5929
5928
5927
5927
5928
5929
5932
5931
5935
5935
5931
5930
5924
5931
5926
5934
5932
5931
5935
5934
5936
5936
5937
5934
5933
5935
5933
5934
5938
5936
5937
5937
5932
5933
5925
5929
5930
5928
5931
5932
5929
5936
5935
5934
5930
5929
5935
5934
5936
5934
5936
5937
5936
5936
5934
5934
5935
5936
5938
5937
5938
5939
5937
5937
5937
5938
5938
5936
5938
5938
5938
5935
5934
5932
5940
5936
5936
5937
5937
5937
5938
5938
5939
5939
5939
5939
5939
5939
5939
5936
5936
5940
5941
5941
5941
5941
5938
5936
5936
5937
5936
5939
5937
5938
5937
5936
5937
5937
5937
5937
5937
5937
5937
5937
5938
5938
5938
5938
5938
5938
5938
5938
5938
5938
5938
5936
5936
5936
5937
5938
5939
5939
5939
5939
5939
5939
5939
5939
5939
5939
5939
5939
5938
5936
5936
5936
5936
5937
5937
5937
5937
5937
5937
5937
5932
5932
5932
5932
5932
5932
5932
5932
5932
5932
5932
5932
5932
5932
5932
5932
5932
5933
5933
5933
5933
5931
5929
5928
5930
5930
5930
5930
5930
5930
5930
5930
5934
5933
5933
5933
5930
5931
5931
5931
5931
5931
5931
5931
5931
5933
5933
5930
5931
5928
5930
5931
5929
5930
5932
5932
5930
5930
5934
5931
5934
5932
5933
5930
5929
5930
5926
5934
5934
5934
5934
5934
5932
5932
5932
5932
5931
5928
5925
5927
5927
5929
5928
5927
5930
5932
5930
5929
5928
5930
5928
5930
5929
5930
5929
5930
5931
5931
5930
5931
5930
5929
5929
5930
5929
5930
5930
5928
5931
5930
5927
5928
5931
5931
5929
5930
5930
5931
5933
5931
5932
5930
5930
5930
5928
5930
5930
5932
5931
5931
5929
5928
5930
5930
5930
5930
5929
5927
5929
5930
5928
5930
5929
5929
5929
5931
5928
5932
5930
5930
5929
5931
5932
5929
5929
5929
5930
5930
5933
5928
5929
5929
5930
5929
5931
5928
5928
5930
5930
5929
5930
5931
5932
5932
5930
5929
5928
5932
5930
5932
5931
5930
5931
5929
5932
5932
5927
5928
5929
5927
5926
5925
5928
5928
5928
5925
5926
5924
5923
5921
5928
5923
5928
5928
5927
5928
5927
5930
5926
5932
5930
5935
5932
5929
5929
5931
5930
5929
5932
5931
5929
5929
5929
5933
5931
5931
5931
5932
5933
5933
5933
5933
5933
5933
5933
5933
5930
5930
5928
5931
5929
5928
5929
5928
5928
5927
5928
5930
5928
5928
5930
5930
5929
5927
5929
5928
5927
5933
5930
5930
5925
5922
5925
5932
5933
5933
5936
5929
5931
5931
5933
5933
5933
5935
5934
5929
5925
5932
5933
5934
5933
5929
5930
5933
5934
5933
5933
5934
5933
5930
5931
5927
5926
5929
5931
5931
5932
5931
5932
5931
5936
5931
5932
5931
5932
5933
5931
5933
5935
5936
5935
5933
5938
5939
5938
5941
5937
5937
5938
5936
5936
5939
5940
5937
5935
5938
5938
5938
5938
5937
5935
5941
5934
5934
5934
5932
5932
5935
5935
5935
5935
5935
5935
5935
5935
5935
5935
5936
5939
5936
5935
5936
5937
5930
5938
5935
5934
5942
5936
5932
5937
5934
5928
5936
5935
5939
5936
5935
5931
5937
5935
5935
5933
5934
5937
5937
5934
5934
5935
5935
5933
5933
5931
5934
5932
5936
5937
5934
5930
5935
5936
5935
5936
5938
5936
5938
5934
5934
5935
5933
5937
5936
5933
5933
5933
5933
5934
5933
5935
5935
5933
5933
5933
5933
5932
5932
5933
5933
5932
5932
5932
5932
5932
5932
5932
5936
5935
5935
5935
5935
5935
5935
5935
5935
5934
5934
5935
5935
5935
5935
5935
5935
5935
5935
5934
5934
5934
5934
5934
5934
5935
5935
5935
5935
5935
5935
5935
5935
5935
5935
5935
5935
5935
5935
5935
5935
5935
5935
5935
5935
5935
5935
5935
5933
5932
5932
5932
5932
5932
5932
5933
5933
5933
5933
5933
5932
5934
5933
5934
5932
5932
5934
5932
5932
5932
5932
5933
5935
5934
5934
5934
5934
5934
5933
5934
5934
5934
5934
5934
5934
5934
5934
5934
5935
5935
5935
5935
5935
5935
5935
5935
5935
5933
5932
5934
5933
5933
5933
5934
5934
5934
5932
5932
5932
5932
5932
5932
5931
5933
5933
5933
5934
5933
5933
5933
5931
5931
5931
5932
5932
5932
5932
5932
5932
5932
5933
5933
5932
5932
5932
5932
5932
5932
5932
5933
5933
5933
5933
5933
5933
5933
5933
5933
5933
5933
5933
5933
5932
5932
5933
5932
5931
5934
5932
5933
5934
5929
5933
5931
5933
5932
5933
5933
5933
5934
5934
5932
5930
5932
5932
5933
5932
5934
5933
5932
5932
5932
5932
5932
5932
5933
5932
5934
5931
5932
5933
5933
5933
5931
5936
5930
5932
5930
5935
5930
5932
5931
5934
5932
5934
5935
5934
5934
5934
5934
5935
5933
5932
5934
5933
5933
5933
5933
5932
5933
5932
5930
5932
5934
5934
5933
5933
5933
5933
5934
5933
5931
5933
5933
5933
5933
5931
5933
5933
5933
5933
5933
5932
5935
5934
5935
5932
5932
5932
5935
5933
5930
5931
5931
5930
5932
5933
5933
5932
5933
5933
5933
5933
5933
5933
5933
5933
5933
5933
5933
5932
5934
5932
5932
5932
5932
5932
5933
5933
5933
5933
5933
5933
5933
5935
5934
5935
5934
5934
5934
5934
5935
5935
5935
5935
5933
5933
5933
5934
5935
5940
5949
5957
5967
5967
5970
5971
5975
5973
5977
5974
5974
5975
5975
5974
5977
5974
5974
5974
5976
5975
5974
5971
5974
5974
5974
5974
5974
5974
5970
5972
5978
5982
5982
5982
5982
5984
5982
5982
5986
5984
5984
5985
5987
5985
5987
5986
5986
5984
5984
5986
5988
5987
5990
5992
5995
5999
5995
5999
6006
6009
6008
6012
6018
6022
6020
6020
6027
6024
6025
6024
6027
6027
6027
6027
6026
6026
6026
6028
6031
6032
6038
6040
6045
6051
6049
6053
6058
6063
6064
6064
6062
6062
6062
6062
6060
6065
6070
6072
6075
6077
6076
6077
6078
6078
6081
6077
6076
6077
6078
6081
6087
6091
6091
6093
6103
6108
6108
6108
6106
6110
6111
6111
6111
6109
6109
6113
6116
6121
6126
6129
6130
6131
6130
6134
6133
6133
6133
6136
6137
6142
6141
6144
6144
6149
6147
6147
6148
6148
6148
6149
6146
6145
6145
6145
6148
6147
6147
6155
6155
6154
6157
6158
6165
6162
6164
6169
6178
6178
6181
6182
6180
6181
6181
6181
6187
6188
6194
6199
6199
6205
6203
6208
6208
6207
6205
6212
6217
6226
6229
6234
6236
6240
6242
6245
6245
6251
6249
6248
6249
6248
6247
6249
6250
6248
6251
6250
6250
6250
6250
6250
6249
6252
6255
6307
6309
6334
6343
6342
6354
6356
6356
6355
6356
6356
6361
6360
6361
6360
6361
6359
6361
6363
6359
6364
6363
6364
6364
6364
6364
6364
6363
6363
6363
6363
6363
6363
6363
6364
6359
6359
6361
6361
6357
6362
6360
6352
6355
6356
6357
6358
6363
6361
6358
6361
6355
6361
6362
6362
6360
6361
6365
6366
6365
6363
6360
6363
6364
6364
6364
6365
6362
6364
6362
6363
6362
6362
6358
6364
6363
6363
6363
6363
6363
6363
6363
6363
6363
6364
6364
6363
6364
6361
6361
6360
6364
6361
6365
6364
6364
6364
6364
6364
6364
6364
6364
6364
6364
6364
6365
6365
6353
6353
6353
6353
6353
6353
6353
6353
6353
6353
6353
6353
6353
6353
6353
6353
6353
6353
6353
6353
6353
6353
6353
6353
6353
6353
6353
6353
6777
6778
6778
6778
6778
6778
6806
6806
6806
6806
6834
7112
6833
6834
6829
6829
6834
6835
6832
7100
7096
6810
6808
6808
6808
6808
6808
6808
6808
6808
6811
6811
6811
6811
6811
6811
6811
6811
6811
6811
6811
6811
