660
658
658
658
658
658
658
655
655
655
655
655
655
655
655
665
663
663
663
663
663
663
663
663
654
654
654
654
661
656
654
661
661
654
654
654
654
654
664
664
664
664
664
664
664
664
664
664
664
654
655
655
655
655
655
655
661
661
661
661
661
661
661
661
661
661
661
661
661
661
661
660
659
659
659
659
659
658
664
664
664
664
658
658
658
658
658
658
658
665
665
664
661
661
661
665
665
659
659
660
655
656
662
661
661
661
661
661
661
661
661
663
662
655
655
655
655
655
662
662
661
661
659
658
658
658
658
664
664
660
655
656
661
661
661
661
661
661
661
661
661
661
661
661
661
661
661
661
661
661
661
661
661
666
666
666
666
666
666
666
666
666
660
662
661
663
661
655
656
655
664
664
657
656
655
655
655
664
659
666
658
658
665
664
664
658
659
659
659
659
665
665
665
665
665
665
665
665
665
665
665
665
665
665
665
665
665
665
665
665
665
665
665
665
665
665
665
665
665
665
658
658
658
658
658
658
658
658
658
658
658
658
658
658
658
658
658
658
658
658
659
659
659
654
659
663
661
662
656
667
665
665
665
665
665
662
642
640
640
640
650
660
657
661
656
661
664
662
657
654
655
664
660
662
661
660
662
663
658
664
661
665
655
665
655
662
655
664
661
656
664
663
664
663
662
665
655
655
663
661
665
662
656
653
653
654
654
654
654
654
654
654
654
654
654
654
654
654
654
654
654
654
654
654
654
667
659
667
665
664
671
672
674
675
676
684
685
687
680
689
691
690
695
699
707
705
711
717
713
717
724
727
724
726
728
735
739
742
750
749
752
745
755
757
757
763
764
768
772
776
776
780
784
787
789
792
793
797
802
803
807
804
809
815
812
821
827
822
825
826
834
835
836
838
842
844
845
850
849
853
855
849
859
858
856
856
852
852
852
856
853
858
856
861
859
859
861
861
861
861
861
861
861
856
860
862
859
867
865
860
864
868
869
869
865
865
860
860
867
866
866
867
867
866
860
864
860
870
864
870
866
866
863
863
865
864
864
864
864
864
860
863
863
871
871
876
877
881
875
875
880
874
880
875
874
874
874
874
881
874
876
879
883
883
880
881
883
884
884
882
887
881
881
881
888
882
881
881
893
890
890
888
888
888
889
890
888
892
890
892
892
893
895
899
899
895
904
895
902
895
900
902
901
903
894
895
895
895
892
900
905
900
896
906
912
915
915
908
913
917
919
919
919
916
916
910
913
922
924
925
927
927
928
932
928
928
926
931
937
941
945
935
944
947
949
946
946
944
948
946
945
952
960
964
962
958
958
961
974
971
966
969
977
974
982
976
975
977
984
985
985
989
992
992
991
984
984
985
985
984
987
1000
999
999
1000
1000
1000
1002
997
1005
1004
1003
997
1007
1013
1015
1015
1015
1015
1015
1015
1013
1021
1022
1024
1025
1019
1022
1031
1027
1027
1027
1022
1027
1029
1029
1026
1027
1030
1030
1021
1027
1021
1025
1020
1025
1022
1028
1028
1027
1027
1027
1028
1027
1022
1020
1027
1026
1026
1026
1030
1028
1028
1032
1038
1042
1052
1048
1047
1048
1048
1052
1055
1053
1063
1065
1064
1066
1066
1060
1068
1067
1067
1066
1057
1057
1064
1064
1063
1060
1060
1060
1060
1060
1064
1065
1070
1079
1089
1098
1104
1100
1116
1130
1138
1154
1162
1172
1176
1180
1186
1193
1197
1197
1197
1197
1197
1197
1197
1199
1202
1212
1216
1220
1226
1226
1226
1226
1226
1233
1232
1232
1232
1232
1238
1232
1239
1236
1245
1245
1254
1254
1260
1265
1278
1282
1283
1283
1283
1283
1281
1293
1310
1321
1324
1323
1322
1324
1325
1341
1348
1349
1354
1352
1357
1356
1366
1384
1390
1391
1392
1384
1394
1409
1413
1413
1414
1419
1421
1417
1416
1423
1421
1423
1420
1424
1424
1422
1423
1417
1424
1421
1422
1418
1420
1422
1422
1420
1422
1422
1421
1418
1436
1443
1455
1454
1460
1460
1460
1459
1458
1459
1469
1468
1469
1467
1473
1469
1463
1462
1467
1486
1493
1493
1494
1496
1504
1516
1528
1528
1531
1531
1532
1543
1557
1561
1561
1570
1565
1588
1595
1596
1596
1594
1588
1600
1607
1605
1622
1624
1624
1625
1630
1630
1638
1631
1633
1629
1634
1630
1629
1629
1633
1632
1633
1634
1634
1634
1633
1632
1638
1643
1659
1682
1692
1696
1697
1697
1696
1691
1699
1707
1706
1700
1710
1707
1705
1700
1700
1705
1707
1705
1699
1703
1698
1706
1700
1700
1700
1700
1700
1700
1700
1699
1700
1700
1696
1707
1708
1733
1737
1742
1757
1766
1772
1785
1793
1796
1809
1813
1812
1816
1821
1826
1828
1830
1831
1831
1831
1831
1831
1831
1826
1829
1833
1828
1856
1866
1863
1879
1888
1892
1905
1917
1925
1930
1937
1940
1949
1951
1954
1957
1960
1963
1965
1966
1963
1963
1963
1963
1959
1965
1970
1970
1971
1970
1970
1969
1969
1971
1964
1966
1969
1973
1969
1967
1966
1960
1964
1968
1975
1976
1975
1970
1974
1975
1971
1963
1965
1970
1968
1975
1977
1969
1975
1968
1970
1971
1960
1966
1976
1976
1972
1973
1974
1974
1965
1974
1968
1973
1967
1968
1968
1968
1972
1976
1964
1974
1974
1972
1973
1973
1973
1975
1972
1964
1960
1974
1968
1973
1971
1971
1967
1977
1975
1972
1973
1978
1975
1969
1967
1973
1975
1974
1974
1974
1973
1973
1972
1967
1968
1968
1976
1973
1973
1973
1972
1973
1973
1973
1973
1972
1969
1982
1986
1986
1986
1988
1983
1986
1987
1990
2000
2000
1997
2001
2004
2005
2008
2005
2006
2011
2009
2011
2012
2012
2012
2010
2008
2008
2009
2014
2019
2019
2018
2016
2031
2029
2030
2026
2029
2027
2028
2028
2028
2028
2026
2026
2024
2029
2033
2032
2032
2027
2039
2035
2033
2046
2049
2048
2040
2042
2052
2052
2053
2058
2059
2057
2056
2067
2068
2071
2071
2068
2073
2074
2081
2080
2079
2080
2087
2089
2090
2082
2083
2090
2090
2086
2091
2090
2092
2090
2084
2084
2089
2083
2084
2084
2084
2081
2087
2087
2088
2092
2093
2093
2094
2097
2103
2107
2109
2112
2112
2112
2113
2111
2115
2116
2116
2119
2117
2117
2117
2119
2116
2124
2123
2129
2136
2141
2144
2137
2141
2137
2141
2143
2141
2142
2138
2137
2132
2136
2140
2140
2142
2142
2146
2148
2151
2153
2162
2163
2164
2164
2160
2170
2169
2170
2174
2173
2176
2174
2176
2180
2184
2184
2184
2184
2187
2187
2190
2190
2190
2190
2190
2190
2190
2190
2190
2190
2190
2190
2190
2190
2188
2194
2185
2190
2195
2196
2196
2196
2196
2196
2197
2206
2203
2203
2204
2205
2204
2204
2203
2205
2200
2199
2196
2201
2204
2202
2200
2197
2199
2200
2202
2202
2201
2204
2201
2195
2201
2195
2201
2201
2195
2195
2195
2195
2195
2201
2201
2198
2198
2198
2198
2198
2198
2199
2200
2195
2198
2197
2194
2192
2192
2192
2192
2192
2192
2192
2192
2192
2192
2192
2192
2192
2200
2188
2191
2191
2190
2190
2190
2190
2190
2190
2189
2195
2199
2202
2199
2200
2205
2208
2210
2206
2212
2209
2209
2213
2213
2213
2211
2213
2210
2206
2217
2221
2224
2223
2223
2227
2228
2229
2229
2229
2227
2230
2229
2230
2230
2231
2231
2227
2233
2233
2229
2234
2235
2237
2234
2238
2235
2236
2236
2234
2237
2235
2237
2236
2234
2234
2234
2237
2235
2234
2233
2233
2233
2232
2230
2234
2238
2231
2238
2233
2237
2229
2233
2234
2235
2234
2233
2236
2235
2239
2240
2234
2238
2234
2236
2234
2234
2237
2233
2234
2235
2236
2236
2232
2237
2238
2235
2231
2237
2235
2234
2234
2238
2232
2231
2231
2231
2231
2235
2238
2241
2244
2244
2247
2244
2249
2245
2248
2247
2247
2247
2247
2248
2248
2252
2250
2254
2259
2259
2261
2262
2261
2261
2262
2259
2260
2259
2259
2258
2260
2261
2260
2257
2259
2261
2264
2264
2264
2262
2265
2271
2272
2273
2268
2269
2273
2275
2273
2269
2268
2267
2267
2269
2272
2271
2280
2280
2280
2280
2281
2282
2277
2280
2287
2293
2296
2299
2297
2302
2297
2304
2304
2303
2300
2302
2302
2300
2304
2304
2304
2309
2313
2315
2311
2315
2315
2318
2324
2317
2320
2318
2318
2317
2316
2316
2315
2321
2324
2319
2314
2316
2320
2320
2315
2321
2321
2321
2321
2319
2320
2320
2320
2320
2320
2323
2324
2325
2327
2328
2327
2327
2329
2328
2332
2328
2329
2330
2330
2327
2328
2332
2332
2333
2334
2334
2335
2340
2337
2341
2342
2341
2340
2346
2346
2342
2343
2342
2341
2341
2343
2342
2344
2344
2342
2340
2341
2341
2341
2343
2345
2342
2349
2345
2351
2352
2356
2359
2357
2354
2357
2358
2358
2359
2360
2360
2360
2358
2358
2358
2361
2363
2367
2367
2372
2372
2372
2372
2374
2372
2371
2379
2380
2383
2383
2386
2388
2384
2384
2391
2391
2389
2389
2388
2390
2389
2389
2389
2389
2388
2390
2392
2391
2395
2395
2395
2395
2395
2397
2397
2397
2397
2397
2397
2397
2397
2397
2397
2397
2397
2397
2397
2397
2398
2396
2400
2401
2402
2400
2400
2400
2402
2404
2411
2411
2407
2406
2407
2408
2401
2402
2405
2406
2407
2402
2403
2405
2406
2408
2408
2407
2406
2406
2402
2400
2399
2402
2402
2399
2402
2402
2399
2403
2402
2405
2401
2407
2405
2407
2408
2407
2409
2414
2415
2412
2413
2409
2412
2414
2411
2406
2408
2399
2408
2400
2393
2405
2399
2407
2413
2411
2411
2412
2413
2406
2409
2410
2401
2404
2406
2410
2410
2410
2407
2406
2404
2400
2400
2400
2403
2400
2399
2405
2409
2411
2411
2411
2409
2404
2409
2408
2405
2398
2403
2399
2404
2408
2408
2408
2408
2403
2403
2401
2401
2401
2401
2401
2402
2399
2400
2405
2407
2407
2403
2400
2402
2402
2402
2402
2403
2402
2402
2408
2402
2403
2405
2410
2411
2411
2411
2406
2406
2403
2407
2404
2409
2414
2414
2414
2409
2406
2404
2406
2406
2409
2411
2411
2413
2413
2411
2408
2415
2415
2413
2413
2417
2417
2412
2420
2415
2420
2420
2420
2420
2420
2417
2415
2414
2417
2420
2415
2420
2410
2410
2410
2409
2414
2415
2416
2412
2414
2412
2421
2421
2419
2412
2403
2398
2398
2398
2398
2403
2420
2419
2418
2413
2408
2413
2419
2416
2417
2412
2422
2417
2418
2424
2417
2422
2412
2425
2424
2415
2418
2417
2417
2412
2426
2419
2413
2422
2417
2416
2417
2423
2416
2415
2413
2414
2414
2423
2416
2412
2411
2424
2415
2412
2411
2423
2415
2416
2416
2417
2423
2423
2423
2419
2420
2418
2418
2418
2416
2415
2424
2426
2426
2419
2419
2419
2419
2419
2417
2419
2425
2427
2437
2447
2443
2443
2443
2447
2446
2446
2452
2459
2463
2467
2475
2470
2469
2473
2473
2475
2478
2476
2480
2485
2476
2474
2480
2478
2481
2476
2476
2483
2486
2475
2483
2486
2486
2484
2485
2491
2497
2498
2494
2498
2496
2490
2491
2496
2493
2492
2501
2492
2494
2493
2497
2494
2496
2494
2496
2494
2495
2499
2501
2502
2503
2496
2505
2494
2498
2493
2504
2494
2496
2493
2492
2504
2494
2493
2500
2500
2493
2495
2499
2500
2499
2496
2497
2506
2504
2496
2496
2507
2497
2505
2504
2494
2493
2494
2494
2507
2494
2498
2497
2492
2490
2504
2492
2491
2491
2489
2489
2489
2489
2489
2496
2489
2507
2498
2498
2500
2500
2500
2500
2504
2506
2508
2506
2506
2503
2504
2508
2506
2506
2506
2504
2507
2516
2516
2513
2513
2513
2525
2526
2521
2521
2519
2520
2520
2513
2519
2524
2515
2523
2527
2526
2524
2519
2523
2520
2517
2520
2524
2525
2526
2527
2527
2527
2525
2519
2525
2526
2526
2527
2530
2523
2525
2527
2524
2526
2525
2512
2516
2524
2525
2520
2521
2520
2526
2526
2528
2526
2527
2526
2522
2523
2524
2526
2521
2519
2519
2521
2528
2527
2526
2528
2521
2525
2519
2530
2525
2528
2532
2521
2526
2520
2532
2532
2524
2524
2525
2520
2521
2519
2521
2517
2522
2523
2523
2521
2527
2528
2530
2529
2530
2532
2547
2546
2550
2546
2553
2552
2554
2556
2549
2555
2555
2555
2554
2555
2561
2559
2559
2568
2570
2564
2574
2577
2580
2577
2581
2596
2600
2597
2598
2599
2597
2598
2601
2601
2603
2608
2610
2611
2609
2615
2610
2610
2615
2615
2615
2614
2616
2611
2617
2618
2618
2624
2624
2615
2616
2624
2619
2619
2619
2625
2623
2625
2626
2618
2611
2615
2618
2619
2621
2627
2617
2620
2614
2609
2615
2613
2613
2615
2623
2618
2625
2625
2626
2612
2613
2622
2619
2620
2612
2607
2614
2617
2623
2625
2614
2614
2615
2618
2612
2610
2609
2618
2621
2625
2614
2620
2621
2619
2622
2624
2632
2617
2627
2615
2616
2616
2616
2623
2616
2621
2621
2621
2615
2628
2625
2625
2626
2626
2626
2628
2636
2636
2641
2640
2640
2652
2654
2653
2656
2649
2651
2646
2653
2652
2652
2652
2658
2653
2650
2665
2661
2661
2663
2674
2665
2666
2669
2665
2668
2668
2674
2674
2674
2681
2681
2680
2678
2676
2676
2686
2713
2730
2734
2734
2734
2734
2734
2734
2741
2736
2746
2740
2740
2735
2741
2740
2745
2745
2741
2739
2740
2745
2740
2743
2743
2744
2747
2745
2754
2751
2759
2754
2765
2753
2754
2758
2760
2769
2765
2762
2771
2770
2770
2773
2768
2773
2781
2785
2786
2786
2792
2781
2782
2782
2786
2792
2791
2787
2805
2806
2803
2805
2804
2810
2812
2802
2810
2804
2811
2816
2814
2827
2825
2828
2819
2824
2825
2825
2825
2824
2824
2825
2821
2821
2822
2823
2829
2830
2836
2835
2840
2839
2844
2842
2842
2846
2848
2841
2841
2844
2845
2845
2849
2851
2841
2841
2841
2841
2841
2841
2846
2846
2846
2846
2846
2846
2846
2846
2841
2848
2851
2852
2854
2854
2854
2854
2855
2860
2858
2865
2864
2864
2860
2867
2860
2867
2864
2863
2867
2860
2864
2864
2868
2869
2869
2864
2862
2863
2864
2865
2869
2865
2868
2865
2863
2863
2863
2865
2867
2866
2869
2870
2867
2867
2867
2867
2867
2867
2872
2879
2877
2883
2881
2885
2885
2892
2890
2895
2889
2894
2884
2888
2890
2890
2889
2889
2894
2893
2892
2893
2893
2893
2897
2903
2906
2903
2912
2911
2921
2910
2919
2912
2922
2928
2926
2918
2928
2929
2927
2936
2933
2932
2930
2928
2934
2932
2942
2936
2942
2952
2955
2947
2947
2952
2947
2946
2952
2953
2952
2952
2950
2950
2951
2954
2956
2959
2960
2960
2965
2970
2973
2974
2972
2970
2971
2974
2975
2981
2982
2979
2986
2985
2987
2988
2996
2992
2993
2995
2992
2995
2997
2999
3002
3014
3008
3010
3010
3010
3010
3014
3013
3011
3013
3013
3010
3010
3008
3006
3006
3007
3011
3010
3010
3017
3016
3014
3014
3010
3012
3012
3012
3012
3012
3016
3016
3016
3015
3013
3009
3009
3009
3004
3004
3002
3005
3003
3001
3003
3003
3002
3003
3007
3007
3007
3013
3013
3014
3012
3017
3011
3021
3019
3021
3018
3012
3023
3010
3018
3022
3024
3010
3010
3006
3009
3018
3011
3007
3008
3017
3012
3019
3012
3019
3016
3009
3014
3009
3010
3014
3011
3020
3020
3022
3010
3017
3014
3016
3014
3014
3014
3007
3007
3014
3004
2999
3008
3010
3017
3017
3012
3005
3014
3010
3010
3011
3011
3009
3013
3013
3012
3009
3012
3017
3016
3013
3016
3014
3010
3015
3010
3015
3010
3015
3008
3015
3017
3012
3011
3011
3018
3012
3013
3013
3013
3014
3020
3018
3018
3018
3017
3013
3013
3018
3018
3018
3018
3018
3018
3020
3020
3018
3020
3018
3015
3021
3021
3021
3017
3018
3014
3019
3016
3018
3019
3019
3016
3017
3017
3016
3019
3023
3021
3011
3016
3016
3018
3010
3015
3017
3017
3015
3013
3012
3015
3016
3016
3016
3017
3015
3015
3023
3017
3017
3017
3037
3033
3035
3038
3039
3032
3049
3054
3053
3057
3060
3059
3066
3064
3066
3071
3067
3061
3061
3061
3071
3062
3067
3067
3073
3073
3075
3080
3085
3080
3079
3083
3090
3088
3094
3092
3095
3098
3101
3100
3098
3100
3097
3096
3096
3100
3102
3102
3102
3102
3102
3102
3102
3102
3098
3106
3104
3104
3103
3103
3109
3108
3103
3109
3109
3109
3109
3109
3100
3105
3108
3102
3095
3101
3101
3106
3102
3102
3102
3102
3102
3103
3098
3101
3096
3104
3105
3105
3102
3102
3102
3102
3107
3107
3107
3108
3108
3111
3118
3116
3115
3114
3113
3113
3108
3113
3113
3113
3119
3120
3120
3116
3116
3127
3125
3132
3128
3134
3134
3134
3139
3142
3142
3142
3144
3141
3141
3141
3141
3140
3141
3148
3151
3154
3158
3163
3164
3163
3168
3168
3168
3159
3156
3161
3163
3167
3168
3165
3163
3174
3172
3178
3184
3184
3180
3182
3187
3182
3184
3185
3195
3199
3202
3203
3201
3206
3206
3206
3211
3215
3216
3222
3223
3223
3223
3221
3227
3229
3231
3233
3228
3228
3231
3231
3236
3235
3235
3231
3236
3232
3227
3230
3226
3230
3226
3232
3231
3233
3237
3232
3232
3232
3233
3231
3238
3242
3243
3239
3235
3240
3235
3242
3239
3240
3242
3234
3240
3239
3244
3241
3242
3240
3238
3234
3238
3237
3234
3239
3238
3238
3237
3244
3234
3232
3232
3232
3232
3232
3244
3241
3239
3238
3233
3233
3245
3239
3234
3233
3238
3237
3237
3234
3234
3234
3234
3238
3238
3237
3233
3233
3244
3244
3233
3237
3237
3237
3237
3237
3237
3245
3237
3243
3245
3245
3245
3238
3238
3245
3245
3245
3245
3237
3234
3245
3244
3244
3244
3238
3237
3237
3237
3237
3237
3237
3237
3237
3237
3244
3244
3244
3233
3237
3237
3237
3237
3243
3244
3244
3244
3237
3236
3236
3239
3234
3233
3237
3238
3238
3238
3238
3239
3235
3237
3233
3233
3233
3233
3233
3233
3233
3233
3233
3233
3233
3233
3233
3233
3233
3233
3233
3233
3233
3233
3233
3240
3237
3237
3237
3237
3237
3244
3235
3235
3232
3237
3238
3238
3238
3245
3245
3234
3232
3238
3240
3240
3238
3238
3238
3233
3233
3233
3233
3233
3245
3243
3243
3243
3243
3243
3243
3243
3239
3239
3239
3239
3239
3239
3239
3239
3239
3239
3239
3239
3239
3238
3238
3238
3238
3240
3235
3243
3244
3244
3237
3238
3244
3238
3244
3239
3238
3239
3234
3240
3235
3240
3239
3234
3224
3218
3218
3218
3218
3218
3218
3218
3218
3218
3218
3218
3218
3218
3218
3218
3218
3218
3218
3218
3218
3218
3218
3218
3218
3218
3218
3218
3218
3218
3218
3218
3218
3218
3218
3218
3218
3218
3218
3218
3218
3218
3218
3218
3218
3218
3218
3218
3218
3218
3218
3218
3218
3218
3218
3218
3218
3218
3218
3218
3218
3218
3218
3218
3218
3218
3218
3218
3218
3218
3218
3218
3218
3218
3218
3218
3218
3218
3218
3218
3218
3218
3218
3218
3218
3218
3218
3218
3218
3218
3218
3218
3218
3218
3218
3218
3241
3238
3239
3238
3240
3239
3237
3233
3242
3239
3236
3233
3237
3239
3235
3241
3238
3239
3237
3237
3236
3236
3236
3235
3233
3240
3232
3232
3237
3241
3242
3242
3234
3232
3242
3239
3242
3239
3236
3234
3230
3227
3227
3227
3227
3227
3224
3227
3235
3236
3234
3237
3234
3240
3244
3236
3241
3235
3236
3238
3234
3235
3236
3239
3239
3239
3235
3236
3240
3235
3240
3240
3234
3236
3235
3228
3227
3230
3232
3233
3237
3237
3232
3236
3232
3221
3228
3238
3241
3247
3245
3245
3241
3234
3232
3233
3235
3237
3227
3229
3229
3224
3223
3226
3229
3220
3232
3232
3231
3235
3237
3233
3227
3227
3228
3232
3231
3228
3227
3222
3226
3226
3224
3224
3224
3223
3225
3225
3225
3227
3232
3229
3237
3232
3237
3235
3237
3235
3234
3228
3220
3226
3227
3228
3229
3236
3231
3231
3235
3233
3229
3238
3232
3236
3237
3237
3237
3237
3237
3237
3234
3236
3236
3236
3236
3236
3236
3236
3236
3237
3237
3237
3237
3237
3237
3237
3234
3232
3235
3232
3239
3238
3238
3231
3235
3231
3236
3233
3235
3235
3235
3235
3238
3233
3234
3235
3233
3239
3237
3237
3239
3235
3235
3234
3237
3240
3237
3237
3235
3236
3237
3237
3238
3234
3236
3235
3230
3232
3234
3215
3214
3214
3214
3214
3214
3214
3214
3214
3214
3214
3214
3214
3214
3214
3214
3214
3214
3214
3214
3214
3214
3214
3214
3214
3214
3214
3214
3214
3214
3214
3214
3214
3214
3214
3214
3214
3214
3214
3214
3214
3214
3214
3214
3214
3214
3214
3214
3214
3214
3214
3214
3214
3214
3214
3214
3214
3214
3214
3214
3214
3214
3218
3218
3218
3218
3218
3218
3237
3264
3259
3241
3255
3260
3222
3217
3217
3217
3217
3217
3217
3217
3246
3261
3260
3231
3236
3237
3237
3236
3231
3226
3231
3237
3230
3233
3233
3227
3225
3227
3223
3220
3217
3218
3214
3201
3207
3206
3201
3199
3197
3194
3194
3202
3202
3201
3196
3200
3187
3185
3179
3181
3178
3172
3172
3178
3173
3175
3166
3168
3170
3169
3172
3171
3173
3173
3168
3168
3169
3170
3162
3169
3168
3170
3169
3169
3162
3170
3170
3170
3169
3170
3170
3170
3189
3191
3196
3194
3192
3193
3192
3192
3190
3180
3175
3168
3172
3179
3172
3169
3181
3182
3162
3162
3162
3155
3151
3154
3151
3155
3150
3145
3139
3138
3135
3125
3136
3124
3124
3121
3116
3121
3116
3118
3116
3118
3117
3112
3115
3115
3118
3113
3106
3109
3107
3098
3097
3098
3097
3101
3101
3090
3090
3097
3091
3096
3096
3096
3099
3097
3100
3099
3101
3096
3096
3097
3099
3097
3097
3096
3096
3096
3099
3099
3089
3094
3095
3092
3099
3094
3089
3089
3096
3096
3096
3118
3118
3118
3122
3125
3122
3122
3121
3121
3124
3123
3095
3076
3076
3076
3076
3076
3076
3076
3076
3076
3076
3076
3076
3076
3076
3076
3076
3076
3076
3076
3076
3076
3076
3076
3076
3076
3076
3076
3076
3076
3076
3076
3076
3076
3076
3076
3076
3076
3076
3076
3076
3076
3076
3076
3095
3095
3097
3098
3097
3095
3097
3098
3098
3092
3092
3097
3096
3097
3095
3098
3092
3096
3099
3090
3096
3095
3098
3098
3097
3099
3099
3092
3097
3099
3097
3097
3090
3091
3091
3091
3101
3104
3102
3110
3117
3122
3122
3122
3124
3122
3120
3133
3134
3141
3138
3139
3139
3139
3142
3148
3147
3145
3154
3152
3155
3151
3150
3154
3151
3155
3149
3152
3145
3156
3149
3154
3150
3150
3150
3155
3151
3149
3145
3145
3147
3147
3147
3146
3144
3148
3143
3142
3142
3142
3142
3142
3152
3163
3166
3168
3175
3175
3175
3175
3173
3172
3183
3188
3187
3189
3195
3195
3190
3193
3198
3203
3202
3199
3197
3198
3196
3201
3205
3200
3199
3202
3196
3197
3198
3190
3180
3177
3177
3177
3177
3177
3177
3177
3177
3177
3177
3177
3177
3177
3177
3177
3177
3177
3177
3177
3177
3177
3177
3177
3177
3177
3177
3177
3177
3177
3177
3177
3177
3177
3177
3177
3177
3177
3177
3177
3177
3198
3199
3200
3198
3198
3204
3197
3196
3196
3199
3197
3195
3194
3197
3193
3197
3201
3185
3195
3188
3196
3196
3202
3197
3200
3199
3196
3202
3190
3192
3195
3195
3200
3198
3202
3202
3200
3201
3202
3202
3201
3194
3196
3198
3199
3201
3202
3202
3202
3187
3199
3199
3196
3191
3197
3200
3199
3197
3200
3198
3199
3189
3192
3194
3200
3201
3196
3193
3192
3196
3192
3192
3192
3192
3197
3199
3191
3190
3191
3193
3194
3194
3193
3196
3192
3197
3185
3191
3199
3200
3192
3189
3191
3189
3199
3200
3194
3199
3197
3201
3200
3201
3201
3202
3203
3202
3197
3193
3193
3191
3197
3193
3196
3189
3187
3189
3193
3194
3199
3198
3192
3206
3193
3197
3202
3200
3201
3196
3202
3199
3202
3203
3200
3201
3201
3201
3200
3190
3195
3202
3200
3197
3197
3196
3200
3198
3197
3195
3198
3195
3202
3202
3198
3199
3195
3196
3196
3190
3194
3198
3198
3198
3198
3198
3195
3189
3192
3197
3199
3199
3194
3195
3199
3193
3196
3195
3190
3190
3192
3190
3190
3191
3192
3192
3199
3200
3200
3200
3200
3200
3200
3200
3200
3200
3200
3189
3190
3190
3190
3193
3188
3189
3190
3189
3189
3192
3188
3194
3192
3193
3188
3193
3193
3191
3190
3191
3191
3192
3195
3195
3200
3195
3195
3199
3199
3199
3192
3191
3191
3191
3195
3195
3191
3191
3196
3192
3192
3192
3192
3192
3192
3192
3192
3192
3195
3197
3196
3193
3192
3196
3189
3193
3191
3194
3196
3196
3198
3193
3191
3193
3192
3185
3188
3189
3193
3195
3196
3188
3182
3194
3190
3200
3196
3195
3191
3194
3194
3194
3189
3188
3194
3194
3192
3191
3191
3191
3190
3191
3191
3191
3189
3191
3192
3192
3196
3196
3196
3193
3192
3190
3195
3195
3195
3194
3197
3197
3197
3202
3200
3197
3200
3195
3198
3202
3201
3201
3192
3200
3196
3196
3199
3197
3199
3194
3198
3198
3195
3195
3190
3197
3195
3192
3192
3190
3188
3191
3191
3191
3191
3192
3192
3192
3196
3196
3196
3196
3196
3192
3192
3188
3188
3188
3188
3188
3188
3191
3191
3191
3191
3191
3191
3191
3191
3191
3191
3191
3191
3191
3191
3191
3191
3191
3191
3191
3191
3191
3191
3191
3191
3191
3191
3191
3191
3191
3191
3191
3191
3191
3191
3191
3191
3191
3191
3191
3191
3191
3191
3191
3191
3191
3186
3188
3192
3192
3192
3189
3194
3194
3192
3192
3192
3197
3193
3198
3197
3197
3199
3202
3204
3210
3212
3211
3210
3212
3211
3213
3217
3216
3216
3219
3221
3219
3220
3221
3229
3230
3233
3237
3239
3245
3248
3247
3254
3268
3267
3270
3275
3279
3290
3294
3296
3306
3308
3308
3314
3322
3324
3323
3326
3326
3325
3325
3327
3327
3328
3335
3335
3340
3340
3340
3339
3339
3339
3340
3340
3342
3341
3342
3349
3348
3350
3351
3356
3356
3356
3356
3356
3356
3356
3356
3356
3356
3353
3353
3351
3355
3360
3368
3371
3376
3372
3378
3374
3379
3380
3382
3382
3382
3382
3382
3382
3382
3382
3383
3394
3402
3404
3405
3413
3413
3415
3411
3411
3428
3428
3434
3435
3434
3434
3434
3439
3438
3454
3456
3464
3467
3468
3468
3469
3463
3471
3481
3481
3482
3482
3489
3488
3499
3507
3506
3514
3514
3514
3516
3513
3520
3521
3525
3526
3526
3526
3526
3526
3526
3528
3534
3541
3553
3553
3559
3566
3570
3574
3576
3575
3575
3575
3575
3575
3575
3575
3575
3575
3575
3575
3575
3575
3575
3575
3575
3575
3575
3575
3580
3586
3583
3582
3583
3584
3586
3588
3582
3588
3585
3584
3581
3583
3583
3580
3578
3577
3577
3576
3576
3576
3576
3575
3575
3575
3575
3575
3575
3575
3578
3579
3582
3582
3587
3597
3601
3604
3608
3616
3623
3634
3643
3653
3659
3665
3674
3682
3692
3699
3702
3713
3721
3726
3730
3726
3732
3736
3743
3747
3747
3752
3752
3752
3752
3752
3752
3752
3752
3755
3755
3759
3761
3759
3757
3755
3756
3759
3758
3752
3756
3752
3756
3744
3753
3753
3759
3752
3760
3757
3758
3758
3756
3754
3754
3754
3761
3761
3758
3758
3758
3760
3759
3760
3760
3759
3758
3759
3757
3755
3756
3756
3756
3757
3758
3756
3756
3756
3756
3761
3761
3761
3761
3761
3761
3761
3761
3761
3756
3755
3758
3756
3756
3763
3759
3761
3758
3758
3756
3754
3755
3757
3757
3757
3757
3757
3757
3761
3755
3755
3756
3743
3747
3751
3754
3749
3748
3748
3752
3748
3743
3752
3757
3755
3752
3757
3755
3753
3752
3753
3759
3759
3753
3758
3761
3758
3756
3757
3758
3758
3757
3757
3752
3751
3753
3757
3753
3751
3755
3759
3752
3752
3752
3754
3759
3757
3755
3752
3760
3753
3756
3752
3754
3754
3759
3760
3760
3760
3760
3758
3755
3754
3754
3758
3756
3753
3755
3751
3757
3752
3753
3758
3754
3760
3750
3756
3759
3758
3754
3755
3753
3752
3752
3752
3751
3749
3751
3751
3751
3751
3754
3750
3753
3752
3752
3752
3752
3752
3755
3755
3752
3750
3750
3755
3752
3758
3755
3754
3752
3751
3756
3756
3756
3756
3754
3757
3755
3758
3759
3758
3760
3758
3757
3751
3754
3750
3759
3759
3754
3754
3752
3751
3755
3751
3748
3745
3756
3757
3756
3757
3759
3757
3756
3758
3758
3759
3752
3751
3757
3752
3751
3755
3756
3756
3753
3752
3752
3753
3756
3754
3758
3758
3757
3754
3754
3754
3760
3757
3757
3757
3757
3757
3754
3755
3754
3757
3757
3757
3757
3757
3757
3757
3757
3757
3757
3757
3754
3754
3754
3755
3755
3755
3755
3755
3755
3755
3755
3755
3755
3755
3749
3758
3752
3758
3758
3758
3763
3757
3757
3759
3760
3755
3755
3755
3755
3754
3753
3753
3753
3757
3756
3759
3761
3759
3759
3760
3760
3760
3760
3760
3760
3760
3760
3760
3763
3764
3766
3768
3769
3771
3771
3771
3771
3774
3775
3771
3773
3770
3775
3775
3771
3778
3773
3777
3777
3780
3780
3777
3774
3778
3777
3777
3772
3772
3772
3772
3776
3779
3782
3778
3773
3775
3769
3770
3772
3772
3772
3770
3769
3770
3771
3772
3771
3772
3773
3771
3781
3775
3773
3779
3782
3779
3774
3777
3777
3777
3771
3766
3770
3776
3775
3771
3769
3770
3773
3766
3769
3774
3770
3769
3772
3773
3768
3772
3770
3770
3763
3763
3759
3776
3771
3777
3775
3777
3776
3778
3776
3772
3773
3775
3781
3775
3776
3772
3775
3771
3771
3775
3779
3779
3776
3781
3781
3781
3781
3785
3781
3780
3780
3779
3778
3778
3778
3780
3779
3773
3775
3778
3778
3782
3784
3781
3784
3784
3782
3786
3783
3783
3780
3778
3784
3780
3782
3783
3783
3783
3781
3783
3783
3783
3783
3783
3786
3785
3787
3787
3791
3788
3792
3791
3785
3794
3797
3796
3798
3800
3793
3799
3800
3798
3798
3798
3798
3800
3800
3800
3800
3800
3796
3800
3802
3802
3803
3796
3802
3797
3798
3800
3799
3799
3799
3804
3794
3797
3792
3791
3796
3797
3797
3797
3797
3797
3797
3797
3796
3796
3796
3796
3799
3799
3799
3799
3799
3799
3799
3798
3798
3798
3798
3792
3792
3799
3799
3799
3799
3800
3795
3795
3797
3803
3803
3804
3807
3807
3803
3802
3805
3812
3808
3809
3810
3810
3814
3809
3809
3809
3809
3806
3804
3806
3806
3809
3809
3809
3812
3814
3815
3815
3817
3812
3809
3818
3823
3823
3817
3822
3821
3821
3821
3820
3820
3820
3813
3820
3819
3820
3815
3815
3815
3823
3820
3820
3819
3819
3820
3816
3815
3818
3817
3819
3818
3822
3818
3819
3814
3817
3816
3817
3815
3814
3816
3818
3820
3817
3814
3814
3814
3814
3818
3818
3818
3818
3819
3814
3815
3818
3821
3821
3821
3821
3817
3817
3817
3817
3817
3816
3816
3816
3816
3816
3816
3813
3815
3821
3822
3817
3814
3813
3813
3813
3813
3813
3813
3813
3813
3816
3823
3824
3826
3828
3828
3828
3828
3822
3826
3827
3828
3835
3834
3834
3837
3837
3832
3832
3832
3832
3832
3833
3835
3832
3836
3835
3835
3835
3835
3835
3831
3835
3838
3838
3844
3845
3848
3846
3849
3843
3853
3848
3851
3854
3850
3847
3854
3850
3858
3858
3855
3863
3859
3860
3858
3858
3854
3856
3859
3856
3857
3858
3858
3856
3856
3857
3857
3857
3857
3858
3860
3863
3863
3863
3863
3858
3860
3867
3869
3869
3869
3870
3870
3870
3872
3875
3879
3876
3876
3877
3877
3873
3874
3873
3879
3879
3876
3874
3874
3872
3871
3868
3875
3878
3880
3877
3878
3880
3879
3879
3878
3884
3879
3875
3882
3874
3879
3879
3878
3878
3882
3876
3873
3873
3878
3878
3878
3878
3878
3878
3877
3878
3878
3880
3880
3886
3884
3891
3892
3894
3892
3891
3891
3890
3890
3895
3888
3888
3890
3891
3891
3897
3902
3904
3906
3905
3902
3904
3904
3904
3904
3904
3904
3904
3904
3904
3904
3903
3903
3901
3902
3902
3902
3904
3902
3901
3908
3909
3909
3909
3917
3921
3916
3916
3917
3919
3919
3920
3919
3914
3913
3911
3911
3911
3911
3911
3915
3913
3918
3925
3925
3924
3924
3924
3926
3926
3924
3928
3927
3935
3936
3939
3939
3939
3943
3944
3945
3947
3945
3946
3946
3946
3944
3944
3944
3944
3944
3948
3947
3947
3947
3947
3947
3947
3947
3947
3947
3947
3947
3947
3947
3947
3943
3945
3948
3948
3946
3949
3945
3951
3951
3951
3951
3954
3955
3956
3958
3957
3968
3964
3965
3963
3967
3967
3969
3962
3973
3967
3974
3966
3966
3969
3970
3970
3972
3975
3973
3975
3969
3972
3973
3974
3975
3978
3972
3974
3967
3973
3973
3973
3971
3971
3979
3974
3976
3975
3974
3974
3974
3975
3975
3975
3975
3975
3975
3975
3975
3975
3975
3975
3974
3979
3975
3972
3974
3968
3975
3974
3968
3964
3974
3971
3970
3966
3963
3964
3964
3966
3969
3969
3974
3970
3972
3971
3969
3976
3969
3969
3967
3972
3977
3973
3970
3969
3976
3970
3968
3967
3967
3975
3971
3972
3970
3970
3970
3971
3975
3972
3971
3976
3974
3974
3974
3967
3967
3967
3967
3967
3967
3979
3979
3979
3979
3979
3973
3971
3973
3968
3974
3976
3969
3970
3974
3972
3968
3975
3968
3966
3966
3967
3971
3971
3971
3971
3971
3971
3971
3971
3971
3972
3972
3972
3972
3972
3972
3972
3972
3972
3972
3972
3972
3972
3972
3972
3972
3972
3972
3972
3972
3972
3972
3972
3972
3972
3972
3972
3972
3972
3972
3972
3972
3974
3973
3973
3973
3969
3968
3968
3968
3972
3972
3972
3972
3975
3976
3972
3972
3978
3978
3978
3978
3978
3978
3978
3978
3978
3978
3978
3978
3978
3978
3978
3978
3978
3978
3978
3973
3973
3969
3972
3972
3972
3970
3969
3969
3969
3969
3969
3969
3969
3969
3969
3969
3969
3969
3969
3969
3969
3969
3969
3969
3969
3969
3969
3969
3969
3969
3969
3975
3977
3977
3977
3977
3973
3973
3973
3973
3973
3973
3973
3973
3973
3973
3973
3973
3973
3973
3973
3973
3973
3973
3973
3973
3973
3973
3973
3968
3975
3974
3973
3972
3977
3975
3970
3967
3968
3972
3977
3970
3972
3967
3974
3970
3972
3976
3976
3976
3976
3976
3976
3975
3975
3970
3973
3977
3975
3971
3971
3969
3968
3974
3973
3972
3974
3974
3971
3975
3973
3973
3970
3969
3976
3973
3972
3972
3972
3972
3972
3972
3972
3970
3970
3971
3968
3975
3974
3968
3969
3967
3973
3971
3973
3972
3967
3978
3972
3971
3971
3971
3971
3971
3971
3967
3967
3967
3967
3967
3967
3978
3978
3978
3971
3971
3971
3971
3971
3971
3971
3971
3971
3978
3978
3972
3971
3971
3971
3971
3971
3971
3972
3971
3969
3969
3971
3970
3979
3979
3973
3979
3979
3978
3977
3967
3978
3972
3971
3972
3971
3971
3971
3971
3969
3967
3967
3967
3979
3974
3969
3980
3969
3969
3978
3970
3971
3979
3979
3979
3972
3970
3970
3970
3970
3970
3970
3970
3970
3971
3973
3969
3969
3973
3974
3969
3979
3972
3972
3978
3978
3981
3972
3972
3972
3972
3972
3972
3972
3972
3972
3972
3972
3972
3972
3972
3972
3971
3971
3972
3979
3971
3979
3979
3971
3972
3972
3972
3972
3972
3973
3972
3972
3979
3979
3973
3971
3971
3978
3978
3971
3971
3971
3971
3971
3971
3972
3972
3972
3972
3972
3972
3972
3978
3972
3977
3980
3972
3972
3971
3972
3973
3978
3968
3974
3970
3973
3971
3975
3974
3974
3968
3963
3972
3978
3971
3970
3971
3968
3974
3965
3976
3975
3973
3971
3974
3970
3960
3965
3965
3974
3973
3975
3973
3969
3968
3969
3972
3977
3975
3974
3973
3979
3979
3978
3975
3970
3976
3978
3970
3971
3971
3970
3971
3971
3970
3972
3970
3974
3968
3967
3969
3968
3968
3962
3965
3964
3965
3965
3965
3965
3965
3965
3965
3965
3965
3965
3965
3965
3965
3965
3965
3965
3965
3970
3973
3967
3964
3971
3969
3969
3971
3968
3972
3973
3971
3972
3968
3969
3967
3970
3973
3967
3969
3966
3967
3968
3974
3974
3976
3974
3969
3972
3971
3972
3973
3976
3965
3965
3965
3965
3965
3965
3977
3973
3973
3970
3965
3972
3976
3968
3972
3971
3976
3980
3976
3977
3970
3976
3969
3980
3970
3965
3972
3975
3970
3970
3974
3967
3976
3969
3975
3983
3980
3971
3974
3974
3976
3976
3971
3974
3973
3974
3974
3975
3974
3975
3975
3975
3977
3977
3977
3977
3977
3977
3977
3977
3977
3977
3969
3972
3976
3969
3974
3969
3972
3974
3974
3975
3973
3974
3974
3974
3974
3970
3970
3974
3972
3969
3974
3971
3976
3969
3975
3974
3973
3973
3973
3973
3973
3973
3973
3975
3975
3975
3968
3972
3977
3976
3978
3976
3972
3972
3972
3973
3969
3974
3968
3970
3971
3970
3975
3976
3976
3976
3976
3976
3976
3976
3967
3965
3963
3965
3969
3964
3960
3970
3971
3969
3973
3970
3970
3966
3960
3960
3959
3967
3966
3966
3961
3961
3957
3962
3963
3966
3967
3969
3971
3962
3970
3965
3968
3967
3969
3971
3968
3968
3971
3966
3963
3972
3973
3970
3966
3969
3966
3970
3969
3969
3970
3965
3964
3969
3976
3970
3972
3973
3972
3978
3975
3972
3972
3974
3973
3976
3974
3974
3974
3974
3972
3971
3974
3973
3973
3973
3973
3973
3973
3973
3973
3972
3974
3976
3974
3975
3978
3978
3973
3970
3968
3969
3972
3977
3973
3971
3975
3972
3967
3962
3961
3963
3970
3973
3967
3961
3959
3963
3967
3968
3973
3974
3973
3978
3971
3973
3972
3970
3970
3974
3975
3975
3973
3974
3968
3970
3973
3972
3969
3966
3963
3962
3954
3958
3958
3959
3969
3966
3966
3967
3967
3966
3970
3967
3969
3970
3968
3960
3960
3960
3964
3963
3962
3955
3960
3964
3962
3966
3966
3966
3967
3967
3972
3965
3965
3964
3961
3961
3963
3963
3971
3971
3970
3974
3974
3974
3974
3974
3974
3974
3967
3967
3968
3970
3970
3971
3967
3970
3970
3970
3970
3970
3967
3968
3967
3973
3969
3971
3973
3968
3974
3971
3972
3973
3973
3973
3975
3973
3974
3974
3974
3975
3975
3974
3971
3974
3975
3971
3975
3977
3972
3975
3974
3975
3969
3970
3965
3966
3971
3969
3975
3974
3971
3972
3972
3961
3962
3964
3969
3965
3967
3968
3969
3971
3969
3969
3971
3971
3970
3970
3971
3972
3972
3969
3970
3969
3971
3969
3969
3968
3968
3968
3972
3971
3970
3972
3972
3972
3969
3970
3973
3977
3983
3983
3982
3979
3984
3984
3984
3986
3987
3991
3992
3995
3995
3991
3993
3992
3992
3993
4005
4002
4009
4009
4009
4006
4005
4005
4001
4003
4008
4010
4008
4016
4013
4014
4014
4011
4012
4013
4011
4012
4013
4008
4009
4009
4007
4009
4010
4012
4013
4017
4016
4015
4018
4020
4022
4029
4028
4029
4030
4028
4034
4033
4038
4035
4038
4039
4036
4038
4042
4041
4038
4042
4043
4047
4048
4048
4051
4054
4054
4055
4055
4055
4055
4052
4054
4057
4058
4058
4057
4056
4057
4059
4057
4061
4060
4063
4067
4066
4066
4067
4068
4066
4065
4061
4060
4063
4066
4068
4063
4068
4062
4067
4068
4067
4071
4057
4050
4057
4061
4048
4053
4051
4063
4065
4058
4054
4060
4063
4060
4057
4052
4050
4057
4058
4062
4062
4061
4064
4064
4063
4065
4061
4061
4062
4065
4066
4062
4057
4061
4074
4067
4062
4062
4062
4062
4062
4062
4062
4062
4062
4062
4062
4062
4070
4071
4074
4066
4067
4070
4063
4068
4061
4062
4068
4065
4069
4070
4071
4064
4065
4062
4056
4061
4067
4069
4065
4070
4064
4071
4060
4061
4061
4061
4065
4065
4073
4068
4071
4064
4067
4070
4068
4071
4067
4070
4068
4071
4070
4069
4070
4066
4073
4073
4066
4067
4070
4070
4071
4064
4065
4066
4070
4069
4068
4070
4064
4071
4072
4071
4071
4063
4072
4069
4063
4070
4072
4071
4063
4067
4074
4069
4071
4062
4069
4069
4069
4071
4073
4074
4063
4063
4063
4069
4075
4074
4064
4063
4070
4060
4060
4070
4070
4069
4066
4064
4064
4060
4060
4069
4068
4060
4060
4065
4069
4067
4065
4069
4066
4065
4066
4069
4068
4064
4066
4060
4066
4069
4067
4060
4060
4066
4067
4068
4063
4064
4059
4059
4066
4070
4066
4066
4066
4066
4066
4066
4066
4065
4065
4067
4063
4075
4067
4066
4075
4075
4073
4078
4079
4076
4081
4095
4094
4104
4103
4103
4117
4114
4121
4133
4134
4138
4138
4145
4151
4150
4161
4162
4168
4171
4172
4176
4174
4182
4188
4187
4187
4189
4198
4204
4208
4206
4213
4211
4222
4225
4232
4229
4235
4240
4245
4242
4249
4256
4260
4266
4274
4277
4281
4271
4278
4281
4285
4287
4287
4286
4286
4286
4286
4280
4280
4280
4274
4274
4278
4271
4275
4280
4284
4282
4287
4281
4282
4286
4287
4285
4281
4281
4287
4287
4286
4281
4280
4289
4287
4289
4280
4282
4282
4293
4299
4304
4309
4299
4306
4301
4309
4307
4307
4309
4307
4312
4317
4318
4322
4317
4318
4316
4318
4320
4324
4330
4326
4335
4329
4340
4340
4333
4332
4342
4349
4344
4351
4349
4349
4356
4356
4361
4358
4358
4358
4357
4354
4354
4358
4358
4358
4366
4357
4361
4381
4381
4381
4381
4375
4380
4385
4388
4386
4388
4397
4401
4393
4394
4404
4399
4398
4400
4400
4404
4401
4405
4401
4395
4395
4394
4406
4400
4392
4397
4396
4394
4397
4396
4395
4394
4394
4399
4404
4398
4398
4398
4398
4398
4398
4398
4398
4411
4409
4414
4415
4414
4417
4421
4420
4420
4418
4417
4414
4414
4414
4412
4420
4417
4423
4421
4423
4419
4419
4419
4413
4413
4413
4413
4413
4413
4413
4413
4413
4413
4413
4413
4413
4413
4409
4414
4411
4413
4405
4405
4411
4413
4406
4405
4410
4410
4410
4404
4420
4419
4422
4418
4420
4426
4431
4427
4433
4425
4427
4427
4428
4425
4418
4423
4425
4425
4429
4426
4436
4436
4436
4439
4441
4435
4444
4443
4440
4435
4441
4441
4440
4436
4435
4436
4445
4441
4441
4439
4439
4441
4436
4436
4444
4444
4448
4445
4445
4445
4445
4445
4445
4445
4445
4435
4436
4436
4436
4436
4440
4440
4447
4442
4446
4447
4449
4454
4451
4451
4448
4454
4431
4429
4429
4429
4429
4429
4429
4429
4429
4429
4429
4429
4429
4429
4429
4429
4429
4429
4429
4429
4429
4429
4429
4429
4429
4429
4429
4429
4429
4429
4429
4429
4429
4429
4429
4429
4429
4429
4429
4429
4449
4450
4472
4468
4468
4470
4477
4467
4471
4467
4476
4474
4467
4468
4467
4457
4456
4456
4457
4463
4464
4457
4443
4444
4440
4439
4437
4438
4439
4433
4433
4428
4429
4429
4415
4412
4415
4422
4424
4424
4412
4419
4413
4420
4415
4407
4414
4407
4413
4407
4406
4413
4414
4406
4415
4413
4409
4403
4411
4411
4405
4405
4402
4405
4405
4398
4398
4400
4400
4405
4407
4400
4400
4400
4400
4400
4423
4420
4427
4430
4436
4426
4393
4389
4389
4389
4389
4389
4389
4389
4389
4389
4389
4389
4389
4389
4389
4389
4389
4389
4389
4389
4389
4389
4389
4389
4389
4389
4389
4389
4389
4389
4389
4389
4409
4413
4409
4407
4411
4406
4411
4407
4403
4405
4407
4405
4398
4400
4408
4408
4400
4407
4407
4408
4411
4404
4408
4407
4409
4409
4404
4403
4408
4408
4408
4408
4409
4410
4408
4412
4417
4412
4412
4412
4412
4418
4417
4413
4416
4416
4409
4410
4416
4416
4411
4410
4410
4410
4415
4414
4414
4416
4422
4414
4417
4418
4421
4423
4420
4420
4425
4427
4427
4427
4429
4423
4429
4428
4422
4433
4436
4432
4433
4433
4434
4435
4426
4427
4427
4424
4424
4433
4444
4450
4459
4465
4465
4468
4461
4468
4468
4468
4470
4476
4478
4471
4472
4478
4480
4476
4475
4473
4477
4477
4469
4473
4472
4473
4473
4473
4473
4473
4473
4473
4473
4473
4478
4469
4479
4484
4494
4509
4524
4540
4549
4568
4576
4575
4581
4584
4587
4591
4595
4597
4602
4604
4606
4608
4608
4608
4608
4608
4608
4605
4606
4613
4616
4611
4625
4637
4645
4649
4651
4651
4647
4656
4652
4652
4652
4655
4655
4655
4658
4661
4661
4663
4680
4685
4685
4684
4683
4699
4714
4714
4716
4717
4714
4728
4741
4753
4754
4755
4755
4750
4749
4755
4767
4777
4781
4784
4783
4783
4782
4788
4791
4794
4794
4793
4788
4788
4794
4794
4789
4788
4794
4790
4797
4790
4793
4792
4791
4796
4793
4793
4788
4786
4793
4791
4788
4788
4788
4788
4788
4788
4788
4788
4788
4788
4788
4786
4793
4798
4808
4811
4827
4831
4831
4824
4831
4831
4831
4832
4838
4839
4844
4843
4841
4843
4840
4840
4839
4840
4842
4842
4836
4849
4860
4860
4866
4866
4869
4869
4877
4896
4903
4908
4908
4908
4903
4919
4926
4930
4933
4942
4959
4968
4962
4963
4963
4965
4961
4982
4992
4994
4995
4998
4998
4995
5004
5000
5004
5004
5005
5004
4996
4995
4995
4995
4995
4995
4997
5018
5030
5038
5040
5041
5041
5036
5049
5043
5044
5047
5050
5039
5038
5047
5046
5044
5041
5045
5038
5038
5038
5044
5030
5030
5030
5030
5030
5036
5047
5058
5076
5076
5094
5104
5112
5111
5118
5129
5133
5141
5142
5150
5156
5151
5151
5151
5151
5151
5151
5150
5150
5177
5200
5198
5223
5231
5244
5254
5255
5269
5278
5279
5281
5289
5292
5291
5295
5299
5300
5304
5309
5314
5313
5317
5317
5317
5317
5317
5317
5319
5319
5319
5320
5320
5320
5325
5325
5321
5328
5323
5326
5322
5324
5322
5326
5327
5328
5320
5320
5323
5319
5316
5322
5327
5325
5327
5328
5327
5326
5330
5328
5320
5321
5329
5326
5326
5332
5327
5327
5329
5327
5326
5317
5314
5313
5318
5320
5316
5311
5318
5318
5327
5317
5311
5321
5320
5323
5324
5323
5324
5323
5322
5323
5325
5324
5325
5323
5318
5322
5320
5323
5324
5324
5324
5324
5309
5315
5323
5326
5328
5328
5325
5322
5320
5318
5316
5319
5316
5319
5323
5321
5323
5322
5310
5320
5320
5321
5320
5319
5320
5321
5324
5323
5317
5320
5323
5317
5322
5323
5322
5320
5323
5319
5322
5322
5318
5321
5327
5322
5319
5320
5318
5318
5318
5318
5321
5321
5320
5319
5319
5319
5319
5319
5319
5319
5319
5319
5319
5319
5319
5322
5322
5322
5322
5322
5322
5322
5322
5322
5322
5322
5322
5322
5322
5322
5322
5322
5322
5322
5323
5323
5323
5323
5323
5320
5321
5320
5315
5315
5315
5310
5310
5310
5310
5310
5310
5310
5310
5310
5310
5310
5310
5310
5310
5310
5313
5315
5315
5315
5315
5315
5315
5315
5315
5315
5315
5315
5315
5315
5315
5315
5315
5316
5316
5316
5316
5316
5316
5316
5316
5316
5316
5316
5316
5316
5316
5316
5316
5316
5316
5316
5316
5316
5316
5316
5316
5316
5316
5316
5316
5316
5316
5316
5316
5316
5316
5316
5316
5316
5316
5316
5316
5316
5316
5316
5316
5316
5311
5311
5311
5311
5311
5313
5312
5312
5312
5307
5307
5307
5308
5308
5315
5315
5315
5315
5315
5315
5315
5315
5315
5312
5312
5312
5312
5312
5316
5316
5310
5309
5305
5311
5312
5308
5315
5315
5310
5316
5321
5314
5320
5319
5315
5322
5318
5321
5325
5326
5326
5323
5322
5320
5317
5324
5318
5323
5314
5312
5318
5320
5323
5319
5315
5314
5313
5314
5320
5320
5320
5314
5316
5316
5316
5311
5313
5317
5313
5313
5321
5321
5321
5321
5323
5323
5323
5323
5323
5316
5316
5316
5321
5321
5321
5318
5317
5317
5317
5317
5317
5322
5321
5325
5325
5325
5325
5325
5325
5325
5325
5325
5325
5325
5325
5325
5325
5325
5325
5325
5325
5325
5319
5319
5319
5324
5324
5320
5325
5318
5316
5324
5322
5320
5324
5325
5317
5322
5322
5322
5322
5318
5322
5324
5317
5321
5317
5316
5315
5320
5320
5318
5315
5315
5315
5323
5324
5324
5318
5324
5318
5318
5318
5318
5318
5318
5318
5319
5319
5313
5313
5316
5315
5315
5315
5315
5315
5318
5320
5305
5310
5307
5311
5318
5316
5313
5307
5310
5317
5318
5313
5316
5322
5324
5321
5325
5318
5323
5325
5321
5308
5318
5315
5317
5321
5316
5318
5321
5323
5323
5323
5323
5325
5323
5323
5317
5315
5321
5318
5325
5319
5322
5316
5320
5320
5317
5314
5314
5318
5319
5318
5314
5314
5320
5315
5320
5320
5315
5319
5317
5317
5319
5316
5312
5312
5313
5312
5312
5320
5320
5318
5318
5323
5320
5319
5320
5316
5315
5319
5313
5314
5320
5319
5317
5321
5319
5319
5318
5320
5319
5320
5320
5320
5320
5320
5320
5320
5320
5320
5320
5319
5321
5316
5319
5321
5317
5321
5318
5314
5318
5314
5320
5316
5322
5320
5315
5324
5325
5320
5320
5316
5315
5324
5320
5321
5318
5316
5317
5319
5316
5316
5323
5319
5317
5317
5318
5317
5317
5317
5317
5317
5317
5317
5317
5317
5317
5317
5317
5317
5317
5317
5317
5317
5317
5317
5317
5325
5325
5325
5325
5325
5319
5319
5318
5318
5318
5318
5318
5318
5318
5317
5317
5317
5317
5317
5317
5317
5319
5320
5320
5320
5320
5320
5320
5320
5320
5320
5320
5320
5320
5320
5320
5320
5320
5320
5318
5318
5318
5318
5318
5318
5318
5318
5318
5318
5318
5318
5318
5318
5318
5318
5323
5323
5323
5323
5323
5323
5323
5323
5323
5324
5324
5324
5324
5324
5324
5324
5324
5324
5324
5324
5324
5320
5324
5324
5318
5318
5318
5318
5318
5319
5319
5325
5321
5323
5324
5320
5318
5321
5318
5319
5322
5313
5322
5320
5323
5318
5321
5318
5322
5324
5320
5324
5320
5317
5313
5313
5321
5324
5320
5319
5325
5319
5325
5323
5320
5319
5323
5312
5317
5323
5324
5321
5320
5319
5314
5326
5320
5315
5312
5318
5315
5322
5324
5318
5319
5322
5322
5321
5329
5326
5317
5318
5321
5321
5321
5316
5320
5322
5328
5317
5318
5327
5320
5321
5328
5320
5321
5323
5317
5316
5317
5327
5323
5323
5324
5323
5324
5328
5323
5327
5324
5327
5327
5325
5324
5325
5328
5322
5324
5321
5316
5316
5321
5321
5314
5311
5321
5323
5318
5315
5315
5315
5315
5321
5320
5317
5320
5314
5316
5324
5320
5318
5325
5319
5320
5318
5326
5317
5315
5319
5316
5316
5318
5316
5319
5319
5311
5309
5306
5316
5317
5319
5319
5319
5319
5320
5317
5317
5317
5317
5317
5317
5317
5317
5318
5324
5319
5319
5321
5310
5315
5317
5319
5320
5319
5309
5321
5317
5321
5325
5326
5326
5326
5320
5322
5319
5322
5313
5316
5318
5316
5319
5323
5321
5317
5315
5317
5316
5316
5317
5320
5321
5324
5323
5322
5319
5317
5320
5321
5327
5327
5327
5318
5320
5316
5318
5319
5326
5323
5317
5319
5318
5320
5320
5322
5324
5323
5323
5322
5322
5325
5311
5306
5320
5315
5320
5321
5321
5321
5320
5324
5320
5321
5319
5321
5323
5321
5320
5320
5321
5322
5322
5318
5319
5320
5319
5325
5321
5320
5320
5319
5321
5319
5319
5325
5317
5322
5320
5319
5318
5314
5311
5310
5317
5310
5316
5312
5312
5313
5318
5314
5309
5307
5316
5320
5318
5322
5308
5317
5319
5317
5320
5319
5318
5321
5318
5318
5325
5317
5322
5322
5326
5324
5322
5318
5325
5320
5325
5322
5322
5321
5323
5321
5323
5322
5322
5322
5327
5326
5326
5322
5321
5322
5322
5326
5327
5322
5322
5324
5326
5322
5321
5326
5327
5327
5322
5323
5322
5321
5323
5328
5328
5322
5322
5322
5322
5322
5322
5322
5317
5317
5317
5317
5320
5319
5320
5320
5320
5320
5320
5320
5322
5323
5327
5328
5324
5328
5329
5326
5331
5342
5345
5348
5348
5348
5343
5353
5354
5356
5350
5361
5362
5355
5363
5362
5361
5362
5359
5359
5361
5369
5363
5363
5363
5364
5371
5372
5377
5375
5378
5375
5375
5382
5383
5385
5378
5384
5385
5386
5386
5389
5389
5386
5390
5392
5395
5398
5398
5397
5405
5398
5400
5405
5407
5405
5404
5405
5405
5408
5408
5408
5399
5404
5400
5406
5418
5421
5434
5437
5436
5438
5437
5436
5443
5438
5446
5443
5448
5443
5447
5443
5443
5443
5440
5444
5444
5450
5454
5453
5456
5455
5457
5457
5456
5457
5458
5456
5466
5467
5466
5464
5471
5467
5477
5477
5477
5477
5481
5479
5486
5487
5490
5483
5491
5491
5491
5491
5484
5486
5492
5491
5482
5481
5481
5484
5487
5487
5493
5491
5492
5499
5500
5505
5507
5512
5507
5507
5514
5507
5509
5515
5517
5518
5517
5519
5523
5524
5529
5533
5534
5543
5544
5540
5550
5546
5543
5543
5543
5541
5546
5549
5549
5549
5549
5552
5554
5560
5553
5556
5554
5553
5554
5555
5561
5562
5567
5568
5573
5572
5566
5568
5567
5574
5573
5573
5573
5573
5568
5570
5566
5574
5581
5586
5587
5590
5589
5590
5594
5595
5604
5600
5606
5605
5606
5606
5606
5606
5606
5606
5600
5604
5609
5609
5602
5610
5611
5612
5614
5606
5613
5611
5624
5627
5623
5622
5620
5624
5624
5633
5625
5629
5634
5634
5626
5634
5641
5640
5640
5640
5637
5647
5642
5645
5645
5647
5647
5647
5647
5644
5644
5646
5646
5646
5642
5647
5645
5646
5645
5643
5645
5645
5650
5655
5646
5649
5655
5657
5652
5659
5659
5650
5650
5659
5658
5651
5650
5648
5648
5654
5652
5656
5656
5667
5664
5661
5674
5673
5676
5683
5677
5685
5674
5675
5676
5685
5686
5690
5691
5689
5688
5690
5695
5702
5705
5703
5707
5702
5703
5709
5716
5715
5724
5724
5724
5724
5724
5724
5731
5723
5734
5736
5738
5739
5735
5731
5729
5728
5729
5737
5735
5728
5734
5734
5732
5738
5733
5736
5729
5729
5728
5722
5728
5727
5730
5730
5722
5728
5722
5716
5720
5722
5720
5726
5718
5723
5722
5724
5723
5717
5717
5721
5724
5723
5723
5729
5728
5723
5721
5725
5725
5720
5726
5727
5722
5713
5718
5723
5723
5721
5720
5720
5720
5726
5726
5724
5727
5727
5730
5728
5723
5726
5729
5726
5725
5729
5724
5725
5724
5723
5723
5723
5723
5724
5724
5729
5732
5732
5732
5732
5735
5736
5739
5739
5749
5747
5752
5748
5748
5754
5760
5760
5761
5756
5763
5758
5765
5765
5764
5765
5763
5762
5766
5775
5777
5775
5781
5780
5781
5784
5778
5780
5779
5780
5780
5776
5776
5779
5785
5787
5788
5791
5794
5803
5798
5807
5803
5809
5799
5802
5807
5807
5808
5810
5811
5822
5821
5819
5825
5820
5827
5826
5826
5826
5829
5838
5832
5839
5842
5842
5842
5842
5845
5851
5851
5847
5846
5844
5850
5850
5848
5848
5851
5849
5849
5852
5846
5844
5842
5847
5840
5843
5841
5841
5841
5841
5839
5844
5844
5844
5844
5844
5844
5844
5844
5844
5844
5843
5842
5848
5842
5848
5850
5854
5853
5853
5855
5855
5849
5852
5850
5847
5846
5852
5850
5858
5859
5861
5857
5858
5857
5854
5853
5855
5859
5858
5861
5856
5857
5854
5858
5858
5858
5860
5857
5856
5856
5864
5859
5865
5865
5870
5868
5869
5870
5871
5869
5861
5860
5865
5867
5870
5870
5868
5862
5862
5861
5867
5868
5870
5866
5864
5864
5864
5860
5860
5865
5866
5865
5858
5866
5860
5864
5864
5863
5866
5866
5867
5867
5868
5860
5857
5857
5857
5867
5862
5862
5862
5868
5865
5871
5877
5877
5878
5878
5877
5875
5881
5879
5886
5882
5882
5882
5882
5886
5888
5890
5892
5895
5892
5898
5898
5898
5893
5898
5900
5897
5897
5897
5899
5901
5899
5899
5898
5890
5891
5902
5901
5905
5905
5906
5913
5910
5913
5915
5907
5912
5914
5914
5907
5913
5912
5912
5914
5914
5914
5913
5917
5919
5920
5916
5917
5918
5923
5929
5921
5924
5925
5926
5933
5931
5931
5931
5934
5941
5940
5940
5938
5937
5936
5930
5942
5939
5941
5942
5940
5935
5940
5938
5944
5939
5941
5940
5948
5949
5950
5949
5944
5952
5952
5951
5951
5951
5951
5950
5950
5945
5946
5946
5945
5950
5947
5945
5950
5951
5951
5951
5951
5945
5950
5943
5952
5949
5945
5945
5945
5945
5945
5945
5945
5945
5945
5945
5945
5945
5945
5942
5951
5955
5956
5960
5962
5961
5961
5959
5962
5959
5959
5965
5967
5967
5957
5963
5964
5964
5971
5979
5976
5975
5977
5979
5980
5980
5977
5976
5975
5978
5976
5976
5976
5976
5974
5974
5974
5974
5979
5969
5983
5986
5986
5986
5986
5986
5989
5990
5991
5992
5991
5991
5985
5985
5985
5985
5984
5983
5992
5995
5998
6001
6004
6003
6003
6003
6003
6005
5998
6008
6015
6015
6014
6010
6018
6022
6024
6018
6023
6021
6025
6025
6024
6025
6022
6021
6015
6015
6017
6023
6020
6020
6022
6023
6032
6032
6033
6033
6033
6033
6032
6036
6038
6038
6034
6045
6041
6041
6041
6043
6043
6039
6039
6043
6044
6044
6036
6039
6040
6039
6028
6040
6042
6044
6048
6046
6047
6049
6046
6040
6043
6040
6043
6048
6049
6042
6045
6044
6041
6045
6038
6045
6044
6041
6044
6047
6046
6037
6045
6046
6040
6038
6044
6042
6048
6039
6048
6047
6041
6044
6043
6049
6047
6044
6043
6042
6045
6045
6050
6052
6044
6039
6050
6050
6046
6047
6044
6046
6045
6046
6043
6046
6044
6042
6042
6040
6046
6049
6045
6045
6044
6045
6047
6041
6040
6045
6043
6045
6042
6040
6033
6042
6042
6043
6042
6037
6040
6034
6033
6042
6040
6044
6038
6039
6042
6042
6044
6042
6044
6044
6041
6038
6047
6043
6046
6036
6040
6040
6036
6038
6036
6042
6040
6042
6036
6038
6043
6041
6034
6047
6043
6040
6042
6040
6041
6042
6043
6038
6040
6041
6038
6038
6037
6037
6037
6037
6042
6043
6043
6043
6043
6045
6042
6043
6043
6037
6034
6034
6034
6034
6038
6038
6038
6036
6034
6034
6034
6034
6034
6034
6034
6034
6034
6034
6034
6031
6030
6030
6032
6032
6038
6039
6041
6043
6040
6041
6042
6040
6037
6040
6040
6040
6043
6043
6039
6037
6042
6047
6042
6047
6044
6042
6046
6045
6047
6042
6042
6042
6046
6042
6042
6042
6042
6042
6042
6042
6041
6044
6044
6044
6044
6044
6044
6044
6044
6043
6043
6044
6042
6038
6037
6039
6041
6041
6041
6037
6039
6043
6037
6036
6036
6038
6039
6039
6037
6042
6041
6043
6046
6038
6033
6041
6041
6041
6035
6043
6047
6037
6037
6044
6045
6048
6044
6045
6042
6040
6035
6042
6042
6036
6031
6035
6039
6045
6044
6044
6046
6044
6051
6038
6040
6043
6041
6045
6045
6047
6046
6044
6040
6039
6033
6034
6037
6042
6042
6044
6041
6038
6043
6045
6042
6040
6036
6033
6035
6036
6042
6036
6037
6043
6042
6039
6047
6041
6036
6037
6039
6038
6038
6038
6038
6038
6041
6040
6039
6040
6041
6041
6042
6040
6040
6041
6040
6039
6038
6046
6047
6047
6047
6047
6047
6047
6047
6047
6041
6040
6043
6046
6046
6041
6043
6043
6043
6043
6043
6043
6043
6043
6045
6044
6044
6044
6044
6044
6044
6044
6043
6044
6043
6045
6044
6043
6041
6044
6051
6040
6045
6052
6040
6044
6046
6043
6041
6047
6045
6045
6051
6040
6045
6045
6049
6040
6042
6035
6039
6043
6043
6047
6049
6050
6049
6049
6049
6049
6045
6050
6042
6048
6045
6043
6047
6049
6047
6046
6039
6040
6046
6043
6045
6047
6053
6048
6046
6045
6043
6055
6059
6054
6049
6052
6052
6052
6054
6052
6053
6052
6053
6053
6053
6053
6053
6053
6053
6041
6041
6041
6041
6038
6038
6041
6046
6050
6050
6050
6041
6038
6041
6051
6045
6050
6048
6050
6047
6047
6047
6056
6056
6056
6056
6056
6056
6056
6056
6056
6056
6056
6056
6056
6056
6056
6056
6056
6056
6048
6046
6046
6046
6046
6046
6046
6052
6048
6049
6045
6053
6053
6053
6053
6053
6052
6044
6053
6052
6044
6047
6048
6056
6048
6047
6046
6043
6055
6047
6047
6052
6052
6051
6051
6051
6051
6052
6050
6057
6054
6052
6055
6054
6054
6052
6051
6046
6051
6048
6043
6060
6050
6061
6049
6056
6052
6053
6053
6053
6051
6049
6047
6047
6047
6047
6055
6056
6056
6056
6056
6056
6048
6047
6045
6058
6050
6055
6049
6048
6041
6047
6045
6048
6047
6043
6041
6042
6045
6051
6048
6044
6042
6036
6044
6046
6043
6049
6043
6046
6041
6036
6043
6045
6045
6045
6045
6044
6040
6049
6050
6054
6054
6054
6054
6049
6054
6049
6049
6047
6046
6046
6043
6043
6042
6048
6052
6046
6046
6048
6050
6049
6042
6045
6048
6049
6047
6045
6052
6047
6045
6045
6049
6045
6049
6046
6051
6056
6053
6041
6052
6049
6056
6055
6056
6055
6055
6057
6051
6049
6055
6053
6057
6054
6057
6050
6046
6058
6057
6056
6053
6058
6053
6055
6055
6052
6058
6055
6056
6053
6048
6056
6062
6059
6059
6057
6058
6046
6055
6051
6053
6056
6053
6048
6052
6057
6053
6057
6049
6054
6041
6045
6046
6044
6045
6043
6044
6044
6045
6046
6042
6046
6044
6046
6046
6046
6046
6050
6044
6040
6042
6046
6047
6040
6045
6047
6038
6046
6046
6043
6042
6044
6046
6040
6044
6040
6045
6042
6042
6042
6045
6045
6045
6044
6044
6043
6044
6044
6044
6044
6044
6044
6044
6044
6044
6044
6044
6044
6044
6044
6044
6044
6044
6044
6044
6044
6044
6044
6044
6044
6044
6042
6041
6041
6041
6041
6041
6041
6041
6041
6044
6043
6043
6043
6043
6043
6043
6043
6043
6043
6044
6044
6044
6044
6044
6044
6044
6044
6044
6042
6040
6040
6040
6040
6040
6044
6043
6043
6043
6043
6042
6042
6042
6042
6042
6042
6042
6039
6039
6039
6039
6040
6040
6040
6040
6040
6040
6040
6040
6040
6040
6046
6047
6047
6047
6043
6042
6042
6042
6042
6042
6042
6042
6042
6042
6042
6042
6042
6042
6042
6046
6046
6046
6046
6046
6046
6046
6046
6046
6046
6046
6046
6046
6046
6046
6046
6044
6045
6045
6045
6045
6045
6045
6045
6045
6045
6045
6045
6045
6044
6043
6043
6043
6043
6043
6045
6046
6046
6046
6046
6046
6044
6043
6043
6043
6039
6043
6043
6043
6043
6043
6043
6043
6043
6043
6043
6043
6043
6043
6043
6043
6043
6043
6043
6043
6043
6043
6043
6043
6043
6043
6043
6043
6043
6043
6043
6043
6043
6043
6043
6043
6043
6043
6043
6043
6043
6043
6043
6043
6043
6043
6043
6043
6043
6043
6041
6041
6041
6041
6041
6041
6041
6041
6041
6041
6041
6041
6041
6041
6041
6041
6041
6042
6042
6045
6044
6044
6044
6046
6042
6042
6040
6046
6048
6045
6045
6045
6045
6044
6046
6043
6044
6044
6044
6040
6040
6043
6043
6043
6043
6043
6044
6044
6040
6047
6043
6043
6043
6040
6043
6043
6042
6044
6042
6039
6042
6041
6046
6043
6044
6041
6042
6047
6037
6037
6047
6045
6040
6041
6046
6046
6043
6045
6041
6041
6048
6040
6046
6041
6041
6044
6044
6043
6042
6042
6042
6042
6042
6042
6042
6042
6042
6042
6042
6042
6044
6044
6044
6048
6048
6048
6048
6048
6048
6044
6044
6044
6047
6047
6047
6044
6044
6044
6044
6044
6044
6044
6044
6044
6047
6047
6047
6046
6046
6048
6048
6045
6049
6049
6045
6046
6044
6044
6048
6044
6043
6045
6045
6045
6044
6043
6043
6043
6043
6043
6043
6044
6044
6044
6045
6043
6043
6043
6043
6043
6043
6043
6043
6043
6043
6043
6043
6043
6043
6043
6042
6042
6042
6044
6043
6043
6041
6043
6044
6042
6044
6040
6037
6036
6036
6040
6036
6038
6041
6032
6039
6040
6037
6042
6044
6050
6043
6040
6040
6046
6045
6041
6043
6046
6046
6050
6040
6045
6050
6054
6044
6040
6046
6052
6038
6054
6046
6054
6040
6046
6046
6045
6040
6043
6044
6044
6040
6046
6045
6044
6044
6045
6044
6044
6044
6045
6045
6045
6045
6045
6045
6045
6051
6052
6067
6077
6080
6081
6075
6073
6074
6082
6081
6085
6093
6099
6102
6106
6104
6104
6104
6108
6109
6111
6108
6109
6109
6115
6120
6125
6125
6125
6123
6116
6111
6109
6109
6110
6115
6116
6131
6124
6125
6132
6130
6131
6131
6129
6142
6141
6132
6132
6132
6131
6131
6131
6134
6134
6142
6136
6136
6136
6136
6148
6147
6151
6152
6142
6143
6146
6142
6146
6154
6152
6152
6140
6144
6147
6144
6144
6144
6138
6144
6146
6148
6149
6149
6149
6153
6158
6159
6168
6159
6159
6159
6159
6159
6153
6158
6157
6152
6152
6167
6168
6160
6160
6165
6152
6159
6158
6152
6151
6156
6152
6158
6165
6172
6171
6177
6181
6182
6178
6181
6196
6192
6184
6183
6191
6190
6190
6189
6189
6189
6189
6183
6184
6186
6193
6207
6205
6208
6214
6216
6222
6224
6236
6227
6233
6243
6235
6244
6243
6247
6257
6251
6256
6253
6261
6254
6259
6259
6259
6259
6259
6259
6260
6259
6258
6259
6261
6261
6261
6261
6267
6267
6267
6267
6267
6266
6261
6262
6257
6259
6262
6262
6258
6264
6265
6260
6268
6266
6271
6261
6268
6263
6261
6268
6273
6272
6272
6261
6268
6267
6267
6267
6265
6260
6270
6266
6270
6266
6266
6268
6259
6269
6265
6269
6270
6271
6273
6280
6281
6288
6291
6288
6287
6292
6287
6293
6293
6296
6303
6294
6298
6294
6297
6302
6305
6304
6301
6306
6304
6302
6305
6301
6300
6300
6300
6300
6300
6302
6306
6305
6316
6316
6316
6320
6325
6322
6322
6313
6327
6331
6321
6320
6324
6329
6329
6328
6327
6327
6327
6327
6325
6327
6327
6327
6325
6326
6328
6329
6335
6336
6351
6360
6369
6374
6373
6382
6388
6393
6391
6400
6397
6398
6398
6405
6407
6410
6404
6407
6409
6401
6409
6408
6409
6403
6404
6404
6410
6410
6410
6404
6412
6409
6410
6410
6405
6411
6411
6413
6412
6404
6412
6415
6416
6412
6414
6416
6420
6420
6420
6415
6415
6415
6415
6413
6420
6423
6429
6434
6436
6434
6441
6449
6446
6445
6445
6446
6447
6443
6443
6443
6443
6443
6443
6443
6443
6444
6441
6448
6449
6448
6446
6446
6446
6448
6440
6442
6449
6449
6444
6456
6453
6453
6459
6457
6460
6462
6458
6462
6460
6469
6469
6469
6465
6469
6466
6473
6476
6474
6478
6480
6476
6480
6483
6477
6482
6477
6482
6483
6483
6483
6481
6481
6481
6480
6475
6476
6481
6481
6485
6484
6481
6482
6482
6488
6490
6491
6488
6489
6496
6493
6488
6488
6495
6498
6498
6496
6496
6494
6494
6501
6504
6504
6505
6509
6514
6503
6511
6511
6510
6510
6508
6505
6511
6507
6511
6504
6509
6512
6511
6510
6510
6513
6505
6511
6509
6510
6510
6503
6510
6502
6504
6510
6512
6514
6515
6516
6520
6534
6533
6536
6538
6541
6540
6540
6538
6546
6548
6548
6554
6556
6559
6558
6558
6557
6557
6557
6557
6552
6554
6553
6561
6562
6561
6558
6559
6560
6572
6569
6578
6579
6581
6585
6581
6589
6596
6593
6594
6603
6605
6603
6605
6603
6601
6603
6605
6605
6610
6613
6615
6622
6622
6633
6627
6628
6631
6632
6639
6646
6645
6646
6646
6644
6644
6645
6644
6650
6655
6655
6660
6658
6660
6665
6669
6674
6677
6679
6677
6681
6681
6684
6685
6680
6684
6690
6694
6694
6692
6692
6692
6684
6684
6684
6689
6690
6686
6688
6687
6683
6683
6688
6688
6687
6690
6689
6693
6692
6694
6694
6695
6692
6686
6694
6694
6693
6694
6694
6693
6696
6691
6699
6697
6691
6695
6696
6697
6696
6692
6694
6693
6690
6689
6696
6695
6695
6695
6695
6695
6695
6695
6689
6688
6688
6688
6688
6688
6688
6688
6696
6696
6696
6696
6696
6696
6689
6688
6695
6689
6697
6698
6700
6697
6703
6694
6696
6694
6687
6700
6699
6696
6692
6689
6695
6689
6694
6693
6692
6701
6689
6694
6694
6695
6694
6703
6689
6688
6688
6688
6693
6694
6695
6708
6716
6724
6716
6715
6724
6722
6722
6732
6736
6743
6744
6742
6748
6748
6760
6753
6748
6757
6754
6761
6755
6758
6754
6747
6752
6759
6758
6766
6762
6766
6768
6778
6769
6771
6778
6772
6780
6785
6786
6791
6784
6791
6791
6790
6790
6783
6784
6786
6794
6796
6795
6797
6797
6791
6803
6797
6805
6803
6806
6808
6815
6806
6806
6813
6807
6801
6812
6806
6814
6802
6802
6811
6815
6812
6819
6822
6824
6824
6827
6831
6836
6850
6850
6845
6854
6857
6857
6849
6856
6856
6856
6856
6856
6858
6852
6864
6862
6862
6856
6865
6855
6859
6859
6854
6860
6869
6859
6868
6874
6870
6873
6883
6886
6892
6894
6893
6889
6897
6891
6902
6898
6896
6889
6898
6897
6905
6914
6909
6913
6914
6922
6916
6920
6918
6939
6934
6933
6939
6938
6939
6934
6933
6932
6932
6932
6932
6939
6948
6947
6953
6959
6959
6963
6961
6961
6961
6961
6961
6961
6960
6962
6972
6972
6979
6983
6983
6982
6986
6983
6986
6983
6990
6995
6991
6990
6994
6986
6991
6995
6992
6994
6992
6985
6996
6991
6995
6987
6994
6991
6991
6991
6994
6993
6993
6993
6993
6993
6993
6993
6991
6991
6995
6994
6994
6994
6991
6991
6993
6993
6991
6991
6995
6986
6986
6990
6986
6986
6989
6992
6988
6988
6995
6985
6996
6991
6988
6984
6985
6992
6985
6994
6989
6997
6991
6991
6988
6993
6988
6994
6989
6989
6989
6989
6985
6985
6985
6991
6991
6991
6985
6990
6990
6985
6985
6985
6998
6992
6992
6990
6991
6995
6990
6993
6990
6984
6985
6987
6984
6992
6983
6989
6993
6989
6983
6983
6987
6987
6988
6987
6989
6987
6996
6987
6997
6989
6990
6999
6996
6996
6990
6990
6989
6988
6988
6996
6986
6985
6973
6990
6988
6987
6989
6993
6989
6995
6995
6993
6991
6988
6993
6995
6990
6995
6995
6994
6991
6990
6992
6994
6993
6993
6993
6989
6988
7000
6992
6988
6990
6993
6992
6994
6994
6993
6988
6986
6991
6989
6988
6990
6991
6991
6991
6991
6991
6991
6991
6991
6991
6991
6991
6992
6991
6987
6986
6991
6987
6991
6987
6991
6988
6988
6991
6989
6991
6991
6993
6987
6991
6997
6998
6991
6991
6991
6992
6994
6991
6994
6991
6980
6990
6991
6995
6984
6990
6991
6994
6994
6981
6987
6988
6990
6991
6989
6991
6989
6990
6989
6990
6991
6991
6991
6991
6990
6986
6987
6992
6996
6998
6992
6992
6998
6994
6992
6994
6993
6989
6993
6993
6989
6991
6989
6988
6991
6988
6988
6985
6992
6994
6992
6988
6989
6987
6987
6989
6988
6988
6992
6992
6992
6992
6992
6992
6992
6992
6992
6994
6987
6994
6997
6991
6985
6998
6992
6993
6993
6993
6993
6993
6993
6993
6993
6993
6990
6994
6995
6988
6983
6986
6983
6986
6990
6989
6992
6985
6988
6987
6985
6988
6991
6995
6993
6993
6993
6988
6988
6988
6995
6992
6993
6993
6980
6982
6982
6988
6992
6989
6986
6992
6985
6987
6986
6991
6994
6994
6994
6991
6991
6994
6993
6991
6988
6992
6988
6990
6990
6986
6985
6985
6985
6985
6983
6987
6990
6987
6990
6983
6986
6981
6987
6984
6985
6991
6985
6986
6988
6993
6993
6996
6996
6987
6993
6992
6994
6995
6992
6989
6995
6996
6995
6990
6994
6999
6998
6984
6988
6989
6994
6992
6995
6991
6982
6992
6992
6994
6993
6998
6995
6995
6995
6995
6994
6995
6990
6990
6992
6993
6984
6988
6994
6989
6993
6990
6989
6994
6990
6993
6991
6992
6982
6992
6990
6995
6991
6986
6989
6992
6995
6995
6993
6993
6993
6996
6995
6996
6994
6990
6988
6990
6994
6994
6994
6994
6994
6994
6994
6994
6994
6994
6994
6994
6994
6992
6995
6984
6993
6996
6995
6990
6996
6995
6991
6992
6991
6994
6990
6985
6991
6990
6989
6987
6991
6981
6987
6991
6984
6987
6991
6992
6985
6984
6985
6986
6982
6980
6982
6984
6983
6991
6988
6994
6994
6987
6987
6983
6986
6986
6987
6988
6980
6973
6984
6977
6976
6981
6982
6989
6981
6983
6983
6983
6983
6991
6980
6985
6986
6987
6989
6980
6979
6983
6994
6993
6986
6984
6989
6992
6988
6991
6988
6991
6990
6987
6993
6986
6984
6990
6989
6990
6989
6989
6989
6989
6982
6981
6986
6990
6991
6992
6989
6985
6989
6986
6986
6986
6984
6989
6989
6986
6986
6986
6986
6986
6989
6989
6989
6989
6988
6990
6990
6990
6987
6987
6987
6987
6987
6987
6987
6987
6987
6987
6990
6990
6990
6990
6990
6990
6989
6989
6987
6986
6986
6986
6986
6986
6987
6989
6989
6987
6987
6993
6993
6992
6992
6990
6991
6993
6991
6978
6981
6983
6982
6992
6994
6992
6987
6980
6983
6986
6984
6987
6984
6984
6986
6985
6986
6983
6979
6974
6974
6974
6974
6975
6975
6975
6975
6975
6975
6975
6975
6979
6983
6978
6986
6978
6986
6986
6983
6983
6983
6983
6983
6983
6983
6986
6987
6988
6991
6994
6986
6992
6995
6993
6987
6987
6987
6990
6990
6984
6992
6987
6988
6986
6987
6982
6987
6990
6985
6986
6987
6991
6991
6983
6987
6989
6986
6987
6991
6993
6990
6996
6993
6990
6990
6987
6993
6991
6993
6989
6985
6981
6987
6992
6986
6985
6982
6986
6988
6987
6986
6984
6989
6995
6991
6990
6986
6990
6985
6983
6984
6984
6986
6995
6995
6988
6987
6995
6993
6993
6993
6996
6990
6994
6996
6993
6994
6994
6993
6994
6993
6992
6993
6994
6993
6993
6993
6993
6993
6993
6993
6993
6993
7000
6992
7000
7000
6995
6995
6994
6992
6993
6992
6992
6992
6992
6992
6992
6998
6998
6996
6989
6996
6995
6996
6991
6990
6990
6998
6987
6992
6990
6990
6990
7006
6999
6993
6997
7004
7003
7001
6996
6996
6996
6996
6996
7000
7002
7003
7002
7006
6999
6997
7001
6995
6996
6998
7000
7007
6999
7005
6999
6996
6997
7001
6998
6998
7000
6999
7004
7005
7003
7000
7004
7001
7004
7007
7006
7005
7003
7003
7003
7007
6997
6998
6998
7002
7007
7005
7005
6987
7004
7008
6990
6993
6994
6995
6994
6988
6991
6991
6991
6993
6995
6984
6989
6990
6990
6980
6988
6989
6994
6994
6995
6989
6993
6993
6985
6999
6996
6990
6989
6993
6990
6996
6996
6983
6985
6988
6996
6994
6994
6990
6992
6997
6992
6977
6995
6992
6993
6994
6993
6988
6986
6987
6988
6987
6983
6981
6989
6990
6983
6991
6990
6984
6991
6996
6996
6994
6993
6986
6992
6989
6991
6991
6989
6999
6994
6997
6997
6998
6998
6997
6996
6999
6998
6999
7000
6997
6994
7003
7000
7003
6993
6993
6999
6994
6996
6998
7001
7001
7004
6995
7006
7002
7008
7005
7001
7005
7000
7003
6999
6999
7002
7005
7005
7004
7003
7006
7003
7007
7002
7002
6989
6990
6991
6992
6989
6993
6989
6989
6988
6994
6994
6992
6988
6991
6991
6992
6993
6995
6994
6994
6994
6994
6994
6995
6995
6995
6992
6994
6990
6991
6993
6987
6990
6986
6994
6992
6991
6991
6991
6991
6989
6992
6989
6992
6992
6990
6990
6993
6991
6995
6990
6991
6993
6997
6997
6994
6994
6994
6994
6994
6994
6994
6994
6994
6994
6991
6992
6994
6993
6991
6991
6996
6996
6996
6996
6994
6994
6995
6993
6994
6996
6995
6989
6992
6992
6992
6989
6997
6993
6988
6980
6992
6983
6991
6987
6994
6990
6995
6991
6986
6994
6987
6987
6992
6989
6994
6994
6994
6994
6995
6994
6990
6985
6989
6981
6991
6990
6990
6991
6989
6987
6993
6989
6983
6986
6995
6990
6983
6993
6995
6993
6987
6996
6997
6997
6991
6991
6993
6990
6989
6987
6985
6987
6993
6994
6994
6988
6985
6990
6991
6992
6985
6984
6990
6982
6978
6981
6985
6987
6987
6990
6992
6991
6991
6982
6993
6988
6995
6989
6985
6990
6983
6984
6988
6989
6993
6991
6986
6997
6992
6992
6990
6985
6986
6992
6992
6995
6991
6982
6990
6989
6987
6988
6989
6985
6980
6993
6990
6993
6980
6982
6989
6986
6988
6986
6987
6992
6991
6991
6986
6985
6991
6992
6981
6989
6985
6985
6985
6992
6988
6991
6987
6989
6991
6987
6986
6989
6981
6982
6985
6983
6980
6980
6980
6980
6983
6985
6980
6980
6980
6987
6988
6994
6994
6994
6993
6988
6985
6993
6989
6990
6985
6982
6989
6987
6979
6979
6982
6989
6995
6995
6991
6989
6985
6986
6985
6978
6980
6984
6991
6992
6987
6992
6996
6987
6982
6994
6984
6987
6986
6991
6987
6989
6995
6995
6994
6989
6995
6995
6997
6994
6994
6989
6992
6993
6991
6991
6994
6993
6992
6990
6991
6991
6990
6993
6992
6990
6992
6997
6996
6992
6995
6992
6992
6997
6993
6991
6992
6993
6992
6993
6993
6993
6993
6993
6993
6997
6997
6997
6997
6991
6991
6991
6991
6991
6991
6991
6994
6995
6995
6995
6995
6995
6995
6993
6992
6992
6992
6994
6994
6994
6994
6994
6994
6994
6994
6994
6994
6994
6994
6993
6993
6993
6993
6993
6993
6993
6993
6993
6993
6993
6993
6993
6993
6993
6993
6993
6993
6993
6993
6993
6993
6993
6993
6993
6993
6993
6998
6997
6997
6997
6997
6997
6997
6997
6997
6997
6997
6997
6989
6987
6995
6993
6993
6992
6992
6992
6992
6992
6992
6992
6992
6991
6995
6987
6993
6987
6982
6992
6985
6993
6995
6992
6988
6985
6989
6988
6983
6985
6991
6983
6980
6988
6988
6988
6987
6987
6991
6995
6994
6988
6989
6985
6986
6988
6988
6990
6989
6988
6983
6980
6982
6984
6992
6987
6987
6991
6985
6984
6992
6983
6990
6987
6990
6987
6988
6987
6987
6988
6995
6994
6992
6993
6992
6993
6995
6993
6994
6993
6993
6979
6988
6990
6992
6994
6995
6988
6989
6996
6995
6991
6994
6997
6997
6995
6993
6996
6998
6997
6997
6997
6997
6994
6997
6990
6995
6991
6992
6995
6992
6996
6993
6993
6988
6995
6995
6992
6998
6997
6985
6989
6993
6993
6995
6994
6994
6994
6994
6994
6994
6994
6994
6994
6994
6994
6997
6998
6993
6993
6993
6993
6993
6996
6996
6996
6997
6998
6998
6998
6996
6996
6998
6996
6996
6996
6996
6996
6996
6996
6996
6997
6997
6997
6997
6997
6997
6997
6997
6997
6997
6997
6997
6997
6997
6993
6991
6991
6991
6991
6991
6991
6998
6998
6998
6998
6998
6998
6998
6998
6997
6997
6997
6997
6996
6995
6995
6995
6995
6995
6995
6992
6992
6992
6992
6992
6992
6992
6992
6992
6992
6992
6992
6992
6992
6992
6992
6992
6987
6989
6989
6989
6991
6994
6995
6990
6992
6992
6998
6995
6995
6995
6995
6992
6993
6993
6993
6997
6998
6998
6998
6998
6998
6998
6998
6998
6992
6990
6996
6995
6997
6997
6994
6996
6996
6995
6996
6996
6997
6991
6993
6990
6991
6988
6992
6994
6994
6985
6984
6991
6991
6991
6991
6991
6991
6991
6991
6990
6998
6992
6991
6994
6991
6987
6994
6989
6989
6990
6984
6990
6987
6990
6992
6988
6993
6993
6990
6993
6991
6993
6994
6992
6994
6990
6994
6994
6994
6994
6996
6993
6992
6997
6998
6992
6990
6993
6990
6996
6996
6997
6996
6995
6993
6998
6998
6997
6995
6995
6994
6996
6993
6996
6990
6993
6988
6988
6988
6991
6994
6994
6993
6999
6994
6993
7000
6988
6993
7000
6993
6992
6989
6990
6995
6998
6993
6989
6988
6989
6995
6993
6995
6990
6998
6994
6996
6994
6996
6993
6996
6993
6994
6998
6993
6993
6993
6996
6995
6996
6995
6990
6994
6996
6995
6992
6993
6991
6989
6994
6995
6993
6998
6997
6998
6989
6997
6994
6988
6993
6992
6997
6997
6989
6982
6988
6995
6994
6991
6996
6997
6996
6990
6990
6995
6989
6997
6996
6993
6990
6995
6992
6992
6996
6996
6996
6993
6997
6992
6993
6993
6992
6992
6992
6992
6992
6992
6992
6992
6990
6998
6997
6997
6998
6990
6997
6991
6994
6990
6992
6991
6994
6993
6991
6991
6995
6996
6994
6987
6984
6988
6989
6992
6994
6985
6992
6993
6993
6989
6990
6992
6994
6993
6989
6996
6995
6997
6983
6983
6986
6985
6992
6994
6990
6996
6991
6994
6998
6995
6993
6993
6996
6989
6991
6983
6981
6991
6982
6995
6995
6990
6992
6989
6991
6985
6991
6990
6989
6988
6992
6998
6988
6997
6993
6998
6993
6990
6995
6995
6992
6992
6991
6995
6992
6989
6987
6993
6991
6983
6992
6989
6986
6990
6990
6991
6979
6982
6990
6990
6989
6992
6992
6992
6992
6992
6992
6992
6992
6992
6996
6995
6999
6998
6996
6998
6997
6998
6992
6999
7001
6998
6998
6997
6986
6995
6983
6992
6992
6989
6989
6992
6986
6984
6993
6992
6998
6993
6992
6989
6991
6988
6985
6991
6989
6989
6981
6980
6980
6988
6990
6990
6985
6995
6993
6994
6994
6990
6997
6989
6995
6993
6993
6993
6997
6990
6997
6998
6995
6995
6997
6997
6997
6997
6993
6993
6992
6994
6992
6992
6993
6993
6993
6993
6993
6993
6993
6993
6993
6992
6994
6994
6994
6994
6994
6994
6994
6994
6993
6997
6994
6994
6994
6994
6994
6994
6994
6994
6994
6994
6994
6994
6994
6994
6989
6988
6987
6987
6987
6987
6987
6987
6987
6987
6987
6987
6987
6987
6987
6987
6987
6987
6987
6987
6987
6987
6987
6995
6997
6997
6997
6997
6997
6997
6993
6993
6993
6996
6995
6995
6990
6993
6993
6992
6992
6992
6991
6993
6990
6991
6988
6993
6987
6986
6986
6986
6986
6993
6987
6987
6987
6987
6987
6987
6987
6987
6987
6994
6994
6994
6994
6994
6994
6994
6994
6988
6994
6995
6986
6988
6992
6991
6991
6988
6988
6993
6993
6993
6993
6993
6993
6993
6992
6992
6992
6995
6996
6996
6996
6991
6992
6992
6993
6992
6992
6992
6992
6992
6992
6995
6991
6992
6992
6992
6992
6992
6992
6992
6992
6992
6992
6992
6992
6992
6992
6992
6992
6992
6992
6992
6991
6992
6992
6991
6988
6987
6992
6992
6995
6990
6992
6991
6987
6990
6988
6992
6993
6992
6989
6992
6993
6995
6993
6992
6993
6993
6989
6992
6988
6993
6991
6993
6993
6992
6991
6988
6993
6991
6995
6993
6993
6993
6994
6994
6993
6993
6993
6987
6994
6993
6995
6993
6992
6988
6988
6991
6990
6994
6992
6993
6992
6986
6991
6996
6989
6995
6990
6989
6986
6992
6994
6990
6986
6987
6993
6993
6993
6993
6988
6995
6991
6991
6991
6991
6991
6994
6992
6991
6991
6991
6995
6988
6993
6988
6992
6991
6992
6987
6991
6993
6995
6997
6996
6996
6992
6988
6993
6990
6988
6995
6994
6994
6986
6986
6986
6992
6992
6993
6992
6986
6992
6988
6987
6987
6987
6987
6992
6993
6988
6987
6987
6992
6992
6987
6992
6986
6993
6992
6991
6991
6991
6991
6991
6991
6992
6992
6992
6986
6994
6994
7002
7017
7023
7024
7031
7030
7030
7040
7037
7037
7041
7038
7038
7037
7035
7038
7037
7035
7035
7036
7040
7036
7034
7033
7032
7032
7032
7032
7037
7045
7040
7053
7053
7053
7053
7053
7061
7060
7060
7061
7057
7060
7054
7058
7059
7059
7060
7056
7057
7058
7056
7064
7062
7069
7067
7069
7072
7075
7084
7085
7085
7090
7101
7098
7098
7094
7098
7103
7107
7110
7101
7106
7110
7101
7104
7110
7108
7106
7111
7115
7113
7114
7121
7131
7141
7138
7137
7150
7150
7150
7148
7149
7149
7149
7145
7147
7152
7154
7162
7162
7166
7165
7159
7163
7167
7166
7163
7165
7169
7168
7178
7175
7183
7187
7188
7189
7189
7189
7188
7193
7188
7195
7195
7192
7191
7199
7201
7207
7213
7213
7214
7224
7229
7227
7221
7225
7225
7222
7230
7233
7235
7235
7238
7243
7246
7245
7244
7244
7244
7238
7245
7247
7247
7247
7239
7246
7245
7252
7252
7255
7257
7258
7259
7264
7267
7269
7275
7275
7277
7287
7282
7287
7287
7286
7291
7288
7293
7304
7303
7303
7301
7313
7313
7313
7310
7314
7323
7326
7341
7346
7349
7351
7352
7353
7357
7356
7361
7364
7367
7367
7363
7366
7361
7366
7364
7364
7364
7364
7364
7362
7364
7376
7374
7433
7430
7449
7466
7463
7481
7481
7481
7481
7481
7481
7480
7489
7492
7489
7483
7489
7493
7492
7491
7490
7484
7487
7487
7487
7487
7487
7489
7482
7486
7488
7488
7484
7486
7489
7485
7489
7483
7485
7486
7486
7483
7484
7483
7477
7484
7487
7488
7482
7476
7486
7484
7488
7490
7486
7490
7485
7488
7480
7490
7489
7493
7489
7487
7483
7489
7488
7491
7483
7486
7488
7485
7483
7489
7488
7488
7481
7487
7487
7487
7487
7487
7487
7487
7487
7490
7489
7488
7488
7486
7489
7485
7491
7482
7480
7480
7480
7480
7480
7480
7480
7480
7480
7480
7480
7480
7486
7467
7467
7467
7467
7467
7467
7467
7467
7467
7467
7467
7467
7467
7467
7467
7467
7467
7467
7467
7467
7467
7467
7467
7467
7467
7467
7467
7467
8242
8242
8242
8242
8242
8242
8245
8245
8245
8245
8277
8553
8275
8279
8268
8267
8280
8283
8285
8544
8542
8249
8249
8249
8249
8249
8249
8249
8249
8249
8249
8249
8249
8249
8249
8249
8249
8249
8249
8249
8249
8249
0
0
0
0
0
0
0
