start_fid 	 end_fid 	 tlx 	 tly 	 brx 	 bry	 filename
0	0	1153	915	1277	928	obj_000000_000000.png
8	13	91	63	96	269	obj_000008_000013.png
33	50	82	54	104	67	obj_000033_000050.png
53	61	94	38	113	61	obj_000053_000061.png
63	70	98	266	323	275	obj_000063_000070.png
72	77	329	267	340	279	obj_000072_000077.png
87	105	357	278	378	296	obj_000087_000105.png
106	112	126	75	345	215	obj_000106_000112.png
117	122	141	186	160	205	obj_000117_000122.png
147	149	188	195	202	207	obj_000147_000149.png
170	246	193	201	215	210	obj_000170_000246.png
250	258	231	196	253	213	obj_000250_000258.png
273	283	287	198	307	213	obj_000273_000283.png
288	292	277	75	343	158	obj_000288_000292.png
294	300	177	88	213	117	obj_000294_000300.png
305	314	186	98	206	115	obj_000305_000314.png
320	326	136	129	155	150	obj_000320_000326.png
334	358	335	70	355	93	obj_000334_000358.png
364	366	497	67	502	100	obj_000364_000366.png
367	370	493	66	511	79	obj_000367_000370.png
379	386	487	57	510	64	obj_000379_000386.png
389	394	520	58	548	82	obj_000389_000394.png
396	397	537	65	576	102	obj_000396_000397.png
408	409	574	61	608	84	obj_000408_000409.png
412	422	632	46	657	75	obj_000412_000422.png
426	428	664	46	677	76	obj_000426_000428.png
468	470	667	58	688	73	obj_000468_000470.png
492	494	680	51	730	92	obj_000492_000494.png
514	518	739	52	757	74	obj_000514_000518.png
519	523	745	51	753	56	obj_000519_000523.png
526	530	115	250	153	254	obj_000526_000530.png
531	542	143	247	154	256	obj_000531_000542.png
543	556	141	233	169	239	obj_000543_000556.png
557	566	162	234	166	242	obj_000557_000566.png
574	577	217	243	245	252	obj_000574_000577.png
654	665	297	240	324	242	obj_000654_000665.png
674	677	316	238	331	250	obj_000674_000677.png
678	682	343	218	364	220	obj_000678_000682.png
683	701	357	212	370	223	obj_000683_000701.png
705	706	194	220	235	231	obj_000705_000706.png
708	717	113	191	138	201	obj_000708_000717.png
718	721	115	67	228	109	obj_000718_000721.png
735	737	206	64	215	74	obj_000735_000737.png
757	760	140	73	162	75	obj_000757_000760.png
762	765	139	70	150	79	obj_000762_000765.png
775	777	239	146	266	157	obj_000775_000777.png
794	798	159	168	192	175	obj_000794_000798.png
799	803	266	121	295	133	obj_000799_000803.png
804	805	225	113	247	116	obj_000804_000805.png
806	811	243	110	389	152	obj_000806_000811.png
812	813	365	159	391	166	obj_000812_000813.png
817	827	357	99	378	104	obj_000817_000827.png
829	831	349	100	367	111	obj_000829_000831.png
832	836	300	57	330	65	obj_000832_000836.png
839	842	321	63	520	200	obj_000839_000842.png
843	848	502	156	524	180	obj_000843_000848.png
852	863	522	196	537	219	obj_000852_000863.png
864	868	539	159	560	187	obj_000864_000868.png
872	883	540	148	558	162	obj_000872_000883.png
906	925	571	167	575	173	obj_000906_000925.png
926	929	587	153	614	177	obj_000926_000929.png
935	937	594	58	852	160	obj_000935_000937.png
938	944	849	55	893	84	obj_000938_000944.png
951	959	883	63	893	76	obj_000951_000959.png
960	961	915	58	928	80	obj_000960_000961.png
963	973	919	62	948	82	obj_000963_000973.png
983	992	937	50	970	78	obj_000983_000992.png
993	995	983	62	997	76	obj_000993_000995.png
996	998	1012	55	1025	74	obj_000996_000998.png
999	1005	1022	62	1047	99	obj_000999_001005.png
1009	1016	1056	61	1063	82	obj_001009_001016.png
1020	1023	1051	53	1054	57	obj_001020_001023.png
1024	1029	1052	51	1060	58	obj_001024_001029.png
1033	1039	919	67	939	87	obj_001033_001039.png
1040	1041	868	77	936	163	obj_001040_001041.png
1080	1082	892	123	923	156	obj_001080_001082.png
1092	1094	932	139	941	149	obj_001092_001094.png
1116	1119	972	121	981	139	obj_001116_001119.png
1131	1146	970	125	997	149	obj_001131_001146.png
1157	1167	970	146	993	150	obj_001157_001167.png
1183	1185	976	133	1042	170	obj_001183_001185.png
1187	1190	1069	138	1076	149	obj_001187_001190.png
1202	1210	1063	123	1074	133	obj_001202_001210.png
1211	1213	1089	134	1098	142	obj_001211_001213.png
1254	1265	1123	108	1156	165	obj_001254_001265.png
1266	1271	1146	153	1162	157	obj_001266_001271.png
1272	1277	1170	128	1191	149	obj_001272_001277.png
1280	1298	1196	132	1206	157	obj_001280_001298.png
1299	1300	1196	128	1202	133	obj_001299_001300.png
1301	1304	1192	127	1194	130	obj_001301_001304.png
1373	1379	1193	102	1226	138	obj_001373_001379.png
1381	1394	838	88	1153	158	obj_001381_001394.png
1395	1397	502	265	512	285	obj_001395_001397.png
1400	1405	503	283	510	317	obj_001400_001405.png
1406	1413	497	309	510	325	obj_001406_001413.png
1414	1415	511	321	524	341	obj_001414_001415.png
1419	1431	63	321	101	419	obj_001419_001431.png
1434	1438	61	345	91	376	obj_001434_001438.png
1440	1445	100	340	119	386	obj_001440_001445.png
1447	1456	117	344	130	380	obj_001447_001456.png
1458	1459	134	361	146	377	obj_001458_001459.png
1463	1465	143	364	177	396	obj_001463_001465.png
1466	1472	173	341	192	382	obj_001466_001472.png
1473	1475	202	349	238	379	obj_001473_001475.png
1476	1477	1028	73	1048	93	obj_001476_001477.png
1481	1483	122	72	1044	173	obj_001481_001483.png
1485	1489	122	181	135	236	obj_001485_001489.png
1499	1501	123	227	125	269	obj_001499_001501.png
1550	1551	118	280	134	294	obj_001550_001551.png
1601	1603	332	134	352	154	obj_001601_001603.png
1605	1622	339	132	347	156	obj_001605_001622.png
1626	1630	337	158	345	162	obj_001626_001630.png
1633	1637	334	157	344	167	obj_001633_001637.png
1638	1644	333	161	348	253	obj_001638_001644.png
1645	1647	345	252	347	269	obj_001645_001647.png
1648	1675	346	285	349	301	obj_001648_001675.png
1678	1682	346	293	358	312	obj_001678_001682.png
1683	1686	116	165	136	184	obj_001683_001686.png
1688	1693	126	165	275	218	obj_001688_001693.png
1695	1721	278	178	322	201	obj_001695_001721.png
1722	1723	305	188	321	197	obj_001722_001723.png
1725	1738	162	50	261	204	obj_001725_001738.png
1739	1742	257	63	275	76	obj_001739_001742.png
1743	1746	273	48	294	68	obj_001743_001746.png
1750	1754	279	50	292	63	obj_001750_001754.png
1759	1760	287	51	293	71	obj_001759_001760.png
1761	1773	292	48	307	75	obj_001761_001773.png
1775	1779	124	170	148	292	obj_001775_001779.png
1969	1972	129	179	211	208	obj_001969_001972.png
2012	2031	201	193	256	213	obj_002012_002031.png
2107	2111	244	184	324	215	obj_002107_002111.png
2112	2113	323	152	346	185	obj_002112_002113.png
2114	2116	131	78	346	245	obj_002114_002116.png
2121	2126	95	208	281	361	obj_002121_002126.png
2127	2129	273	366	282	369	obj_002127_002129.png
2196	2204	302	328	316	397	obj_002196_002204.png
2209	2221	243	202	264	222	obj_002209_002221.png
2223	2225	253	205	342	414	obj_002223_002225.png
2448	2457	316	314	329	340	obj_002448_002457.png
2459	2462	345	342	363	376	obj_002459_002462.png
2463	2469	369	340	381	381	obj_002463_002469.png
2470	2482	385	360	400	373	obj_002470_002482.png
2484	2488	385	358	398	376	obj_002484_002488.png
2508	2515	399	371	413	389	obj_002508_002515.png
2530	2546	244	199	262	219	obj_002530_002546.png
2556	2557	241	194	296	214	obj_002556_002557.png
2568	2569	274	204	442	371	obj_002568_002569.png
2580	2581	427	352	456	384	obj_002580_002581.png
2585	2601	457	354	469	377	obj_002585_002601.png
3000	3010	458	358	480	374	obj_003000_003010.png
3017	3023	482	353	494	372	obj_003017_003023.png
3024	3032	162	368	180	388	obj_003024_003032.png
3041	3051	165	370	183	378	obj_003041_003051.png
3053	3058	255	201	273	221	obj_003053_003058.png
3060	3066	265	199	512	376	obj_003060_003066.png
3072	3078	525	342	559	370	obj_003072_003078.png
3081	3086	542	350	562	372	obj_003081_003086.png
3091	3092	294	398	565	435	obj_003091_003092.png
3093	3094	261	216	276	239	obj_003093_003094.png
3095	3109	280	233	284	245	obj_003095_003109.png
3110	3113	412	448	432	473	obj_003110_003113.png
3116	3118	437	466	439	477	obj_003116_003118.png
3120	3121	332	137	352	157	obj_003120_003121.png
3122	3126	1	135	342	229	obj_003122_003126.png
3134	3149	592	302	645	390	obj_003134_003149.png
3167	3172	656	382	671	405	obj_003167_003172.png
3173	3179	641	291	653	304	obj_003173_003179.png
3280	3291	644	294	662	305	obj_003280_003291.png
3294	3332	657	331	678	368	obj_003294_003332.png
3414	3420	685	329	709	360	obj_003414_003420.png
3425	3438	717	347	722	365	obj_003425_003438.png
3474	3483	656	299	748	373	obj_003474_003483.png
3485	3490	743	355	762	368	obj_003485_003490.png
3493	3503	764	334	789	358	obj_003493_003503.png
3504	3505	787	338	802	357	obj_003504_003505.png
3506	3509	800	327	819	358	obj_003506_003509.png
3511	3514	836	318	876	352	obj_003511_003514.png
3519	3526	857	330	877	351	obj_003519_003526.png
3612	3619	625	350	818	422	obj_003612_003619.png
3652	3669	635	395	881	422	obj_003652_003669.png
3672	3677	731	423	743	450	obj_003672_003677.png
3679	3695	750	440	759	456	obj_003679_003695.png
3696	3703	204	52	300	225	obj_003696_003703.png
3724	3734	278	203	661	308	obj_003724_003734.png
3743	3753	650	276	678	412	obj_003743_003753.png
3785	3796	655	393	668	405	obj_003785_003796.png
3859	3914	591	348	699	406	obj_003859_003914.png
4033	4034	588	330	608	337	obj_004033_004034.png
4036	4038	131	552	144	563	obj_004036_004038.png
4044	4045	168	506	180	585	obj_004044_004045.png
4052	4066	182	585	203	604	obj_004052_004066.png
4068	4075	175	485	195	512	obj_004068_004075.png
4078	4079	210	525	232	560	obj_004078_004079.png
4109	4117	237	527	250	560	obj_004109_004117.png
4121	4123	254	542	279	571	obj_004121_004123.png
4126	4137	290	541	314	572	obj_004126_004137.png
4169	4178	319	537	359	563	obj_004169_004178.png
4181	4184	360	525	379	560	obj_004181_004184.png
4186	4189	392	539	401	543	obj_004186_004189.png
4190	4194	393	539	405	542	obj_004190_004194.png
4195	4197	392	521	439	551	obj_004195_004197.png
4200	4204	428	518	452	533	obj_004200_004204.png
4214	4220	449	513	522	562	obj_004214_004220.png
4228	4237	518	544	537	561	obj_004228_004237.png
4259	4260	538	514	598	552	obj_004259_004260.png
4261	4278	432	520	452	540	obj_004261_004278.png
4322	4325	433	519	442	530	obj_004322_004325.png
4326	4336	192	513	208	564	obj_004326_004336.png
4340	4344	593	507	620	554	obj_004340_004344.png
4345	4352	650	522	654	527	obj_004345_004352.png
4354	4357	638	513	687	543	obj_004354_004357.png
4361	4367	613	524	724	547	obj_004361_004367.png
4376	4378	841	481	860	558	obj_004376_004378.png
4380	4382	860	556	881	577	obj_004380_004382.png
4384	4397	864	460	882	479	obj_004384_004397.png
4429	4433	873	474	884	483	obj_004429_004433.png
4438	4447	1156	506	1166	529	obj_004438_004447.png
4449	4450	1163	512	1184	531	obj_004449_004450.png
4452	4461	873	501	917	530	obj_004452_004461.png
4462	4465	913	521	926	535	obj_004462_004465.png
4508	4538	923	516	941	541	obj_004508_004538.png
4542	4547	934	524	955	538	obj_004542_004547.png
4548	4560	950	510	958	528	obj_004548_004560.png
4571	4591	952	504	991	528	obj_004571_004591.png
4603	4609	1004	513	1015	516	obj_004603_004609.png
4610	4613	972	493	1049	524	obj_004610_004613.png
4618	4621	1047	497	1072	528	obj_004618_004621.png
4629	4654	1073	520	1077	536	obj_004629_004654.png
4702	4705	1083	512	1097	523	obj_004702_004705.png
4825	4837	1091	523	1102	548	obj_004825_004837.png
4840	4842	1097	520	1112	531	obj_004840_004842.png
4852	4863	1110	504	1141	522	obj_004852_004863.png
4913	4926	1134	494	1150	522	obj_004913_004926.png
4927	4929	865	496	889	531	obj_004927_004929.png
4932	4943	1137	492	1159	519	obj_004932_004943.png
4945	4951	818	514	832	519	obj_004945_004951.png
4956	4958	39	94	1226	812	obj_004956_004958.png
4962	4964	39	84	1226	802	obj_004962_004964.png
5000	5002	39	94	1226	812	obj_005000_005002.png
5004	5006	949	309	1105	338	obj_005004_005006.png
5012	5025	920	250	1114	422	obj_005012_005025.png
5041	5054	901	221	916	355	obj_005041_005054.png
5056	5062	896	182	913	204	obj_005056_005062.png
5166	5176	1029	235	1037	246	obj_005166_005176.png
5178	5183	1035	234	1042	259	obj_005178_005183.png
5185	5195	1132	408	1146	430	obj_005185_005195.png
5196	5201	940	286	1024	324	obj_005196_005201.png
5207	5211	1032	257	1101	328	obj_005207_005211.png
5213	5225	941	246	992	289	obj_005213_005225.png
5227	5228	1003	231	1008	235	obj_005227_005228.png
5229	5234	1009	225	1096	248	obj_005229_005234.png
5254	5257	1	280	4	314	obj_005254_005257.png
5259	5284	997	289	1104	332	obj_005259_005284.png
5292	5297	986	317	1103	378	obj_005292_005297.png
5303	5306	647	284	665	304	obj_005303_005306.png
5313	5318	645	294	669	306	obj_005313_005318.png
5320	5324	39	48	1226	766	obj_005320_005324.png
5328	5334	141	98	336	203	obj_005328_005334.png
5354	5388	309	101	336	183	obj_005354_005388.png
5606	5615	39	63	1226	781	obj_005606_005615.png
5616	5639	39	38	1226	756	obj_005616_005639.png
5640	5641	149	105	202	185	obj_005640_005641.png
5643	5675	169	101	288	203	obj_005643_005675.png
5680	5689	321	137	330	149	obj_005680_005689.png
5700	5703	39	238	1184	956	obj_005700_005703.png
