653082
766008
706929
762731
911893
730201
719399
799193
889291
895057
891828
972290
991311
770240
972456
832744
864640
615576
622354
705074
785402
695251
679813
817556
915960
858482
836885
982152
866597
834811
629766
677270
1253762
915460
693905
660746
663170
800503
524437
438984
625020
625069
439365
444244
965827
717290
635176
652203
704201
749493
780941
834163
860881
750243
616984
575935
765862
749355
589213
1422302
626842
737136
602063
533402
589294
937566
828568
701800
618817
672819
872628
659760
602949
661905
1043804
719016
699194
855648
877308
809220
792430
857368
852957
551815
460217
565055
578927
470784
479460
1098817
641798
637915
678447
798323
895613
867417
887470
926110
1080542
1007918
839054
758834
762246
697836
788717
635059
737843
886531
813916
800358
919724
1026129
924752
928335
940391
985855
949431
1080109
1006251
1500613
774986
777611
874878
1339758
958523
851943
1053513
1060979
671131
921408
957993
1043088
1060248
937819
1077021
1022297
1052009
954539
938370
1044062
1137781
1061648
1055545
1096363
1194739
1017408
979370
1002708
1112921
1132697
937271
1017014
1300221
913196
867520
949670
782126
626394
675921
885894
867526
710875
656852
801895
1755390
820277
614446
535673
524808
696954
506710
373513
564487
623429
596316
541025
590582
714117
540099
1581945
487987
605947
649692
720513
744860
681209
445406
488848
661758
617794
476333
503060
585825
607777
1010064
573792
734212
894176
583862
502947
505474
473731
586177
654616
670667
709502
842878
542682
601422
996736
873723
791331
787467
791898
811420
832641
927993
972485
902859
833641
819596
1011971
971677
759212
783535
857470
936617
767028
602454
644096
972925
609660
610037
525999
561875
808171
595429
550712
650110
1514101
508461
620237
642708
753616
630356
601833
780928
830553
599837
545028
708693
776391
755386
596542
905646
981228
1243637
890447
1277394
1456660
938849
1125145
916243
1062102
880466
698085
568305
677902
879913
863649
630128
703928
807029
649377
689267
865639
734426
808825
727581
994523
1261695
894712
1390919
952388
838451
625004
698937
682420
578354
612509
783913
792627
732595
848345
829695
850428
1156088
799829
561542
1467847
533773
588897
484506
451759
568091
626364
571773
617952
880048
1043668
884808
1129700
1038324
1188196
1772052
1117337
959551
917163
772747
868045
1167628
1089395
893030
767468
729501
860998
660435
628196
667764
1416730
821660
645635
566778
648428
952267
733127
629223
612315
703536
662429
649446
723210
776328
683513
1151064
727180
752566
594049
570595
749805
759065
525681
482080
676412
752684
681116
633467
754449
676508
1369730
530962
679492
1276930
827747
614421
548303
666566
941823
715782
643610
723487
772067
767369
698506
1092118
954578
833193
809048
904534
921209
746933
711740
854175
855499
775631
739195
890272
993500
751591
1029284
794555
760440
715686
720120
697203
863327
759834
575399
492732
565171
534656
343860
291225
378848
705670
385868
428456
638598
743288
614244
612384
624925
689155
672228
667540
680086
628862
582791
576212
1575719
727379
639507
711413
790097
779125
559731
491668
648613
1043176
731781
572482
473991
556637
657556
665155
575564
691412
871347
794421
716574
820111
895658
877640
1031867
1023508
979134
861637
702030
604966
1653104
806526
687908
781976
865985
666166
666791
787194
867867
726668
618766
751322
1081612
847606
699646
912822
743593
948753
732070
682351
756784
758279
670411
657885
713940
673814
643889
726336
883700
820070
761333
636565
698993
786497
744974
728767
838887
924924
841270
821006
868107
878572
847635
851602
784319
1501339
744679
669076
597335
679607
779021
641740
569113
678886
712391
615667
534638
667752
901192
711870
1303236
678716
912734
779930
701307
838154
977663
904737
869934
950082
929097
695956
613971
730442
735815
820040
644595
717924
1180848
772107
538206
402435
590826
817558
687537
641835
692079
656049
618376
555107
1000785
732713
621904
597116
644554
642602
462894
370767
623185
600611
540174
569585
737485
798848
684555
1024199
666745
680686
607579
576531
622179
842630
685830
511968
517965
655209
704901
615102
616737
696286
1378610
562476
564912
701087
866760
737167
734228
807493
804688
686232
721557
784188
719901
506536
468298
954346
610456
441164
399964
504380
636500
682060
750994
805479
1106045
896911
733495
725955
867519
951836
979069
764333
731721
769348
702614
591827
627924
875509
697735
715492
809611
875817
888968
924629
870486
970880
705766
696754
872121
827104
685576
654136
722780
791709
681514
589831
628598
963221
787909
614075
1413017
619911
809148
598645
549669
633283
769837
689991
666349
785885
971389
901272
932135
969807
875187
1908209
1485039
997553
834253
922981
970704
716167
670201
780031
864768
835256
818093
851745
698065
675303
1490738
772790
579716
562780
667280
743486
619678
543069
565007
704980
542432
501069
616629
718707
447673
754836
502259
518372
456280
525878
496895
568834
2070131
2181779
2097442
2481927
2257520
2434463
2070797
2508019
2223547
2417646
2262568
2189197
2566939
2328891
1947521
2051995
2444358
2175924
2521063
2305728
2374387
2096264
2456612
2115504
2409437
2180714
2373218
2437251
2002748
2725555
262906
192735
219839
292541
323128
337080
332137
265897
278266
327194
306698
241628
303913
347652
355559
323520
318603
357738
314903
236986
291863
334580
316874
327344
349261
353319
347924
340092
327471
302672
275900
229563
315818
344150
312010
288123
296507
303468
390260
366610
359519
359375
363770
374581
402378
379426
277363
366309
390704
394454
370300
305895
412703
417328
369343
446633
516606
568575
606144
619220
607513
579872
527722
297522
205204
485438
498655
544323
583455
547880
397573
416881
414601
462111
521871
558803
572540
597411
576930
335123
456973
529268
457552
441123
480576
480402
430731
453757
587638
606785
545856
445094
576374
614045
648522
543887
436296
410250
644963
467790
386306
530340
519252
516544
455468
384958
546556
540979
473925
655517
629812
617539
544291
552038
595252
585322
580685
446292
552697
600128
430010
618745
610369
616396
639895
589610
538560
391672
597209
615896
536786
468811
563282
591309
579188
604002
596889
634390
607738
587386
586710
531580
579875
631873
682343
695302
652244
459760
503236
629814
650214
690933
669252
697235
755075
790547
789337
767498
770754
678030
586818
479786
382473
313088
265466
233154
204273
163572
111660
53504
864
982
160
4250
846
697
0
320
574
3843
4819
512
6799
1760
456
128
128
0
31754
1191
465
813
1049
1745
7109
2803
4483
4947
9167
5015
5774
5512
3573
8944
3375
4769
4803
2881
3445
1518
2802
4492
7852
6476
4136
2096
2571
4582
17918
1559
1063
603
717
484
990
852
195
388
698
1070
358
1082
747
8649
1626
1011
1014
804
601
637
643
1127
929
801
1567
3037
2255
2755
23953
2274
1713
1353
1373
1469
781
577
553
1110
1020
985
579
769
1158
10265
1862
1200
926
678
500
22001
55598
77346
94228
114297
129539
135686
151325
174792
209856
224300
249218
267653
281910
296755
311280
315113
312256
306775
316989
343699
370399
399697
398626
400940
415310
418004
428962
438948
434122
430291
431344
369074
328063
335798
398010
414002
406075
409528
420704
335441
310650
386116
410374
395065
405985
389430
353639
345821
334849
326982
375441
388686
400551
430912
334808
395968
448628
439260
418516
393303
304854
288341
377921
391196
369308
335313
372679
365189
411066
419995
416212
395313
331629
353521
400401
414294
434859
451283
466143
473395
468181
423041
391684
428487
392979
413028
336837
275007
330017
443104
448255
438262
466724
415505
305737
341642
434800
443931
488556
468779
473197
456831
443291
448475
394622
323274
245703
339917
410780
436347
467025
467678
462171
471515
285217
321556
349817
420518
494112
517264
515632
506515
491088
482677
465444
447471
432824
414140
399650
369659
344041
323687
296843
271928
268408
260907
280883
290599
283590
259564
244663
230900
175174
240298
237803
224757
217084
178018
172019
143803
170729
209422
206893
202830
216694
224334
224870
194031
250977
102930
155114
175788
214672
243267
255714
261885
265815
264026
258895
249932
237056
225602
213136
214105
186328
169057
154608
137116
123938
114139
90134
110096
108323
98260
92749
93599
86930
92558
106392
91497
72838
82080
87684
88683
68756
74635
63063
53184
60610
66910
63517
74158
64700
94230
96611
95945
94774
90618
77435
85578
96756
106373
122334
139066
156057
176966
199344
220688
273239
251066
254816
254227
253971
236145
150308
175281
171887
158988
192441
223156
252163
277770
308085
350093
383999
423629
461012
501291
536523
563625
583201
584238
578643
566010
546412
508693
559099
595844
629889
623759
623626
627334
635735
636409
635037
629831
619425
616822
595456
587017
587690
586858
588335
595618
558793
545799
516080
455343
379407
323875
284980
262149
251776
264399
259403
264453
180553
214955
286655
170936
193357
220132
229451
218619
194138
190328
205505
220181
210895
152168
175985
168227
214270
248138
229491
157147
90883
139435
177917
194530
214725
209133
167570
231760
237564
246734
244814
230403
234447
251453
265249
259708
229960
215339
228879
249660
255043
235746
239909
261034
261940
232082
287268
341850
372018
406502
416955
401098
367173
404666
393566
336339
284320
359674
369474
371090
361695
339866
392022
323631
340266
382154
447350
515676
579020
609502
584103
612220
626853
604543
592645
592626
582285
553671
474008
520201
506253
505732
454035
416240
477996
478922
497743
517049
508422
458352
446755
373701
556120
333620
387854
334685
372271
452151
539145
568398
560797
536644
545777
558530
544548
494587
431678
378995
293135
240546
200702
194157
235527
259496
267052
269124
263850
251400
239866
253370
272628
281043
289116
249247
251218
249839
243383
224738
165208
192887
271849
290750
288813
278224
268971
262138
250086
250141
232305
239472
232926
227540
245773
250669
243415
213786
114275
35056
4251
2820
983
1850
89410
3587
339
442
904
867
292
463
834
7207
4823
1108
7786
5897
3465
13229
3802
3109
2319
1823
5489
472
709
356
3272
1990
1387
1728
1412
3269
10351
2400
4735
3077
2499
2318
1921
1371
2709
1417
2933
2616
3289
3958
4713
17296
5354
2449
2313
3458
2353
1610
1113
519
2478
1150
1907
1969
2005
2668
78981
1977
1104
1928
640
431
2466
887
1064
1722
4937
6792
2864
2778
3740
13626
2361
4973
7596
3948
4035
2378
2986
2003
1765
2626
3955
3253
3562
2214
6105
7056
20192
84218
164605
249111
325856
396735
448237
480646
515994
549010
583714
596180
609223
630470
621296
617855
585025
481126
474107
592000
608390
602702
583738
442316
504487
459242
479035
466833
603665
486988
400333
407775
437124
406661
315029
404130
384949
230546
235384
306922
381483
318375
284856
436222
323669
339942
208070
201925
304087
395714
411209
343732
341069
385776
439137
399018
364910
343470
427362
341438
413519
474762
540628
578494
586586
595291
599753
603001
602106
614803
625722
626364
624884
630965
593301
520577
354501
489555
516118
515584
518566
497331
446142
346667
353564
465794
524074
501108
593158
446532
507490
542595
580799
618264
660074
678985
642654
567104
484970
386979
296911
223937
205341
244773
257064
283836
318271
336714
346447
348066
304613
276748
296062
262883
254366
318671
318167
307570
306541
271253
203098
276123
262955
302097
332465
344809
361639
385870
408508
431258
445772
457729
465979
474891
456954
439104
411222
382084
373348
376504
397000
405520
411497
412108
408315
433784
442992
457522
591317
536810
616489
692568
763952
798349
798090
782599
773051
793300
792563
791586
815471
813367
810017
804381
763319
730089
686904
679517
481199
471077
577455
623760
641220
652977
652999
631089
612230
601328
598363
543243
448450
524851
608467
656865
672902
671039
660488
625645
517541
440534
430090
446488
391006
551690
541737
603352
646964
668112
691730
716426
734622
751170
757658
757136
756346
734151
700655
595565
718051
628387
650067
662037
670060
661406
644403
616004
593860
563497
524773
508248
526995
557623
577445
609646
590177
593526
590116
578120
561503
535424
526395
535558
555376
575971
576888
535913
472118
427273
408054
358389
332131
312593
326603
343169
356567
362903
354405
345771
342720
349145
332562
364957
381885
402200
367838
333506
295924
253624
217252
211006
260815
300573
326824
347159
356728
353667
326671
324510
466826
300463
328745
334166
302062
359345
370442
405270
419436
432167
445996
457328
461620
451409
433402
409930
337612
385206
383438
394877
374377
339010
294916
248971
209692
179326
160581
174710
183977
188269
343997
189697
189529
183430
178450
173931
169962
143635
149247
160800
167290
161527
152720
148803
149497
243651
160896
170624
321174
62881
19387
10734
6438
6683
5173
1582
1711
299
170
51299
138125
6262
249
785
0
1485
272
0
0
0
266
0
0
0
66
70359
4767
4283
19225
22493
3756
1588
2096
775
277
1065
155
531
0
10885
148762
2859
802
284
0
121
0
208
0
0
329
0
0
121
60
57469
3202
385
561
620
56
1399
907
125
569
2982
249
208
1716
124
1537
278
268
0
0
388
620
343
121
0
208
0
0
208
0
1066
233
60
208
0
143
208
620
335
895
674
173
457
2548
371
104154
1916
553
118
0
128
0
0
246
0
0
118
0
128
0
1045
311
610
0
430
0
128
0
0
246
0
0
1361
743
126
5176
1321
217
397
3432
609
242
0
128
0
0
370
0
0
242
1680
258
0
0
246
524
48
118
0
128
0
0
246
0
0
32758
1782
409
368
2359
322
191
2053
719
241
0
128
0
0
172
2401
126
530
0
128
0
0
252
0
0
124
0
128
0
0
1365
9
119
1434
450
0
501
2295
123
201
1743
374
124
0
128
1469
217
374
606
79
124
0
128
0
0
252
0
0
124
0
31784
1094
114
447
370
0
1198
720
126
572
3046
123
212
1695
123
1385
183
248
0
0
336
609
0
0
0
212
0
0
212
264
1263
374
0
212
0
0
212
609
100
780
665
126
458
2598
251
692
1779
280
172
0
212
0
0
212
0
0
0
0
212
0
10427
1226
573
0
338
0
212
0
0
212
0
0
1100
744
485
5758
1646
540
398
3292
531
295
0
212
0
0
453
0
0
241
1493
365
0
0
336
609
0
124
0
212
0
0
336
0
0
2844
675
79
458
2462
123
424
2665
414
241
0
212
0
0
276
26313
904
475
0
128
669
3299
2179
793
4495
16252
34708
288781
291874
321060
371885
274974
316537
318040
339982
313937
330733
341481
314722
308612
311855
332236
319268
307727
314926
373990
278163
291208
301252
330384
326539
334691
328328
328654
324937
339601
331932
257204
273590
293364
341959
246231
255808
252676
238022
178194
210235
248197
246928
253457
257577
245862
209295
215292
203820
365586
229748
249400
238998
183919
182514
201155
227465
229604
240965
205535
199330
217264
183083
213700
302501
245411
237003
233929
247440
251483
220083
246776
259161
256171
214395
213962
217230
257013
252479
345634
138227
216342
227116
223474
187237
229452
203870
236876
253206
240951
203351
244345
244387
253961
297734
248272
228306
221614
268540
261990
265270
266897
224200
225874
234812
251726
303452
325656
315220
360646
271585
248378
270852
265223
233795
235572
242645
178347
197207
212222
231234
257664
274030
282689
326300
295702
295064
299214
300943
305007
313268
320070
313337
305896
293860
325230
395887
411397
422868
563811
423176
418437
432818
432230
432810
443946
463325
479927
500459
531223
552726
580793
594161
590964
602639
475893
412171
392319
401312
423274
438887
416663
418795
402585
345965
311821
356043
354185
373260
411332
404159
430589
457014
479106
487593
492237
487501
471523
436328
391577
416410
431584
428601
406401
397323
299716
251154
237918
248439
256501
250445
239370
235574
231902
238265
261345
300745
366304
437674
643907
552637
582453
591545
593042
578291
553981
453170
558178
631242
638210
592146
485477
337804
191623
138588
15558
14332
12691
7922
6866
9465
7198
9652
6975
5673
7833
8461
5920
6974
57083
13790
9428
6505
7163
9690
9145
7292
7888
21941
22430
14090
18983
17118
19348
77668
18913
11851
10050
6604
8437
9092
14316
9822
8523
9514
6934
6712
4256
11242
176202
3026
2884
3202
2602
2906
3907
5846
5833
5759
6052
6786
14067
29901
85050
141506
22518
9356
9294
8099
4590
4039
2614
3414
1501
1887
1627
1044
1267
4103
58764
11298
7889
4363
2080
1663
1407
2666
2195
1661
1661
1661
1598
5867
5802
106538
24087
10043
8644
7946
5127
3112
4764
3706
4624
4263
3455
3907
3907
3759
185303
3120
2986
1795
1337
1700
1208
1298
1160
1160
1208
1190
1274
1160
1160
1912
906
1119
1665
2001
2700
2408
3231
1737
1014
2725
1288
823
747
1142
3885
972
1298
1451
767
1002
847
747
651
651
651
708
786
786
786
2376
827
1603
647
794
1580
1267
2239
1995
1682
6202
6679
3870
5085
71836
204767
139887
198932
199860
195836
205537
216694
222616
240257
241588
238541
236579
230035
224849
225177
264903
230727
239943
272331
302466
340376
365683
400861
442856
487799
521962
545856
571754
576592
547277
591013
493282
472211
430557
373029
318489
270488
236434
200526
179067
168833
156209
155165
159107
161076
202007
168339
178461
183815
201960
233713
276039
330438
392501
454179
506986
541852
555402
549937
521104
600525
366799
298106
252739
232511
217876
231122
205000
173580
149124
101898
46131
25582
14619
17247
81955
11570
13169
21455
17082
15261
13469
12352
11710
10680
9634
6994
5047
5895
11983
98910
22217
12223
14365
20926
10952
6740
6541
4849
7637
4629
2797
3186
2035
6276
61138
10447
9799
5069
6710
4413
5871
4647
4434
5029
5476
2634
6035
5509
4454
165041
5208
4989
12986
22111
11239
10416
14210
12669
4894
6435
5397
6278
4861
7245
68328
15112
9619
5564
6897
8903
8452
6112
3760
4109
1021
166
1147
1187
140
178811
7980
28241
107646
194830
232856
225227
200511
166937
144585
129095
104564
88445
100883
123916
166462
163505
169141
178291
196184
211600
221674
215668
257453
290859
319366
354234
390048
405126
397402
427536
385239
372318
352687
330666
314079
285316
250970
218457
205621
197733
174977
156055
179965
173694
213501
172179
177112
171202
168560
163139
163614
166485
170407
172862
171176
169249
163726
161896
161970
339679
169081
167428
158866
136723
92400
51227
37861
49827
44729
37916
37935
42366
37556
33287
54748
37134
37633
31808
33251
30134
34893
37127
35727
46086
46189
50402
56106
68817
85024
120443
128120
160065
196424
225570
240150
244070
242203
231699
223067
212741
204230
233178
188408
182761
217128
153027
134745
108657
138095
143067
139211
145060
141466
128486
127304
130769
134236
129022
128158
303804
128196
138653
139759
143663
148115
159431
172150
186328
197207
210448
222667
235360
244391
255745
283993
303527
339235
383472
428465
480384
524875
553604
555358
546262
526523
488464
445273
389306
335991
314923
230779
191946
159892
128786
113543
102446
97406
97697
99550
100194
95903
101027
105747
114910
125858
119359
109998
98377
98012
111070
120669
120339
119994
137251
161896
187013
209771
220337
230481
397795
209930
216411
197833
208487
196345
141848
195391
196378
185760
193186
169908
157413
133236
192091
220282
211399
225499
238555
247096
261750
282949
304191
317560
330958
333777
316352
305840
290629
265044
270380
232884
235467
258702
287058
324237
373367
432216
490490
540819
567233
568616
520242
421168
524358
538089
467156
484921
541659
577587
604489
622124
611539
604509
591678
585839
586310
566582
555501
550195
715135
535135
534882
619680
633626
636894
627291
593229
533407
496895
540775
572796
623683
650707
669572
698166
660591
652339
650626
641670
614611
434695
512702
572512
617682
654933
626032
519841
359143
204819
180703
126146
151411
208771
239103
186098
195152
192644
170445
159227
187824
168710
138312
142725
135072
159898
100421
88643
84354
80861
81205
54609
103661
107899
73374
87342
93623
101812
128367
168767
462019
320424
332897
312475
284815
250008
244494
274138
309465
352094
389170
420429
442948
428479
399698
377787
315436
289064
265290
257191
235869
253180
262281
249547
255555
272873
307374
343357
363143
378784
407650
404652
402704
397845
387906
366336
341286
296132
256926
255571
241434
237836
245143
246064
245092
282555
253773
254489
261656
267717
268926
271196
278029
288449
280245
267498
243518
218382
213978
211673
428192
238799
258229
275800
301153
319168
327480
317285
290031
265632
234414
233434
255215
256376
248389
287641
286066
301621
323908
336272
343680
344317
322690
306339
291989
279318
259648
278736
312463
332187
385607
406664
419165
400341
346178
335393
377673
393005
384350
313617
352783
377384
375359
342543
290561
378779
319235
341960
354594
366356
380365
397870
389011
366523
358400
359408
384604
392169
416869
421900
607812
435793
409663
433297
416911
399650
373029
366898
376810
385417
412084
419353
400941
307887
348745
425172
406821
337419
320913
369253
393520
402581
423260
424117
449671
479202
527623
575847
610635
613622
799795
537592
558545
597095
599213
578389
401209
504564
577149
570931
544451
562451
578304
581668
583096
575030
532423
495463
457083
420817
389413
375146
351927
327863
274072
319805
378451
400709
414047
437057
482746
491151
497155
486074
410909
424324
471218
471447
458760
427825
395179
347125
374855
379450
433919
421161
376808
433371
449716
466463
488874
522152
551955
583289
612321
633154
651336
679531
682166
668886
844331
549166
670227
687822
671665
631296
576732
511340
348730
319620
415444
434295
390564
486525
577185
646926
668799
700673
727261
726235
692698
607184
609490
672787
674856
475623
572635
656428
647980
704976
729166
693310
691315
697612
714350
743125
758588
757420
736046
722586
672329
440175
645623
717275
741752
757527
683148
687611
732784
738697
706817
678875
719112
747867
761583
763644
783944
796795
689895
688576
1074682
877075
891139
861211
811693
738403
677074
594850
692221
720721
732364
704198
677798
722164
732366
753064
615226
682822
740388
767663
780004
819938
843974
828868
806991
818544
843424
843871
806583
741015
726915
647090
640764
603569
574374
555548
548979
550129
526253
438709
551091
587326
594952
566772
523384
558947
554006
546327
501956
415899
505127
567659
586527
582600
576133
592079
639512
661309
668449
639947
788734
339719
129999
10874
7930
3916
10373
11142
8531
4924
1799
4040
6844
888
2151
26995
6969
3268
1245
3113
3637
2937
949
4640
2040
1083
2638
933
3305
1209
13442
4366
2738
2764
3058
1871
4161
4213
7107
1949
4581
4923
3650
1897
2506
19913
6869
3212
859
3377
2005
2041
1757
2251
889
129
1517
744
4434
15199
324260
49344
64852
73873
77601
78067
82809
92508
100222
109895
118859
121056
122428
122440
125187
149232
148730
166770
197559
231447
274222
327999
376996
435490
488268
528481
549168
563191
565272
560179
575806
535366
492075
440928
394343
340388
283066
236386
199979
190332
187542
172730
187574
238394
286397
324197
288125
248596
212048
204895
213824
214174
210034
203502
195404
186968
182394
178698
174030
164402
438633
107745
122630
155060
160360
158766
156960
146940
133278
122286
105207
80170
56581
39544
38862
56569
48459
59787
78584
92749
108323
128283
154103
167613
183176
186977
177439
167262
146106
159830
191910
197080
208350
208562
219470
245668
265489
273281
277132
282628
269709
265376
265391
259828
252032
252023
235195
217204
178397
192392
224110
269080
339089
400990
446393
472894
456585
364564
441269
432965
730037
511159
455078
288223
58446
2891
2253
2745
1050
563
677
263
943
1186
1986
11320
5030
3296
8522
26773
101963
198554
279909
333203
333241
310185
279327
246803
225863
209314
219294
188111
197560
184447
242354
283151
325566
374312
417656
440410
406903
345526
292838
264608
253438
255780
233192
204734
217641
219949
194069
198570
187713
101324
175813
201530
193785
156098
147812
106559
460503
94480
133808
131442
116419
123031
81905
114371
139080
151850
112951
81181
132969
139177
180820
215381
238981
278283
327743
374662
406255
442787
474462
509542
548209
556216
578557
584069
586913
582706
813872
530226
478730
439871
418779
421636
418560
398129
364878
333041
297429
258917
216060
177398
173446
251560
182502
184717
190512
189647
173305
174294
181962
170232
148617
121071
84609
55906
44167
49113
205718
56815
50314
58882
60312
50680
40540
39302
40555
40975
45991
52249
56913
65590
63394
148871
118721
176871
249421
287694
293038
280266
283699
254745
220108
188739
181963
198296
209805
232018
489132
291957
334915
355813
358304
327872
303563
276496
212142
248195
245952
229561
220358
211124
270555
408286
368005
393234
420059
423128
374746
314622
251372
207763
208271
245316
288576
326044
320423
344666
330890
70498
26361
18877
12359
17977
27815
34651
17590
26339
28185
23999
13977
9640
24494
125205
21994
15716
16810
13195
15024
15580
10440
14707
8022
7971
8243
8456
6189
9040
254260
5888
4247
3710
3068
5993
4624
4122
9225
15983
20255
12038
26999
24117
21876
118949
23496
15460
17244
10754
7344
10659
17619
13160
12082
13146
13600
7969
11554
10981
91824
21283
13848
16169
19468
11046
9091
9624
7417
10603
7833
8192
47462
34691
37704
127450
30585
24296
15657
18924
17314
16809
12298
9825
11590
9678
9893
11007
10825
11660
245455
5879
5116
5686
4201
3959
5927
5508
4238
4540
6373
9285
3464
4300
8087
117925
27874
18490
22131
26310
19042
18378
72746
52324
32567
18843
14685
21969
23554
34046
137011
21328
14608
16785
11382
11875
13970
11147
10530
7119
7959
5249
4084
5638
10454
81041
16891
15759
24921
32563
20928
15323
22450
17062
14579
10951
15616
15258
14990
25741
260285
8820
10039
11256
10775
9731
7561
8852
8792
9266
8551
5175
10253
14179
10804
73306
16440
11307
15023
10501
11430
28046
28855
16069
14185
18366
13460
9067
9852
11811
118632
39784
53531
69794
95622
120761
138943
150729
170943
169298
170304
188797
205542
195615
198311
269320
210796
193912
182636
194188
216290
223732
219907
151584
161825
208335
191396
121631
191575
211885
441283
162919
152290
201997
196559
198873
176775
170432
200919
200931
176319
104341
86887
97783
87649
227968
120355
113783
91367
124482
164968
203757
227472
233038
219584
196397
159031
135236
115865
104374
198007
133552
140793
147440
166209
177339
180974
182698
181641
178763
179642
186503
184373
187419
203200
280539
215666
223841
233577
238126
236370
244465
242780
225033
213918
189846
146782
164790
190464
214685
472221
214866
221444
236229
233900
232717
241001
243492
229518
262473
282250
289171
274937
186098
273833
362493
312264
282220
295203
321750
335912
335278
301092
187626
221084
351566
363008
353991
381671
376496
413654
326860
299336
285402
276066
256473
249632
237034
211314
236557
240834
228563
216278
146845
157447
268015
130522
194153
231449
236471
242588
254560
265272
275302
287384
278376
269403
282330
282612
287576
526487
306021
315110
319117
309077
275558
265577
258591
310671
303858
294916
270037
259329
252927
244547
270888
219564
242733
253812
262787
267902
266257
247973
216412
184991
184554
230199
249890
263708
266014
505421
244992
235302
227376
215025
214813
224935
216832
198930
155931
219130
219084
222625
220335
234134
314696
226300
225151
230858
225928
233234
243031
247766
265855
274038
307104
309255
308966
316679
322303
433498
311115
308488
313231
314483
299100
277024
271684
265909
269169
247611
222690
297897
315208
296302
376693
255452
179411
162702
201048
226378
235788
244903
254204
279330
273099
294608
290675
298348
272902
502469
265199
262545
272715
291886
304510
281682
192060
263583
282471
276632
195556
213928
227949
253892
366611
258720
232042
249271
174012
188652
230806
284948
333906
392764
447787
482784
498816
483242
454807
483513
351581
400406
403117
227988
392930
413846
431664
455571
467051
472092
471142
455416
446428
415849
425041
341917
306066
287741
266373
246961
241802
234659
220881
225984
240644
238960
241832
251380
221022
336984
10647
5358
19558
13719
10093
6838
7882
6770
9824
10502
5101
9795
10771
11193
69114
21152
16381
20038
15477
11382
23867
29529
22804
26548
26039
28358
16561
24686
22053
107872
30475
22984
24985
36965
20586
27557
22370
17091
11268
14419
10725
14062
10524
14943
75025
22793
16695
18501
15258
15454
9846
16586
15172
34460
40374
22332
22693
27779
25500
264511
12149
9069
10474
11905
7027
7553
12108
7480
6056
10010
7988
7621
7762
17631
83824
20285
20039
12126
14562
5422
5800
9412
7141
7810
9789
12198
17549
28338
26595
115066
35718
18731
16321
15771
15943
15180
12503
10992
13277
23967
16012
18156
11180
18197
77425
22545
15367
12327
13100
10283
11280
13145
14497
9808
10776
12076
11078
9653
16052
262496
13917
7109
9772
18068
15911
8348
7448
9232
8589
7685
12006
72364
54807
28678
121185
17156
14984
14258
8840
14580
18587
15102
13333
10243
14635
7037
10862
13547
16968
78255
17748
13691
21080
30755
48870
81241
98434
104227
108803
112610
118761
132439
153762
156449
260722
187380
197416
207445
216698
238563
258658
278242
277346
278683
272290
264206
248845
230302
212052
434433
175394
181691
195913
197913
191763
188774
186050
178375
178004
209879
225739
219635
220282
237123
345503
280598
294652
316259
322076
326288
320932
315761
349353
373626
378227
379491
376213
361106
362633
419103
351748
333357
307816
279495
257917
232255
204324
188921
183455
182343
179861
182705
199106
214924
299789
270853
311338
369915
423368
464607
483426
486075
463176
408204
333524
267696
206991
148519
104467
299778
19305
8938
5510
6513
6309
7924
6025
10573
6525
6873
7465
19647
20373
32305
139547
30657
19054
13410
12265
17588
13654
9785
8664
13503
12400
10737
13461
14546
12846
80437
19230
17258
15093
15594
9246
12210
12291
9615
8555
14775
18782
11860
10439
15334
122452
31400
21057
23354
25122
22264
21957
20825
13006
24649
16371
15725
18347
20307
26579
259218
13865
11231
12800
15271
23132
55473
85774
109478
119649
123784
124702
141695
153450
140143
127663
46098
22651
29022
43552
56477
70278
78291
82400
86758
87177
84427
76569
84753
85285
347593
90262
65488
76740
89801
115290
137653
151541
155253
138562
113496
84175
75960
88894
101726
135901
126703
150631
188130
233004
268671
306657
320397
361458
384125
385440
365866
337100
302611
256048
360888
203087
166075
147156
129713
118157
115430
127516
157216
193549
263922
338316
374461
333965
187656
94222
43876
34192
25062
36467
35038
29383
24296
58724
80353
75093
75190
55937
54924
47816
264853
12588
8197
11242
13035
10745
14969
14607
9392
10439
15495
15371
13331
10955
14529
74075
26854
24773
20992
21616
20173
22021
18566
18582
18311
16870
22318
26235
33356
31692
108242
47462
28386
25356
27324
29850
28855
24464
15894
26129
24247
21596
18872
22366
25311
87234
41413
31055
34311
29606
21187
20459
20155
21891
26554
25631
25615
20019
21740
25700
257516
14430
9531
16731
20688
12693
14797
13885
12927
21471
23763
17182
17229
19464
21966
90955
38172
34204
25056
20750
22696
24078
20609
15157
20555
21648
26997
40347
63204
95468
161573
137135
150587
175247
189174
194022
219190
225472
229743
238228
243045
243402
229808
214999
207803
264196
222485
224000
218772
207457
223087
226946
231045
233259
247647
256713
252676
242298
264013
291880
537280
323429
358083
400682
444492
498103
549662
584380
589767
592345
566832
559762
579595
586382
593881
656709
576862
538734
504190
462854
413075
367831
314199
287606
257414
257770
259102
253241
238089
220691
255819
167073
139400
116199
118306
128089
128296
139333
152909
166202
160271
117191
91420
122575
131395
166726
120232
90954
66852
47401
54919
55664
54792
55333
44409
37532
56462
61336
57602
69621
354330
134823
173842
190164
190799
197735
217012
240467
265016
279299
305894
332519
378352
399020
436071
535316
509829
521973
524110
513596
492018
461938
426522
397290
365396
331363
295665
265012
238011
219938
261492
189216
176171
175056
176034
176989
189857
212939
254422
295003
341755
371622
396974
416196
430980
492659
450271
424961
379408
289395
184303
117410
124169
131345
137732
133374
143295
150797
150387
149856
389411
124096
165895
131397
111949
84930
98282
114085
121343
121877
118689
107620
125537
128757
150343
222039
152040
155945
150913
142431
113721
102540
83897
104674
108712
111190
116393
120462
112828
124833
224842
159931
154744
150228
161347
170676
179516
180104
197522
202100
195411
156120
116788
103084
122968
210282
210745
216718
203872
186889
174552
185464
166471
153181
142165
136579
133088
137273
144952
155698
411848
168149
194490
235231
272231
307025
356929
382058
401437
398029
391969
372303
361560
346562
333190
336219
273924
239435
210231
192585
181313
142454
153782
163358
165381
135138
138367
147913
151441
165287
253618
239618
282455
319284
352697
405217
457590
487642
482169
510265
515662
493818
421377
472637
473940
494784
452444
493478
512142
497867
446223
371772
301575
256476
227729
209308
143511
178369
175322
149918
441022
178376
156625
145543
125189
82511
93412
112957
118101
117570
118355
148447
199437
254252
299185
320131
255883
300833
283223
261664
239252
223011
211838
202796
207862
232635
296843
412647
533818
643807
924024
810238
821430
867730
909303
932899
920539
866736
804283
729564
649680
592283
533823
531518
536864
630242
490841
418402
355257
265749
157009
61984
36432
26097
24165
36419
31491
40692
50644
44041
223618
67437
67172
83707
90370
56993
71405
60177
60007
45474
33529
29794
38882
35904
54959
201268
55054
44030
37689
31476
31209
34416
27758
33266
30590
22903
22781
38485
35381
42309
264867
9057
15873
11314
14344
19480
35076
51148
36650
38992
48859
38557
17038
19456
31267
188878
33895
28774
35386
32233
25889
24896
28047
27842
22435
23918
26231
30697
24728
27164
133400
40627
32271
27853
34580
32003
32763
41415
37375
50460
66785
48279
47272
55451
59179
184514
52844
39347
33257
33835
34778
34670
39315
31812
26274
41640
46208
35827
44374
50977
270976
25250
15301
15378
20792
16753
57879
80028
75074
78776
54519
34256
43112
56607
47939
185663
43956
41328
34228
41897
55105
60580
53155
52165
53917
42974
36564
52853
50306
46992
158247
56254
47850
41925
38890
46601
46373
42217
38015
42166
38477
41418
35054
42265
49607
182189
61531
46904
51812
52639
57303
44257
51575
45852
45421
40625
42857
40171
44325
50293
266850
48601
64048
67478
66242
69247
76909
74088
77581
84142
95457
95283
100833
119109
127021
222879
125637
79450
58597
77475
77276
96721
129398
133959
126508
119944
134852
143410
129578
107165
198689
40581
79033
79031
49238
50083
47001
39683
41123
46388
43018
39111
39091
45778
48065
147146
43135
48783
60441
48479
56610
65889
67793
55124
52928
56795
47662
41208
46142
51217
264672
29353
29212
62830
61740
49050
56276
55303
58351
47435
53127
64065
59522
48132
47665
149117
35864
26169
23674
22953
30231
34258
30676
58870
113368
144281
123505
100301
60887
52352
178919
53339
38737
40697
32414
33384
36669
40996
34030
32992
31248
30894
32030
32607
32206
142994
40582
35077
34239
28379
23503
23811
32799
35022
29120
28458
28477
46615
58385
47359
256769
25254
22475
16472
19999
16051
18675
20078
17422
23621
21820
24036
19675
23339
25815
135989
42372
33139
27111
27773
24392
24461
40808
51091
49444
31163
23454
24699
25192
30571
182443
81018
76617
76219
97911
82473
66561
69169
56522
54564
46490
40091
43962
35936
48426
152553
36484
31680
30049
27055
27492
36842
95618
70213
53694
52195
44281
35720
31985
51521
250071
22669
34732
43585
57409
41112
43969
49612
41510
40160
29152
34441
30390
32417
41518
184052
42893
40394
36945
32494
29303
38725
34135
25596
25986
20539
31019
29144
22677
24750
126905
38078
35154
26394
24541
30522
43819
58791
42972
40973
50658
43919
47987
43743
49832
173635
41269
31820
34212
32604
33501
29445
26552
31680
27341
25120
22229
22676
29320
35098
255386
28543
27671
34186
49605
65357
69783
72747
80048
91734
90944
71313
80350
80796
81461
175483
62894
45510
47946
43311
44832
45911
50142
50327
57091
57396
59366
60535
58008
55211
305043
65987
57922
49261
48598
42192
43612
45184
53925
60494
69056
84178
97389
107602
108236
203119
126210
117477
110815
105742
103825
101170
91868
78633
64905
65576
71573
81892
82254
94052
272038
110325
85307
105412
101457
93410
85681
85344
76668
74284
72899
73346
73935
77104
84488
215898
86301
82081
85250
98746
99985
90101
91072
91928
91215
90905
79290
74547
68242
79463
316199
80642
80960
77899
70646
75836
75014
72958
69710
61563
43994
56302
66125
68960
62347
138617
70556
73347
83314
103602
87565
88873
95141
85893
66989
74655
74624
78414
72274
79176
189515
82351
69614
73037
72999
75118
71372
69602
74804
74844
74195
79861
75829
79820
75391
152117
80043
79088
88707
79507
76597
96027
108003
100803
81756
85088
71016
90396
91919
99530
329948
60136
69261
101291
81566
83803
89476
92864
83603
84711
75949
76978
87065
88365
95147
162476
107003
104944
99816
98094
109392
104744
96855
84075
80033
112817
107810
116590
125923
118405
210189
102925
105527
113955
115719
115842
117036
123623
116181
100780
117225
128317
136068
131259
139984
224280
149462
106951
130509
160321
157450
159590
150853
128068
146432
152336
150578
168839
168537
168792
410158
167902
161956
146743
158050
161179
141993
144785
164886
193108
203230
198869
206271
207726
206334
257144
207414
200516
159141
172511
198254
194591
179958
204752
195516
191792
206785
219058
216892
271439
393632
317367
311181
297414
255107
289923
277905
256066
264215
252132
195301
199775
213437
199028
240840
332683
180302
138813
180375
215307
123290
202335
199660
118949
170643
185196
131794
180334
195359
183969
483856
233041
216961
184588
243551
235269
232125
226231
173369
207876
192690
196400
226796
209120
221467
357938
263814
261858
255961
217990
228903
207902
188784
217836
222228
154467
161699
182282
154684
145709
278842
190434
188431
132533
129246
132375
111827
129316
112281
109530
235855
255771
245387
234201
237634
341008
233332
214581
199140
208428
203283
202174
204072
186888
201660
207147
206293
198175
179290
166936
453306
191012
197633
198595
208345
205260
184400
200083
236537
248179
237619
206812
177510
232851
268902
341195
199969
250122
251939
249511
278822
260433
263653
227459
217543
186055
192593
171039
196859
200268
283576
258964
259993
272968
250928
237350
200322
212468
167332
237054
250192
251988
260476
288110
286592
394828
350443
290852
242869
313356
372893
344311
371156
366887
337872
228794
308421
304298
275612
319107
547007
291954
298131
241418
244131
268121
260129
235039
224119
227993
240918
233724
197214
123107
51199
173800
47695
41147
84286
85095
42382
37380
36927
33907
34299
33302
19250
24295
24868
28978
116116
34586
35752
23363
24668
14159
28587
24676
28110
25570
26898
27914
79676
58635
56620
140143
43127
32904
46497
50844
39280
48331
54077
50791
39283
37056
36968
45305
34887
35751
295788
7607
7005
3994
3940
3236
4774
3485
4498
3676
1078
523
2028
2493
7962
10090
941
1392
1201
586
351
2897
4082
241
1616
2298
930
216
1922
1246
286438
23158
23183
25109
31394
20703
24659
28202
26104
23788
19796
17916
22779
19177
28095
141675
32944
32621
26047
25128
30196
27879
23763
26951
45473
60724
38891
39091
53615
52639
204670
29495
20776
19104
32956
23236
27747
30784
28779
31688
34655
33362
31731
30737
34346
153648
39462
32487
52009
27704
15529
9693
13536
15425
9566
8714
18727
35881
52679
40994
275883
42875
13074
13581
16593
15367
15726
7355
5093
6910
13738
10379
9364
8781
19328
170873
17519
12964
11223
10718
10376
10745
13558
5079
3971
4234
5602
2779
2818
14850
197072
32156
18121
22936
33725
31877
14063
20489
17972
39660
26537
27260
30182
30544
36298
169485
41812
40988
39448
36651
39743
43843
38593
37885
37846
39783
39746
37233
38859
48830
255541
12585
12697
32081
68774
48633
58839
76629
84548
76452
88843
97853
115459
118259
148499
335744
145277
127894
127288
118764
111570
106168
121849
117136
117610
107916
94989
108084
107279
92688
243459
126336
118672
110178
98597
106103
133241
129046
114899
112185
134063
123392
112736
105126
109551
289572
151789
163338
175437
176647
157009
152058
172551
187128
155173
123374
158511
167040
161311
159275
394378
146329
152928
152443
157527
144432
90273
31954
34786
83107
94790
114197
95765
136575
140404
237678
117259
119100
66488
77662
77722
63599
82568
49899
59454
47024
41099
36560
34408
48315
188630
67118
27774
19219
19471
19965
18466
14352
18137
15647
18241
18655
33789
51582
41460
207302
31775
20938
20324
29135
23886
17341
12729
9131
11453
17406
13665
18337
26341
25122
272422
44600
50384
50360
50467
47746
43814
46111
46167
46174
45643
49238
43915
41723
57690
220859
68337
55665
59458
67557
67117
56579
57795
54465
54058
49785
49807
50852
60256
59253
189094
61801
50701
49776
64858
30617
27867
17473
11284
7884
11385
8672
13028
18542
24151
147471
19161
17192
35399
75867
93716
118730
112094
112771
70061
18234
11014
8427
5284
21486
266769
18345
14674
13281
15615
18349
16892
20621
18984
22537
20399
18699
18981
22241
25347
128875
33337
31966
30829
29949
33296
51364
70127
48018
46268
56075
53443
45106
46952
56471
200474
55235
43779
59268
50048
48016
46890
46462
46596
42146
41384
40036
38351
37950
42240
161672
49574
43538
43846
44748
48847
48491
51702
58552
72686
89533
74165
73790
80962
84972
288617
33666
30158
29592
23272
24768
23711
13369
6098
5548
4997
9806
9214
13092
12609
151371
27066
20075
25729
25552
23059
26827
26922
29569
32091
34024
49403
69883
69282
55450
211421
60815
52250
44151
42691
43281
64009
49623
48022
43996
48600
40304
34541
34643
47680
173711
47567
46506
49595
45485
43667
44921
44608
38877
37328
37883
39568
36711
37788
46824
272925
21894
12431
18203
26930
18363
8606
11230
8658
15851
10751
8136
13684
19757
24792
177408
20974
16900
16865
19701
20789
16664
7744
8738
23974
12844
11029
7793
5430
4810
259085
28325
90128
80773
76638
56083
50383
55221
52677
41556
38836
36463
37142
31358
49969
191416
42996
32724
27487
32230
38043
43965
61144
84767
116140
143219
163828
181689
200357
215458
378013
235918
245507
245359
246077
249326
263822
245658
257906
260682
245597
220477
232922
249335
274894
429080
254458
222545
247294
271322
272290
249377
135216
241573
266520
273078
281240
274388
261597
255119
464073
223570
209420
203554
197995
205972
215267
232047
250409
258594
204199
89645
45164
50562
49349
204737
43005
35305
39941
38077
29944
37826
48898
49400
44348
40079
36500
27979
30893
46652
176118
42551
36768
38692
36029
33457
43854
38867
29165
26929
36498
35807
50058
66856
60524
194290
54857
47829
33850
47765
41399
40598
32319
36200
38959
39630
46397
37695
36788
54101
266103
17229
14153
15581
11650
19730
24317
30205
21868
26645
25780
26384
22521
23510
44266
253416
158150
167709
183474
191356
194770
163965
130619
80831
48663
41991
39506
36151
40593
56198
182154
54898
61067
48007
37660
43576
45158
39716
32481
48119
44218
34617
39411
40046
40902
147415
39612
35054
52930
63160
50390
45883
49125
50092
33481
31930
41463
37866
33709
37274
267837
18886
26438
22017
19590
38636
29751
24045
20386
20469
16075
24533
32396
33314
31046
157719
41101
32626
30077
27132
37098
54087
67598
47589
45735
56076
52582
42026
42935
52721
200121
47689
33314
41456
39815
33222
35140
38568
36220
31156
35183
32892
38110
36536
28319
154098
48451
38381
36933
29604
31633
26116
27193
32686
47197
66548
44473
59953
63992
55378
268496
17896
9874
25688
18747
11548
19505
17161
19528
19083
11039
23195
23025
21683
27714
138720
34565
25884
25896
29752
25742
25231
29525
25186
25974
26198
33336
45633
59288
48618
196211
51637
42833
38439
44865
36053
40625
36425
20733
24990
41789
37749
31629
34410
44518
158842
50836
43057
35123
37296
37809
26446
27647
29849
22073
34611
36073
21344
35355
39889
268117
21201
26111
35724
42769
37825
30086
31698
28923
35700
30090
29199
28760
32504
38274
168774
45816
39862
35177
38078
38722
39862
39044
38546
37621
39391
34126
28863
36053
40519
141165
46667
44461
57267
71495
54124
51578
57558
56510
48192
48513
47379
48092
41519
51503
193702
49739
44908
40332
37744
43567
41692
46804
44975
46637
42535
46918
41091
34226
44857
257991
19623
20853
12235
17570
20794
40084
55102
35459
38531
44524
37445
36124
32946
42159
195582
46238
33890
33992
38319
35642
37238
37025
36966
34107
30891
33439
29563
27752
36490
157569
37202
37336
29884
37135
40051
27721
25381
39384
52947
75215
57471
54068
57528
60870
190542
51354
43921
43534
43197
35853
32510
35351
26987
23545
29636
31208
27503
25453
30399
255524
18428
24437
22913
25533
28209
28650
24170
16656
12044
24240
21582
28673
47747
44046
178029
40581
31094
21522
24333
14654
11287
6722
8388
12484
9364
27401
14629
13383
3197
256237
19125
17910
23074
18322
7776
6795
22224
16215
17552
23492
18468
11516
20233
29910
198718
69044
36327
44324
47162
50958
42975
49811
45058
42239
38545
32792
38530
51515
47833
187329
18430
21730
12396
12408
16967
18141
11353
10721
10085
11655
10589
8647
10682
14395
137645
13473
15418
42489
54156
26749
32221
94068
69529
47499
38675
50024
55207
49122
65163
275329
15780
14053
15218
18565
21309
9819
8584
14269
10755
4963
4984
4973
7923
11319
159892
13778
9870
7612
8071
10651
36564
53469
25677
23279
32875
28824
15904
15243
28766
207742
17815
11847
15445
17184
8169
9225
11205
23956
16900
12550
9401
15133
9027
15170
165632
23927
20987
20867
16101
18603
7140
11751
16783
33696
54028
32634
32969
39367
39711
270585
17869
12375
11466
6567
5560
5888
12449
21669
21323
15437
15141
14762
10077
16095
157370
15563
9722
14144
19685
16337
14730
15244
15692
6590
7328
10204
33648
54953
38662
203106
28547
17000
9199
15504
9043
15879
15484
14166
20417
36789
23968
16427
15676
28078
174953
20550
17396
15283
8425
8318
10108
11183
5642
4855
5805
9939
6464
8067
20929
274130
25464
17677
27083
40683
33275
17125
17290
14441
14858
9491
9583
12044
17741
25427
182877
19471
18523
18485
21679
20324
22408
15887
12005
13318
13766
4159
8955
6228
15723
142124
17498
16809
37019
52676
28615
30645
31029
28666
21385
19343
19684
13914
9013
23118
199184
23647
11655
20265
27367
30869
14096
11474
13437
14698
8988
9369
8301
10013
13273
256234
10800
11618
6547
6811
12713
37529
51141
27034
26880
33054
24471
17011
16546
27079
204467
18157
6098
10275
8972
5375
7783
8063
11305
7475
7072
9321
13119
13262
13918
159118
24155
21236
38304
23464
20327
16471
18149
20850
37203
52522
23387
19703
27844
38805
198368
25391
17739
14828
11794
13240
12056
23199
25275
27456
23170
18989
11818
9355
19410
261095
9081
7704
9484
11286
10752
13751
14112
15445
6089
6753
18401
46415
58160
46809
211996
30457
18211
10358
21885
16021
14599
9022
5469
7124
10597
6654
6806
7728
20054
176004
19719
8781
19337
16790
15128
13474
16753
7919
9613
10688
21547
22172
21545
21956
202537
34369
18630
24639
36408
24691
10349
16755
12385
12154
7166
4669
9084
14378
22993
263632
13204
12383
7975
10925
15298
13100
7886
7390
5777
6670
4059
3890
3165
12267
137010
13782
14522
30751
53032
29374
25157
34924
27270
13480
18861
19805
13805
7619
25619
199263
23544
8210
6742
13712
12634
9362
10048
11692
10626
6797
6411
6815
8151
14465
152263
22410
18675
15526
17758
16652
36179
51916
22955
23436
26872
20255
13137
19950
31130
273036
20479
19358
18479
19821
21269
18804
21196
29312
31925
22898
20549
16532
10102
22739
172337
20117
11923
10604
14667
21197
11622
11732
12124
38999
45891
27507
19483
22386
14191
276627
37240
35062
20780
13573
13837
27099
33169
29301
44850
50583
49201
16651
21374
38068
182003
22879
20823
33243
31457
27879
28601
23493
30310
14399
33668
38038
42884
60518
53716
208431
30501
19381
11369
20697
19339
25435
13968
10041
11433
13500
7445
8408
8996
20293
167656
41688
43553
26390
26271
27197
30425
34126
27683
17222
18792
17098
7357
5203
3165
