394287
394690
395095
395414
395804
396162
396421
396440
396558
396532
396198
395736
395190
394470
393866
393261
392461
391765
391107
390419
389860
389214
388707
388144
387772
387441
387276
387243
387148
387146
387112
387156
387227
387438
387481
387656
387818
387932
387962
388015
388057
388090
388105
388036
388011
387952
387863
387861
387920
388068
388214
388325
388430
388562
388851
389182
389660
390143
390365
390405
390232
389804
389425
388979
388619
388444
388234
387975
387629
387163
386635
386072
385658
385306
385089
384963
384962
384835
384782
384652
384582
384658
384728
384925
385121
385395
385609
385853
386100
386391
386774
387105
387448
387792
388098
388134
388043
387839
387777
387863
387983
388216
388464
388772
389093
389478
389716
390049
390338
390627
391059
391566
392174
392803
393549
394248
394937
395658
396315
396922
397686
398326
399101
400166
401061
402181
403044
403673
404246
404836
405422
405737
405906
405843
405494
404987
404444
403895
403374
402727
401996
401118
400231
399075
397703
395948
394033
391953
389980
388147
386764
385635
384915
384328
383723
383027
382351
381767
381138
380613
380121
379736
379458
379337
379626
380167
380627
381031
381428
381548
381629
381692
381600
381560
381354
381164
380895
380781
380709
380736
380980
380969
380957
380998
381060
380886
380764
380699
380904
381044
380869
381025
381110
380648
380386
380463
380274
379747
379559
379373
379009
378856
379145
379346
379173
378628
378688
378784
378355
378305
378687
378751
378272
378032
378095
378274
377956
377710
377727
377750
377729
377504
377411
377098
376815
376888
377328
377804
378411
378708
378927
379413
380066
380272
380189
380254
380415
380410
380377
380430
380751
380382
379803
379980
380091
379811
379502
378774
377960
377236
376488
375967
375330
374575
374050
373594
373180
372870
372968
372717
372177
371797
371399
370854
370733
370475
370093
369582
369059
368440
367992
367238
366567
366181
365680
364857
364157
363326
362280
361230
360439
359531
358652
357598
356793
355782
354861
354060
353676
353416
353256
353085
352786
352645
352505
352025
351726
351521
351269
351119
351388
351796
351986
352288
352629
352761
352672
352805
352945
352861
352952
353074
352856
352477
352407
352231
352063
352399
353355
356194
363156
365543
360461
354018
352592
352193
351643
351759
352588
353283
353890
354164
354113
353637
353270
352944
352358
351835
351375
351374
351421
351660
351775
351922
352160
352429
352615
352906
353100
352957
352761
352481
352270
352201
352073
351945
351859
351911
351972
351864
351921
351845
351729
351568
351293
351015
350749
350488
350336
350060
349709
349322
348884
348480
348008
347735
347435
347113
346655
346222
345811
345473
345219
344844
344593
344378
344386
344457
344595
344859
344993
345026
345015
345005
344773
344653
344408
344253
344190
344109
344084
344086
344148
344054
344206
344287
344350
344490
344625
344859
345054
345190
345299
345331
345367
345315
345225
345244
345319
345345
345445
345553
345841
346112
346513
346796
346905
346877
346743
346533
346272
346122
346060
346142
346224
346370
346443
346453
346718
346820
347044
347088
347121
348120
352861
362484
362609
355690
349762
349503
349785
349975
350567
351332
352048
352514
352778
352967
353268
353589
354056
354671
355267
355904
356340
356782
357011
357157
357064
356879
356556
356316
356091
355752
355488
355340
355592
355840
355775
355388
354946
354768
354671
354340
353983
353948
353990
354152
354334
354563
354939
355157
355106
355247
356753
357394
357689
357099
355946
354238
353617
352997
352379
352042
352082
352242
352398
352504
352819
353275
353528
353683
353821
353921
354181
354400
354652
354828
354963
354989
354738
354361
353982
353640
353397
353269
353272
353360
353695
353996
354217
353891
353254
352569
351907
351571
351447
351578
351620
351847
352090
352336
352669
352935
353241
353577
354028
354401
354794
355030
355242
355395
355540
355530
355534
355514
355441
355327
355016
354635
354192
353678
353062
352522
351958
351279
350595
350014
349729
349549
349570
349534
349601
349702
349662
349821
350013
350233
350426
350416
350224
349995
349745
349466
349447
349479
349582
349781
350024
350417
350816
352356
354842
357135
360192
363070
364833
365195
363098
358968
356504
355993
355996
356047
356021
355996
355977
356364
356677
356971
357226
357812
359452
360885
360797
358818
356613
357849
357814
356218
355435
355191
355093
355093
354938
354649
354315
353911
353457
353181
353028
353022
352974
352850
352604
352093
351474
350803
350371
350343
350686
351682
360902
366184
365657
363243
358862
353336
352931
352683
352235
352059
352120
352369
352989
353417
353869
354095
354321
354579
355054
355434
355768
355894
355668
355398
355055
354804
354524
354419
354403
354346
354393
354466
354491
354424
354241
354101
354211
354405
354571
354762
354526
354377
354247
357897
369830
376264
378178
379962
382657
384832
386507
345752
326293
332186
338170
339351
338062
331712
303753
217497
165258
136958
101084
102980
104086
104807
104994
104836
105022
105484
106284
106384
106510
107308
109511
112731
115749
116973
115914
114860
115260
115694
116577
119441
122876
124903
124599
124252
124174
123872
123242
122273
121770
123344
126084
128478
130514
131913
133336
134009
133530
132778
133097
134901
136334
137141
137796
137241
136529
135922
136470
137825
138757
139932
142287
144419
144641
145630
147369
149454
151533
150454
146380
144242
145190
152079
165927
181973
190970
196692
199552
201752
203190
203820
203340
202719
203045
204072
204623
205782
205375
204930
205148
205049
205747
207140
209037
211161
212748
212943
212085
211753
212020
211889
212193
213366
213995
213897
213418
213613
214139
214613
215158
217423
219130
219479
219408
218749
218520
219002
219302
220416
221242
221277
222047
221520
221991
223107
223073
223073
224689
226108
226734
227370
228166
228172
229665
230471
230902
231030
230887
230326
229880
229463
229517
229500
229580
229698
230126
231178
232561
232140
232371
233656
234081
234367
234762
235247
235043
234881
234200
233849
234404
235517
236923
238591
239541
239632
240221
240043
239984
239681
241284
241563
240298
238539
234363
224933
205520
176973
143181
112901
89164
71113
59253
48824
41880
28258
12639
5306
5306
5306
5306
5306
5306
5306
5306
5306
5306
5306
5306
5306
5306
5306
5306
5306
5306
5306
5263
5264
5264
5263
5263
5264
5277
5278
5270
5267
5250
5253
5253
5259
5262
5259
5259
5256
5256
5257
5261
5259
5260
5259
5248
5252
5252
5253
5254
5251
5262
5261
5261
5261
5262
5262
5263
5263
5263
5263
5262
5261
5261
5261
5262
5262
5263
5263
5263
5263
5264
5264
5264
5264
5264
5265
5264
5264
5266
5264
5291
5290
5289
5289
5289
5290
5290
5290
5290
5290
5290
5290
5290
5290
5290
5282
5283
5284
5283
5283
5283
7117
16319
23309
29363
33023
37504
41681
47212
53681
61725
70605
79692
88060
94820
100795
105607
107138
107461
107520
110295
118675
125843
133145
138222
138859
137235
137636
139134
141959
145877
148793
149411
148952
148408
148809
150172
153026
155233
156668
156774
156586
156550
157280
158695
158348
158868
159959
160182
160124
160366
160878
161749
162485
162893
163392
163225
161485
158875
156795
156504
157202
157448
156739
155480
154294
153742
153026
151876
150273
148644
146589
145226
146424
146521
146134
147735
150930
155496
161253
166560
171309
174815
176634
177490
177436
177416
177980
178202
178206
178624
179311
178655
174854
172358
171639
171480
171889
172622
173362
174091
175359
177029
178333
179541
180624
181059
180790
180659
181008
181516
182131
182926
183457
184005
184799
185069
185154
184973
184033
182041
178858
175033
171839
167536
161654
155080
148600
141301
133698
126380
119758
114309
110480
108893
107511
105506
104565
102325
97403
92575
88670
86062
85426
85624
86779
89258
90323
89880
89887
90448
90684
90973
91733
92395
92972
93712
94542
95326
95612
95608
95658
95838
95864
95628
95093
94287
92913
90934
88056
84313
79747
74638
69628
64758
59603
54110
49035
45267
43650
42781
43070
43074
41920
40486
39958
40183
40846
41266
41559
41705
41550
41538
41570
41413
41266
41363
41508
41563
41463
41392
41458
41520
41472
41336
41006
40502
39964
39608
39731
39950
40269
40578
41533
43559
47142
52284
58419
64653
70376
74565
77053
78645
79086
79478
79885
79842
79519
79609
79823
80375
81337
83930
88614
95072
103564
114135
125180
137285
148870
159808
170076
178334
184964
189666
192588
194460
195195
196180
196659
196790
195693
193880
191925
186731
179786
174176
167311
157952
148907
139365
134248
128308
124937
120417
114514
104698
92696
86604
90623
89865
88211
87514
87709
88667
90004
91212
91798
90966
89560
88518
88444
89172
90962
93407
94685
95051
95264
94771
94609
94802
94644
94380
94580
95427
97056
98246
98491
98442
98253
97987
97687
98114
98869
99125
99449
99041
97198
95898
95197
95305
97404
100463
102470
103048
103453
103832
104346
104629
104713
103476
100523
97121
96610
99565
109989
123282
135311
142015
146237
145163
142332
140425
139775
139394
138015
134905
129740
121676
113318
109096
110883
118773
131433
149560
170082
189694
205718
211480
211314
207721
204939
201871
202542
202692
200546
199163
197690
197192
196680
196621
197007
197848
198481
198841
199832
200569
200250
200103
200387
200743
200845
201208
201166
200857
200035
198223
196379
195165
193975
190702
177869
161525
139838
116310
97140
84736
79452
78877
79804
83511
89959
96806
100920
103148
104161
104552
104963
106790
109088
110475
110990
111785
112470
112969
113345
113045
112460
110580
107938
104827
101523
98305
95569
93634
91446
88743
83139
77742
74210
72929
70628
53035
32994
20361
17902
17900
17901
17901
17899
17864
17865
17865
17865
17865
17865
17865
17865
17865
17867
17867
17867
17867
17868
17867
17864
17863
17863
17862
17862
17862
17862
17862
17862
17866
17866
17866
17866
17866
17865
17862
17861
17861
17862
17862
17858
17859
17858
17858
17857
17857
17860
17860
17859
17857
17860
17861
17862
17862
17860
17860
17859
17859
17860
17860
17861
17862
17862
17863
17864
17839
17839
17839
17839
17840
17840
17839
17842
17841
17843
17847
17853
17854
17854
17851
17856
17858
17859
17860
17861
17861
17859
17858
17857
17857
17858
17857
17857
17858
17858
17856
17858
18334
31911
49599
69224
89679
107990
122514
139801
153190
162951
179480
187041
192747
197135
199095
200070
203473
203538
202105
201807
201113
199851
199058
198302
197787
198124
198328
198424
198054
197572
197571
197657
197873
198006
197907
197672
197746
197669
197566
197571
197663
197768
197806
198204
198301
198342
198256
198061
197950
197755
197655
197663
197751
197676
197778
197855
198037
198297
198638
198550
198751
198891
199668
200077
201157
202264
202095
202283
202535
201632
201525
201789
202481
202813
204625
205389
205485
205182
205135
205332
205684
205785
205810
205628
205551
205110
204967
204915
205081
204245
203862
203124
201463
192476
180290
166212
153005
143462
120498
97714
82914
78300
78671
83547
92103
102239
112739
123237
130030
134190
135754
135108
133745
133295
133711
134378
134592
134564
133724
133094
133271
133845
134203
134814
135638
136709
137975
139364
142782
145082
146142
147338
146908
143472
137414
129642
122581
117655
116495
116906
117801
118465
118558
115937
110278
105097
104091
107758
109378
115807
122992
135801
150664
163986
170322
175149
176887
186376
195922
198553
198487
206907
214008
215697
215871
220066
223675
226797
227305
227199
225260
221751
217796
214384
212118
209563
207218
205673
205503
203898
203848
205639
209932
215314
221262
225686
228654
229397
228995
228840
228633
228545
228680
228549
228050
228475
228377
227780
228021
227404
227454
227963
230512
231862
232727
235398
237760
238378
237232
234659
231369
226784
220699
213043
205858
199851
194393
190887
189205
188603
188270
188532
189172
188488
187696
187579
187831
188615
188961
188895
187545
187363
183831
177368
168121
154188
142199
131709
125145
123254
123893
125895
129115
132956
137080
140129
141717
142513
143093
143247
142432
139719
134463
125671
115312
106513
99379
94849
93832
96382
102888
111974
119678
127215
133805
137389
139013
139999
140580
140099
139919
140395
140880
141697
142374
142745
142827
143325
143234
143501
144498
145130
146504
147744
146665
143990
138995
130234
118892
109228
99541
90955
85413
83004
82461
82703
83226
83276
82493
82101
82332
83027
83587
83883
84184
83865
83080
82307
82362
82721
82668
82392
81647
80689
79461
76122
30386
30377
30375
30375
30379
30382
30378
30378
30379
30379
30380
30388
30460
30459
30459
30459
30459
30459
30459
30459
30459
30459
30459
30459
30459
30459
30459
30478
30481
30481
30492
30498
30493
30493
30494
30492
30491
30489
30489
30489
30489
30489
30558
30557
30557
30557
30557
30557
30557
30557
30557
30557
30557
30557
30557
30557
30557
30559
30559
30559
30559
30559
30559
30559
30560
30560
30560
30560
30560
30560
30560
30560
30561
30561
30561
30561
30561
30561
30561
30561
30561
30561
30561
30561
30561
30561
30561
30560
30561
30561
30561
30561
30561
30561
30561
30561
30561
30561
30561
30561
30561
30561
30559
30560
30560
30560
30560
30560
30560
30560
30560
30560
30560
30560
30560
30560
30560
30559
30559
30559
30559
30559
30559
30559
30559
30559
30559
30559
30559
30559
30560
30560
30564
30565
30565
30565
30562
30562
30562
30562
30562
30562
30562
30562
30562
30562
30562
30561
30561
30561
30561
30561
30561
30561
30561
30561
30561
30561
30561
30561
30561
30561
30561
30561
30561
30562
30563
30562
30562
30561
30561
30561
30561
30561
30561
30561
30561
30561
30561
30561
30561
30561
30561
30561
30561
30561
30561
30561
30561
30561
30561
30561
30562
30562
30562
30562
30562
30562
30562
30564
30564
30564
30562
30562
30562
30562
30562
30562
30562
30562
30562
30562
30562
30562
30562
30562
30562
30562
30562
30562
30562
30562
30561
30561
30561
30561
30561
30561
30561
30562
30562
30563
30564
30564
30564
30563
30563
30561
30561
30561
30561
30561
30561
30561
30561
30561
30561
30561
30561
30561
30561
30561
30561
30561
30561
30561
30561
30561
30561
30561
30561
30561
30562
30562
30562
30564
30564
30563
30561
30561
30561
30561
30561
30561
30561
30561
30561
30561
30561
30561
30561
30561
30560
30560
30560
30560
30560
30560
30560
30560
30560
30560
30560
30560
30560
30561
30561
30564
30564
30564
30564
30563
30563
30563
30563
30563
30563
30563
30563
30563
30563
30563
30561
30561
30561
30561
30561
30561
30561
30561
30561
30561
30561
30561
30561
30561
30561
30563
30563
30563
30563
30565
30565
30565
30563
30563
30563
30563
30563
30563
30563
30563
30559
30559
30560
30560
30560
30560
30560
30562
30561
30564
30569
30587
30608
30657
30741
30913
30936
31018
31120
35476
38531
46104
55279
58528
62213
65878
69361
72328
75645
80251
84976
88516
92452
96520
99591
101441
103453
105670
107574
108843
110307
111440
111498
111313
111179
111034
110657
109899
109459
109418
109629
109776
110152
110662
110198
109437
109415
109916
110706
110899
110618
110544
110633
110966
111202
110860
110040
109680
109546
110201
110526
110021
109463
109363
109867
110867
110906
110723
110137
109694
109562
110079
110832
110495
109836
109611
109835
110437
110561
110525
110592
110628
110575
110910
111454
111565
111226
110649
110180
109866
109495
109015
108677
108642
108051
107620
107471
107625
106977
106226
105128
105102
106401
106640
105854
105744
106431
107474
108615
109779
110850
111251
110430
110457
110703
110656
110189
110043
110051
110343
110476
110765
111203
111793
112149
112080
111440
110974
110026
109736
110077
110856
112733
114437
115718
115820
114742
115261
116375
117050
118168
120591
122885
124597
126193
127652
130292
131101
128484
125582
125169
121210
115338
113096
106972
105811
106767
108559
110941
115014
120959
128803
135686
141313
143143
143949
143526
143463
143942
144282
144339
144313
143990
143994
143523
143217
144267
145560
146560
147222
146020
142814
137777
129730
120088
110692
103642
99596
98024
97213
95977
95439
95394
94679
92981
93168
97590
106305
116740
129183
149707
171996
189104
201354
209387
213625
216361
215604
211315
200196
182736
150137
107940
68617
40197
39167
39162
39155
39162
39162
39163
39165
39166
39165
39165
39163
39164
39160
39160
39160
39155
39156
39158
39160
39159
39163
39161
39160
39161
39162
39161
39169
39165
39167
39169
39147
39143
39140
39136
39134
39135
39134
39142
39140
39139
39139
39137
39137
39136
39135
39122
39121
39121
39120
39118
39118
39115
39118
39119
39120
39120
39119
39125
39141
39313
39671
39675
39675
39681
39678
39679
39678
39678
39678
39678
39678
39677
39677
39673
39677
39732
39736
39741
39740
39741
39741
39741
39741
39741
39741
39741
39741
39741
39739
39741
39813
39823
39825
39830
39832
39833
39832
39833
39832
39833
39832
39833
39832
39833
39832
39937
39937
39938
39938
39938
39938
39938
39938
39938
39938
39938
39938
39938
39938
39938
39937
39937
39937
39938
39938
39938
39938
39938
39938
39938
39938
39938
39938
39938
39938
39938
39938
39938
39938
39938
39938
39938
39938
39938
39938
39938
39938
39938
39938
39938
39938
39938
39938
39938
39938
39938
39938
39938
39938
39938
39941
39939
39937
39935
39768
39394
59946
80321
88821
94702
100307
104604
107191
105669
103908
102341
100888
100331
100520
101312
103604
107195
112900
119909
127565
135938
143928
151096
160334
169990
177743
183318
184971
186613
184156
176766
165313
152371
139247
127626
115004
104470
95429
86964
79956
76003
74466
73780
74513
75735
76213
78095
82904
88370
96665
106830
116663
127202
141761
156953
168673
175294
172660
163891
147768
131393
118427
107345
99455
95749
93538
87587
78213
66635
52343
43996
40819
39353
39228
39215
39211
39286
39425
39581
39870
40026
40050
39927
39749
39635
39556
39430
39283
39173
39169
39159
39147
39143
39144
39150
39149
39148
39149
39150
39146
39145
39146
39146
39147
39149
39144
39145
39143
39143
39145
39145
39144
39143
39143
39143
39143
39142
39142
39141
39142
39137
39138
39146
39146
39146
39147
39148
39145
39139
39140
39141
39140
39136
39138
39137
39139
39137
39139
39139
39138
39136
39135
39131
39131
39134
39135
39135
39135
39134
39134
39171
39274
41098
50757
68372
82847
83831
77841
69278
63961
61143
60481
62186
64903
69462
73884
79170
83842
89334
95637
100828
106056
110751
115889
123438
130898
137551
142299
145578
147106
144929
141017
135891
130197
123342
114684
105484
98692
93404
88957
86258
85469
86129
87791
89215
89503
89038
88474
88551
88933
89398
89741
89639
89120
88503
87728
86694
86132
86345
86078
84356
81073
74317
61478
51748
48892
49795
49478
49533
49887
49059
48406
48196
48070
47951
47925
47860
47711
47679
47725
47861
48103
49000
49934
50870
52602
54337
55652
57240
60137
63991
69133
75822
82375
89985
99311
105892
105631
99987
96083
93777
91111
88141
85702
83425
81197
80086
79885
79963
80676
81595
82101
82423
82654
82519
82048
81323
80452
80044
78929
77981
76724
76093
76451
77106
78242
80849
85357
90232
94490
99183
103992
108980
113910
118310
123667
131010
140426
151820
163181
174629
184936
188686
185973
177704
166453
154371
139247
123854
110913
100888
88730
78394
70306
64916
63224
63693
65184
66753
68044
68797
68942
68829
68883
70260
71233
70562
68739
68623
68376
68069
67855
69351
71894
75776
81529
90374
98611
105132
109787
112185
112031
111179
109754
108293
107795
108158
109097
109743
110011
110560
111115
110774
110766
111407
112258
112772
113950
116335
119108
122421
125845
130391
134115
135882
135553
131431
123046
113154
104877
101681
103584
108344
115484
124336
135051
148735
166749
186092
202009
214839
222197
224187
221829
219415
217970
218744
220614
223336
226284
229231
230875
232735
232966
230589
223791
215602
209981
208390
212141
217375
221139
222011
220112
219255
218438
218309
217879
218684
219087
220250
221841
222574
221198
219302
218697
220872
223437
226813
231298
233961
233928
232725
231014
223109
201812
167955
124179
87954
70586
64513
62873
62271
63812
68644
72306
74114
75631
76955
77321
77245
77868
78242
78068
78036
78161
77856
77539
77797
78000
77727
77667
78053
78273
78281
78425
78633
78911
79741
83753
96060
112940
117346
112857
113025
116405
119888
125258
132051
137749
144875
148789
145293
137330
130226
122915
117776
116731
117958
120422
122542
122856
122478
122532
123849
128219
136634
145015
151590
154788
153970
150520
147375
143957
138983
133324
125654
119253
114326
110395
109251
111444
114504
117368
119989
122618
123445
123487
123315
123620
124051
123995
123345
120786
117892
114348
109393
104403
101382
101998
105583
111601
118650
126609
131870
132829
129417
124037
119615
118048
118233
119105
121036
123027
123816
124312
126121
128285
130035
131505
130396
126918
122194
119547
117648
117344
119235
122514
126730
133174
137325
142095
148443
152077
152237
151562
150388
148867
148512
148551
147435
147263
147787
148603
148976
149207
148731
147181
145215
143895
142816
140244
140734
141988
143648
148631
151994
153774
156942
158143
159059
156085
152026
145983
139382
137506
139125
141012
144464
149338
153467
155597
156078
155841
155287
154485
154085
154315
153858
153671
153495
153456
154294
156299
159537
164089
171164
179055
188410
198251
206901
212067
212465
209243
206180
205146
205234
206227
210029
211698
210414
207331
203339
197084
188962
178776
167769
158541
152895
148299
145450
143727
143011
143116
143451
144420
146070
147609
149682
152584
156558
161940
168249
173921
175868
175205
175796
174459
171605
169404
167902
167016
166538
163074
158741
156926
156524
158437
163600
169640
178401
187193
195957
205351
216006
223449
229977
235976
242668
248264
250699
246156
238076
226907
214888
204900
199338
198117
197494
197544
197656
198152
198727
200502
205417
215105
226866
238004
248809
256562
262890
263360
259340
256601
256717
256128
257535
259522
260110
260672
262082
263921
267346
272335
276855
281561
285471
289220
290145
289921
289627
288244
286578
285459
282427
280381
279565
277207
276025
276563
277805
278284
281419
285427
287278
287098
286524
287570
290828
285817
281018
278054
276727
277155
277512
278709
278722
276085
272375
270614
268385
265788
264828
264704
264831
266441
267112
269440
273859
278322
280414
280727
280408
281460
278975
272361
265500
257921
253284
247619
240656
235455
232117
231497
232300
233883
235333
236606
237184
235338
230882
223339
217525
213582
210350
208117
208477
210740
212054
213023
214740
220183
226506
232101
235428
236404
232301
226745
214158
178287
130597
72323
58974
58972
58969
58970
58968
58965
58960
58957
58957
58958
58956
58957
58958
58957
58955
58956
58956
58953
58953
58949
58950
58952
58949
58949
58947
58947
58946
58945
58941
58943
58944
58941
58941
58942
58943
58940
58940
58940
58942
58942
58947
58948
58945
58942
58937
58936
58937
58934
58934
58935
58935
58935
58935
58935
58935
58935
59375
60756
65612
70438
74068
76932
78628
79844
81869
85612
88776
90989
91542
91474
91332
92167
93576
96445
100753
106332
113359
123159
136307
150632
167795
183621
197156
208377
215362
216416
213471
208806
201352
192226
180135
164104
145936
133359
125115
114799
106061
101274
100614
104627
112151
123584
132343
134203
131785
126280
122905
122324
122916
122978
121884
120675
119584
117997
115682
112750
110757
109767
108857
108730
109226
108860
107168
105190
101941
98023
93160
87361
79935
72579
68111
66703
67441
69516
72129
75724
79611
82167
87309
93119
99592
103508
108452
113034
115368
115255
115605
116847
119134
122008
125284
127483
129712
132936
137606
141849
143988
144958
145429
144308
142159
138606
134817
129220
125021
123429
123670
124774
127820
133850
147814
168717
184657
195874
201352
199148
195013
187778
177565
159058
100261
60059
58922
58921
58920
58920
58920
58920
58920
58920
58920
58919
58933
58970
59027
59091
59097
60258
71139
90457
110116
128879
138802
134598
134000
134856
136057
136709
136575
136923
137655
138135
139373
142682
146343
154112
158688
153635
143399
134342
128861
125689
123937
125200
126482
127281
126838
125291
123575
122797
122795
122754
122770
123412
123683
123135
122730
122485
122383
122272
122134
121935
121657
121457
121369
121601
121484
121207
121153
121125
120963
120701
120965
122161
126838
134341
144797
158809
169453
177584
187875
199356
210363
217783
220975
221980
216480
207008
195759
183895
173959
167046
162876
159984
156023
149076
141884
133092
122973
113014
103819
99917
98625
98585
98512
99727
102419
106208
107367
105333
100233
92909
83235
73176
67371
66445
67142
66991
66825
67257
67949
68567
68792
69112
69425
69834
69936
69944
70544
71957
73118
73730
74610
76535
81668
94935
115733
133802
141077
138261
130413
123621
119044
116922
115111
113726
113844
117089
121192
124786
128830
130021
128599
125009
123315
123025
122390
121665
119261
115768
114106
115824
122804
134858
146174
153044
151461
144008
131253
119705
110412
105953
107032
114001
125189
134356
137364
100810
59043
58950
58953
58953
58956
58952
58951
58945
58936
58941
58938
58930
58926
58925
58923
58906
58905
58903
58899
58897
58894
58890
58886
58883
58884
58885
58883
58885
58885
58886
58902
58905
58904
58904
58904
58898
58896
58895
59114
58897
58896
58895
58882
58874
58871
58872
58867
58870
58871
58872
58870
58872
58877
58874
58870
58866
58868
58868
58870
58870
58853
58851
58847
58847
58847
58854
58858
58860
58859
58858
58860
58860
58864
58869
58872
58876
58877
58871
58872
58868
58866
58865
58866
58868
58875
58877
58879
58875
58877
58879
58872
58871
58872
58871
58869
58870
58867
58867
58867
58866
58864
58859
58859
58859
58863
58890
58890
58895
58894
58890
58890
58891
59127
59152
59175
59188
59199
59199
59209
59236
59382
59385
59381
59376
59372
59375
59373
59373
59377
59377
59378
59379
59378
59377
59379
59417
59427
59431
59441
59438
59443
59443
59450
59450
59450
59445
59441
59444
59446
59430
59545
59543
59544
59545
59549
59549
59549
59549
59549
59552
59550
59548
59547
59549
59547
59555
59551
59549
59542
59544
59542
59540
59543
59541
59534
59538
59536
59541
59540
59540
59580
62704
67768
73937
81327
88214
94479
100559
104663
106962
109629
113252
117443
120522
122353
123540
124653
125086
125481
126100
126947
128277
129603
129549
129521
129868
129899
129905
130226
130748
131030
131261
130851
129783
129104
128913
129148
129669
130312
130513
130578
130691
130668
130585
130649
130709
130591
130511
130567
130556
130295
129236
124892
117318
106839
95558
88389
84699
82513
81988
84559
90779
96273
100420
104160
108540
112622
115062
116830
118782
119923
120962
122283
124459
126651
129084
131027
132932
135106
137451
139135
140257
140434
140012
139216
138692
138720
138974
139147
139634
140511
141221
141767
142526
143187
143684
144431
145232
145750
146245
147947
151055
153523
153579
153562
154870
157855
159277
159937
161560
164223
166777
168210
168051
167586
168652
171219
171670
167457
159054
150437
143274
136931
130933
126594
124937
124911
125321
126118
128040
130069
130894
131273
131499
131368
131374
131512
131292
131247
132672
134982
137987
140996
143283
145601
147349
148003
148673
149585
150188
150539
152215
154214
155241
155997
156631
156718
155816
152480
147195
141374
136860
133245
130591
129767
130258
131377
133874
136980
139940
142823
145380
146507
146810
146945
146677
145992
144315
141526
138218
135083
133064
131276
130179
129312
127846
124659
121965
121208
121499
122868
124588
125819
127261
129399
131612
132588
133605
134736
135534
136576
138213
139628
141091
142956
145085
147803
150832
153762
156270
157935
158278
157407
156419
155530
154878
153833
152730
151833
150754
149957
149372
146182
141317
136659
132791
131332
131362
131237
130554
129909
130662
133000
137028
141500
143342
139888
134344
131537
131816
135213
140732
145021
147984
150826
153087
153814
153959
154084
153888
153393
153283
153414
153351
153394
153558
153725
153791
153661
153540
153527
153709
154098
156429
163982
174742
176358
172751
172442
174681
177462
179237
179861
180275
179900
179217
179880
180771
180224
180201
178816
175777
170934
164507
157279
149927
141360
133442
125976
120405
116120
114154
112556
113030
115815
120102
123937
120580
96943
64578
61569
61569
61573
61563
61567
61566
61568
61566
61567
61570
61566
61563
61566
61562
61571
61574
61576
61570
61569
61571
61572
61572
61571
61569
61565
61565
61561
61556
61560
61553
61542
61548
61542
61540
61545
61552
61555
61551
61552
61548
61554
61550
61552
61552
61553
61566
61570
61568
61571
61571
61574
61573
61571
61570
61570
61574
61573
61576
61571
61569
61580
61576
61578
61579
61578
61578
61581
61580
61581
61581
61580
61579
61580
61579
61582
61588
61583
61573
61573
61575
61576
61577
61580
61577
61576
61574
61575
61573
61574
61573
61576
61577
61575
61571
61570
61569
61572
61573
61570
61571
61573
61573
61576
61572
61576
61575
61574
61575
61572
61574
61574
61579
61580
61574
61583
61575
61577
61576
61577
61581
61629
61630
61628
61628
61626
61626
61627
61627
61625
61628
61625
61615
61291
61222
61203
61096
61091
61089
61085
61086
61082
61078
61075
61074
61072
61065
61063
61063
61065
61059
61024
61015
61019
61012
61011
65302
72910
77794
81414
83881
85724
88406
91878
95420
99090
103186
107087
110983
116383
122498
128613
135395
141720
144708
143434
138809
132949
126738
120931
117017
114980
114594
116025
118730
120770
121506
121872
122312
122544
123326
125147
127509
129029
130569
133292
136988
140918
144882
149675
154147
158671
162361
164859
166357
167348
167401
165641
163662
160567
156657
152830
147825
141937
135949
129947
123753
118357
112877
107348
102490
98415
97885
100779
105856
111962
120194
129903
141937
154908
166692
175337
176565
173360
161288
143671
128315
110071
90365
73441
64593
61679
61107
61099
61049
61003
61120
61308
61336
61169
61013
60907
60868
60868
60871
60872
60890
60888
60890
60892
60892
60896
60894
60894
60893
60892
60891
60894
60899
60937
60993
61005
60985
60983
60972
60959
60957
60971
60988
61003
61011
61019
61053
61113
61221
61350
61426
61505
61571
61616
61642
61617
61570
61476
61376
61291
61257
61403
61676
61908
62046
62166
62314
62476
62892
63846
65612
71507
80651
87773
92767
96442
98114
96656
91915
80705
66182
62938
62799
64284
66393
72071
77646
81692
83632
85299
86294
86885
86608
85505
83711
81445
80002
80045
80776
82022
85807
92741
96032
87435
79499
76390
76551
79589
84354
87770
90210
94740
102240
112942
125773
133976
143104
151588
153988
151972
146794
141726
132927
120790
111229
102824
95681
90392
86512
83037
81986
83245
87940
96857
108284
112638
116304
113177
73772
60923
60902
60892
60899
60898
60894
60892
60888
60881
60890
60863
60860
60853
60850
60851
60848
60836
60837
60841
60833
60844
60845
60848
60852
60853
60855
60857
60857
60856
60855
60857
60865
60865
60868
60865
60862
60863
60870
60862
60863
60865
60867
60869
60872
60866
60869
60851
60856
60857
60854
60850
60854
60856
60861
60861
60859
60856
60856
60856
60853
60854
60868
60860
60868
60863
60865
60864
60864
60864
60862
60864
60863
60863
60868
60863
60866
60863
60861
60861
60859
60858
60853
60856
60860
60859
60858
60860
60857
60853
60855
60858
60885
60882
60885
60878
60881
60876
60869
60865
60864
60866
60857
60855
65653
71087
75736
81347
88135
94156
99852
106433
112206
117850
124016
126494
126933
125999
125337
125058
125215
125736
126520
127502
128852
130066
130721
131213
132328
133886
135850
137957
140558
143200
144975
146199
148846
152716
158392
164922
174857
188111
202989
215933
225972
233636
238065
239602
238746
235714
231522
223372
214343
202512
191201
179703
166238
152473
140359
134177
131972
131322
130088
126508
119480
110227
100737
94312
90947
89679
89721
90219
90826
91024
90764
90576
81217
72418
69118
69516
70235
71251
72220
72715
72719
72654
72685
72664
72484
72581
73017
73281
73371
73681
74301
74732
75406
78493
87513
100486
111064
113662
114630
117552
120044
126446
135470
146085
156378
164594
173368
182706
191398
196313
197548
193955
189603
184626
177786
169285
159859
150987
142983
134855
125402
116939
110340
105466
101418
99245
99225
100037
102722
108096
115980
126738
137602
149829
159784
167708
171883
172097
169458
160380
147506
121299
95601
87676
88460
91441
92622
92764
93842
95950
97820
98913
99568
100029
100372
100815
100646
100273
100034
99829
99497
99393
99250
98874
98677
98498
98033
97378
96877
95332
92959
90167
87570
86036
85610
85897
86401
87241
89005
91494
92882
94268
95813
96950
98419
100199
102037
103921
106064
106951
108004
108056
106168
98273
84113
78579
78938
84056
95263
102819
104651
105212
103377
99801
98041
95675
92310
90079
90394
91239
92439
92309
93145
96502
102601
112101
123399
135408
146322
156584
163772
167297
167477
166662
164099
158724
151868
142567
131364
120108
111707
106418
104254
103783
104293
104886
106431
107462
107373
106999
106332
105638
105235
106642
111531
121159
136728
149775
162559
173176
185316
190216
189535
188662
189531
189067
189176
188975
188247
185397
179094
170606
155768
142934
129706
119087
112365
109504
109600
110033
109555
109193
108409
106949
104712
102326
100761
100268
99999
99250
98169
97202
96606
97915
102906
113483
127791
142971
147956
143378
137653
130564
122786
115534
109384
105602
105533
109472
117477
133102
156334
182555
208420
237120
259564
273026
275379
273764
266688
255707
245504
230234
215964
203195
189588
179944
174269
174540
170647
163757
145856
120369
89794
69443
62717
61737
61732
61722
61711
61706
61696
61692
61685
61647
61655
61665
61667
61653
61647
61642
61648
61651
61637
61633
61626
61622
61627
61622
61612
61600
61605
61595
61602
61601
61596
61598
61609
61597
61596
61594
61596
61605
61603
61564
61564
61562
61563
61566
61569
61558
61569
61559
61564
61577
61579
61582
61579
61580
61585
61579
61588
61574
61578
61566
61577
61569
61576
61571
61573
61573
61574
61578
61579
61586
61613
61661
61825
62153
62379
62452
62496
62507
62501
62479
62483
62665
62817
62866
62865
62806
62764
62790
62846
62863
62873
62850
62816
62756
62929
63260
64066
65715
64602
61966
61555
61556
61552
61551
61547
66556
74167
70492
62790
61544
61551
61549
61550
61556
61551
61553
61556
61560
61555
64222
66550
66676
66349
66763
66796
66633
66294
66126
65859
65752
65644
65363
64998
64931
64962
64813
64822
65013
65012
64787
64799
64843
64793
64821
64903
64863
64849
64845
64850
64843
64788
64728
64706
64671
64624
64559
64584
64745
65194
66039
67414
70163
73246
74492
75199
76398
77435
77939
79324
81601
83990
84692
83921
82322
79363
71002
64860
64144
66724
69455
74846
79775
84605
89473
89249
87674
84300
75746
63142
61562
61562
61573
61555
61562
61566
61565
61557
61559
61557
61555
61550
61550
61551
61548
61585
61587
61587
61579
61579
61590
61591
61591
61625
61650
61740
61982
62134
62221
62310
62500
62602
62715
62974
63398
63838
64267
65032
66211
66596
66199
65353
64265
62701
61750
61618
61624
61629
61624
61630
61622
61621
61616
64138
73713
81086
71899
61603
61599
61593
61593
61586
61588
61592
61583
61580
61579
61581
61577
61572
61570
61568
61567
61566
61565
61586
61585
61586
61583
61585
61581
61579
61583
61581
61582
61587
61587
61576
61573
61565
61579
61586
61588
61598
61592
61594
61594
61595
61591
61597
61597
61600
61596
61601
61598
61592
61585
61589
61583
61586
61585
61592
61891
66364
62226
61585
61576
61585
61572
61578
61881
67645
72246
73018
72279
70856
69303
68335
67812
66952
65486
64411
63478
62790
62140
61554
61554
61555
61550
61549
61549
61549
61240
61168
61136
61846
61889
61116
61119
61091
60978
60970
60962
60964
60945
60938
60933
60946
60930
60923
60930
60932
60932
60930
60931
60910
60914
60916
60909
60908
60905
60912
60905
60907
60905
60905
60904
60901
60902
60902
60898
60890
60898
60887
60900
60888
60891
60879
60875
60875
60871
60859
60853
60850
60849
60852
60851
60849
60843
60848
60851
60852
60856
60859
60854
60868
61121
61505
62010
62411
63150
64415
65391
66843
69477
72878
76486
78631
79557
79898
79986
79394
77753
76042
74172
71604
70641
70649
71233
71575
72148
72877
73247
73738
74621
75579
76575
77911
78795
78353
77319
76252
75050
73967
73086
72155
71459
71700
73084
75457
78561
81865
84804
87638
88881
89634
90804
92295
92043
91034
89362
86818
82773
79339
77757
77947
79096
80666
83079
86024
88210
89308
89090
87690
86250
85162
84189
83117
82129
81459
80805
80361
80108
79836
78783
77311
76974
78442
80377
82948
85691
86244
85546
85131
85018
84182
83371
82682
82604
82489
81994
80714
79323
78202
77770
77943
78641
79234
79410
79418
79435
79615
80028
80511
80721
80807
80944
81201
81433
81756
82106
82410
82761
83036
83155
82778
82149
81562
80902
80297
80072
80159
80701
81585
82477
83178
83609
83918
84485
84870
84868
84331
83522
82822
82583
83005
83611
83199
82041
81541
82251
83820
85615
86974
87234
86959
87083
87517
88126
88719
89013
89060
88410
87385
87015
87468
88053
88107
87045
85944
85797
86548
88327
90019
91266
92200
93102
93903
94376
94079
92726
91464
90724
90561
90731
91348
92687
94618
96136
96969
97224
96719
95275
94157
94610
96595
98333
98475
98008
98003
99033
101187
103435
104221
103245
101565
100594
100282
101091
103162
106021
108612
110077
110220
110003
109360
108377
107280
106368
106693
108589
110990
113109
114148
113889
113010
112558
112844
113639
114808
116656
119186
122121
124541
125526
124675
122821
121307
121103
122020
124389
126399
126593
126179
125952
125723
124928
125033
128588
134817
142085
148646
151409
150528
147633
143634
139549
137329
135147
133437
132865
132745
132966
133300
134101
134573
134522
134481
133924
133519
133586
134190
134642
134683
135015
135275
135338
135636
136010
135620
135184
135016
135105
134533
132589
129937
127144
125658
125706
126828
127327
126728
125875
126591
129672
133282
136806
139568
140999
140459
139255
138641
138461
138229
138051
137974
138206
138574
138874
138750
138560
138511
138752
138864
138717
138679
138713
138683
138664
138602
137947
136212
134552
133179
132631
133211
133580
133688
133740
133712
133508
133777
134038
133687
133145
132520
131787
131366
131085
131147
131315
131433
131538
131672
132061
132282
132272
132030
131919
132599
133535
134004
133816
133250
133101
133761
133975
133641
132040
131402
131573
131742
132128
132780
133419
133818
133214
132202
131625
131931
132889
134581
136226
136971
137512
138001
138401
138796
138691
138176
137953
138486
139143
139484
139063
138821
139196
139787
140208
140476
141532
143287
144815
146121
147366
147766
147638
147955
148068
147958
147775
147615
147726
147110
145325
142159
139249
137436
136053
134936
126748
108261
83121
64745
64768
64739
64739
64731
64692
64705
64720
64714
64712
64707
64716
64721
64713
64714
64711
64719
64715
64718
64716
64719
64718
64721
64719
64725
64727
64728
64727
64735
64980
65023
65044
65192
65199
65195
65208
65218
65217
65221
65222
65235
65236
65237
65249
65252
65255
65254
65433
65434
65435
65433
65434
65433
65433
65432
65427
65427
65427
65427
65425
65425
65429
65434
65434
65433
65432
65432
65431
65431
65431
65431
65432
65433
65433
65433
65433
65433
65450
65450
65454
65454
65452
65448
65447
65449
65451
65452
65452
65447
65450
65446
65456
65463
65468
65471
65471
65474
65477
65472
65475
65470
65466
65460
65454
65457
65463
65458
65466
65469
65466
65470
65468
65470
65471
65468
65469
65470
65475
65474
65476
65478
65472
65471
65465
65468
65472
65465
65463
65464
65463
65465
65467
65461
65458
65456
65455
65445
65461
65471
65473
65471
65463
65465
65461
65462
65461
65462
65464
65469
65466
65470
65471
65482
65482
65479
65477
65477
65477
65472
65471
65468
65468
65468
65470
65462
65463
65460
65461
65460
65456
65462
65465
65461
65463
65451
65450
65450
65449
65450
65453
65451
65454
65430
65427
65432
65432
65430
65435
65438
65436
65430
65430
65422
65424
65418
65420
65421
65452
65449
65447
65509
68854
73598
76000
76300
76520
78296
82288
87399
92571
97916
102965
106451
107142
105498
103832
102685
102095
102399
102975
103271
103288
103285
103083
102551
102236
102187
101928
101636
101487
101541
101539
101698
102012
102029
101911
101804
101615
101322
101085
101051
101111
101513
102265
104058
106840
109232
109964
109512
108606
107797
107354
107390
107695
108648
109126
108342
107250
105922
103056
98137
90173
71597
65935
65934
65925
65917
65934
65855
65832
65940
65847
65879
65959
65920
65917
65944
65921
65919
65933
65923
65928
65910
65921
65908
65910
65908
65927
65937
65918
65917
65916
65915
65911
65911
65914
65913
65927
65924
65917
65916
65914
65941
65936
65936
65937
65945
65944
65944
65945
65938
65937
65937
65936
65935
65950
65942
65935
65931
65932
65924
65935
65919
65928
65920
65927
65915
65923
65914
65920
65918
65926
65950
65960
65959
65962
65952
65960
65953
65952
65946
65953
65950
65956
65953
65958
65955
65964
65961
65967
65963
65949
65940
65933
65937
65941
65944
65946
65944
65942
65940
65939
65944
65939
65940
65938
66896
82927
87523
86392
75581
65913
65912
65911
65914
65915
65916
65936
65938
65936
65939
65936
65940
65936
65940
65941
65944
65943
65945
65946
65948
65949
65932
65934
65942
65934
65940
65934
65941
65938
65940
65940
65942
65936
65934
65935
65937
65933
65928
65932
65933
65939
65935
65932
65932
65929
65925
65925
65925
65923
65925
65926
65933
65936
65933
65935
65985
66639
67338
68214
68890
69085
69415
69762
69870
69979
70099
69921
69595
69201
68912
68549
67455
65898
65899
65902
65902
65904
65906
65910
65906
65909
65907
65908
65908
65913
65906
65917
65910
65916
65903
65901
65894
65886
65912
65909
65907
65946
65939
65942
65936
65938
65936
65937
65928
65927
65918
65918
65918
65915
65914
65916
65915
65909
65912
65911
65914
65914
65919
65921
65920
65922
65922
65926
65925
65925
65926
65959
65959
65953
65956
65959
65958
65960
65959
65961
65957
65956
65952
65949
65947
65943
65935
65933
65936
65934
65934
65945
65944
65943
65945
65943
65944
65943
65943
65945
65944
65893
65885
65559
65490
65451
65433
65424
65412
65402
65398
65393
65377
65375
65364
65355
65271
65252
65258
65245
65254
65253
65963
71968
79258
87064
94312
101201
107424
114170
119748
124930
129605
133446
136567
138683
139728
139818
139325
138950
138669
138660
139245
140213
141100
141944
142936
143805
144138
144442
144891
145808
146306
146260
145785
144706
142770
139994
136642
133507
130464
127575
125626
124082
122280
120377
117611
115873
116866
113099
90183
70654
65556
65562
65560
65563
65570
65569
65566
65570
65563
65562
65554
65550
65540
65544
65537
65536
65532
65530
65529
65514
65517
65516
65519
65520
65519
65525
65532
65535
65532
65535
65532
65536
65538
65540
65532
65533
65529
65532
65518
65524
65524
65530
65531
65537
65526
65515
65518
65522
65528
65571
65609
65635
65652
65674
65698
65682
65633
65576
65535
65534
65529
65535
65613
66924
75203
92529
104826
108269
104071
95734
83460
68447
65506
65503
65495
65497
65494
65494
65490
65506
65526
65536
65536
65537
65537
65542
65530
65531
65540
65545
65544
65546
65540
65545
65532
65535
65535
65531
65541
65528
65533
65532
65528
65523
65524
65532
65527
65533
65532
65548
65551
65553
65549
65546
65524
65530
65525
65521
65529
65535
65529
65536
65531
65536
65554
65562
65568
65573
65570
65579
65557
65558
65562
65553
65560
65555
65559
65553
65557
65562
65567
65561
65554
65557
65554
65555
65557
65559
65563
65556
65556
65554
65551
65552
65577
65578
65572
65572
65566
65568
65562
65560
65560
65554
65547
65548
65539
65538
65536
65537
65528
65529
65528
65530
65533
65533
65538
65534
65533
65539
65533
65536
65528
65539
65532
65540
65536
65541
65548
65547
65555
65556
65553
65558
65555
65561
65570
65557
65548
65531
65531
65533
65530
65517
65532
65521
65527
65521
65528
65523
65527
65524
65536
65543
65544
65546
65542
65544
65540
65549
65548
65547
65539
65544
65541
65544
65540
65545
65543
65574
65578
65571
65570
65567
65564
65562
65561
65555
65564
65556
65561
65552
65552
65552
65532
65546
65547
65547
65546
65547
65548
65551
65544
65548
65542
65544
65543
65540
65540
65534
65537
65530
65532
65533
65535
65535
65539
65541
65535
65540
65532
65528
65526
65524
65518
65510
65523
65520
65520
65514
65519
65517
65524
65528
65531
65534
65536
65534
65537
65574
65578
65572
65573
65567
65571
65573
65569
65568
65560
65562
65556
65556
65552
65549
65546
65543
65546
65546
65547
65542
65540
65534
65540
65536
65535
65534
65530
65529
65520
65539
65538
65535
65537
65540
65545
65537
65536
65529
65538
65548
65549
65551
65551
65550
65546
65536
65541
65536
65536
65531
65541
65544
65550
65547
65547
65545
65545
65543
65540
65560
65562
65563
65564
65569
65558
65565
65555
65554
65551
65554
65550
65555
65547
65546
65537
65534
65535
65535
65538
65536
65535
65537
65539
65534
65533
65537
65537
65545
65544
65542
65542
65542
65542
65539
65540
65541
65545
65540
65542
65541
65545
65543
65535
65538
65561
65556
65561
65570
65573
65569
65578
65578
65588
65581
65583
65580
65589
65580
65580
65593
65599
65600
65594
65594
65599
65597
65590
65591
65590
65588
65585
65586
65584
65583
65570
65568
65572
65564
65560
65553
65567
65847
65904
65909
65909
65929
65933
65952
65969
66145
66146
66147
66153
66158
66158
66163
66166
66165
66168
66163
66163
66164
66161
66159
66183
66188
66191
66190
66189
66189
66188
66188
66186
66187
66191
66196
66197
66193
66187
66235
66241
66247
66249
66247
66247
66241
66238
66232
66235
66244
66246
66246
66244
66241
66287
66286
66281
66277
66281
66284
66284
66283
66288
66286
66271
66271
66268
66272
66270
66293
66294
66299
66302
66301
66296
66296
66291
66303
66298
66290
66292
66289
66290
66291
66311
66317
66314
66310
66319
66324
66327
66324
66327
66325
66323
66328
66327
66325
66323
66327
66325
66322
66326
66320
66320
66320
66320
66324
66317
66309
66308
66304
66304
66299
66296
66299
66305
66311
66312
66313
66314
66316
66312
66310
66307
66309
66307
66305
66303
66354
66351
66346
66345
66335
66321
66317
66312
66314
66311
66310
66309
66315
66313
66316
66325
66327
66322
66320
66314
66310
66313
66317
66315
66315
66318
66316
66313
66312
66314
66308
66305
66305
66310
66304
66307
66306
66301
66299
66298
66307
66300
66298
66298
66293
66309
66307
66308
66307
66307
66314
66315
66321
66318
66314
66318
66317
66318
66325
66325
66309
66312
66315
66312
66310
66312
66305
66305
66303
66298
66298
66300
66300
66304
66307
66310
66320
66319
66319
66321
66319
66316
66318
66318
66318
66315
66318
66321
66320
66318
66304
66310
66313
66301
66305
66313
66308
66308
66311
66312
66306
66295
66295
66303
66302
66297
66295
66303
66304
66302
66302
66306
66305
66294
66299
66307
66300
66297
66298
66295
66306
66305
66311
66313
66316
66312
66309
66303
66296
66293
66293
66293
66292
66289
66297
66301
66305
66300
66299
66295
66294
66292
66295
66296
66294
66298
66298
66296
66298
66299
66307
66305
66309
66302
66297
66295
66304
66307
66305
66303
66308
66312
66311
66311
66308
66291
66295
66296
66293
66295
66303
66295
66292
66291
66292
66288
66288
66290
66287
66282
66290
66295
66296
66297
66295
66295
66294
66292
66292
66292
66293
66291
66292
66292
66291
66317
66313
66316
66317
66303
66289
66284
66285
66280
66277
66277
66283
66286
66287
66281
66308
66311
66311
66312
66308
66303
66305
66306
66307
66303
66301
66302
66300
66301
66300
66305
66303
66300
66296
66293
66304
66304
66308
66308
66310
66309
66307
66302
66302
66303
66328
66327
66330
66331
66331
66325
66324
66321
66315
66306
66316
66312
66311
66309
66310
66319
66323
66315
66315
66309
66310
66308
66306
66303
66308
66307
66295
66295
66303
66302
66369
66376
66376
66374
66373
66368
66367
66356
66347
66345
66342
66338
66329
66328
66320
66330
66324
66326
66323
66323
66323
66326
66329
66329
66330
66325
66331
66323
66323
66324
66306
66307
66309
66304
66302
66304
66306
66300
66299
66294
66292
66290
66289
66289
66289
66314
66309
66309
66307
66299
66300
66300
66296
66296
66297
66295
66300
66299
66300
66300
