0
0
1
1
1
1
1
2
2
2
2
2
2
2
2
2
2
2
2
2
2
2
2
2
2
2
2
2
3
3
3
3
3
4
4
4
4
4
4
2
2
2
2
5
5
1
5
5
5
5
2
6
6
6
6
6
6
6
6
6
6
6
6
6
6
6
2
6
6
6
6
2
7
7
7
7
7
7
7
7
6
8
8
9
9
9
9
9
9
9
9
9
10
10
10
11
11
11
11
11
9
11
9
12
9
12
12
12
12
12
13
13
13
12
12
12
12
12
12
12
12
12
12
12
12
12
12
12
12
12
12
12
14
14
9
9
9
9
15
15
15
15
15
15
15
15
15
15
15
15
15
15
15
15
15
15
15
12
16
16
16
16
16
16
17
17
17
17
17
17
17
17
17
17
18
18
18
18
19
19
19
19
19
19
19
19
19
19
19
20
20
20
20
17
17
21
21
21
21
21
21
17
22
22
22
23
23
23
23
23
23
23
23
24
24
24
24
24
24
24
24
24
24
24
24
24
24
24
24
24
24
25
25
25
25
25
25
26
26
26
26
26
26
26
27
27
27
27
27
28
28
28
28
28
28
28
28
28
28
28
28
29
29
29
29
29
29
30
30
30
30
30
30
31
31
31
31
31
31
