0
1
2
3
4
5
6
7
8
9
10
11
12
13
14
15
16
17
18
19
20
21
22
23
24
25
26
27
28
29
30
31
32
33
34
35
36
37
38
39
40
41
42
43
44
45
46
47
48
49
50
51
52
53
54
55
56
57
58
59
60
61
62
63
64
65
66
67
68
69
70
71
72
73
74
75
76
77
78
79
80
81
82
83
84
85
86
87
88
89
90
91
92
93
94
95
96
97
98
108
109
110
111
112
113
114
115
116
117
118
119
120
121
122
123
124
125
126
127
128
129
130
131
132
133
134
145
146
147
148
149
150
151
152
153
156
157
158
161
162
194
195
196
197
198
199
238
249
250
251
252
253
254
255
256
276
277
278
279
280
281
282
283
284
444
445
600
601
602
603
624
654
696
697
720
818
819
820
821
822
865
904
905
906
907
908
909
910
911
912
913
914
915
916
964
966
967
968
969
970
971
972
973
1009
1010
1011
1012
1013
1020
1021
1022
1023
1024
1025
1026
1027
1039
1103
1104
1105
1106
1110
1111
1112
1113
1114
1115
1116
1117
1118
1119
1120
1121
1122
1143
1144
1145
1146
1147
1202
1203
1206
1281
1282
1283
1284
1285
1286
1287
1288
1289
1290
1291
1292
1293
1294
1295
1296
1297
1366
1367
1368
1376
1377
1378
1379
1380
1381
1382
1383
1384
1385
1386
1387
1388
1389
1390
1401
1443
1444
1445
1446
1476
1477
1506
1507
1508
1525
1629
1630
1631
1642
1643
1644
1645
1646
1647
1648
1649
1650
1651
1652
1653
1654
1655
1684
1695
1696
1719
1778
1779
1780
1781
1782
1783
1784
1785
1786
1787
1788
1789
1790
1791
1792
1796
1797
1798
1799
1800
1817
1818
1819
1863
1864
1865
1866
1867
1868
1869
1885
1886
1887
1931
1932
1933
1934
2014
2016
2017
2084
2085
2086
2087
2088
2093
2094
2095
2096
2097
2098
2099
2119
2120
2121
2122
2123
2124
2125
2126
2127
2128
2129
2130
2131
2132
2133
2134
2135
2136
2137
2138
2139
2140
2141
2142
2143
2144
2145
2146
2147
2148
2149
2150
2151
2152
2153
2154
2155
2156
2157
2158
2159
2160
2161
2162
2163
2164
2165
2166
2167
2168
2169
2170
2171
2172
2173
2174
2175
2176
2177
2178
2179
2180
2181
2182
2183
2184
2185
2186
2187
2188
2189
2190
2197
2198
2199
2447
2448
2449
2450
2491
2492
2493
2494
2495
2496
2497
2498
2499
2500
2501
2502
2503
2504
2505
2506
2507
2508
2509
2510
2511
2512
2513
2514
2515
2575
2593
2594
2595
2596
2597
2598
2599
2600
2601
2610
2611
2613
2614
2615
2616
2617
2618
2686
2687
2688
2689
2690
2735
2768
2770
2776
2778
2815
2828
2832
2833
2834
2836
2837
2838
2839
2840
2841
2842
2843
2860
2861
2862
2863
2864
2865
2866
2867
2868
2869
2870
2871
2872
2873
2874
2875
2876
2877
2878
2929
2930
2931
2932
2933
2934
2935
2936
2937
2938
2939
2940
2941
2942
2945
2954
2955
2956
2960
2961
2962
2963
2964
2965
2966
2967
2968
2969
2970
2971
2972
2973
2974
2975
2976
2977
2978
2979
2980
2981
2982
2983
2984
2985
2986
2987
2988
2989
2990
2991
2992
2993
2994
2995
2996
2997
2998
2999
3000
3001
3002
3003
3004
3005
3023
3024
3025
3026
3086
3087
3088
3089
3090
3091
3092
3093
3094
3095
3103
3104
3105
3106
3107
3108
3109
3110
3111
3112
3113
3114
3115
3116
3117
3118
3119
3120
3121
3122
3123
3169
3170
3171
3187
3188
3189
3190
3191
3192
3193
3194
3320
3321
3322
3323
3324
3336
3420
3493
3494
3495
3496
3497
3518
3519
3520
3521
3522
3537
3538
3539
3540
3541
3542
3543
3544
3545
3546
3547
3548
3549
3550
3551
3552
3553
3554
3555
3556
3618
3620
3628
3629
3630
3631
3632
3633
3634
3635
3636
3637
3638
3639
3640
3641
3642
3643
3644
3645
3693
3694
3696
3741
3742
3743
3744
3745
3746
3747
3748
3749
3750
3751
3810
3811
3812
3813
3814
3815
3816
3817
3818
3819
3820
3821
3822
3823
3824
3825
3826
3827
3828
3829
3830
3831
3832
3833
3834
3835
3836
3837
3838
3839
3840
3841
3842
3843
3844
3845
3846
3847
3848
3849
3850
3851
3852
3853
3854
3855
3856
3857
3858
3859
3860
3861
3862
3863
3864
3865
3866
3867
3868
3869
3870
3871
3872
3873
3874
3875
3876
3877
3878
3879
3880
3881
3882
3883
3884
3885
3886
3887
3888
3889
3890
3891
3892
3893
3894
3895
3896
3927
3970
3971
3972
4069
4136
4137
4138
4139
4140
4141
4142
4143
4144
4145
4146
4147
4148
4272
4273
4274
4402
4403
4404
4405
4470
4471
4472
4473
4500
4574
4722
4723
4724
4725
4726
4727
4728
4729
4730
4731
4732
4733
4759
4760
4761
4762
4771
4785
4786
4787
4788
4789
4790
4791
4792
4841
4860
4891
4892
4948
4949
4950
4951
4952
4953
4985
4986
4987
4988
4989
4990
5028
5029
5030
5062
5063
5075
5147
5148
5149
5150
5151
5152
5153
5154
5155
5156
5157
5158
5159
5160
5161
5162
5163
5164
5165
5166
5167
5168
5169
5170
5171
5172
5173
5174
5175
5209
5210
5211
5212
5213
5214
5215
5216
5217
5218
5352
5379
5394
5395
5396
5397
5398
5399
5400
5401
5402
5403
5404
5405
5406
5407
5408
5409
5410
5411
5412
5413
5414
5415
5416
5417
5418
5419
5420
5421
5422
5423
5424
5425
5426
5427
5428
5429
5430
5431
5468
5478
5479
5480
5481
5482
5483
5484
5493
5494
5495
5496
5497
5498
5499
5500
5534
5535
5536
5537
5538
5539
5540
5541
5542
5543
5544
5545
5546
5547
5548
5549
5550
5551
5617
5618
5619
5620
5621
5622
5663
5664
5665
5714
5715
5716
5717
5725
5740
5743
5744
5761
5762
5763
5764
5765
5766
5767
5948
5949
5950
5951
5952
5953
5954
5955
5956
5957
5958
5959
5960
5961
5962
5963
5964
5965
5966
5967
5968
5969
5970
5971
5972
5973
5974
5975
5976
5977
5978
5979
5980
5981
5982
5983
5984
5985
5986
5987
5988
5989
5990
5991
5992
5993
5994
5995
5996
5997
5998
5999
6000
6001
6002
6003
6004
6005
6006
6007
6008
6009
6010
6011
6012
6013
6014
6015
6016
6017
6018
6019
6020
6021
6022
6023
6024
6025
6026
6027
6028
6029
6030
6031
6032
6033
6034
6071
6072
6165
6166
6167
6168
6169
6170
6171
6172
6173
6174
6175
6176
6177
6178
6179
6224
6225
6259
6260
6261
6262
6272
6273
6341
6342
6343
6344
6345
6346
6347
6422
6428
6429
6430
6431
6432
6433
6434
6435
6436
6437
6438
6439
6440
6441
6442
6443
6444
6445
6446
6447
6448
6449
6450
6451
6452
6453
6479
6480
6481
6482
6483
6484
6485
6486
6559
6591
6592
6600
6625
6626
6627
6653
6670
6671
6672
6673
6674
6675
6676
6677
6678
6679
6680
6681
6709
6710
6711
6840
6841
6844
6896
6897
6898
7038
7039
7040
7041
7042
7043
7044
7045
7105
7234
7235
7236
7237
7238
7239
7240
7241
7242
7243
7244
7245
7246
7247
7248
7249
7250
7251
7252
7253
7254
7255
7256
7257
7258
7259
7260
7261
7262
7263
7264
7265
7266
7267
7268
7269
7270
7271
7272
7273
7274
7275
7276
7277
7278
7279
7280
7281
7282
7283
7284
7285
7286
7287
7288
7289
7290
7291
7292
7293
7294
7331
7332
7333
7343
7344
7346
7347
7348
7349
7361
7369
7370
7371
7372
7373
7374
7375
7433
7434
7435
7557
7562
7604
7605
7606
7607
7608
7609
7681
7682
7683
7684
7685
7686
7857
7858
7859
7860
7932
7933
7934
7982
7983
7984
7985
7986
7987
7988
7989
7990
7991
7992
7993
7994
7995
7996
7997
7998
7999
8000
8001
8002
8003
8004
8005
8006
8007
8008
8009
8010
8038
8039
8040
8041
8042
8049
8050
8051
8052
8053
8054
8055
8056
8057
8058
8064
8065
8066
8067
8068
8069
8070
8071
8072
8073
8074
8075
8076
8077
8078
8079
8080
8081
8082
8083
8122
8123
8124
8125
8126
8127
8128
8129
8130
8131
8132
8133
8134
8135
8136
8137
8138
8227
8228
8229
8230
8231
8232
8233
8234
8235
8426
8511
8512
8513
8514
8515
8516
8517
8518
8519
8520
8521
8522
8523
8524
8575
8576
8577
8578
8579
8580
8581
8582
8583
8584
8590
8591
8592
8593
8594
8595
8596
8597
8598
8615
8616
8617
8720
8746
8747
8782
8787
8790
8791
8792
8793
8794
8795
8796
8797
8798
8809
8810
8811
8858
8876
8877
8913
8921
9061
9062
9113
9114
9286
9287
9288
9296
9312
9313
9314
9315
9316
9317
9318
9319
9320
9379
9391
9392
9406
9407
9408
9409
9410
9411
9412
9413
9414
9415
9416
9434
9435
9436
9437
9438
9439
9440
9441
9442
9443
9444
9445
9446
9447
9448
9449
9450
9451
9452
9453
9454
9455
9456
9457
9458
9459
9460
9461
9462
9463
9464
9465
9466
9467
9468
9469
9470
9471
9472
9473
9474
9475
9476
9477
9478
9479
9480
9481
9482
9483
9484
9485
9486
9487
9532
9533
9534
9535
9536
9537
9538
9539
9540
9541
9542
9543
9544
9545
9546
9547
9548
9549
9550
9551
9552
9553
9561
9562
9563
9564
9565
9566
9574
9576
9577
9578
9579
9780
9781
9782
9783
9784
9785
9786
9787
9834
9835
9836
9840
9844
9845
9846
9847
9848
9849
9862
9863
9864
9865
9866
9867
9868
9869
9870
9871
9872
9876
9877
9878
9879
9880
9881
9882
9883
9884
9885
9886
9887
9888
9889
9890
9891
9892
9893
9894
9895
9896
9897
9943
9944
9945
9946
9969
9970
10080
10081
10082
10097
10098
10099
10100
10101
10102
10103
10167
10216
10329
10330
10331
10332
10333
10334
10335
10336
10337
10338
10339
10340
10392
10407
10408
10467
10468
10469
10470
10471
10472
10537
10538
10539
10540
10542
10543
10544
10545
10546
10568
10569
10570
10571
10615
10616
10617
10618
10619
10620
10621
10622
10623
10624
10625
10626
10687
10762
10763
10764
10813
10814
10815
10816
10817
10818
10819
10820
10821
10822
10834
10835
10836
10837
10838
10839
10889
10890
10891
10892
10893
10894
10895
10896
10897
10898
10899
10900
10901
10902
10903
10904
10905
10906
10907
10908
10909
10910
10911
10912
10950
10951
10978
10979
10980
10981
10982
10983
10984
10985
10986
10987
10993
11034
11043
11044
11045
11046
11047
11048
11049
11128
11147
11148
11149
11152
11186
11187
11222
11223
11224
11225
11226
11227
11228
11229
11230
11274
11334
11335
11374
11421
11422
11423
11424
11425
11426
11427
11428
11429
11430
11431
11502
11503
11504
11505
11541
11542
11560
11561
11562
11563
11726
11727
11832
11833
11834
11889
11890
11891
11905
11915
11916
11917
11918
11919
11920
11923
11924
11925
11933
11934
11935
11936
11937
11938
11939
11940
11941
11942
11943
11944
11945
11946
11947
12064
12065
12066
12067
12094
12239
12262
12263
12264
12266
12267
12272
12294
12295
12296
12297
12298
12299
12300
12301
12304
12305
12342
12343
12344
12345
12346
12347
12348
12349
12350
12351
12352
12353
12354
12355
12356
12406
12407
12408
12409
12410
12411
12412
12413
12414
12415
12437
12438
12439
12440
12441
12442
12576
12577
12580
12600
12601
12602
12603
12604
12605
12606
12607
12608
12609
12610
12619
12620
12621
12622
12623
12624
12625
12626
12627
12628
12629
12630
12639
12713
12714
12715
12716
12717
12718
12719
12720
12823
12838
12839
12840
12841
12842
12998
12999
13000
13001
13002
13035
13307
13308
13368
13369
13370
13371
13372
13373
13374
13375
13376
13377
13378
13379
13550
13551
13552
13553
13554
13555
13556
13557
13558
13559
13560
13561
13562
13563
13564
13565
13566
13567
13568
13569
13570
13571
13572
13573
13574
13575
13576
13577
13578
13611
13612
13613
13709
13710
13711
13712
13713
13714
13715
13716
13717
13718
13719
13720
13721
13722
13723
13724
13725
13726
13727
13728
13729
13730
13731
13732
13733
13734
13735
13736
13737
13738
13739
13740
13741
13742
13743
13744
13745
13746
13747
13748
13749
13750
13751
13752
13753
13754
13755
13756
13757
13758
13759
13760
13761
13762
13763
13764
13765
13766
13767
13768
13769
13770
13771
13772
13773
13774
13775
13776
13777
13778
13779
13780
13781
13782
13783
13784
13785
13786
13815
13816
13817
13818
13819
13820
13821
13822
13824
13832
13833
13834
13835
13836
13837
13838
13839
13840
13851
13852
13853
13854
13855
13878
13879
13880
13881
13882
13883
13884
13885
13895
13896
13897
13898
13899
13900
13901
13902
13903
13904
13905
13906
13907
13908
13909
13910
13911
13912
13945
13946
13977
13978
13979
13980
13981
13982
13983
13991
13992
13993
13994
13995
13996
13997
13998
13999
14000
14001
14002
14003
14004
14005
14006
14007
14008
14015
14016
14017
14018
14019
14020
14021
14107
14108
14109
14110
14264
14270
14297
14298
14299
14300
14368
14382
14383
14384
14385
14388
14393
14401
14402
14403
14404
14405
14406
14407
14408
14409
14410
14411
14412
14413
14414
14415
14416
14417
14418
14473
14474
14475
14476
14477
14536
14604
14605
14606
14676
14772
14773
14774
14775
14776
14777
14778
14779
14780
14781
14782
14783
14838
14839
14840
15094
15095
15096
15097
15098
15134
15135
15136
15175
15185
15186
15187
15188
15340
15341
15342
15343
15344
15345
15346
15347
15348
15349
15350
15351
15352
15353
15354
15355
15356
15357
15358
15359
15477
15478
15479
15480
15481
15482
15582
15583
15584
15585
15586
15587
15588
15589
15590
15651
15652
15653
15654
15673
15674
15675
15676
15786
15787
15788
15789
15790
15791
15792
15793
15794
15795
15796
15797
15798
15799
15800
15801
15917
15918
15919
15920
15921
15922
15923
15924
15958
15959
15960
15968
15969
15970
15971
15972
15973
15974
15975
15976
15977
15978
15979
15980
15981
15982
15983
15984
15985
15986
15987
15988
15989
15990
15991
15992
15993
15994
15995
15996
15997
15998
15999
16000
16005
16006
16007
16008
16009
16010
16011
16012
16013
16014
16015
16016
16017
16018
16019
16020
16021
16022
16023
16024
16025
16026
16027
16028
16029
16030
16031
16032
16049
16050
16061
16062
16063
16064
16065
16066
16067
16068
16096
16130
16131
16132
16133
16134
16135
16136
16137
16276
16343
16399
16469
16534
16535
16536
16537
16538
16539
16540
16543
16544
16545
16546
16547
16587
16588
16589
16590
16641
16642
16643
16644
16645
16646
16647
16648
16649
16650
16651
16652
16653
16654
16655
16656
16657
16658
16659
16660
16661
16662
16663
16664
16665
16666
16667
16668
16669
16670
16671
16672
16673
16674
16675
16676
16677
16678
16679
16680
16681
16682
16683
16684
16685
16686
16687
16688
16689
16690
16691
16692
16693
16694
16695
16696
16697
16698
16699
16700
16701
16702
16703
16704
16705
16706
16707
16708
16709
16710
16711
16712
16713
16714
16777
17054
17055
17056
17057
17058
17059
17060
17061
17062
17063
17064
17065
17066
17067
17068
17069
17070
17071
17072
17073
17074
17075
17076
17077
17085
17086
17087
17088
17089
17090
17091
17092
17093
17094
17095
17096
17097
17098
17099
17100
17101
17102
17103
17104
17105
17106
17107
17108
17109
17110
