48 27
37 12
20 16
48 19
14 13
117 35
21 28
24 11
11 12
21 19
23 12
22 16
58 22
11 2
44 30
41 14
12 15
72 35
3 3
117 36
49 92
23 12
23 16
11 11
34 35
18 32
23 17
13 12
22 20
20 244
78 11
16 18
8 5
2 2
18 16
4 2
2 1
19 30
25 15
15 14
24 19
29 11
31 18
68 31
13 16
78 35
44 27
45 15
40 17
24 17
13 8
1 4
44 27
14 6
41 18
45 22
19 12
1 1
7 6
2 2
22 4
14 4
7 6
5 4
17 9
13 10
23 164
21 34
22 15
15 13
28 9
12 12
2 2
10 4
1 1
28 8
1 1
1 2
1 3
2 2
1 1
1 1
1 1
1 6
2 3
24 68
25 22
13 16
11 17
23 26
18 22
17 36
25 13
13 13
34 15
21 19
47 34
