116 99
91 21
36 15
36 10
117 94
40 10
36 24
14 3
12 9
15 5
12 10
35 9
39 9
39 45
35 36
15 7
49 10
16 11
9 10
8 6
17 18
18 12
10 7
11 10
24 13
12 12
1 2
14 92
20 118
25 19
21 17
12 10
23 26
11 18
14 14
93 248
20 6
60 28
60 41
16 14
65 67
25 45
20 14
13 8
12 17
21 7
23 15
20 15
7 8
115 138
23 12
62 36
68 39
68 9
8 9
25 6
13 30
12 7
11 18
21 15
54 46
10 28
20 15
18 6
10 9
12 8
16 18
18 5
18 14
17 12
7 7
134 233
14 23
16 11
46 12
60 52
44 22
46 35
11 6
12 23
28 17
55 50
13 23
17 12
17 4
9 7
12 8
16 15
14 4
20 12
15 13
10 8
2 1
164 101
13 19
4 8
2 2
2 3
12 2
1 1
5 61
4 2
25 26
15 47
2 3
99 104
2 5
2 6
4 6
2 1
1 1
4 8
9 12
7 9
9 13
11 13
34 62
7 6
7 6
13 38
84 173
8 8
9 8
1 2
