25 18
13 11
11 10
14 14
21 4
14 13
32 12
23 31
69 137
53 30
64 45
16 21
71 68
62 24
63 10
66 36
15 14
25 7
3 2
14 11
19 3
13 7
27 25
19 11
24 4
25 23
28 29
28 8
13 13
15 10
14 13
29 20
24 8
26 23
9 14
29 15
13 250
6 8
17 14
17 15
10 13
14 12
10 11
15 9
10 1
15 14
12 13
20 6
2 3
13 9
19 3
13 16
16 18
15 12
17 13
9 3
3 2
13 11
10 11
14 13
22 7
20 6
3 7
12 13
21 6
8 15
11 12
10 13
14 10
22 8
3 10
15 18
22 8
13 13
28 8
2 2
16 7
24 4
13 12
21 15
15 17
11 8
1 1
1 1
18 6
8 14
12 22
13 8
18 24
22 6
1 1
1 1
3 16
19 7
2 2
14 12
20 17
16 23
19 8
14 15
17 6
12 12
4 4
14 14
4 8
18 6
13 12
6 16
26 8
8 9
5 10
10 9
11 16
10 9
19 5
2 2
11 7
18 4
11 13
11 15
27 8
25 11
9 8
8 8
12 9
13 15
2 11
22 8
12 10
19 5
11 13
11 15
22 8
15 7
24 8
4 5
5 7
10 18
11 11
9 11
12 11
11 10
2 3
16 20
3 14
24 7
2 2
12 11
12 10
12 7
2 3
14 12
3 2
12 7
18 4
10 15
17 20
13 13
21 7
2 3
12 11
18 5
10 14
14 18
2 1
9 9
8 10
13 6
17 17
2 12
24 7
11 13
15 11
22 20
10 8
4 8
14 10
14 11
36 19
39 108
38 61
53 41
9 6
25 13
9 14
11 9
10 10
13 11
10 8
22 34
10 12
14 10
19 4
23 23
22 10
15 20
28 11
1 1
3 3
44 259
18 15
19 20
11 17
13 13
11 11
17 10
11 19
12 14
22 7
3 2
15 9
8 2
15 15
2 1
15 22
2 2
16 15
21 6
23 9
10 15
15 30
23 13
12 13
20 6
14 10
10 3
15 11
25 11
18 16
21 20
15 17
22 5
21 14
11 14
34 11
15 21
15 10
10 16
13 16
22 8
13 6
22 21
37 27
35 6
11 9
10 9
12 8
22 14
11 9
19 6
13 13
17 6
13 15
23 12
37 13
16 18
16 4
16 14
6 7
9 8
13 10
20 7
7 20
12 21
13 12
11 13
10 11
9 10
13 9
22 15
13 16
3 12
1 2
15 12
23 3
14 18
11 16
14 12
21 3
12 15
26 14
27 12
11 11
9 12
15 13
9 17
12 14
20 3
13 16
20 13
30 14
12 8
15 4
16 15
14 12
20 4
14 13
12 15
12 12
10 10
14 14
26 13
17 17
18 3
15 9
9 14
11 12
15 10
20 7
3 16
3 13
13 13
12 15
15 11
21 14
11 16
19 26
22 7
14 15
21 6
2 2
12 11
20 4
13 14
22 8
10 14
11 14
21 13
24 13
8 10
6 122
13 234
4 12
2 3
10 130
4 118
11 398
2 3
11 13
8 12
11 10
19 9
9 17
11 13
18 10
24 10
10 17
11 12
8 10
12 9
10 18
8 8
8 11
12 12
23 16
3 18
11 12
19 4
11 13
8 16
10 10
19 5
11 15
27 15
16 12
24 2
17 15
25 9
11 17
14 12
21 14
28 6
11 8
13 12
9 11
16 10
12 15
16 11
19 1
13 15
23 11
14 11
20 3
12 14
14 16
10 9
8 12
16 10
13 3
2 7
10 15
26 43
12 16
10 16
19 18
19 11
7 14
17 17
10 5
10 10
11 14
15 12
26 11
19 15
26 28
11 23
13 13
11 12
16 11
11 11
25 12
12 15
23 9
3 15
15 13
23 5
14 18
11 14
33 42
13 9
23 4
13 16
23 10
18 12
14 19
31 13
9 28
23 26
12 9
20 3
12 18
19 10
14 19
20 6
13 12
11 14
13 12
21 32
13 6
8 8
13 12
