320
0
0
0
0
0
0
0
0
0
0
0
0
0
0
0
0
0
0
0
0
0
0
0
0
0
0
0
0
0
0
0
0
0
0
0
0
0
0
0
0
956
0
0
0
0
0
0
0
0
0
0
0
0
0
0
0
0
0
0
0
0
0
0
0
0
0
0
0
0
0
0
0
0
0
0
0
0
0
0
0
0
0
0
0
0
0
0
0
0
0
0
0
0
0
0
0
0
0
0
0
0
0
0
0
0
0
0
0
0
0
0
0
0
0
0
0
0
0
0
0
0
0
0
0
0
0
0
0
0
0
0
0
0
0
0
0
0
0
0
0
0
0
0
0
0
0
0
0
0
0
0
0
0
0
0
0
0
0
0
0
0
0
0
0
0
0
0
2381
427
1020
1315
640
503
0
59
0
145
0
0
1699
1241
1527
5016
3193
1514
2883
955
2398
1305
1841
1008
1859
5237
1506
1712
1700
2056
2903
1551
4109
1809
484
3772
3621
4080
1451
1036
2324
1437
1854
1275
994
570
719
1734
1651
2068
1818
837
3883
1867
3875
1189
1368
4371
1895
2082
777
2740
4891
598
2171
1932
1129
1592
2703
1163
516
817
2863
1717
253
2482
579
0
0
0
179
0
0
0
0
0
0
0
0
0
0
0
0
0
0
0
0
5098
0
0
725
2329
1467
1253
2963
1729
2002
658
899
194
59
31
0
92
0
0
0
0
33
0
0
32
0
0
0
441
34
0
32
0
0
0
0
0
31
0
0
0
0
0
0
0
0
0
0
0
0
0
0
0
0
0
0
0
0
0
0
0
0
0
0
2
0
0
0
0
33
159
0
0
0
0
0
0
0
0
0
0
0
0
0
0
0
0
0
0
0
0
0
0
0
0
0
0
0
0
0
0
0
0
0
0
0
0
0
0
0
0
0
1893
0
0
0
0
0
0
0
0
0
0
0
2
2
0
0
0
0
0
0
0
0
0
0
0
0
0
0
0
0
0
0
0
0
0
0
0
0
0
0
0
0
0
0
0
0
0
0
0
0
0
0
0
0
0
0
0
0
0
0
0
0
0
0
0
0
0
0
0
0
0
0
0
0
0
0
0
0
0
0
0
0
0
0
0
0
0
0
0
0
0
0
0
0
0
0
0
0
0
0
0
0
0
0
0
0
0
0
0
0
0
0
0
0
0
0
0
0
0
0
0
0
0
0
0
0
0
0
0
0
0
0
0
0
0
0
0
0
0
0
0
0
0
0
0
0
0
0
0
0
0
0
0
0
0
0
0
0
0
0
0
0
0
0
0
0
0
0
0
0
0
0
0
0
0
0
0
0
0
0
0
0
0
0
0
0
0
0
0
0
0
0
0
0
0
0
0
0
0
0
0
0
0
0
0
0
0
0
0
0
0
0
0
0
0
0
0
0
0
0
0
0
0
0
0
0
0
0
0
0
0
0
0
0
0
0
0
0
0
0
0
0
0
0
0
0
0
0
0
0
0
0
0
0
0
0
0
0
0
0
0
0
0
0
0
0
0
0
0
0
0
0
0
0
0
0
0
0
0
0
0
0
0
0
0
5162
961
1170
856
488
1211
3266
1806
3234
2120
2085
3527
757
1757
2208
2166
3259
1672
2591
1600
1780
2596
32
2564
1964
2001
3148
1924
3207
1070
567
2488
2107
3370
1923
1927
2961
1905
2633
383
2082
2076
2223
3199
1579
2349
1565
1820
2403
25
2431
2010
2018
3286
1716
2963
1867
1734
810
1182
2976
2278
2331
3804
2520
3045
4082
4656
3329
917
1568
930
1343
672
1514
4443
3652
3884
4004
3123
2612
5516
0
0
0
0
0
1
0
0
0
0
0
0
0
0
0
0
0
0
0
0
0
0
0
0
0
0
0
0
0
0
0
0
0
0
0
0
0
4773
646
136
1283
757
758
316
440
721
1890
2209
2606
466
848
5192
0
0
5051
975
1099
1350
4049
567
1333
994
2270
0
1642
4276
3054
3041
3815
6218
3603
5912
3965
4027
5912
3149
3860
1049
605
2552
1966
3295
1933
3693
2747
2638
3892
2202
2081
1041
787
1109
631
1767
979
891
1091
352
659
726
977
2520
1497
3019
1649
1859
3111
1661
3015
1872
2718
61
241
2405
1703
3341
1939
2057
3509
2049
2287
584
1447
3554
2521
3776
2149
2191
2353
0
2160
1822
2110
3547
2504
3241
882
499
783
299
1992
1665
2146
3722
2208
3941
0
5745
864
2561
4717
2004
2371
549
31
706
649
719
634
1217
4496
3748
467
5388
2
0
0
249
0
0
0
5490
2335
459
1007
445
30
46
296
48
0
24
0
452
0
0
0
0
0
1100
762
3979
1147
1293
1963
26
3
0
4053
0
0
0
0
0
0
0
0
0
0
0
0
0
0
0
0
5344
3041
1701
1040
1991
1440
1189
1656
5429
4883
5612
1742
989
784
1423
38
90
29
206
301
0
418
31
308
0
0
105
26
33
35
94
176
60
0
32
56
79
0
32
32
0
36
0
32
0
0
32
0
218
69
1315
910
1275
1769
1990
1959
3154
2226
3107
1869
2971
1800
2013
2999
1766
1851
1806
6237
5756
4430
3943
1828
1650
2847
4728
4984
2645
2708
4897
1618
1790
322
84
654
1383
1164
1497
880
2707
1359
2845
1852
2494
1467
1289
1614
1004
4349
4243
2376
4905
0
0
442
0
0
0
0
0
0
0
0
0
0
0
0
0
0
0
0
0
0
0
0
0
0
0
0
0
0
0
0
0
0
0
0
0
5404
0
437
2620
783
1259
27
296
798
1054
2789
1995
4768
3126
2828
6116
3272
4256
789
38
263
25
253
0
34
0
1020
4032
1721
632
372
73
1454
1197
1563
3305
1713
3737
1801
2358
5593
2792
4301
4764
278
4730
4033
4878
2584
4610
2835
3608
6433
4728
6944
4757
2664
4277
650
278
1119
2393
5833
3583
5108
0
0
5706
0
0
4994
0
0
577
1734
132
2561
966
791
2345
1079
2695
2505
2151
3410
1731
2227
703
705
6209
632
4786
0
0
429
0
0
0
0
0
0
0
0
0
0
0
0
0
0
0
0
0
0
0
0
0
0
0
0
0
0
0
0
0
0
0
0
0
0
0
0
0
0
0
0
0
0
0
0
0
0
0
0
0
0
0
1716
4091
4768
0
0
0
0
0
0
0
0
0
0
0
0
0
0
7204
0
0
496
2251
5175
3603
2747
564
571
4744
4179
3132
5378
2513
5948
5204
4261
5215
3452
6257
4003
4384
4706
4202
6092
4904
5093
7143
4206
6876
3845
4986
5221
3454
4801
3905
5555
9283
4566
3295
4876
3765
6338
7292
4741
4052
3852
5308
4903
5286
5862
2755
433
0
0
0
0
0
0
0
0
0
0
0
0
0
0
0
0
0
0
0
0
2602
1750
1324
1354
3837
0
0
0
0
0
0
1398
1305
225
1062
680
1891
1880
2106
381
813
188
1859
1655
913
2316
1717
2927
3422
667
852
2478
4370
2683
2290
2384
2333
3893
1218
2885
844
4209
2455
2575
1707
1696
2279
3811
1919
4037
2032
885
3631
5081
1418
1501
1577
2968
988
1880
1817
1643
3973
2800
3841
2012
1161
1713
1762
2268
4910
774
1012
1884
2162
1180
2798
30
541
2780
3303
200
998
670
5167
0
0
0
260
0
0
0
0
0
0
0
0
0
0
0
0
0
0
0
0
0
0
0
0
0
0
0
0
0
0
0
0
0
0
0
0
0
0
0
0
0
0
0
0
0
0
0
0
0
0
0
0
0
0
0
0
0
0
0
0
0
0
0
0
0
0
0
0
0
0
0
0
0
0
0
0
0
0
0
0
0
0
0
0
0
0
0
0
0
0
0
0
0
0
0
0
0
0
0
0
0
0
0
0
0
0
5202
475
1269
939
1553
613
40
716
259
382
789
2481
2174
2366
4142
2536
4120
2028
672
5467
0
5169
83
277
490
193
688
697
1234
4942
4750
4993
4844
2741
3894
1318
1250
2370
2328
2067
2165
4794
2847
3164
2508
2923
4628
607
2654
2531
3158
2675
43
1300
2303
2114
1681
1029
5272
4104
3971
4980
2123
3465
1122
1064
2050
3742
5234
2285
1510
1290
787
2561
1755
1697
4026
2471
4230
2028
549
1890
2548
4652
2811
3830
1416
678
4753
4736
5228
3781
2062
3158
613
493
638
1719
1815
1714
786
3201
2152
3158
2863
121
1254
2066
5906
2811
5468
2065
2093
3764
1993
1550
2181
966
892
235
437
1380
1236
2425
1322
1324
2161
1175
2265
1364
2019
951
898
1204
539
231
1550
1326
2900
2245
4243
2223
2266
3656
1863
2956
1634
1366
2063
1146
1870
1654
228
5716
5108
5057
2554
654
990
0
0
0
0
0
1056
3374
4661
5303
2463
2660
2289
506
503
30
40
670
1321
2341
1625
2006
3395
1714
2575
2077
1517
5155
789
0
209
0
0
0
383
0
0
0
0
0
0
0
0
0
0
0
0
0
0
5637
2527
3705
4406
1067
2253
4399
4254
2065
5673
5667
5512
5323
1813
1436
1412
738
1969
1639
1422
4573
758
901
1014
2687
4503
559
3701
5127
4320
3071
4185
5640
2699
4488
3311
3073
5234
4334
2486
463
747
931
33
890
553
0
748
0
1705
1698
2075
4604
2258
3922
2214
915
792
1222
1890
750
1687
1637
3383
497
723
2640
3250
230
360
140
1299
251
1066
2873
1422
1855
1529
2776
4655
2749
4420
2068
2021
2744
937
1095
53
36
0
36
1041
2395
3734
808
1844
3331
279
3366
2696
2772
3987
3236
1457
1090
1857
1789
610
206
78
597
1077
508
2680
2274
1139
172
901
519
494
1079
1192
1439
993
2687
1750
401
1094
1096
1083
394
231
2049
1431
3701
257
6099
0
0
0
256
0
0
0
0
0
0
0
0
0
0
0
0
0
0
0
0
0
3
3
0
0
0
0
0
0
0
0
5148
0
0
0
0
1394
1278
1656
32
390
173
817
809
115
991
6
1123
847
1072
2500
869
1120
2246
1636
1912
663
1677
1879
36
4536
3
0
0
0
0
0
0
0
0
0
0
0
0
0
0
0
0
0
0
0
3
3
0
0
0
0
0
0
0
0
0
0
0
0
0
0
0
0
0
0
0
0
0
0
0
0
0
0
0
0
0
0
0
0
5269
889
2496
626
3281
1912
688
2854
1716
42
1814
3426
1469
1884
3797
2124
3632
2152
1998
4185
3412
2403
1968
5165
4638
1560
1351
220
19
658
1147
5923
2492
1385
979
449
1736
979
915
1095
1106
1933
1445
3058
1938
3061
3518
2640
2639
919
1726
5207
2296
4910
1254
206
639
213
364
283
46
1869
1211
5844
5742
5370
5229
1467
786
325
117
702
1373
3201
1288
3
6334
5723
2961
4621
0
0
0
0
0
0
12
9
0
0
0
0
0
0
0
0
0
0
0
0
0
0
0
0
0
0
0
0
0
0
0
0
0
0
0
0
1978
3
2693
3807
4776
5735
2335
3767
2888
4537
1840
990
661
1496
2851
859
6
2173
2068
1625
650
1659
3662
634
771
706
460
861
900
1662
2048
1425
2970
2301
2951
1614
1785
1201
36
0
2429
2375
3144
2266
1563
548
1186
1088
4185
2174
3385
1135
244
1122
1846
1176
2848
1330
3830
2361
2237
3771
2185
0
701
743
3172
1097
354
693
605
1485
1156
2217
1330
1156
2211
1684
2354
1312
1428
2484
825
2290
4027
204
0
0
0
359
0
0
0
0
0
0
0
0
0
0
0
0
0
0
0
0
0
0
0
0
0
0
0
0
0
0
0
0
0
0
3
3
0
0
0
0
0
0
0
0
0
0
0
0
0
0
2998
0
0
0
0
0
0
0
0
3171
0
0
2062
3965
5587
4737
4145
4360
2429
2195
3858
3958
5495
3445
5563
6585
6650
5338
4939
4886
4113
5373
9047
3861
5190
3438
4316
9431
4557
5565
3388
5136
5215
5597
5960
11262
5761
7605
4838
7191
6927
5113
6203
3770
5312
5318
6531
8927
3384
5384
4584
4088
5310
4506
1358
4642
5241
301
0
0
0
0
0
0
3066
0
0
0
0
0
0
0
0
0
0
0
0
0
0
0
0
0
0
0
0
0
0
0
0
0
0
0
0
0
0
0
0
0
0
0
0
0
0
0
0
0
0
0
0
2530
1644
1
4780
4056
1132
0
0
0
0
0
0
0
0
0
235
0
0
0
0
0
0
1625
1890
3677
2387
1875
1737
678
0
0
0
0
0
0
0
0
0
0
968
0
0
0
0
0
0
0
0
0
4764
1313
727
4732
0
0
4767
220
2400
2139
4376
1367
0
0
0
0
0
1626
0
1598
0
0
0
0
0
0
0
16
778
314
495
1871
3543
594
1847
1732
2510
5418
949
3310
2253
985
2787
1373
3883
1903
4274
766
1187
2904
2766
2726
3238
1112
3510
1132
5194
0
730
0
295
0
0
0
2465
0
0
0
1746
4484
1194
1408
1090
1411
1573
835
1273
3627
3497
3503
2834
1296
1130
1529
2895
1269
2493
1804
1735
3038
2991
3817
371
1709
3426
1279
570
2038
778
1070
2401
3409
294
1176
222
599
0
208
0
0
0
0
0
0
0
0
0
0
0
0
0
0
0
0
0
0
0
0
0
0
0
0
0
0
0
0
0
0
0
0
0
0
0
0
0
0
0
0
0
0
0
0
0
0
0
0
0
0
0
0
0
0
0
0
0
0
0
0
0
0
0
0
0
0
0
0
0
0
0
0
0
0
0
0
0
0
0
0
0
0
0
0
0
0
0
0
0
0
0
0
0
0
0
0
4996
0
1551
1593
3477
2536
4182
2391
1928
1746
357
421
20
0
721
1506
3772
2677
4676
4665
3051
4618
2328
2075
2881
361
803
10
38
671
1617
1813
2722
2978
2392
2312
878
1516
1379
2482
2442
2361
2489
1151
2545
1689
4237
945
195
3037
701
233
791
2143
2254
248
1846
578
0
197
0
0
0
0
0
0
0
0
0
0
0
0
0
5285
0
861
2148
4327
2065
2416
4511
2330
715
0
0
0
0
0
0
0
5000
982
4146
2226
2206
810
1038
2479
1241
4511
3064
1770
3804
1303
5146
0
319
0
0
0
0
0
0
0
0
0
0
0
0
0
0
0
0
0
0
0
0
0
0
0
0
0
0
0
0
0
0
0
0
0
0
0
0
0
0
0
0
0
0
0
0
0
0
0
0
0
0
0
0
0
0
0
0
0
0
0
0
0
0
0
0
0
0
0
0
0
0
0
0
0
0
0
0
0
0
0
0
0
0
0
0
0
0
0
0
0
0
0
0
0
0
0
0
0
0
0
0
0
0
0
0
0
0
0
0
0
0
0
0
0
0
0
0
0
0
0
0
0
0
0
0
0
0
0
0
0
0
0
0
0
0
0
0
0
0
0
0
0
0
0
0
0
0
0
0
0
0
0
0
0
0
0
0
0
0
0
0
0
0
0
0
0
0
0
0
0
0
0
0
0
0
0
0
0
0
0
0
0
0
0
0
0
0
0
0
0
0
0
0
0
0
0
0
0
0
0
0
0
0
0
0
0
0
0
0
0
0
0
0
0
0
0
0
0
0
0
0
0
0
0
0
0
0
0
0
0
0
0
0
0
0
0
0
0
0
0
0
0
0
0
0
0
0
0
0
0
0
0
0
0
0
0
0
0
0
0
4712
0
0
0
16
261
867
189
701
1045
1286
3150
2576
4804
3771
4640
2887
3167
2335
532
1615
4461
2986
3770
1277
1009
1495
1055
3320
2427
3279
2939
3476
5212
0
0
0
0
0
0
0
0
0
0
0
0
0
0
0
0
0
0
0
0
0
0
0
0
0
0
3852
1550
1410
2849
1710
3185
1248
1663
3558
2297
1911
5283
1871
4951
533
576
890
409
976
241
401
151
0
103
220
3
332
0
9
0
7
79
4
0
0
14
635
421
187
338
0
0
161
3774
0
4640
959
1278
1343
674
3604
2540
3264
1364
5247
0
0
0
5126
0
0
0
0
0
733
4113
3368
4131
4386
632
0
0
0
0
2061
0
0
0
0
0
0
0
0
0
1937
4286
4693
3765
2742
1252
1063
1308
414
603
144
24
536
992
1661
880
645
3353
0
683
476
235
226
5
0
6
24
154
20
256
2747
3565
1007
1672
4799
1096
1004
1631
246
754
11
21
536
22
1736
564
2050
1231
1352
886
1531
1161
608
1645
5054
3796
4077
2692
1901
2826
1809
2977
0
0
0
0
0
0
0
0
0
0
0
760
0
0
0
0
0
2531
2379
2138
1639
1377
1515
1198
1863
185
622
82
50
668
1299
1689
1398
987
2858
1758
2169
1523
249
1523
2269
1251
115
634
1040
2249
2104
194
656
883
481
930
23
651
1532
1887
2424
1180
2215
2848
984
2585
1464
1425
36
907
2348
1653
3143
166
571
1443
1460
1831
1897
1040
2321
1785
594
641
231
1252
3750
1760
662
1735
3361
1241
1974
889
1675
2833
3215
3558
1731
2081
2965
396
5174
0
0
0
0
0
0
0
0
0
0
0
0
0
0
0
0
0
0
0
0
0
0
0
0
0
0
0
0
0
0
0
0
0
0
0
0
0
0
0
0
0
0
0
0
0
0
0
0
0
0
0
0
0
0
0
0
0
0
0
0
0
0
0
0
0
0
0
0
0
0
0
0
0
0
0
0
0
0
0
0
0
0
0
0
0
0
0
0
0
0
0
0
0
0
0
0
0
0
0
0
0
0
0
0
0
0
0
0
0
0
0
0
0
0
0
0
0
0
0
0
0
0
0
0
0
0
0
0
0
0
0
0
0
0
0
0
0
0
0
0
0
0
0
0
0
0
0
0
0
0
0
0
0
0
0
0
0
0
0
0
0
0
0
0
0
0
0
0
0
0
0
0
0
0
0
0
0
0
0
0
0
0
0
0
0
0
0
0
0
0
0
0
0
0
0
0
0
0
0
0
0
0
0
0
0
0
0
0
0
0
0
0
0
0
0
0
0
0
0
0
0
0
0
0
0
0
0
0
0
0
0
0
0
0
0
0
0
0
0
0
0
0
0
0
0
0
0
0
0
0
0
0
0
0
0
0
0
0
0
0
0
3
3
0
0
0
0
0
0
0
0
0
0
0
0
0
0
0
0
0
0
0
0
0
0
0
0
0
0
0
0
0
0
0
0
0
0
0
0
0
0
0
0
0
0
0
0
0
0
0
0
0
0
0
0
0
0
0
0
0
0
0
0
0
0
0
0
0
0
0
0
0
0
0
0
0
0
0
0
0
0
0
0
0
0
0
0
0
0
0
0
3
3
0
0
0
0
0
0
0
0
0
0
0
0
0
0
0
0
0
0
0
0
0
0
0
0
0
0
0
0
0
0
0
0
0
0
0
0
0
0
0
0
0
0
0
0
0
0
0
0
0
0
0
0
0
0
0
0
0
0
0
0
0
0
0
0
0
0
0
0
0
0
0
0
0
0
0
0
0
0
0
0
0
0
0
0
0
0
0
0
0
0
0
0
0
0
0
0
0
0
0
0
0
0
0
0
0
0
0
0
0
0
0
0
0
0
0
0
0
0
0
0
0
0
0
0
0
0
0
0
0
0
0
0
0
0
0
0
0
0
0
0
0
0
0
0
0
0
0
0
0
0
0
0
0
0
0
0
0
0
0
0
0
0
0
0
0
0
0
0
0
0
0
0
0
0
0
0
0
0
0
0
0
0
0
0
0
0
0
0
0
0
0
0
0
0
0
0
0
0
0
0
0
0
0
0
0
0
0
0
0
0
0
0
0
0
0
0
0
0
0
0
0
0
0
0
0
2374
0
0
0
0
0
0
2375
0
0
0
0
0
0
0
0
0
0
0
0
0
0
0
0
0
0
0
0
0
0
0
0
28961
0
0
0
0
0
0
0
0
0
0
0
0
0
0
2385
537
3796
796
910
464
475
27
452
1640
1453
910
1237
702
425
2698
1488
3178
964
2641
547
1061
1812
1605
2793
2445
3604
2298
3468
1495
1140
1510
3186
1402
4453
1565
4095
1271
1588
3706
2762
1932
550
2069
2477
1093
1485
2705
1519
2554
1425
2379
1053
3356
3306
1900
1409
3328
2479
2564
1906
3907
2504
2711
1156
536
1079
771
289
527
711
2520
722
36
1057
1803
907
2195
3270
337
184
0
494
0
0
0
189
0
0
0
0
0
0
0
0
0
0
0
0
5054
584
1643
1223
1024
189
489
1565
1405
3413
2160
2616
1363
3276
3823
854
762
956
1265
756
743
1621
4174
688
2587
2239
2420
1899
630
2410
3174
1019
2487
1227
1836
45
275
1110
676
1193
608
492
2378
1985
4185
2313
3022
529
1201
3152
3446
1507
2145
624
3823
2067
3312
1293
1670
3084
993
2898
927
158
2822
3662
403
855
771
523
0
4553
5513
4653
3535
1028
563
0
0
635
463
293
532
853
757
634
179
571
617
301
153
62
661
1720
1906
1931
3379
2345
2432
2867
2781
265
1426
2258
997
2191
2187
2791
3970
2738
2915
1555
1606
3548
2502
4438
609
923
2737
2223
2372
1417
1988
1106
587
1048
915
1468
2348
3168
2164
2347
380
1896
985
1126
256
345
3728
536
470
672
1407
1710
3003
4580
710
2537
1920
1129
2363
2307
621
1104
2957
477
217
0
533
0
0
0
179
0
0
0
0
8
5
0
0
0
0
0
0
0
0
0
0
0
0
0
0
0
0
0
0
0
0
0
0
0
0
0
0
0
0
0
0
0
0
0
0
0
0
0
0
0
0
0
0
0
0
0
0
0
0
0
0
0
0
0
0
0
0
0
0
0
0
0
0
0
0
0
0
0
0
0
0
0
0
0
0
0
0
0
0
0
0
0
0
0
0
0
0
0
0
2
2
0
0
0
0
0
0
0
0
0
0
0
0
0
0
0
0
0
0
0
0
0
0
0
0
0
0
0
0
0
0
0
0
0
0
0
0
0
0
0
0
0
0
0
0
0
0
0
0
0
0
0
0
0
0
0
0
0
0
2
2
0
0
0
0
0
0
0
0
0
0
0
0
0
0
0
0
0
0
0
0
0
0
0
0
0
2618
0
0
0
0
0
0
0
0
0
0
0
0
0
0
0
0
0
0
0
0
0
0
0
0
0
0
0
0
0
0
2997
159
1384
1057
852
257
815
860
667
2466
3482
3164
4582
2788
3753
1285
809
3891
0
0
0
0
3763
204
803
561
787
2192
729
2636
2847
2804
3111
644
542
0
179
0
5346
0
1093
1558
508
119
1079
536
3196
0
5363
5283
2316
2021
21
18
871
3157
20
145
0
409
0
5341
250
995
732
486
1264
375
599
11
0
8
0
168
3223
3690
4831
3891
4412
4723
2253
2887
749
1763
1431
1565
1895
2522
1201
918
1710
4243
1529
7
459
0
0
0
4872
330
97
1286
1132
1100
1052
1752
2441
1047
1182
269
665
2024
2126
3407
1282
3032
2285
133
1328
201
5331
422
1075
1751
375
217
59
182
1986
1102
3177
2115
3361
1226
1377
5780
0
0
0
0
0
0
0
0
5007
689
454
577
857
453
64
39
40
21
633
1469
1243
3103
1803
2445
3606
718
2036
1258
989
1635
450
740
0
36
496
976
2380
1178
3233
3726
828
4334
1670
728
2756
1022
979
1990
1928
4147
978
3971
0
137
0
0
0
266
0
0
0
0
0
0
0
0
0
0
4768
0
215
1625
712
757
418
1514
1870
1978
4274
1600
1060
2078
1392
1126
2208
1504
3161
2177
3441
1300
650
1510
1361
1340
1001
995
1877
2363
695
1278
1173
4183
2354
0
441
0
9
2
179
0
0
0
0
0
0
0
0
0
0
0
0
0
0
5349
291
1894
65
185
3901
2649
4118
1771
832
988
672
3441
0
0
5268
0
0
0
0
0
657
660
842
201
1741
811
1041
2368
1689
612
2958
1868
2687
755
1596
2298
729
754
1957
2469
3885
2099
4643
13
0
183
0
5274
0
0
0
646
1265
65
45
944
868
1899
1589
4686
5548
4660
3888
1812
969
983
2180
2666
3620
0
424
0
0
5378
205
615
2631
2729
5056
2438
3102
0
0
0
0
0
0
0
0
0
0
4969
0
0
23
1025
1344
294
1566
1630
1214
2226
729
2928
1700
1768
3512
0
0
0
0
0
0
0
0
5452
0
25
923
228
309
235
18
739
22
59
72
0
182
64
1646
1615
1790
4159
2546
3035
1269
861
990
224
796
349
280
55
59
23
21
8
23
0
36
0
43
82
0
262
0
34
43
60
1726
1531
3296
2150
2904
3695
2367
3717
2959
487
4468
2360
5325
0
0
0
351
5123
5377
793
2490
709
986
0
1691
2445
2425
4330
1969
5698
0
0
243
5
0
0
0
0
0
0
0
0
0
0
0
0
0
0
0
0
0
0
0
0
0
0
0
0
0
0
0
0
0
0
0
0
0
0
0
0
0
0
0
0
0
0
0
0
0
0
0
3010
0
0
0
0
0
0
0
0
0
0
10
2418
0
0
1466
954
709
202
380
753
23
24
32
25
216
99
0
6
8
12
0
0
77
730
2923
1389
1026
187
637
1513
1646
3436
565
0
2281
1836
2508
1110
642
24
0
141
25
251
29
104
1921
1041
1773
1418
2086
2129
271
852
2046
1569
235
1636
3839
1877
1292
1108
357
2220
1149
1645
1635
802
2989
1646
1666
2628
390
5156
0
5122
3614
1731
2255
119
39
481
210
332
32
37
1430
1167
1998
1395
1355
1001
1651
2908
2780
609
574
0
8
0
0
0
248
0
0
0
0
0
0
0
0
0
0
0
0
0
0
0
2641
0
11
10
0
0
0
0
0
0
0
0
0
0
0
0
0
0
2808
0
0
0
0
0
958
1094
1455
3387
2793
2582
147
730
4533
2518
3306
1095
692
437
757
2384
2304
2577
760
466
356
0
16
0
0
57
219
388
0
0
0
0
0
0
0
3068
543
1315
657
1810
2346
1504
3640
1614
888
993
1379
4400
620
1514
2087
1471
1326
2427
3453
2806
3290
565
956
3340
1079
646
2727
3105
1660
30
452
0
24
5242
2
420
2040
1175
414
1601
2550
4775
3016
2585
1558
5164
5123
4962
4879
1859
2959
1027
493
1193
1419
1604
1796
2337
3647
1974
2833
267
173
1966
3387
0
0
0
0
0
0
0
0
0
0
5038
0
963
5280
2245
4010
1276
780
408
300
283
87
28
85
24
302
1651
1660
3440
2936
5144
3007
2821
4008
1738
2705
1241
1925
1755
1020
4182
2290
5631
1894
1698
1922
713
2034
4250
2947
4143
1853
2295
3713
0
207
0
0
0
0
0
0
0
0
0
0
0
0
0
0
0
0
0
0
2756
2203
2203
0
0
0
0
0
0
0
0
0
0
10
10
0
0
0
0
0
0
0
2470
159
1946
1304
2042
1104
776
441
239
988
693
438
0
296
1626
1327
1893
1328
2034
2658
1348
2327
1671
2081
1786
414
3300
1987
2090
1552
79
1177
911
649
2772
3324
573
2327
3219
848
2136
4642
611
395
3178
1834
2713
818
1672
1588
1718
3705
1297
4079
808
202
3498
1010
5164
2895
299
5116
0
20
733
237
448
41
407
849
2029
3177
717
1923
2329
2402
2317
1203
1650
701
958
402
978
1781
1152
2326
2373
2476
1317
2316
3364
154
0
5052
0
0
1
0
0
0
0
0
0
0
0
0
0
0
0
0
0
0
0
0
0
0
0
0
0
0
0
0
0
0
0
0
2
2
0
0
0
0
0
0
0
0
0
0
0
0
0
10
9
0
0
0
0
0
0
0
0
0
0
0
0
0
0
0
0
2434
0
0
0
0
0
0
0
0
0
0
0
0
0
0
0
0
0
0
0
0
