759
759
759
759
759
759
759
759
759
759
759
759
759
759
759
759
759
759
759
759
759
759
759
759
759
759
759
759
759
759
759
759
759
759
759
759
759
759
759
759
759
759
720
720
720
720
720
720
720
720
720
720
720
720
720
720
720
720
720
720
720
720
720
720
720
720
720
720
720
720
720
720
720
720
720
720
720
720
720
720
720
720
720
720
720
720
720
720
720
720
720
720
720
720
720
720
720
720
720
720
720
720
720
720
720
720
720
720
720
720
720
720
720
720
720
720
720
720
720
720
720
720
720
720
720
720
720
720
720
720
720
720
720
720
720
720
720
720
720
720
720
720
720
720
720
720
720
720
720
720
720
720
720
720
720
720
720
720
720
720
720
720
720
720
720
720
720
720
720
729
730
730
729
728
729
729
729
729
757
757
757
978
1025
1079
1279
1372
1435
1581
1570
1586
1586
1584
1583
1600
1988
2113
2094
2084
2003
2013
2023
2261
2404
2384
2391
2466
2629
2624
2625
2565
2562
2561
2536
2536
2535
2534
2562
2787
2864
2938
3005
3076
3179
3329
3324
3330
3332
3332
3342
3367
3641
3866
3844
3842
3755
3767
3802
4024
4041
4011
4013
4164
4229
4199
4210
4111
4113
4112
4110
4085
4086
4086
4086
4086
4085
4086
4086
4086
4086
4086
4086
4086
4086
4086
4086
4086
4093
4093
4093
4092
4092
4094
4095
4094
4093
4093
4093
4093
4093
4094
4093
4093
4093
4093
4093
4092
4092
4092
4092
4092
4092
4092
4092
4092
4094
4094
4094
4094
4094
4094
4093
4093
4093
4093
4093
4093
4093
4093
4093
4093
4093
4093
4093
4093
4093
4092
4092
4092
4092
4092
4092
4092
4092
4092
4092
4092
4092
4092
4092
4092
4090
4091
4091
4091
4091
4091
4091
4091
4091
4091
4091
4091
4091
4091
4091
4091
4091
4091
4091
4091
4091
4091
4091
4091
4091
4091
4091
4091
4091
4091
4092
4092
4092
4092
4092
4092
4092
4092
4092
4092
4092
4092
4092
4092
4092
4092
4092
4092
4092
4092
4092
4092
4092
4092
4092
4092
4092
4092
4092
4092
4089
4090
4090
4090
4090
4090
4090
4090
4090
4090
4090
4090
4090
4090
4090
4090
4090
4090
4090
4090
4090
4090
4090
4090
4090
4090
4090
4090
4090
4090
4093
4092
4092
4092
4092
4092
4092
4092
4092
4092
4092
4092
4092
4092
4092
4093
4093
4093
4093
4093
4093
4093
4093
4093
4093
4093
4093
4093
4093
4093
4093
4093
4093
4093
4093
4093
4093
4093
4093
4093
4093
4093
4093
4093
4093
4093
4093
4093
4093
4093
4093
4093
4093
4093
4093
4093
4093
4093
4093
4093
4090
4091
4091
4091
4091
4091
4091
4091
4091
4091
4091
4091
4091
4091
4091
4091
4091
4091
4091
4091
4091
4091
4091
4091
4091
4091
4091
4091
4091
4091
4091
4091
4091
4091
4091
4091
4091
4091
4091
4092
4093
4093
4093
4093
4093
4093
4093
4093
4093
4093
4093
4093
4093
4093
4093
4093
4093
4093
4093
4093
4092
4093
4093
4093
4093
4093
4093
4093
4093
4093
4093
4093
4093
4093
4093
4093
4093
4093
4093
4093
4093
4093
4093
4093
4093
4093
4093
4093
4093
4093
4094
4094
4094
4094
4094
4094
4094
4094
4094
4094
4094
4094
4094
4094
4094
4094
4094
4094
4094
4094
4094
4094
4094
4094
4094
4094
4094
4094
4094
4094
4093
4094
4094
4094
4094
4094
4094
4094
4094
4094
4094
4094
4094
4094
4094
4094
4094
4094
4094
4094
4094
4094
4094
4094
4094
4094
4094
4094
4094
4094
4092
4091
4091
4091
4091
4091
4091
4091
4091
4091
4091
4091
4091
4091
4091
4091
4091
4091
4091
4091
4091
4091
4091
4091
4091
4091
4092
4092
4092
4092
4092
4092
4092
4083
4078
4073
4074
4076
4080
4093
4093
4094
4094
4096
4084
4076
4085
4094
4092
4092
4092
4092
4092
4091
4080
4078
4091
4091
4092
4092
4095
4088
4086
4087
4095
4093
4096
4094
4096
4094
4097
4091
4092
4096
4094
4095
4094
4097
4093
4093
4094
4088
4090
4091
4094
4094
4093
4095
4092
4093
4089
4089
4092
4090
4093
4090
4091
4092
4088
4081
4082
4094
4095
4094
4093
4096
4118
4381
4552
4743
4914
4965
5047
5060
5019
5017
5017
5017
5017
5018
5014
5014
5014
5014
5014
5014
5014
5014
5014
5014
5014
5014
5014
5014
5014
5009
5008
5008
5008
5008
5008
5008
5008
5008
5008
5008
5008
5008
5008
5008
5008
5008
5007
5007
5007
5007
5009
5008
5005
5003
5001
5226
5288
5431
5452
5358
5366
5365
5364
5304
5304
5305
5308
5306
5306
5305
5305
5305
5305
5298
5309
5302
5299
5292
5299
5286
5307
5305
5300
5309
5309
5316
5316
5315
5316
5307
5309
5307
5304
5296
5292
5303
5305
5306
5309
5309
5310
5312
5311
5308
5303
5298
5294
5292
5299
5303
5302
5304
5302
5304
5302
5302
5302
5302
5298
5286
5289
5290
5300
5306
5304
5307
5304
5305
5302
5297
5302
5305
5302
5302
5300
5299
5299
5296
5296
5301
5300
5302
5302
5301
5292
5291
5289
5293
5296
5304
5304
5304
5304
5304
5304
5304
5293
5292
5303
5308
5307
5307
5307
5307
5311
5310
5310
5322
5558
5757
5919
5917
5817
5816
5816
5816
5769
5767
5767
5766
5772
5772
5773
5773
5773
5773
5773
5773
5774
5774
5774
5774
5773
5773
5771
5771
5771
5771
5770
5770
5770
5772
5760
5760
5760
5760
5760
5760
5760
5760
5760
5760
5760
5760
5760
5760
5760
5760
5760
5760
5760
5760
5760
5760
5761
5761
5761
5761
5760
5764
5760
5761
5748
5754
5774
5772
5774
5772
5776
5771
5772
5771
5772
5771
5772
5772
5773
5773
5774
5773
5774
5773
5774
5773
5776
5775
5775
5775
5775
5775
5775
5775
5775
5774
5774
5774
5774
5774
5774
5772
5772
5772
5772
5784
5991
6022
6039
6101
6079
6184
6298
6376
6501
6629
6746
6861
6982
7089
7204
7373
7373
7415
7438
7393
7392
7390
7281
7281
7280
7273
7265
7259
7271
7272
7273
7273
7279
7290
7502
7552
7554
7627
7625
7706
7793
7813
7905
7988
8052
8178
8180
8228
8226
8199
8201
8202
8197
8091
8087
8088
8086
8087
8086
8087
8086
8087
8086
8087
8086
8088
8086
8087
8086
8087
8083
8085
8083
8085
8083
8085
8083
8085
8083
8085
8083
8085
8083
8086
8084
8083
8083
8070
8069
8073
8066
8070
8073
8074
8074
8069
8070
8062
8062
8059
8069
8071
8061
8069
8068
8066
8063
8067
8066
8065
8064
8066
8066
8065
8067
8081
8083
8082
8082
8082
8078
8081
8087
8087
8075
8077
8081
8093
8093
8092
8085
8084
8083
8084
8079
8064
8049
8068
8072
8066
8068
8071
8071
8068
8055
8058
8064
8068
8066
8077
8082
8079
8079
8079
8075
8077
8077
8087
8085
8086
8083
8082
8104
8363
8413
8419
8525
8461
8563
8688
8721
8818
8914
9060
9055
9089
9132
9095
9095
9095
9095
8979
8979
8979
8978
8979
8978
8979
8978
8980
8976
8976
8976
8976
8976
8976
8976
8976
8976
8976
8976
8976
8976
8976
8976
8976
8976
8976
8976
8976
8976
8976
8976
8976
8976
8976
8976
8976
8976
8976
8974
8974
8974
8974
8974
8974
8974
8974
8974
8974
8974
8974
8974
9054
8982
8981
8981
8981
8981
8981
8981
8981
8981
8981
8981
8981
8981
8981
8981
8981
8709
8709
8707
8708
8874
8847
8863
8883
8884
8886
8979
8624
8563
8560
8433
8472
7607
7216
7244
7238
7053
6337
6340
6361
6331
6266
5647
5027
4224
4235
3690
3705
3671
3681
3685
3513
3522
3514
2044
2057
2052
2054
2077
1710
887
862
870
865
868
961
992
1033
903
848
848
848
848
848
848
846
830
830
830
830
830
830
830
830
830
830
830
830
830
830
939
838
875
876
768
768
768
768
768
768
769
769
768
768
768
768
963
964
907
906
820
815
789
729
945
1054
1137
1211
1380
1408
1414
1379
1571
1807
1785
1771
1725
1921
1995
2099
2165
2217
2376
2532
2508
2506
2517
2525
2525
2775
2989
2965
2985
3072
3263
3249
3250
3204
3203
3199
3401
3478
3645
3852
3900
4061
4074
4023
4058
4315
4574
4564
4568
4484
4486
4507
4722
4724
4697
4744
4865
4867
4843
4846
4772
4772
4772
4772
4716
4716
4716
4716
4716
4716
4716
4716
4716
4716
4716
4716
4716
4716
4716
4716
4716
4715
4717
4717
4717
4717
4717
4717
4717
4717
4717
4717
4717
4717
4717
4717
4717
4718
4718
4718
4718
4718
4718
4718
4718
4718
4718
4718
4718
4718
4718
4718
4716
4716
4716
4716
4716
4716
4716
4716
4716
4716
4716
4716
4716
4716
4716
4716
4716
4716
4716
4716
4716
4716
4716
4716
4716
4716
4716
4716
4716
4716
4717
4717
4717
4717
4717
4717
4717
4717
4717
4717
4717
4717
4717
4717
4717
4717
4717
4717
4717
4717
4717
4717
4717
4717
4717
4704
4702
4711
4709
4713
4711
4711
4708
4707
4709
4711
4711
4710
4711
4712
4710
4711
4709
4704
4687
4687
4704
4700
4700
4687
4687
4692
4699
4697
4708
4713
4704
4703
4699
4705
4715
4719
4727
4984
5056
5175
5360
5437
5585
5738
5834
6053
6060
6105
6115
6084
6085
6083
6033
6270
6424
6443
6447
6375
6379
6376
6329
6328
6331
6328
6330
6333
6330
6322
6317
6316
6329
6329
6333
6332
6332
6332
6332
6333
6335
6335
6332
6333
6331
6332
6331
6334
6332
6332
6333
6315
6335
6337
6337
6337
6333
6333
6585
6647
6714
6751
6789
6909
7050
7137
7154
7155
7156
7147
7155
7166
7169
7168
7167
7168
7167
7165
7165
7164
7161
7161
7160
7162
7169
7168
7171
7173
7167
7166
7161
7164
7167
7169
7170
7168
7175
7390
7446
7503
7626
7664
7796
7931
8023
8141
8261
8355
8433
8524
8582
8664
8828
8849
8901
8913
8851
8842
8842
8745
8745
8745
8745
8745
8745
8766
8754
8758
8736
8750
8754
8752
8753
8751
8750
8751
8750
8964
9033
9081
9192
9204
9307
9403
9437
9631
9665
9695
9697
9661
9663
9662
9663
9552
9553
9552
9553
9552
9553
9552
9553
9551
9550
9550
9550
9550
9550
9550
9542
9553
9565
9553
9547
9549
9563
9542
9546
9532
9547
9546
9558
9558
9559
9556
9576
9825
9897
9969
10155
10074
10082
10078
10299
10495
10485
10460
10397
10408
10399
10349
10340
10335
10336
10340
10344
10359
10349
10349
10350
10350
10348
10348
10349
10349
10349
10349
10349
10369
10583
10664
10851
11021
11067
11208
11217
11161
11165
11159
11165
11173
11399
11535
11526
11531
11428
11585
11612
11591
11595
11507
11513
11503
11493
11478
11487
11488
11504
11514
11512
11512
11511
11503
11505
11506
11503
11503
11503
11503
11503
11724
11782
11990
12014
11933
11927
11932
12087
12198
12361
12528
12586
12667
12674
12649
12654
12655
12656
12656
12653
12650
12649
12871
13035
13051
13058
12963
12960
12957
12910
13112
13137
13170
13224
13243
13281
13278
13235
13226
13226
13225
13316
13326
13326
13323
13320
13320
13319
13320
13265
13264
13264
13263
13263
13263
13263
13263
13263
13263
13264
13264
13264
13264
13264
13264
13264
13264
13267
13267
13267
13267
13267
13267
13267
13267
13267
13267
13250
13250
13250
13250
13250
13249
13244
13252
13252
13253
13245
13242
13256
13252
13248
13248
13269
13444
13455
13477
13537
13450
13453
13459
13415
13416
13410
13406
13407
13423
13423
13423
13423
13423
13423
13418
13418
13418
13418
13418
13418
13418
13418
13418
13418
13418
13418
13418
13418
13418
13417
13417
13417
13417
13417
13417
13417
13417
13417
13417
13417
13417
13417
13417
13417
13417
13417
13417
13417
13417
13417
13417
13417
13417
13417
13417
13417
13417
13417
13417
13417
13417
13417
13417
13402
13386
13382
13383
13408
13410
13413
13406
13396
13393
13394
13402
13398
13397
13394
13394
13405
13397
13397
13396
13404
13403
13403
13383
13411
13403
13401
13403
13403
13401
13415
13399
13394
13409
13417
13417
13424
13424
13425
13423
13421
13638
13683
13727
13836
13890
14012
14138
14226
14240
14242
14259
14252
14245
14240
14242
14248
14246
14253
14251
14251
14243
14244
14248
14249
14258
14266
14268
14269
14269
14267
14274
14478
14586
14654
14653
14559
14579
14578
14526
14525
14526
14525
14526
14525
14525
14522
14522
14522
14522
14522
14522
14522
14522
14522
14522
14522
14522
14522
14522
14522
14521
14521
14521
14521
14521
14521
14521
14521
14521
14521
14521
14521
14521
14521
14521
14502
14502
14499
14498
14487
14493
14492
14500
14500
14507
14508
14509
14502
14503
14495
14494
14493
14504
14504
14509
14512
14509
14499
14497
14494
14490
14496
14488
14506
14662
14697
14744
14763
14683
14703
14735
14757
14759
14755
14755
14769
14897
14944
15013
15185
15184
15190
15185
15170
15171
15175
15068
15066
15077
15258
15267
15257
15258
15218
15308
15391
15371
15434
15432
15477
15473
15452
15451
15456
15381
15394
15575
15588
15605
15653
15565
15598
15616
15583
15631
15692
15805
15809
15841
15846
15814
15813
15813
15812
15700
15695
15695
15696
15695
15696
15695
15696
15695
15696
15695
15696
15695
15696
15695
15696
15689
15689
15689
15689
15689
15689
15689
15689
15689
15689
15689
15689
15689
15689
15689
15694
15694
15694
15694
15694
15694
15694
15694
15694
15694
15694
15694
15694
15694
15694
15695
15715
15715
15715
15715
15715
15715
15715
15715
15714
15326
15320
15319
15420
15459
15283
15407
15400
15399
15342
15432
15470
14826
14789
14479
14146
13681
12932
12951
12935
12934
12680
12761
11275
11001
10970
11001
10985
9149
9155
8866
8920
8921
8751
8676
8605
6729
5888
5118
5134
4437
3681
3690
3377
2762
2751
2780
2240
861
879
868
858
874
867
969
963
1041
1036
987
986
985
984
985
984
984
720
720
720
720
720
720
720
720
720
720
720
720
720
720
720
720
720
720
720
720
720
720
720
720
720
720
720
720
720
720
720
720
720
720
720
720
720
720
720
720
720
720
720
720
720
808
720
720
720
720
720
720
720
720
720
720
720
720
720
720
720
720
720
720
720
720
720
720
720
720
720
720
720
720
720
720
720
720
720
720
720
720
720
720
720
720
720
720
720
720
720
720
720
720
720
720
720
720
720
720
720
720
720
720
720
720
720
720
720
720
720
720
720
720
720
720
720
720
720
720
720
720
905
943
940
1156
1197
1206
1213
1149
1337
1569
1592
1574
1490
1494
1684
1738
1827
1972
1992
2094
2104
2041
2054
2306
2433
2411
2490
2578
2618
2617
2550
2548
2504
2504
2505
2505
2505
2505
2505
2505
2504
2489
2486
2495
2493
2497
2506
2508
2528
2844
3041
3162
3253
3181
3180
3198
3184
3214
3493
3492
3567
3651
3684
3797
3869
3785
3837
3862
3871
4098
4133
4104
4104
4230
4261
4248
4250
4145
4147
4104
4103
4104
4103
4105
4105
4105
4106
4107
4123
4123
4123
4123
4123
4123
4123
4123
4123
4123
4123
4123
4123
4123
4123
4128
4129
4128
4129
4128
4129
4128
4129
4128
4129
4128
4129
4128
4129
4128
4127
4127
4127
4127
4127
4127
4127
4127
4127
4127
4127
4127
4127
4127
4127
4127
4127
4127
4127
4127
4127
4127
4127
4127
4127
4127
4127
4127
4127
4127
4130
4130
4131
4130
4131
4130
4131
4130
4131
4130
4131
4130
4131
4130
4131
4130
4131
4130
4131
4130
4131
4130
4131
4130
4131
4130
4131
4130
4126
4131
4123
4130
4145
4146
4146
4146
4140
4132
4127
4125
4121
4121
4126
4138
4142
4147
4147
4131
4119
4110
4126
4131
4140
4141
4140
4140
4140
4148
4379
4407
4557
4693
4656
4807
4820
4753
4761
4999
5070
5157
5294
5211
5202
5336
5493
5517
5526
5435
5439
5435
5371
5609
5696
5678
5675
5593
5595
5543
5545
5542
5548
5548
5546
5548
5546
5548
5546
5548
5546
5548
5550
5541
5539
5539
5544
5579
5582
5582
5579
5577
5583
5580
5579
5579
5579
5579
5579
5579
5563
5564
5555
5564
5576
5578
5578
5577
5796
5900
6043
6146
6156
6191
6269
6273
6202
6212
6212
6212
6212
6212
6212
6212
6212
6212
6212
6212
6212
6212
6212
6212
6220
6221
6221
6221
6221
6221
6221
6221
6221
6221
6221
6221
6221
6221
6221
6222
6222
6222
6222
6222
6222
6222
6222
6222
6222
6222
6222
6222
6222
6222
6223
6223
6223
6223
6223
6223
6223
6223
6223
6223
6223
6223
6223
6223
6223
6223
6223
6223
6223
6223
6223
6223
6223
6223
6223
6223
6223
6223
6223
6223
6229
6230
6230
6230
6230
6230
6230
6230
6230
6230
6230
6230
6230
6230
6230
6230
6230
6230
6230
6230
6230
6230
6230
6230
6230
6231
6231
6231
6231
6231
6231
6231
6231
6231
6231
6231
6231
6231
6231
6231
6231
6231
6231
6231
6231
6231
6231
6231
6231
6231
6231
6231
6231
6231
6231
6231
6231
6231
6231
6231
6228
6229
6229
6229
6229
6229
6229
6229
6229
6229
6229
6229
6229
6229
6229
6228
6228
6228
6228
6228
6228
6228
6228
6228
6228
6228
6228
6228
6228
6228
6228
6228
6228
6228
6228
6228
6228
6228
6228
6228
6228
6228
6228
6228
6228
6228
6228
6228
6228
6228
6228
6229
6229
6229
6229
6229
6229
6230
6230
6230
6229
6229
6229
6229
6229
6229
6229
6229
6229
6229
6229
6229
6229
6229
6229
6228
6228
6228
6228
6228
6228
6228
6228
6228
6228
6228
6228
6228
6228
6228
6222
6221
6221
6221
6221
6221
6221
6221
6221
6221
6221
6221
6221
6221
6221
6220
6220
6220
6220
6220
6220
6220
6220
6220
6220
6220
6220
6220
6220
6220
6219
6219
6219
6219
6220
6219
6219
6219
6220
6219
6220
6219
6218
6213
6424
6474
6565
6740
6840
7044
7200
7297
7557
7555
7574
7624
7580
7577
7568
7458
7672
7705
7776
7921
7967
8058
8078
8033
8033
8033
8033
8033
8033
8033
8033
8045
8046
8045
8046
8045
8046
8045
8046
8045
8046
8044
8045
8044
8045
8044
8049
8052
8050
8052
8049
8049
8035
8001
7991
7976
7992
7995
7997
8005
8010
7996
8006
8038
8043
8041
8043
8041
8043
8041
8043
8041
8043
8041
8043
8042
8046
8046
8046
8046
8046
8046
8045
8043
8043
8043
8043
8043
8043
8043
8043
8038
8039
8040
8039
8040
8039
8040
8039
8040
8039
8040
8038
8040
8002
8000
7993
7993
8031
8031
8032
8031
8032
8031
8037
8012
8025
8024
8027
8026
8028
8032
8033
8032
8033
8032
8034
8033
8034
8033
8034
8033
8034
8033
8034
8032
8045
8034
8028
8035
8041
8043
8043
8043
8043
8043
8046
8249
8273
8276
8300
8355
8360
8361
8282
8288
8286
8287
8284
8285
8284
8287
8294
8302
8524
8656
8628
8628
8647
8651
8665
8596
8596
8598
8598
8598
8600
8610
8844
8844
8835
8889
8856
8872
8923
8920
8917
8920
8977
8974
8973
8973
8975
8975
8975
8977
8988
8987
8987
8987
8987
8987
8987
8987
8987
8987
8987
8987
8987
8986
8986
8985
8987
9086
8983
8968
8962
8944
8936
8930
8942
8935
8935
8936
8942
8954
9146
9161
9187
9215
9129
9162
9183
9171
9167
9193
9223
9372
9372
9402
9401
9361
9370
9378
9272
9270
9267
9266
9259
9283
9476
9498
9567
9598
9586
9676
9724
9727
9797
9877
9887
9902
9920
9893
9850
9837
9775
9790
9826
10027
10065
10071
10109
10064
10062
10076
10059
10193
10286
10302
10294
10244
10226
10223
10187
10194
10239
10466
10607
10638
10697
10597
10709
10749
10766
10764
10764
10764
10764
10764
10763
10758
10757
10757
10757
10757
10757
10757
10757
10757
10757
10757
10757
10757
10757
10757
10758
10758
10758
10758
10758
10758
10758
10758
10758
10758
10758
10758
10758
10758
10758
10758
10758
10758
10758
10758
10758
10758
10758
10758
10758
10758
10758
10758
10758
10758
10749
10749
10749
10749
10749
10749
10749
10749
10749
10749
10749
10749
10749
10749
10749
10748
10748
10748
10748
10748
10748
10748
10748
10748
10748
10748
10748
10748
10748
10748
10752
10754
10754
10755
10754
10755
10754
10755
10754
10755
10754
10755
10754
10755
10754
10754
10753
10754
10753
10754
10753
10754
10753
10754
10753
10754
10753
10754
10753
10754
10752
10753
10752
10753
10752
10753
10752
10753
10752
10753
10752
10753
10753
10753
10753
10753
10752
10753
10752
10753
10752
10753
10752
10753
10752
10753
10752
10753
10752
10753
10743
10744
10744
10744
10744
10744
10744
10744
10744
10744
10744
10744
10744
10744
10744
10744
10744
10744
10744
10744
10744
10744
10744
10744
10744
10744
10744
10744
10744
10744
10744
10744
10744
10744
10744
10744
10744
10744
10744
10744
10744
10744
10744
10744
10744
10744
10744
10744
10744
10744
10744
10744
10744
10744
10744
10744
10744
10744
10744
10744
10740
10741
10741
10741
10741
10741
10741
10741
10741
10741
10741
10741
10741
10741
10741
10740
10740
10740
10740
10740
10740
10740
10740
10740
10740
10740
10740
10740
10740
10740
10740
10740
10740
10740
10740
10740
10740
10740
10740
10740
10740
10740
10740
10740
10740
10740
10740
10740
10740
10740
10740
10740
10740
10740
10740
10740
10740
10740
10740
10740
10739
10740
10739
10740
10739
10740
10739
10740
10739
10740
10739
10740
10739
10740
10739
10740
10739
10740
10739
10740
10739
10740
10739
10740
10739
10740
10739
10740
10739
10739
10750
10751
10752
10752
10752
10752
10752
10752
10752
10752
10752
10751
10752
10751
10752
10752
10751
10752
10751
10752
10751
10752
10751
10752
10751
10752
10751
10752
10751
10752
10750
10751
10751
10751
10751
10751
10751
10751
10751
10751
10751
10751
10751
10751
10751
10751
10750
10751
10750
10751
10751
10752
10751
10752
10751
10752
10751
10752
10751
10752
10737
10737
10737
10736
10736
10736
10736
10736
10736
10736
10736
10736
10736
10736
10736
10738
10738
10738
10738
10738
10738
10738
10738
10738
10738
10737
10737
10737
10737
10736
10739
10738
10739
10738
10739
10738
10739
10738
10739
10738
10739
10738
10739
10738
10739
10737
10738
10737
10738
10737
10738
10737
10738
10737
10738
10737
10738
10737
10738
10737
10747
10748
10748
10748
10748
10748
10748
10748
10748
10748
10748
10748
10748
10748
10748
10749
10748
10749
10748
10749
10748
10749
10748
10748
10748
10748
10748
10748
10748
10748
10749
10748
10749
10748
10749
10748
10749
10748
10749
10748
10749
10748
10749
10748
10749
10748
10748
10748
10748
10748
10748
10748
10748
10748
10748
10748
10748
10748
10748
10748
10743
10744
10744
10744
10744
10744
10744
10744
10744
10744
10744
10744
10744
10744
10744
10744
10744
10744
10744
10744
10744
10744
10744
10744
10744
10744
10744
10744
10744
10744
10748
10750
10750
10751
10750
10751
10750
10751
10750
10751
10750
10751
10750
10751
10750
10749
10749
10749
10749
10749
10749
10749
10749
10749
10749
10749
10749
10749
10749
10749
10748
10747
10748
10747
10748
10747
10748
10747
10748
10747
10748
10747
10748
10748
10748
10748
10748
10748
10748
10748
10748
10748
10748
10748
10748
10748
10748
10748
10748
10748
10739
10739
10739
10739
10739
10739
10739
10739
10739
10739
10739
10739
10739
10739
10739
10739
10739
10730
10730
10730
10730
10730
10730
10730
10739
10739
10739
10739
10739
10739
10739
10739
10739
10739
10739
10739
10739
10739
10739
10739
10739
10739
10739
10739
10739
10739
10739
10739
10739
729
729
729
729
729
729
729
729
729
729
729
729
729
729
729
739
739
732
731
729
729
729
729
729
730
729
729
729
729
729
926
925
907
906
817
816
814
731
749
981
1085
1299
1415
1506
1530
1528
1472
1693
1747
1880
2032
2104
2140
2140
2080
2336
2430
2398
2461
2578
2567
2572
2505
2508
2732
2809
2909
2957
3033
3197
3300
3249
3252
3280
3530
3633
3776
3906
3915
3932
3930
3874
3866
3867
3867
3869
3882
3880
3881
3922
4176
4198
4167
4290
4336
4302
4305
4190
4190
4190
4190
4163
4163
4163
4163
4163
4163
4163
4163
4163
4163
4163
4163
4163
4179
4179
4178
4180
4180
4179
4180
4387
4446
4539
4676
4697
4700
4694
4920
4993
4985
4987
4915
4924
4946
5123
5340
5313
5315
5220
5395
5555
5546
5536
5657
5666
5652
5655
5587
5585
5585
5556
5556
5557
5557
5557
5773
5871
6075
6214
6244
6242
6246
6205
6414
6476
6559
6606
6667
6817
6974
6906
6908
6906
6910
6983
7194
7198
7206
7339
7339
7318
7313
7203
7203
7234
7189
7187
7187
7187
7187
7185
7185
7185
7185
7184
7184
7185
7187
7187
7188
7187
7189
7189
7189
7189
7239
7405
7486
7554
7723
7753
7860
7956
8057
8069
8077
8083
8085
8310
8361
8405
8589
8583
8722
8769
8708
8714
8736
9012
9125
9115
9177
9300
9294
9301
9232
9232
9231
9199
9228
9435
9507
9662
9775
9792
9796
9780
9728
9734
9731
9733
9987
10007
9978
9982
9895
9945
10188
10406
10383
10367
10289
10292
10362
10538
10543
10512
10656
10673
10644
10644
10521
10520
10520
10517
10502
10501
10502
10501
10502
10500
10501
10500
10501
10500
10501
10500
10501
10500
10501
10500
10501
10500
10501
10500
10502
10501
10502
10501
10502
10501
10502
10501
10502
10502
10502
10502
10502
10502
10502
10502
10504
10503
10504
10503
10504
10503
10504
10503
10504
10503
10504
10503
10504
10503
10502
10502
10502
10502
10502
10502
10502
10502
10502
10502
10502
10502
10502
10502
10502
10502
10502
10502
10502
10502
10502
10502
10502
10502
10502
10502
10502
10502
10502
10502
10502
10502
10502
10502
10502
10502
10502
10502
10502
10502
10502
10502
10502
10502
10502
10500
10500
10500
10500
10500
10500
10500
10500
10500
10500
10500
10500
10500
10500
10500
10500
10500
10500
10500
10500
10500
10500
10500
10500
10500
10500
10500
10500
10500
10500
10500
10500
10500
10500
10500
10500
10500
10500
10500
10500
10500
10500
10500
10500
10500
10500
10500
10500
10500
10500
10500
10500
10500
10500
10500
10500
10500
10500
10500
10500
10500
10500
10500
10500
10500
10500
10500
10500
10500
10500
10500
10500
10500
10500
10500
10501
10501
10501
10501
10501
10501
10501
10501
10501
10501
10501
10501
10504
10504
10504
10503
10503
10503
10503
10503
10503
10503
10503
10503
10503
10503
10503
10503
10503
10503
10502
10502
10502
10502
10502
10502
10502
10502
10502
10502
10502
10502
10502
10492
10491
10496
10499
10504
10502
10498
10497
10495
10509
10514
10512
10513
10512
10514
10517
10519
10518
10518
10518
10518
10518
10517
10517
10519
10517
10518
10518
10760
10821
10965
11151
11173
11286
11288
11290
11241
11240
11268
11269
11273
11270
11268
11266
11267
11268
11273
11276
11275
11247
11273
11281
11280
11281
11327
11632
11632
11597
11595
11506
11508
11527
11475
11475
11473
11469
11469
11469
11474
11474
11472
11469
11471
11475
11486
11488
11472
11481
11455
11476
11486
11487
11488
11488
11728
11747
11820
11908
11938
11935
12018
12176
12264
12263
12217
12217
12218
12218
12174
12171
12173
12174
12175
12174
12172
12163
12164
12166
12170
12172
12181
12416
12547
12753
12799
12782
12936
12972
12916
12921
12949
12945
12943
12938
12936
12936
12935
12936
13154
13218
13224
13432
13489
13557
13576
13505
13505
13510
13507
13507
13507
13507
13507
13507
13515
13516
13516
13518
13520
13520
13518
13520
13513
13513
13512
13739
13772
13838
13973
14003
14167
14226
14189
14186
14183
14172
14175
14191
14191
14196
14348
14376
14436
14481
14528
14726
14761
14672
14708
14721
14738
14778
14797
14809
14818
14924
14942
15029
15027
14998
14998
14998
14995
14917
14917
14916
14916
14912
14912
14912
14913
14913
14914
14914
14913
14913
14913
14914
14914
14914
14914
15157
15210
15242
15497
15441
15441
15439
15385
15384
15381
15613
15734
15851
16008
15984
15985
16000
15973
15989
16010
16220
16285
16368
16421
16313
16430
16670
16648
16649
16592
16592
16593
16593
16537
16537
16538
16537
16537
16537
16537
16537
16537
16537
16537
16537
16537
16538
16539
16515
16519
16511
16513
16515
16521
16534
16540
16537
16536
16533
16536
16527
16525
16524
16541
16540
16541
16540
16541
16540
16541
16541
16543
16538
16755
16763
16794
16830
16941
16876
17012
17147
17207
17201
17205
17205
17214
17427
17532
17690
17916
17888
17893
17892
17892
17840
17840
17848
17848
17849
17848
17843
17855
17856
17856
17860
17862
17860
17860
17855
17852
17846
17838
17858
17862
17865
18105
18285
18244
18243
18145
18146
18154
18111
18114
18111
18109
18126
18126
18127
18130
18128
18128
18128
18128
18128
18128
18126
18126
18125
18126
18125
18125
18125
18125
18126
18128
18129
18150
18394
18447
18507
18566
18609
18723
18794
18753
18751
18751
18752
18750
18751
18750
18751
18750
18726
18725
18725
18733
18733
18733
18729
18732
18731
18738
18736
18739
18739
18743
18744
18748
18749
18751
18748
18743
18746
18746
18749
18752
18751
18749
18749
18747
18749
18747
18748
18748
18748
18748
18748
18748
18747
18751
18748
18749
18747
18749
18748
18750
18765
18973
19030
19112
19255
19314
19459
19589
19657
19866
19877
19944
19953
19942
19944
19940
19939
19839
19829
19821
19817
19820
19826
19830
19829
20034
20095
20195
20394
20407
20423
20423
20423
20367
20366
20366
20366
20366
20366
20366
20366
20365
20365
20365
20365
20365
20365
20365
20360
20361
20360
20361
20360
20361
20360
20361
20360
20361
20360
20361
20360
20361
20360
20362
20362
20362
20362
20362
20362
20362
20362
20362
20362
20362
20362
20362
20362
20362
20361
20362
20361
20362
20368
20369
20368
20369
20368
20369
20368
20369
20368
20369
20368
20357
20359
20359
20359
20353
20340
20342
20345
20343
20341
20339
20339
20335
20331
20328
20334
20335
20334
20339
20342
20343
20341
20347
20346
20360
20362
20367
20365
20369
20384
20612
20744
20764
20762
20672
20660
20664
20596
20609
20611
20612
20611
20608
20603
20606
20625
20836
20875
20928
20942
20944
21031
21035
20998
21032
21212
21213
21208
21204
21188
21187
21189
21111
21271
21311
21322
21325
21281
21274
21365
21330
21473
21486
21523
21522
21473
21490
21501
21407
21407
21407
21407
21408
21408
21409
21407
21598
21628
21614
21624
21578
21598
21606
21582
21769
21811
21817
21818
21786
21778
21778
21769
21714
21714
21712
21709
21708
21709
21709
21710
21709
21710
21709
21710
21709
21710
21709
21711
21710
21708
21706
21705
21705
21705
21705
21705
21705
21705
21705
21705
21705
21705
21705
21705
21705
21704
21701
21701
21701
21701
21701
21701
21706
21700
21705
21705
21699
21691
21693
21693
21716
21716
21713
21718
21711
21704
21705
21714
21726
21732
21726
21726
21725
21725
21725
21724
21723
21723
21723
21723
21723
21723
21723
21723
21723
21723
21723
21726
21726
21731
21728
21959
22055
22117
22278
22282
22285
22283
22428
22623
22658
22658
22569
22583
22786
22908
23072
23263
23304
23306
23302
23297
23299
23301
23582
23733
23717
23723
23631
23630
23609
23577
23576
23577
23573
23576
23576
23578
23585
23586
23581
23576
23584
23583
23579
23565
23575
23578
23580
23583
23583
23585
23809
23851
23867
24069
24137
24200
24390
24347
24346
24334
24350
24350
24350
24350
24350
24350
24350
24350
24350
24350
24349
24355
24356
24356
24359
24351
24360
24358
24357
24356
24356
24355
24356
24353
24356
24357
24374
24615
24695
24818
24992
25092
25284
25440
25549
25643
25778
25770
25795
25812
25770
25782
25779
25667
25675
25677
25677
25676
25892
26031
26197
26363
26371
26365
26382
26379
26318
26320
26317
26318
26318
26318
26318
26318
26318
26318
26318
26318
26318
26318
26318
26318
26318
26322
26323
26320
26328
26321
26320
26320
26320
26320
26320
26320
26320
26320
26320
26319
26314
26313
26313
26313
26313
26313
26313
26313
26313
26287
26292
26298
26302
26319
26325
26320
26321
26326
26323
26322
26321
26323
26322
26532
26576
26623
26693
26695
26814
26875
26878
26959
27021
27143
27156
27215
27211
27181
27160
27162
27105
27109
27277
27315
27483
27573
27486
27580
27618
27575
27616
27772
27767
27790
27778
27741
27749
27776
27676
27891
27970
27979
28004
27912
27913
27906
28084
28117
28245
28261
28112
28111
28111
28095
28104
28102
28101
28091
28091
28104
28095
28092
28110
28116
28116
28103
28122
28122
28125
28120
28100
28122
28294
28302
28298
28335
28279
28303
28304
28334
28339
28336
28349
28351
28351
28346
28345
28346
28345
28346
28345
28346
28345
28346
28345
28347
28346
28347
28346
28348
28347
28349
28348
28349
28348
28349
28348
28349
28348
28349
28348
28349
28348
28349
28348
28348
28345
28347
28345
28347
28345
28347
28345
28347
28345
28347
28344
28346
28344
28345
28373
28372
28372
28372
28372
28372
28371
28372
28372
28372
28372
28371
28371
28370
28369
28368
28368
28368
28361
28361
28361
28361
28361
28361
28361
28361
28362
28362
28362
28362
28363
28363
28363
28362
28363
28363
28363
28363
28363
