0
1
2
3
4
5
6
7
8
9
16
17
40
42
44
61
62
63
64
65
66
67
68
69
70
71
72
73
74
75
76
77
78
79
80
81
82
83
84
85
86
87
103
104
105
106
107
108
109
110
490
491
492
493
494
495
496
512
513
514
515
516
517
518
519
520
633
687
688
689
690
691
692
693
694
695
696
697
698
762
763
764
792
919
920
921
922
923
924
925
926
973
998
1061
1062
1063
1064
1065
1264
1265
1266
1292
1307
1327
1602
1645
1719
1720
1721
1842
1843
1844
1845
1846
1847
1848
1849
1850
1877
1878
1879
1880
1881
1882
1883
1884
1885
1886
1887
1888
1890
1936
1945
1946
1947
2036
2037
2038
2039
2040
2041
2042
2043
2044
2045
2046
2047
2048
2049
2050
2051
2078
2079
2080
2081
2082
2083
2084
2085
2086
2096
2107
2108
2109
2110
2111
2112
2124
2125
2138
2139
2140
2141
2142
2143
2144
2145
2174
2175
2176
2177
2178
2179
2202
2203
2204
2205
2206
2227
2301
2302
2303
2320
2321
2322
2323
2386
2387
2388
2389
2412
2413
2414
2415
2416
2417
2418
2419
2420
2421
2422
2423
2424
2425
2426
2427
2428
2429
2430
2542
2543
2544
2545
2546
2547
2565
2566
2567
2596
2597
2598
2599
2624
2625
2626
2627
2628
2663
2671
2672
2673
2674
2675
2676
2677
2699
2700
2701
2702
2703
2704
2809
2810
2811
2812
2813
2814
2881
2882
2883
2884
2885
2886
2887
2888
2889
2890
2891
2892
2893
2894
2895
2896
2897
2898
2899
3008
3037
3038
3039
3040
3041
3042
3104
3129
3130
3131
3132
3133
3134
3135
3136
3137
3138
3139
3140
3141
3142
3143
3144
3145
3146
3147
3148
3149
3150
3151
3152
3153
3154
3155
3156
3157
3158
3159
3160
3161
3162
3163
3164
3165
3166
3167
3168
3169
3212
3213
3214
3215
3216
3217
3249
3250
3268
3312
3313
3314
3342
3343
3360
3386
3387
3388
3389
3390
3391
3402
3403
3404
3463
3464
3465
3466
3467
3468
3469
3470
3471
3472
3495
3496
3497
3498
3519
3533
3534
3535
3536
3537
3538
3539
3540
3541
3542
3543
3544
3545
3546
3547
3548
3549
3550
3551
3585
3586
3587
3588
3589
3590
3608
3609
3610
3611
3612
3613
3614
3615
3616
3617
3618
3619
3620
3621
3622
3623
3624
3625
3626
3627
3628
3629
3630
3631
3632
3633
3634
3635
3636
3637
3638
3639
3640
3647
3650
3664
3665
3666
3667
3677
3678
3679
3680
3681
3682
3683
3684
3685
3686
3687
3688
3689
3690
3691
3692
3693
3694
3695
3696
3710
3711
3712
3726
3741
3749
3750
3751
3752
3753
3754
3755
3756
3757
3758
3759
3760
3793
3794
3795
3796
3797
3798
3799
3800
3801
3802
3803
3804
3805
3806
3871
3916
3917
3918
3919
3920
3921
3922
3923
3924
3925
3926
3927
3928
3929
3930
3951
3952
3953
3956
3957
3958
3959
3960
3961
3962
3963
3964
3965
3966
3967
3968
3969
3970
3971
3972
3973
3974
3975
3976
3977
3978
3979
3980
3981
3982
3987
3988
3989
3990
3991
3992
3993
3994
3995
3996
3997
3998
3999
4000
4001
4002
4003
4004
4120
4121
4159
4160
4187
4188
4208
4212
4213
4214
4222
4223
4224
4225
4226
4227
4228
4229
4230
4231
4232
4233
4234
4235
4236
4237
4238
4239
4240
4241
4242
4243
4244
4245
4246
4247
4248
4249
4250
4251
4252
4253
4329
4330
4331
4332
4333
4334
4335
4336
4337
4338
4339
4340
4341
4342
4343
4344
4359
4370
4371
4372
4373
4391
4392
4393
4394
4395
4406
4446
4464
4465
4466
4467
4468
4569
4570
4611
4619
4622
4623
4627
4631
4632
4633
4634
4635
4636
4637
4638
4639
4640
4641
4642
4643
4644
4671
4698
4699
4708
4710
4711
4712
4713
4714
4739
4740
4805
4806
4807
4808
4809
4810
4811
4812
4813
4814
4815
4816
4817
4818
4819
4820
4821
4822
4823
4824
4825
4826
4827
4828
4829
4830
4831
4832
4833
4834
4835
4836
4837
4838
4839
4840
4841
4874
4875
4876
4884
4885
4886
4887
4888
4890
4891
4892
4893
4894
4895
4896
4897
4898
4899
4900
4901
4902
4911
4912
4913
4914
4915
4916
4917
4918
4919
4920
4972
4973
4974
4975
4987
5017
5018
5019
5020
5021
5031
5032
5033
5034
5035
5036
5037
5038
5039
5040
5041
5042
5043
5050
5051
5052
5053
5054
5055
5056
5060
5129
5130
5131
5132
5281
5282
5283
5284
5285
5286
5287
5288
5289
5298
5299
5300
5301
5302
5303
5304
5371
5372
5373
5374
5375
5376
5377
5378
5379
5380
5381
5382
5383
5384
5385
5386
5387
5388
5389
5390
5391
5392
5393
5394
5395
5396
5397
5398
5399
5400
5401
5402
5403
5404
5405
5406
5407
5444
5445
5446
5447
5448
5449
5450
5451
5461
5462
5463
5464
5465
5466
5467
5468
5469
5470
5471
5472
5473
5474
5506
5507
5531
5541
5542
5543
5544
5545
5546
5554
5555
5556
5557
5558
5559
5560
5561
5562
5563
5564
5565
5588
5589
5590
5591
5592
5593
5594
5595
5596
5597
5598
5599
5600
5601
5616
5617
5618
5619
5620
5640
5650
5651
5652
5653
5654
5655
5656
5657
5658
5659
5660
5661
5662
5663
5664
5665
5740
5741
5742
5743
5744
5745
5746
5952
5953
5954
5955
5956
6185
6186
6187
6198
6210
6211
6263
6264
6266
6320
6321
6322
6323
6324
6325
6326
6327
6328
6597
6612
6613
6614
6615
6616
6617
6618
6619
6634
6635
6636
6637
6638
6639
6640
6641
6642
6643
6644
6645
6646
6647
6648
6649
6650
6651
6652
6653
6654
6655
6725
6746
6747
6748
6749
6750
6751
6752
6753
6754
6755
6756
6757
6758
6759
6760
6761
6762
6763
6764
6765
6766
6767
6768
6769
6785
6786
6810
6811
6812
6813
6814
6815
6816
6817
6818
6819
6820
6937
6938
6939
6947
6948
6949
6950
6951
6952
6960
6961
6962
6963
6964
6965
6979
6980
7034
7035
7055
7056
7061
7062
7089
7091
7134
7135
7136
7137
7138
7139
7276
7277
7278
7279
7280
7281
7282
7283
7284
7285
7286
7287
7288
7314
7335
7336
7337
7338
7339
7340
7341
7342
7357
7358
7501
7502
7503
7504
7505
7506
7507
7508
7509
7510
7511
7512
7513
7514
7515
7516
7517
7518
7519
7520
7521
7522
7523
7524
7561
7565
7639
7640
7732
7733
7734
7735
7736
7800
7801
7802
7803
7804
7805
7806
7807
7903
7904
7905
7987
7988
7989
7996
8118
8119
8120
8121
8122
8123
8124
8125
8126
8127
8128
8129
8130
8147
8148
8149
8150
8151
8152
8153
8154
8155
8156
8157
8158
8159
8160
8161
8162
8163
8164
8173
8174
8175
8176
8193
8194
8206
8207
8208
8210
8211
8219
8220
8221
8222
8223
8224
8231
8232
8233
8234
8235
8236
8237
8238
8239
8240
8241
8242
8243
8244
8245
8252
8253
8254
8255
8256
8257
8258
8259
8260
8261
8262
8263
8264
8265
8266
8267
8268
8269
8270
8271
8272
8273
8274
8280
8281
8282
8283
8284
8285
8286
8287
8288
8289
8290
8291
8292
8293
8294
8295
8296
8304
8324
8325
8326
8327
8328
8329
8330
8331
8332
8333
8334
8335
8336
8337
8338
8352
8353
8354
8355
8356
8357
8358
8359
8360
8361
8362
8363
8364
8365
8366
8367
8368
8369
8370
8371
8372
8373
8374
8375
8376
8377
8378
8379
8380
8388
8389
8390
8391
8392
8400
8401
8402
8403
8404
8405
8406
8407
8408
8409
8410
8411
