15
15
15
15
15
15
15
15
15
15
15
15
15
15
15
17
13
12
12
12
12
16
16
16
14
13
12
11
16
16
16
16
16
11
16
13
14
14
16
16
12
12
15
17
16
16
16
16
17
16
12
12
13
16
12
12
11
11
16
17
17
16
14
12
14
14
14
14
14
14
14
14
15
14
14
14
14
14
14
14
14
14
14
12
11
11
11
11
11
11
11
11
11
13
11
14
14
14
16
13
15
15
8
11
8
10
10
10
10
10
10
10
10
10
10
10
12
15
7
15
17
10
15
10
7
7
9
15
13
12
14
17
15
15
13
15
14
16
15
17
17
17
14
14
18
32
33
52
52
48
46
56
60
55
55
57
56
53
65
80
73
97
99
95
100
99
101
96
100
101
103
115
128
128
132
129
131
134
135
137
138
130
138
142
152
154
163
168
172
173
176
181
182
184
179
182
185
196
195
198
200
207
218
217
220
214
212
215
214
218
229
249
252
249
250
249
253
256
253
262
257
267
270
276
279
284
284
284
290
290
290
297
294
300
292
309
310
311
328
325
340
350
350
347
353
347
352
356
349
349
351
356
349
353
353
355
355
354
350
350
350
349
358
353
361
367
365
368
370
377
382
382
398
400
399
401
397
398
410
406
422
418
418
423
426
430
451
461
462
458
466
472
468
478
477
477
473
476
488
494
497
504
507
516
516
511
510
513
525
530
524
535
535
530
535
537
537
534
538
545
550
546
556
561
569
574
568
570
569
570
565
582
579
588
589
589
598
596
601
605
609
608
606
604
613
635
646
651
650
649
654
655
659
660
658
658
668
676
681
682
687
689
698
696
699
705
715
713
722
730
736
728
741
738
745
760
769
776
776
778
780
781
776
784
787
788
792
793
794
792
796
792
790
794
790
790
789
793
790
805
806
812
830
828
829
828
825
837
843
845
840
838
846
846
842
847
849
850
848
857
861
855
863
867
873
875
881
881
879
878
878
880
890
892
901
909
902
907
906
907
909
908
922
916
928
924
927
930
935
936
938
947
952
949
951
949
953
953
953
948
960
958
967
965
974
973
971
969
968
968
968
972
973
967
969
972
975
982
990
997
998
998
998
996
1001
999
1003
1002
1002
997
1003
1004
1006
1007
1007
1008
1009
1009
1009
1009
1009
1009
1013
1011
1008
1014
1014
1014
1013
1012
1014
1010
1002
1000
1000
1000
999
999
999
999
999
999
999
999
999
999
999
999
1009
1013
1013
1009
1012
1013
1009
1012
1013
1014
1012
1013
1013
1015
1010
1016
1015
1013
1009
1014
1013
1012
1012
1012
1013
1009
1014
1013
1013
1008
1015
1013
1004
1015
1015
1014
1012
1015
1017
1007
1009
1015
1012
1013
1013
1014
1016
1008
1006
1010
1011
1000
999
999
999
999
1007
1016
1016
1015
1017
1012
1003
1012
1012
1016
1012
1008
1013
1015
1014
1012
1015
1017
1019
1016
1016
1015
1015
1013
1017
1015
1019
1017
1017
1017
1013
1029
1044
1055
1057
1058
1058
1056
1060
1060
1065
1068
1067
1067
1059
1063
1076
1115
1125
1135
1132
1134
1134
1134
1134
1134
1134
1140
1139
1140
1164
1188
1190
1193
1197
1197
1199
1201
1203
1204
1202
1203
1203
1199
1199
1196
1203
1197
1205
1202
1206
1206
1204
1211
1212
1241
1249
1263
1264
1270
1270
1280
1283
1284
1285
1285
1285
1288
1287
1291
1289
1291
1292
1282
1284
1284
1285
1285
1285
1285
1285
1285
1283
1284
1284
1284
1284
1284
1284
1284
1284
1287
1308
1312
1326
1329
1331
1332
1332
1332
1335
1339
1334
1341
1340
1340
1338
1336
1336
1337
1341
1339
1336
1336
1341
1338
1339
1339
1341
1338
1338
1342
1343
1338
1344
1343
1346
1358
1378
1376
1378
1378
1378
1378
1381
1377
1382
1377
1384
1380
1382
1380
1379
1382
1379
1379
1383
1383
1380
1380
1381
1380
1382
1382
1381
1380
1380
1380
1384
1382
1381
1385
1391
1391
1391
1391
1389
1396
1387
1400
1406
1408
1409
1407
1406
1412
1411
1416
1410
1411
1411
1411
1411
1411
1412
1411
1420
1421
1424
1426
1428
1429
1426
1423
1423
1428
1423
1431
1426
1434
1433
1433
1439
1443
1438
1436
1435
1439
1442
1437
1446
1445
1450
1452
1456
1459
1461
1461
1457
1454
1460
1459
1459
1459
1458
1464
1462
1458
1458
1457
1463
1463
1463
1459
1457
1469
1471
1471
1473
1478
1474
1474
1479
1480
1477
1478
1472
1476
1483
1488
1489
1493
1493
1497
1493
1497
1497
1494
1494
1494
1497
1497
1496
1491
1489
1496
1499
1505
1507
1507
1503
1508
1515
1511
1511
1506
1506
1510
1508
1509
1509
1509
1506
1510
1516
1515
1517
1519
1518
1518
1520
1514
1515
1533
1531
1532
1535
1534
1537
1535
1539
1539
1542
1540
1539
1542
1539
1540
1540
1541
1540
1540
1540
1540
1540
1536
1536
1536
1536
1537
1540
1538
1535
1539
1538
1538
1534
1535
1537
1532
1539
1538
1538
1539
1541
1531
1540
1539
1538
1540
1539
1538
1535
1533
1532
1532
1533
1537
1537
1539
1538
1535
1543
1542
1534
1540
1540
1541
1543
1539
1540
1540
1540
1540
1540
1538
1539
1548
1557
1558
1567
1564
1568
1569
1568
1573
1568
1567
1567
1567
1571
1573
1577
1583
1597
1596
1598
1598
1598
1596
1597
1597
1599
1601
1596
1598
1602
1602
1608
1610
1610
1619
1618
1620
1624
1621
1621
1622
1621
1624
1621
1626
1624
1630
1629
1634
1634
1631
1629
1626
1629
1628
1628
1629
1633
1632
1628
1632
1632
1632
1629
1629
1631
1628
1633
1632
1628
1631
1628
1629
1633
1629
1634
1630
1631
1625
1630
1627
1629
1629
1629
1630
1629
1629
1629
1626
1626
1627
1627
1632
1634
1633
1640
1642
1642
1642
1651
1646
1649
1650
1651
1651
1647
1649
1654
1658
1660
1659
1666
1667
1666
1668
1669
1664
1665
1665
1668
1665
1674
1681
1687
1689
1693
1685
1696
1700
1710
1710
1714
1716
1720
1719
1719
1712
1721
1719
1719
1715
1721
1715
1719
1715
1715
1718
1716
1730
1732
1724
1741
1743
1737
1748
1753
1755
1762
1760
1764
1765
1766
1763
1773
1774
1790
1787
1792
1790
1796
1798
1805
1813
1816
1818
1819
1819
1817
1822
1825
1822
1826
1828
1828
1837
1849
1844
1842
1848
1855
1856
1861
1860
1864
1861
1870
1867
1871
1872
1874
1872
1875
1875
1874
1871
1882
1884
1894
1895
1892
1898
1897
1900
1900
1897
1902
1903
1897
1909
1911
1912
1912
1913
1915
1918
1917
1915
1916
1918
1918
1918
1917
1913
1909
1923
1927
1929
1929
1933
1938
1935
1941
1942
1939
1941
1939
1939
1942
1940
1945
1943
1948
1948
1948
1948
1953
1952
1952
1950
1952
1950
1955
1954
1957
1958
1955
1964
1961
1961
1960
1962
1960
1960
1957
1965
1973
1974
1987
1986
1984
2000
1999
1995
2003
2007
2008
2008
2009
2009
2009
2009
2007
2008
2012
2015
2011
2015
2013
2013
2013
2007
2017
2005
2015
2013
2014
2014
2012
2008
2015
2010
2014
2014
2014
2015
2011
2011
2011
2012
2016
2018
2034
2042
2042
2040
2037
2045
2046
2044
2045
2046
2046
2046
2046
2041
2054
2063
2068
2068
2070
2070
2068
2072
2073
2071
2070
2071
2071
2072
2073
2075
2077
2077
2077
2073
2072
2079
2084
2084
2084
2086
2095
2093
2102
2101
2097
2100
2100
2099
2099
2099
2097
2101
2100
2099
2097
2098
2093
2107
2105
2108
2111
2111
2123
2118
2121
2120
2124
2129
2128
2126
2126
2123
2128
2126
2131
2125
2124
2128
2131
2127
2133
2133
2133
2133
2135
2142
2138
2139
2139
2137
2131
2133
2136
2140
2143
2149
2149
2151
2154
2149
2154
2153
2155
2152
2156
2153
2150
2155
2155
2152
2150
2149
2154
2155
2153
2155
2154
2157
2161
2161
2161
2158
2167
2164
2160
2167
2165
2169
2164
2164
2164
2168
2176
2179
2185
2186
2185
2187
2184
2190
2192
2195
2192
2192
2192
2190
2185
2189
2198
2198
2197
2197
2204
2204
2203
2198
2201
2206
2208
2207
2210
2209
2206
2206
2206
2202
2205
2221
2226
2226
2226
2226
2226
2227
2235
2234
2228
2233
2235
2235
2230
2232
2226
2227
2236
2236
2235
2229
2228
2229
2234
2232
2241
2249
2245
2249
2252
2257
2261
2261
2272
2275
2286
2285
2287
2285
2284
2288
2286
2286
2296
2307
2308
2308
2311
2320
2322
2330
2330
2331
2334
2333
2335
2341
2339
2344
2342
2341
2348
2355
2356
2366
2366
2367
2365
2375
2374
2377
2380
2384
2387
2392
2399
2403
2398
2401
2396
2403
2402
2401
2399
2402
2420
2426
2427
2422
2428
2428
2451
2456
2452
2453
2461
2460
2463
2463
2462
2456
2465
2467
2462
2461
2461
2466
2470
2471
2468
2473
2474
2473
2483
2479
2478
2480
2480
2477
2478
2476
2477
2488
2491
2494
2505
2495
2517
2518
2519
2515
2525
2527
2528
2527
2528
2528
2528
2525
2524
2524
2526
2527
2527
2527
2530
2528
2527
2527
2525
2529
2530
2531
2533
2533
2528
2531
2532
2524
2534
2526
2530
2534
2540
2536
2529
2538
2540
2535
2539
2539
2536
2536
2529
2532
2534
2538
2539
2538
2538
2538
2537
2539
2540
2545
2551
2555
2557
2558
2554
2556
2556
2560
2564
2568
2574
2582
2585
2596
2591
2608
2605
2605
2619
2623
2629
2636
2634
2639
2636
2637
2631
2627
2629
2637
2637
2639
2642
2648
2647
2657
2653
2656
2657
2657
2657
2657
2654
2655
2660
2665
2665
2663
2670
2665
2671
2668
2668
2673
2672
2673
2673
2682
2681
2682
2674
2680
2679
2679
2682
2684
2684
2679
2678
2678
2678
2678
2678
2678
2673
2679
2682
2694
2695
2690
2695
2697
2692
2693
2694
2693
2700
2705
2707
2712
2712
2715
2713
2717
2721
2718
2720
2716
2720
2713
2721
2715
2729
2732
2736
2737
2733
2734
2734
2739
2736
2741
2746
2748
2748
2759
2759
2757
2763
2759
2769
2766
2762
2761
2759
2765
2780
2792
2794
2798
2795
2795
2798
2800
2797
2798
2799
2798
2808
2815
2823
2823
2820
2818
2826
2833
2845
2848
2846
2849
2853
2853
2850
2850
2850
2848
2847
2855
2857
2859
2855
2859
2865
2862
2874
2868
2871
2873
2873
2873
2875
2875
2875
2871
2877
2872
2875
2873
2871
2878
2879
2879
2882
2884
2884
2876
2878
2884
2886
2886
2886
2886
2886
2886
2881
2881
2881
2881
2881
2881
2881
2881
2881
2881
2871
2883
2879
2878
2872
2881
2880
2876
2881
2879
2877
2879
2882
2879
2882
2882
2881
2874
2882
2878
2880
2880
2880
2879
2879
2879
2879
2879
2878
2878
2880
2881
2882
2882
2882
2882
2882
2879
2882
2882
2879
2881
2880
2879
2879
2880
2875
2879
2882
2874
2880
2881
2885
2882
2882
2878
2882
2880
2874
2879
2881
2876
2881
2876
2877
2880
2880
2880
2875
2876
2874
2877
2876
2881
2876
2878
2876
2879
2876
2877
2878
2879
2879
2881
2882
2882
2877
2880
2880
2880
2880
2880
2876
2876
2877
2877
2877
2879
2882
2884
2885
2883
2885
2890
2899
2903
2906
2912
2912
2920
2925
2925
2927
2930
2936
2940
2944
2953
2952
2956
2960
2956
2966
2964
2961
2964
2965
2963
2968
2967
2980
2978
2979
2982
2985
2986
2992
2993
2991
2995
3002
3000
3004
3004
3008
3010
3011
3008
3012
3015
3015
3016
3017
3022
3026
3028
3023
3034
3030
3032
3031
3034
3035
3037
3039
3043
3045
3042
3043
3044
3046
3046
3046
3044
3049
3047
3046
3041
3044
3044
3044
3044
3048
3048
3048
3048
3048
3048
3047
3047
3047
3047
3047
3046
3045
3045
3046
3046
3048
3048
3048
3044
3047
3051
3050
3042
3048
3048
3047
3048
3052
3053
3054
3049
3053
3048
3049
3049
3046
3050
3047
3045
3047
3047
3047
3047
3047
3047
3047
3047
3047
3047
3047
3050
3051
3051
3058
3065
3060
3061
3063
3063
3064
3064
3064
3064
3068
3071
3074
3076
3078
3081
3081
3081
3080
3080
3080
3080
3080
3080
3082
3084
3081
3079
3084
3085
3089
3089
3089
3090
3090
3085
3085
3085
3085
3090
3087
3090
3088
3090
3084
3085
3087
3090
3090
3090
3090
3090
3090
3090
3090
3088
3088
3087
3086
3093
3095
3097
3097
3095
3095
3096
3101
3101
3101
3099
3104
3103
3101
3105
3099
3103
3108
3104
3109
3106
3108
3106
3107
3106
3108
3108
3108
3108
3107
3107
3107
3106
3106
3114
3118
3117
3118
3122
3122
3122
3122
3126
3126
3130
3132
3132
3130
3135
3130
3129
3129
3130
3130
3130
3130
3130
3130
3128
3129
3129
3148
3156
3167
3158
3179
3182
3194
3199
3197
3200
3200
3198
3198
3202
3205
3205
3205
3205
3204
3204
3204
3210
3214
3208
3232
3238
3235
3235
3235
3240
3245
3243
3243
3242
3237
3239
3239
3241
3245
3259
3267
3262
3266
3272
3282
3294
3296
3296
3300
3314
3314
3327
3329
3326
3338
3340
3348
3348
3353
3355
3355
3357
3357
3359
3361
3362
3362
3364
3362
3363
3375
3379
3399
3399
3399
3399
3399
3405
3406
3403
3403
3405
3405
3408
3408
3399
3408
3403
3403
3402
3402
3401
3403
3403
3403
3403
3401
3407
3403
3411
3428
3431
3429
3428
3426
3427
3431
3431
3430
3429
3429
3427
3428
3428
3428
3428
3431
3433
3445
3448
3456
3462
3465
3470
3478
3482
3491
3495
3495
3504
3511
3508
3515
3524
3533
3534
3540
3546
3549
3554
3548
3559
3565
3566
3566
3566
3566
3570
3571
3569
3573
3568
3564
3563
3563
3562
3563
3570
3568
3566
3570
3569
3566
3568
3567
3567
3567
3567
3564
3567
3570
3569
3564
3564
3566
3566
3566
3566
3566
3566
3565
3564
3562
3566
3573
3577
3577
3579
3586
3588
3584
3596
3597
3608
3611
3611
3612
3614
3616
3619
3620
3621
3621
3621
3621
3621
3621
3621
3621
3621
3621
3621
3621
3621
3621
3621
3621
3621
3621
3621
3621
3621
3621
3621
3630
3629
3629
3622
3628
3630
3631
3630
3629
3629
3624
3632
3633
3633
3626
3632
3632
3629
3631
3631
3631
3631
3627
3632
3621
3628
3621
3623
3622
3623
3623
3624
3623
3629
3628
3625
3629
3618
3624
3621
3626
3623
3623
3621
3623
3626
3625
3627
3621
3620
3621
3622
3623
3616
3629
3621
3623
3631
3625
3628
3627
3627
3628
3628
3627
3623
3624
3625
3627
3621
3624
3628
3624
3621
3621
3620
3613
3619
3618
3623
3623
3622
3623
3623
3617
3618
3625
3618
3614
3619
3621
3619
3619
3620
3624
3627
3629
3627
3620
3623
3627
3627
3625
3629
3626
3629
3628
3628
3628
3628
3628
3628
3628
3628
3626
3630
3630
3623
3628
3624
3630
3629
3626
3625
3625
3626
3624
3626
3625
3626
3624
3624
3625
3625
3625
3625
3622
3619
3611
3618
3623
3623
3628
3624
3616
3623
3624
3623
3627
3619
3622
3628
3624
3627
3624
3624
3625
3627
3625
3625
3624
3623
3623
3622
3624
3624
3623
3622
3622
3626
3627
3627
3625
3625
3625
3627
3629
3632
3633
3642
3639
3641
3641
3641
3639
3645
3649
3649
3646
3646
3646
3646
3646
3646
3645
3646
3646
3644
3649
3648
3644
3657
3664
3666
3666
3666
3663
3666
3662
3662
3668
3664
3668
3664
3670
3669
3669
3666
3664
3665
3665
3673
3671
3673
3679
3681
3681
3684
3684
3684
3684
3682
3681
3684
3686
3686
3686
3685
3686
3686
3686
3686
3686
3686
3686
3687
3691
3687
3688
3695
3693
3695
3692
3697
3696
3698
3696
3701
3705
3699
3699
3706
3709
3709
3709
3706
3706
3706
3706
3706
3707
3708
3708
3712
3709
3711
3714
3709
3711
3706
3706
3713
3707
3702
3707
3708
3707
3711
3708
3709
3709
3706
3709
3712
3710
3714
3716
3713
3712
3716
3715
3715
3715
3712
3712
3715
3724
3728
3728
3728
3729
3727
3733
3733
3732
3735
3736
3738
3740
3744
3748
3749
3748
3744
3750
3753
3755
3756
3755
3759
3758
3760
3759
3757
3756
3756
3757
3763
3768
3767
3767
3776
3782
3783
3783
3781
3788
3788
3785
3780
3782
3787
3788
3785
3786
3786
3786
3788
3788
3789
3785
3785
3785
3789
3785
3785
3788
3788
3786
3790
3784
3780
3780
3782
3782
3781
3781
3781
3781
3782
3782
3782
3783
3786
3781
3795
3804
3806
3809
3810
3810
3815
3818
3817
3820
3817
3809
3819
3815
3809
3820
3817
3814
3815
3815
3819
3810
3808
3808
3808
3813
3810
3809
3809
3808
3812
3813
3813
3812
3811
3816
3820
3830
3833
3837
3838
3838
3838
3838
3843
3846
3846
3842
3844
3835
3845
3846
3843
3843
3843
3843
3843
3838
3827
3827
3827
3827
3827
3827
3827
3827
3827
3827
3827
3827
3827
3827
3827
3827
3827
3827
3827
3827
3827
3827
3827
3827
3827
3827
3839
3832
3835
3834
3840
3840
3832
3842
3841
3842
3840
3854
3852
3853
3850
3853
3856
3850
3848
3854
3851
3856
3854
3847
3851
3852
3847
3855
3852
3852
3855
3852
3852
3856
3851
3852
3854
3854
3850
3849
3851
3851
3857
3859
3855
3854
3869
3877
3880
3891
3898
3910
3912
3926
3920
3942
3955
3949
3957
3968
3971
3975
3978
3976
3974
3973
3973
3973
3973
3982
3982
3981
3980
3982
3985
3994
4001
4012
4010
4030
4046
4050
4061
4064
4074
4077
4088
4092
4104
4115
4121
4129
4137
4152
4165
4170
4177
4182
4189
4186
4194
4196
4196
4195
4197
4199
4200
4200
4200
4201
4206
4202
4223
4221
4233
4245
4255
4261
4269
4285
4290
4303
4309
4319
4326
4333
4337
4346
4352
4344
4355
4353
4353
4353
4353
4353
4353
4355
4359
4359
4359
4359
4359
4357
4364
4362
4360
4359
4366
4368
4363
4371
4375
4374
4380
4390
4388
4396
4400
4408
4413
4426
4424
4433
4446
4452
4461
4468
4467
4480
4488
4491
4501
4507
4506
4510
4514
4523
4522
4523
4531
4531
4542
4548
4552
4550
4555
4553
4557
4558
4560
4566
4563
4572
4570
4578
4570
4576
4576
4576
4576
4574
4574
4574
4575
4583
4584
4583
4582
4584
4573
4582
4584
4579
4576
4578
4578
4575
4579
4576
4572
4579
4567
4563
4563
4563
4563
4563
4563
4563
4563
4563
4563
4563
4563
4563
4563
4563
4563
4563
4563
4563
4563
4563
4563
4563
4563
4563
4563
4563
4563
4563
4563
4563
4563
4563
4563
4563
4563
4563
4563
4563
4563
4563
4563
4563
4563
4563
4563
4563
4579
4577
4578
4577
4568
4581
4577
4580
4569
4580
4578
4571
4571
4580
4577
4578
4575
4568
4570
4575
4566
4575
4577
4577
4575
4571
4563
4566
4568
4570
4573
4572
4578
4578
4580
4575
4576
4578
4578
4577
4577
4577
4577
4577
4576
4576
4576
4576
4570
4578
4573
4580
4579
4584
4585
4585
4585
4585
4583
4585
4582
4589
4593
4591
4592
4589
4593
4593
4595
4594
4596
4593
4596
4594
4594
4595
4594
4594
4594
4594
4593
4599
4600
4604
4610
4611
4611
4610
4607
4610
4605
4613
4611
4611
4610
4610
4612
4611
4611
4616
4619
4619
4619
4619
4622
4618
4617
4617
4624
4621
4618
4625
4625
4620
4621
4621
4618
4624
4635
4633
4636
4636
4634
4639
4639
4636
4641
4636
4642
4637
4635
4641
4638
4638
4643
4638
4638
4640
4640
4640
4640
4640
4640
4642
4644
4649
4646
4650
4652
4655
4652
4657
4656
4655
4655
4656
4653
4653
4658
4661
4663
4663
4663
4663
4661
4667
4666
4667
4667
4667
4668
4667
4668
4670
4667
4662
4667
4670
4661
4666
4662
4668
4668
4665
4666
4666
4664
4663
4663
4663
4663
4659
4659
4666
4666
4668
4668
4675
4674
4672
4679
4672
4680
4680
4679
4679
4680
4677
4676
4678
4676
4677
4677
4679
4679
4679
4679
4679
4679
4679
4679
4679
4688
4693
4691
4696
4696
4696
4696
4694
4696
4694
4694
4694
4694
4696
4691
4697
4702
4702
4705
4707
4707
4709
4709
4709
4710
4712
4714
4713
4715
4708
4716
4716
4714
4713
4709
4713
4713
4712
4710
4704
4709
4704
4713
4711
4710
4710
4711
4715
4715
4716
4707
4714
4711
4713
4718
4708
4714
4714
4717
4713
4712
4717
4717
4709
4716
4716
4716
4716
4716
4717
4717
4717
4717
4717
4717
4717
4717
4717
4716
4717
4717
4708
4710
4714
4715
4710
4714
4710
4716
4711
4710
4715
4711
4714
4711
4712
4713
4714
4714
4710
4711
4711
4711
4711
4711
4710
4708
4713
4714
4714
4707
4709
4715
4713
4713
4708
4708
4709
4713
4714
4708
4709
4709
4710
4711
4711
4709
4709
4715
4712
4712
4715
4713
4705
4711
4714
4714
4714
4714
4714
4714
4714
4714
4714
4714
4714
4714
4714
4714
4714
4714
4714
4714
4714
4713
4714
4715
4715
4715
4712
4711
4714
4714
4711
4714
4707
4715
4713
4712
4709
4703
4706
4713
4709
4713
4714
4707
4721
4713
4721
4720
4714
4719
4719
4719
4722
4714
4718
4717
4716
4716
4716
4716
4716
4716
4719
4719
4719
4719
4713
4713
4715
4709
4714
4714
4715
4715
4713
4714
4709
4712
4712
4712
4711
4711
4711
4711
4711
4711
4711
4711
4711
4714
4714
4714
4714
4714
4714
4714
4714
4714
4714
4714
4714
4714
4714
4714
4714
4714
4714
4714
4714
4714
4714
4714
4714
4714
4714
4708
4709
4709
4712
4712
4712
4712
4710
4713
4712
4712
4715
4715
4714
4715
4714
4710
4708
4711
4714
4714
4714
4714
4714
4714
4711
4714
4714
4715
4715
4710
4710
4713
4713
4713
4713
4713
4714
4714
4714
4714
4714
4715
4716
4716
4712
4712
4712
4712
4712
4712
4714
4714
4714
4714
4712
4714
4715
4710
4713
4714
4714
4714
4710
4712
4711
4712
4711
4711
4711
4711
4711
4709
4716
4716
4715
4712
4712
4714
4710
4711
4713
4712
4712
4712
4711
4711
4715
4708
4710
4712
4712
4712
4713
4708
4708
4711
4708
4708
4708
4708
4708
4715
4714
4714
4715
4715
4715
4715
4715
4714
4714
4714
4714
4714
4712
4712
4712
4710
4710
4711
4715
4709
4713
4713
4714
4710
4710
4718
4717
4714
4717
4713
4712
4710
4713
4711
4714
4714
4711
4711
4711
4710
4716
4715
4709
4713
4712
4711
4712
4712
4712
4712
4712
4712
4712
4712
4712
4712
4712
4712
4712
4713
4713
4714
4715
4713
4708
4709
4710
4713
4706
4710
4703
4713
4704
4697
4709
4705
4707
4712
4712
4710
4711
4713
4706
4709
4706
4706
4706
4711
4709
4709
4709
4710
4705
4708
4707
4708
4705
4707
4706
4716
4708
4717
4709
4709
4713
4713
4708
4711
4718
4707
4713
4710
4706
4713
4715
4710
4709
4706
4714
4715
4711
4715
4715
4716
4716
4718
4716
4717
4717
4715
4714
4714
4705
4705
4714
4714
4709
4714
4716
4713
4713
4712
4716
4712
4711
4715
4714
4717
4710
4709
4715
4717
4716
4708
4710
4715
4717
4715
4716
4711
4712
4712
4716
4716
4718
4712
4708
4710
4713
4712
4712
4712
4712
4712
4711
4711
4712
4712
4712
4712
4712
4712
4712
4712
4712
4712
4713
4708
4707
4713
4715
4706
4715
4715
4713
4716
4713
4716
4713
4708
4709
4710
4710
4710
4710
4710
4716
4716
4716
4716
4716
4717
4717
4716
4712
4712
4712
4712
4712
4712
4712
4712
4709
4709
4710
4710
4710
4710
4710
4710
4710
4710
4710
4710
4710
4710
4710
4714
4713
4713
4710
4709
4709
4709
4709
4709
4710
4710
4710
4710
4710
4710
4710
4710
4710
4710
4710
4710
4711
4710
4712
4714
4716
4713
4711
4712
4712
4710
4713
4709
4717
4711
4712
4708
4710
4704
4706
4710
4708
4704
4718
4714
4715
4710
4713
4716
4717
4716
4717
4716
4714
4714
4712
4713
4712
4707
4706
4714
4712
4713
4715
4714
4710
4707
4713
4708
4709
4707
4706
4711
4702
4709
4718
4712
4712
4713
4708
4709
4709
4710
4717
4718
4712
4713
4716
4708
4706
4709
4709
4711
4711
4713
4714
4712
4714
4715
4716
4714
4711
4710
4708
4708
4709
4705
4716
4709
4708
4704
4706
4707
4706
4708
4704
4704
4702
4706
4711
4702
4701
4706
4705
4704
4710
4709
4698
4704
4704
4703
4709
4701
4713
4714
4715
4715
4715
4715
4715
4715
4713
4704
4706
4711
4714
4711
4713
4710
4711
4708
4714
4710
4711
4711
4714
4714
4715
4711
4703
4713
4711
4713
4713
4711
4710
4713
4714
4710
4704
4711
4708
4711
4712
4711
4711
4712
4714
4713
4713
4713
4710
4713
4713
4713
4710
4715
4716
4716
4716
4716
4713
4705
4721
4716
4738
4741
4741
4741
4738
4743
4743
4743
4741
4740
4739
4739
4739
4739
4744
4738
4747
4756
4763
4770
4770
4775
4775
4775
4778
4772
4779
4780
4781
4781
4778
4779
4779
4779
4781
4779
4779
4779
4779
4780
4770
4770
4770
4770
4770
4770
4770
4770
4770
4770
4770
4770
4770
4770
4770
4770
4770
4770
4770
4770
4770
4770
4770
4770
4770
4770
4770
4770
4770
4770
4770
4770
4770
4770
4770
4770
4770
4771
4771
4777
4775
4783
4785
4781
4790
4792
4790
4793
4789
4791
4795
4795
4791
4791
4803
4803
4799
4796
4795
4799
4800
4809
4809
4806
4809
4808
4810
4806
4808
4799
4797
4805
4800
4804
4805
4802
4798
4801
4804
4798
4805
4799
4809
4802
4806
4805
4812
4806
4807
4807
4807
4813
4809
4810
4812
4812
4809
4803
4806
4805
4806
4809
4798
4807
4807
4810
4810
4806
4807
4807
4805
4805
4805
4806
4807
4807
4807
4807
4806
4806
4806
4806
4807
4807
4807
4807
4807
4804
4805
4804
4811
4812
4812
4807
4807
4809
4814
4811
4810
4806
4807
4807
4807
4807
4807
4811
4813
4809
4813
4812
4813
4813
4813
4811
4811
4811
4811
4811
4815
4812
4818
4815
4819
4819
4821
4819
4825
4827
4827
4820
4822
4822
4822
4822
4822
4822
4822
4822
4822
4826
4826
4822
4826
4823
4826
4825
4822
4822
4822
4823
4824
4824
4830
4835
4840
4844
4844
4841
4845
4843
4841
4847
4845
4842
4842
4842
4844
4846
4847
4848
4849
4858
4858
4863
4863
4863
4863
4865
4864
4867
4870
4864
4867
4863
4874
4873
4873
4872
4871
4871
4872
4870
4872
4873
4873
4874
4879
4881
4882
4881
4880
4878
4887
4887
4887
4887
4887
4887
4886
4886
4885
4887
4887
4886
4893
4891
4896
4898
4901
4902
4905
4902
4903
4910
4909
4910
4913
4909
4909
4911
4912
4912
4907
4912
4913
4910
4912
4914
4913
4914
4907
4913
4911
4915
4914
4913
4912
4912
4909
4917
4922
4934
4931
4930
4936
4937
4932
4937
4933
4934
4943
4938
4952
4951
4958
4954
4962
4962
4963
4967
4968
4973
4969
4974
4978
4972
4977
4979
4982
4975
4979
4980
4976
4976
4976
4975
4983
4985
4989
4993
4996
5005
5003
5006
5004
5010
5011
5012
5017
5012
5016
5017
5015
5019
5017
5021
5013
5020
5020
5020
5019
5019
5019
5019
5019
5016
5012
5017
5020
5023
5023
5022
5019
5014
5021
5019
5019
5023
5019
5015
5018
5018
5023
5013
5027
5020
5025
5019
5024
5025
5024
5022
5019
5022
5025
5025
5024
5027
5026
5023
5024
5022
5022
5023
5022
5022
5022
5027
5026
5026
5023
5022
5022
5022
5022
5026
5026
5026
5026
5022
5024
5024
5024
5025
5025
5025
5023
5024
5024
5024
5024
5024
5026
5026
5023
5023
5023
5023
5023
5026
5021
5028
5026
5023
5019
5024
5026
5029
5019
5018
5025
5016
5025
5027
5020
5025
5028
5026
5017
5024
5024
5024
5023
5022
5025
5024
5024
5023
5019
5018
5023
5019
5019
5022
5023
5023
5023
5018
5018
5018
5020
5019
5024
5023
5028
5031
5037
5038
5038
5038
5039
5039
5039
5041
5041
5037
5040
5040
5044
5042
5042
5042
5042
5042
5045
5045
5045
5045
5043
5042
5043
5053
5050
5051
5055
5058
5060
5060
5060
5061
5065
5063
5065
5058
5063
5063
5065
5067
5069
5067
5066
5066
5066
5066
5065
5067
5072
5078
5080
5082
5082
5082
5084
5085
5078
5086
5082
5083
5083
5086
5084
5084
5087
5087
5087
5086
5084
5092
5095
5096
5092
5097
5098
5101
5101
5099
5100
5103
5101
5101
5101
5103
5101
5110
5106
5103
5114
5109
5099
5102
5111
5112
5112
5110
5111
5104
5103
5109
5109
5112
5110
5113
5113
5099
5099
5099
5099
5099
5099
5099
5098
5098
5098
5098
5098
5098
5098
5098
5098
5098
5098
5098
5098
5098
5098
5098
5098
5098
5098
5098
5098
5098
5098
5098
5098
5098
5098
5098
5098
5098
5098
5098
5098
5098
5098
5098
5098
5107
5112
5103
5111
5111
5114
5112
5113
5110
5100
5110
5104
5100
5110
5101
5100
5112
5103
5104
5105
5112
5111
5113
5112
5113
5104
5106
5108
5108
5108
5108
5108
5108
5105
5103
5106
5103
5103
5103
5103
5103
5106
5106
5106
5108
5109
5109
5107
5107
5107
5107
5107
5107
5107
5107
5107
5107
5107
5109
5106
5107
5109
5113
5113
5109
5109
5109
5109
5109
5109
5109
5110
5111
5111
5111
5111
5111
5108
5109
5112
5112
5112
5107
5110
5115
5119
5115
5118
5124
5119
5130
5126
5128
5135
5132
5135
5134
5138
5140
5142
5143
5151
5148
5154
5154
5152
5156
5160
5160
5158
5163
5161
5168
5161
5166
5169
5173
5168
5173
5175
5176
5170
5176
5170
5171
5173
5173
5173
5173
5176
5176
5176
5176
5178
5172
5176
5176
5173
5177
5177
5177
5177
5177
5179
5180
5177
5178
5182
5181
5175
5183
5174
5181
5176
5175
5186
5179
5184
5181
5182
5186
5182
5182
5182
5178
5186
5186
5181
5185
5185
5185
5185
5185
5185
5182
5182
5182
5185
5185
5185
5183
5180
5177
5178
5178
5178
5178
5181
5181
5181
5181
5180
5181
5181
5181
5181
5181
5181
5178
5178
5178
5180
5177
5180
5180
5180
5180
5180
5180
5180
5180
5175
5175
5175
5175
5179
5179
5179
5179
5174
5175
5178
5177
5179
5177
5173
5172
5174
5174
5180
5179
5177
5175
5177
5177
5175
5171
5173
5179
5175
5180
5170
5172
5170
5175
5174
5178
5177
5179
5176
5173
5180
5176
5179
5178
5176
5176
5178
5176
5172
5173
5170
5172
5167
5174
5174
5174
5174
5173
5176
5176
5170
5171
5174
5177
5177
5177
5177
5177
5180
5176
5179
5179
5179
5179
5179
5179
5180
5180
5178
5175
5172
5171
5171
5171
5174
5173
5178
5177
5182
5177
5181
5171
5179
5173
5178
5172
5173
5179
5176
5173
5177
5174
5184
5179
5184
5178
5182
5179
5179
5183
5177
5181
5179
5175
5175
5183
5173
5177
5175
5173
5174
5182
5181
5183
5185
5174
5177
5183
5180
5179
5172
5182
5183
5180
5179
5184
5183
5179
5180
5170
5179
5175
5169
5180
5178
5181
5182
5181
5173
5175
5175
5177
5172
5171
5174
5182
5179
5182
5175
5181
5180
5172
5179
5172
5173
5179
5177
5178
5178
5181
5176
5173
5176
5179
5178
5176
5177
5172
5174
5174
5178
5180
5175
5175
5175
5175
5172
5170
5176
5180
5178
5182
5178
5175
5175
5178
5181
5180
5172
5178
5176
5168
5169
5178
5172
5180
5182
5179
5181
5177
5177
5177
5179
5180
5177
5166
5168
5168
5168
5166
5168
5170
5174
5176
5176
5176
5176
5176
5176
5176
5176
5175
5176
5175
5178
5178
5178
5175
5173
5178
5178
5178
5178
5178
5178
5178
5178
5178
5178
5174
5174
5176
5172
5174
5167
5177
5175
5177
5176
5171
5171
5173
5170
5170
5176
5176
5178
5177
5173
5164
5171
5175
5165
5166
5176
5176
5179
5176
5172
5173
5178
5170
5174
5168
5176
5174
5173
5171
5179
5176
5176
5167
5178
5176
5175
5179
5170
5172
5179
5178
5178
5180
5177
5168
5173
5178
5178
5178
5175
5177
5176
5164
5164
5164
5164
5164
5164
5164
5164
5164
5164
5164
5164
5164
5164
5164
5164
5164
5164
5164
5164
5164
5164
5164
5164
5164
5164
5164
5164
5164
5168
5169
5169
5169
5169
5169
5169
5169
5169
5169
5169
5169
5168
5168
5168
5184
5176
5182
5183
5173
5176
5183
5180
5181
5175
5184
5180
5179
5185
5176
5184
5184
5183
5176
5180
5182
5182
5181
5184
5180
5179
5184
5180
5182
5184
5183
5183
5184
5183
5183
5180
5180
5179
5179
5180
5180
5180
5176
5176
5183
5182
5185
5186
5189
5190
5191
5191
5191
5191
5192
5192
5192
5194
5194
5193
5193
5193
5192
5192
5191
5194
5194
5199
5201
5206
5204
5204
5204
5199
5198
5200
5204
5204
5204
5204
5204
5202
5204
5214
5213
5222
5222
5222
5221
5221
5226
5225
5226
5226
5226
5229
5228
5227
5227
5226
5229
5226
5225
5230
5230
5243
5245
5245
5246
5251
5250
5247
5255
5259
5250
5250
5255
5253
5253
5253
5253
5253
5251
5251
5258
5256
5263
5264
5264
5268
5268
5268
5268
5268
5267
5267
5270
5269
5269
5274
5273
5274
5274
5274
5273
5273
5273
5273
5273
5273
5273
5273
5273
5275
5275
5276
5276
5273
5279
5277
5277
5281
5281
5282
5285
5287
5283
5282
5287
5289
5293
5298
5297
5300
5301
5303
5302
5304
5304
5304
5304
5304
5305
5305
5305
5305
5305
5307
5307
5308
5308
5308
5308
5307
5312
5309
5311
5310
5312
5309
5309
5316
5317
5317
5315
5315
5315
5316
5315
5316
5316
5314
5314
5317
5316
5314
5316
5313
5308
5307
5313
5313
5312
5312
5314
5319
5319
5318
5318
5316
5316
5316
5319
5322
5308
5319
5318
5318
5318
5318
5318
5318
5318
5318
5318
5318
5318
5318
5318
5318
5318
5318
5318
5318
5316
5314
5315
5316
5309
5312
5320
5320
5320
5317
5319
5320
5318
5318
5312
5320
5309
5321
5314
5319
5321
5321
5319
5315
5322
5315
5317
5314
5312
5317
5313
5322
5320
5318
5314
5320
5317
5317
5317
5320
5315
5320
5320
5315
5314
5311
5315
5314
5319
5319
5312
5313
5316
5318
5318
5319
5317
5309
5315
5310
5317
5312
5316
5314
5317
5316
5307
5321
5312
5323
5323
5317
5318
5319
5321
5321
5321
5321
5321
5322
5322
5319
5319
5319
5319
5315
5319
5321
5320
5318
5323
5321
5321
5323
5326
5325
5324
5318
5324
5319
5322
5322
5322
5318
5319
5318
5318
5321
5323
5322
5322
5323
5318
5315
5316
5322
5320
5319
5322
5318
5319
5319
5319
5319
5319
5321
5316
5314
5318
5321
5316
5322
5320
5321
5324
5314
5320
5318
5320
5321
5323
5318
5321
5321
5320
5320
5321
5318
5312
5314
5314
5318
5318
5323
5318
5321
5327
5333
5333
5340
5336
5338
5337
5337
5339
5338
5340
5339
5343
5340
5336
5343
5345
5346
5346
5354
5351
5360
5361
5360
5359
5359
5363
5368
5372
5386
5386
5387
5383
5383
5389
5389
5392
5390
5389
5386
5388
5388
5386
5389
5387
5387
5393
5390
5390
5397
5399
5394
5398
5402
5404
5411
5407
5405
5412
5416
5413
5415
5421
5427
5426
5426
5426
5420
5423
5424
5425
5421
5426
5420
5418
5419
5419
5419
5426
5428
5428
5425
5429
5429
5425
5425
5420
5420
5430
5429
5425
5431
5430
5427
5424
5424
5426
5425
5425
5424
5423
5428
5430
5428
5434
5436
5436
5439
5436
5439
5438
5437
5439
5439
5439
5445
5447
5443
5445
5447
5445
5452
5445
5452
5452
5453
5446
5455
5455
5455
5455
5455
5455
5455
5455
5455
5454
5459
5459
5476
5476
5476
5470
5468
5478
5483
5488
5488
5491
5496
5497
5495
5495
5495
5493
5494
5495
5496
5502
5504
5507
5509
5508
5512
5513
5512
5513
5514
5520
5521
5521
5522
5521
5514
5515
5530
5541
5544
5552
5553
5559
5554
5562
5561
5557
5557
5557
5557
5567
5573
5576
5573
5582
5579
5581
5581
5580
5579
5583
5582
5592
5592
5591
5592
5591
5597
5598
5592
5596
5598
5597
5593
5592
5592
5597
5595
5604
5609
5608
5608
5612
5616
5611
5616
5613
5613
5615
5614
5618
5616
5616
5615
5610
5620
5625
5624
5631
5624
5632
5637
5634
5641
5635
5639
5639
5641
5641
5645
5644
5646
5646
5640
5639
5640
5644
5638
5640
5640
5644
5649
5638
5645
5645
5644
5639
5647
5641
5644
5643
5644
5643
5642
5644
5644
5647
5642
5647
5634
5645
5644
5636
5644
5643
5648
5645
5639
5647
5646
5643
5646
5646
5650
5650
5644
5645
5646
5644
5642
5646
5642
5646
5641
5647
5646
5641
5642
5647
5640
5646
5643
5646
5642
5642
5647
5641
5643
5644
5643
5643
5644
5643
5647
5642
5645
5638
5648
5645
5645
5646
5646
5645
5641
5647
5643
5641
5643
5639
5645
5645
5644
5647
5646
5640
5646
5641
5643
5644
5646
5646
5641
5642
5638
5642
5640
5645
5648
5645
5644
5646
5644
5641
5644
5645
5645
5645
5646
5646
5647
5645
5646
5644
5646
5648
5641
5643
5643
5644
5644
5643
5642
5643
5648
5646
5642
5642
5647
5647
5647
5647
5647
5643
5643
5645
5645
5641
5640
5640
5643
5643
5642
5641
5644
5644
5642
5643
5637
5641
5642
5634
5638
5642
5642
5642
5638
5634
5644
5643
5645
5649
5649
5645
5649
5651
5645
5648
5646
5647
5646
5641
5641
5641
5644
5644
5640
5636
5639
5639
5637
5640
5641
5642
5645
5645
5645
5645
5645
5645
5640
5641
5646
5643
5648
5640
5639
5645
5649
5639
5645
5641
5642
5640
5644
5647
5641
5645
5639
5646
5645
5643
5642
5641
5647
5645
5648
5648
5648
5646
5642
5643
5650
5650
5641
5647
5647
5644
5642
5642
5644
5645
5650
5647
5649
5646
5646
5644
5650
5649
5649
5649
5648
5648
5645
5644
5645
5645
5645
5645
5645
5645
5645
5651
5646
5646
5640
5646
5645
5648
5645
5645
5648
5650
5650
5648
5648
5648
5651
5650
5649
5642
5647
5643
5649
5646
5644
5648
5648
5636
5639
5645
5646
5643
5647
5645
5643
5644
5644
5636
5645
5641
5641
5639
5635
5636
5628
5641
5644
5644
5644
5641
5636
5642
5642
5636
5643
5635
5635
5645
5643
5638
5635
5637
5640
5634
5639
5642
5639
5637
5647
5646
5640
5637
5638
5639
5640
5639
5643
5642
5630
5629
5640
5631
5638
5641
5634
5642
5643
5634
5641
5640
5636
5634
5639
5633
5638
5628
5638
5637
5639
5637
5627
5637
5634
5637
5639
5637
5637
5633
5639
5639
5636
5640
5631
5630
5635
5637
5632
5641
5640
5637
5636
5637
5637
5640
5639
5640
5638
5639
5635
5640
5634
5632
5639
5638
5638
5632
5639
5638
5637
5638
5636
5637
5637
5638
5637
5635
5644
5647
5647
5650
5648
5647
5647
5648
5643
5645
5647
5648
5642
5649
5645
5646
5649
5644
5646
5649
5647
5646
5648
5640
5643
5643
5648
5648
5645
5646
5641
5637
5650
5644
5640
5644
5648
5648
5644
5639
5642
5649
5643
5643
5643
5648
5647
5647
5648
5648
5648
5648
5642
5646
5661
5673
5682
5688
5704
5702
5707
5706
5708
5712
5714
5714
5711
5715
5715
5710
5711
5713
5716
5716
5716
5717
5713
5714
5720
5720
5719
5710
5711
5713
5720
5723
5725
5728
5731
5731
5731
5733
5724
5728
5729
5730
5730
5730
5730
5727
5729
5732
5730
5729
5732
5731
5735
5736
5735
5736
5735
5733
5740
5734
5736
5737
5736
5733
5735
5735
5733
5733
5733
5732
5733
5741
5736
5739
5736
5739
5737
5732
5734
5736
5733
5732
5732
5732
5732
5732
5732
5732
5732
5734
5735
5735
5738
5730
5733
5739
5736
5736
5736
5736
5724
5724
5725
5725
5725
5725
5725
5725
5725
5725
5725
5725
5725
5725
5725
5725
5725
5725
5725
5725
5725
5725
5725
5725
5725
5725
5725
5725
5725
5733
5738
5757
5768
5762
5758
5766
5764
5763
5764
5765
5756
5766
5759
5756
5760
5759
5754
5736
5726
5729
5724
5727
5726
5728
5725
5727
5726
5716
5722
5727
5725
5713
5718
5722
5716
5708
5701
5691
5675
5665
5645
5646
5646
5648
5643
5642
5648
5645
5647
5644
5639
5645
5639
5639
5645
5642
5650
5651
5652
5645
5652
5650
5650
5650
5651
5649
5649
5647
5647
5643
5646
5645
5638
5645
5646
5665
5666
5668
5671
5672
5672
5671
5632
5632
5632
5632
5632
5632
5632
5632
5632
5632
5632
5632
5632
5632
5632
5632
5632
5632
5632
5632
5632
5632
5632
5632
5632
5632
5632
5632
5632
5632
5632
5640
5645
5649
5647
5646
5646
5645
5648
5646
5645
5645
5645
5645
5644
5648
5648
5648
5646
5646
5646
5644
5648
5646
5641
5643
5648
5645
5648
5647
5649
5642
5647
5641
5648
5648
5647
5647
5647
5647
5648
5648
5648
5648
5648
5648
5648
5648
5648
5648
5648
5642
5653
5650
5656
5653
5658
5658
5659
5660
5661
5664
5666
5671
5677
5680
5680
5686
5686
5691
5690
5698
5697
5699
5702
5703
5706
5701
5706
5708
5705
5713
5720
5721
5722
5723
5726
5725
5729
5730
5728
5736
5735
5739
5743
5743
5745
5746
5754
5758
5761
5762
5764
5765
5766
5765
5769
5772
5771
5772
5774
5772
5778
5776
5777
5780
5783
5782
5783
5787
5789
5786
5791
5784
5789
5794
5794
5794
5792
5799
5795
5796
5796
5792
5798
5801
5795
5798
5799
5799
5801
5801
5801
5799
5802
5796
5799
5800
5804
5803
5803
5803
5801
5794
5803
5811
5818
5817
5813
5813
5808
5810
5810
5812
5815
5816
5816
5816
5816
5816
5816
5823
5825
5825
5825
5823
5823
5824
5824
5824
5824
5824
5824
5827
5832
5831
5830
5828
5828
5828
5828
5828
5828
5829
5827
5827
5826
5829
5829
5827
5831
5826
5831
5835
5837
5837
5837
5837
5838
5838
5841
5842
5838
5837
5837
5839
5837
5835
5840
5835
5835
5841
5838
5844
5839
5844
5842
5843
5845
5846
5844
5837
5844
5842
5842
5839
5846
5840
5844
5845
5845
5846
5841
5843
5838
5842
5841
5840
5843
5839
5845
5843
5843
5845
5845
5840
5842
5846
5845
5845
5845
5842
5842
5843
5845
5845
5845
5843
5846
5840
5839
5847
5850
5866
5864
5864
5865
5865
5866
5873
5871
5871
5871
5872
5872
5874
5875
5874
5876
5876
5878
5878
5878
5877
5880
5872
5877
5882
5879
5879
5879
5879
5878
5873
5887
5888
5888
5889
5892
5893
5889
5891
5889
5898
5898
5895
5893
5892
5892
5892
5892
5890
5891
5903
5902
5894
5909
5907
5911
5915
5916
5918
5917
5916
5915
5918
5912
5920
5915
5914
5920
5918
5921
5918
5920
5920
5920
5920
5929
5922
5941
5947
5946
5950
5950
5947
5947
5946
5949
5949
5950
5950
5948
5949
5947
5947
5947
5947
5947
5948
5950
5987
6008
6025
6030
6029
6061
6065
6065
6065
6062
6060
6060
6060
6062
6062
6064
6067
6078
6092
6096
6096
6096
6100
6099
6100
6097
6104
6113
6119
6130
6134
6138
6145
6158
6158
6162
6165
6180
6192
6192
6192
6194
6200
6207
6211
6211
6211
6209
6213
6213
6214
6213
6213
6230
6238
6244
6253
6254
6257
6260
6252
6259
6261
6260
6255
6256
6256
6255
6256
6257
6248
6251
6251
6255
6253
6254
6250
6250
6250
6258
6265
6269
6287
6287
6287
6286
6288
6300
6306
6317
6318
6341
6356
6363
6369
6373
6388
6395
6398
6396
6412
6419
6421
6426
6434
6449
6450
6458
6462
6476
6480
6482
6482
6488
6496
6497
6496
6496
6495
6503
6492
6491
6503
6504
6504
6503
6501
6492
6497
6501
6500
6500
6498
6496
6495
6495
6495
6495
6495
6495
6493
6493
6493
6493
6493
6493
6493
6496
6495
6498
6500
6507
6506
6522
6523
6540
6545
6546
6557
6565
6568
6575
6578
6587
6595
6602
6606
6613
6613
6613
6610
6610
6610
6612
6613
6610
6615
6611
6618
6618
6616
6612
6616
6610
6617
6609
6607
6609
6614
6611
6610
6609
6610
6610
6610
6610
6610
6611
6611
6611
6611
6612
6612
6618
6632
6632
6634
6634
6631
6631
6635
6638
6638
6636
6636
6636
6636
6636
6637
6646
6653
6653
6652
6652
6658
6658
6654
6654
6654
6659
6657
6660
6668
6663
6666
6670
6674
6670
6671
6674
6670
6677
6675
6672
6671
6677
6674
6690
6703
6702
6702
6707
6709
6709
6703
6709
6711
6710
6709
6709
6720
6727
6727
6725
6728
6728
6730
6728
6726
6730
6732
6730
6732
6732
6738
6743
6742
6741
6737
6738
6738
6739
6739
6739
6738
6748
6748
6753
6753
6750
6760
6759
6760
6758
6758
6758
6754
6754
6754
6753
6759
6757
6754
6768
6764
6767
6767
6769
6768
6768
6768
6774
6774
6774
6778
6772
6768
6774
6769
6775
6762
6780
6777
6778
6781
6781
6781
6776
6779
6774
6779
6772
6780
6774
6784
6783
6781
6772
6783
6781
6784
6785
6784
6773
6783
6785
6784
6777
6779
6781
6784
6782
6783
6781
6767
6767
6767
6767
6767
6767
6767
6767
6767
6767
6767
6767
6767
6767
6767
6767
6767
6767
6767
6767
6767
6767
6767
6767
6767
6767
6767
6767
6767
6767
6767
6791
6780
6778
6782
6782
6779
6782
6783
6782
6783
6783
6778
6781
6777
6773
6779
6784
6771
6773
6769
6774
6768
6771
6779
6774
6779
6778
6776
6777
6775
6774
6774
6774
6779
6779
6779
6779
6777
6778
6779
6781
6785
6788
6803
6803
6819
6824
6827
6838
6847
6853
6861
6865
6869
6885
6889
6900
6893
6904
6904
6916
6920
6921
6923
6929
6929
6929
6928
6928
6933
6931
6932
6940
6948
6946
6956
6978
6998
7009
7021
7017
7035
7049
7058
7061
7065
7066
7078
7080
7085
7098
7104
7108
7115
7115
7122
7132
7135
7128
7142
7151
7148
7149
7151
7156
7165
7167
7170
7173
7175
7175
7175
7176
7176
7176
7173
7182
7181
7191
7206
7199
7217
7233
7238
7246
7257
7251
7276
7289
7280
7290
7303
7310
7319
7323
7327
7336
7341
7337
7339
7344
7344
7340
7350
7351
7353
7365
7359
7365
7372
7369
7380
7386
7390
7401
7409
7405
7420
7426
7439
7443
7459
7456
7475
7480
7480
7504
7514
7519
7526
7533
7536
7545
7545
7555
7558
7564
7565
7574
7578
7574
7578
7585
7588
7593
7591
7599
7600
7603
7602
7603
7604
7607
7607
7607
7603
7610
7606
7608
7610
7616
7616
7616
7616
7612
7612
7612
7613
7614
7614
7614
7613
7608
7611
7612
7603
7604
7607
7610
7613
7608
7609
7613
7614
7614
7613
7615
7614
7615
7608
7609
7614
7608
7613
7615
7613
7614
7615
7607
7616
7614
7609
7616
7614
7614
7614
7614
7609
7613
7609
7614
7614
7610
7609
7609
7609
7610
7614
7610
7611
7611
7610
7608
7614
7616
7615
7615
7613
7621
7622
7621
7621
7621
7619
7618
7618
7618
7618
7621
7621
7622
7622
7621
7615
7621
7622
7616
7613
7619
7620
7620
7614
7616
7617
7619
7620
7618
7617
7613
7621
7622
7622
7620
7614
7622
7622
7620
7623
7619
7615
7620
7622
7619
7621
7612
7619
7623
7619
7619
7619
7619
7622
7619
7612
7621
7621
7620
7619
7620
7615
7619
7621
7622
7622
7617
7611
7611
7622
7622
7617
7615
7618
7613
7620
7615
7621
7623
7623
7621
7620
7620
7618
7621
7618
7617
7620
7619
7612
7612
7614
7619
7620
7620
7618
7622
7621
7620
7622
7619
7621
7621
7619
7620
7619
7619
7620
7618
7618
7618
7618
7621
7623
7622
7614
7622
7621
7621
7613
7624
7614
7614
7612
7621
7618
7608
7615
7609
7616
7619
7616
7623
7617
7610
7615
7621
7619
7617
7618
7615
7611
7613
7617
7618
7617
7624
7624
7621
7621
7621
7625
7620
7625
7613
7619
7615
7615
7621
7619
7619
7617
7617
7617
7619
7615
7616
7614
7622
7619
7623
7620
7623
7616
7616
7621
7616
7622
7619
7624
7618
7618
7618
7619
7623
7620
7623
7617
7616
7616
7616
7616
7616
7616
7616
7616
7621
7623
7623
7622
7621
7621
7621
7621
7614
7622
7622
7615
7621
7619
7620
7619
7623
7615
7618
7617
7624
7622
7622
7622
7622
7622
7618
7612
7618
7612
7619
7616
7607
7620
7610
7621
7616
7610
7607
7607
7609
7613
7617
7610
7621
7611
7617
7617
7622
7615
7620
7615
7623
7620
7615
7621
7624
7621
7616
7623
7616
7620
7619
7619
7624
7624
7615
7622
7623
7621
7614
7615
7615
7615
7616
7612
7620
7618
7621
7620
7623
7621
7622
7614
7620
7620
7621
7616
7618
7616
7620
7621
7618
7615
7621
7618
7618
7622
7618
7615
7621
7618
7610
7621
7616
7624
7621
7620
7621
7620
7621
7622
7622
7618
7621
7619
7616
7622
7616
7620
7626
7621
7615
7614
7614
7614
7614
7614
7614
7614
7614
7614
7614
7614
7614
7614
7614
7614
7614
7614
7620
7620
7615
7624
7621
7621
7622
7622
7623
7618
7619
7615
7618
7618
7618
7618
7618
7618
7618
7618
7618
7618
7618
7618
7617
7616
7615
7615
7615
7615
7615
7615
7615
7612
7613
7613
7618
7623
7620
7619
7619
7619
7619
7619
7619
7619
7619
7623
7620
7619
7620
7620
7621
7621
7618
7615
7615
7621
7625
7625
7625
7624
7624
7624
7624
7619
7613
7614
7616
7616
7618
7617
7615
7615
7612
7612
7612
7612
7612
7615
7616
7616
7616
7621
7619
7619
7619
7618
7618
7618
7618
7618
7618
7617
7615
7617
7622
7621
7621
7621
7621
7621
7621
7621
7621
7621
7621
7621
7622
7622
7622
7622
7622
7622
7622
7622
7617
7620
7620
7620
7620
7620
7620
7621
7620
7620
7620
7620
7620
7620
7620
7620
7619
7619
7619
7619
7619
7619
7619
7619
7619
7619
7619
7619
7621
7620
7616
7617
7617
7617
7617
7617
7617
7617
7617
7617
7620
7620
7620
7620
7620
7620
7620
7620
7620
7620
7622
7621
7615
7615
7619
7619
7619
7619
7617
7617
7612
7612
7612
7612
7614
7621
7620
7620
7620
7620
7620
7614
7624
7623
7623
7621
7621
7621
7621
7621
7621
7621
7621
7621
7621
7621
7621
7621
7621
7623
7621
7621
7622
7621
7614
7624
7622
7623
7613
7617
7611
7607
7607
7607
7607
7607
7607
7607
7607
7607
7607
7607
7607
7607
7607
7607
7607
7607
7607
7607
7607
7607
7607
7607
7607
7607
7607
7607
7607
7607
7607
7607
7607
7607
7607
7607
8047
8047
8047
8047
8047
8047
8047
8047
8047
8047
8047
8047
8065
8064
8063
8063
8063
8063
8063
8063
8063
8063
8063
8063
8064
8064
8064
8064
8064
8064
8064
8064
