72 14
32 10
19 13
27 5
17 22
23 17
16 14
15 30
19 17
20 20
30 15
23 12
23 19
70 16
37 16
19 22
11 17
15 11
49 30
44 22
25 14
7 3
67 109
9 10
62 17
17 16
25 6
15 22
25 16
23 17
23 15
78 110
12 16
60 21
13 31
16 15
21 17
17 12
22 12
57 30
34 14
13 23
15 15
17 14
31 17
8 13
2 12
29 24
13 22
25 21
4 12
11 3
28 130
9 12
2 10
16 34
15 17
21 22
58 31
31 11
19 16
24 7
13 15
28 31
10 13
14 30
18 14
24 17
15 13
22 21
11 17
19 23
62 251
1 9
7 204
14 20
13 14
66 13
18 18
11 16
76 78
2 1
26 12
13 23
81 81
13 17
82 16
51 31
29 13
16 20
69 36
40 21
17 18
12 16
41 21
9 10
17 27
14 17
44 40
28 14
16 19
44 20
16 14
10 12
48 18
10 9
20 20
12 14
11 13
19 19
27 26
1 1
50 95
8 94
24 23
17 24
19 14
37 48
41 10
15 21
42 10
16 17
30 32
72 15
74 329
14 270
