2259
2260
2260
2262
2260
2261
2260
2260
2260
2260
2260
2260
2260
2260
2260
2263
2284
2284
2279
2283
2282
2280
2283
2283
2284
2287
2289
2288
2303
2330
2372
2393
2429
2448
2473
2511
2541
2577
2596
2647
2676
2698
2724
2755
2757
2780
2764
2783
2783
2790
2785
2787
2790
2788
2784
2784
2784
2784
2784
2787
2779
2779
2779
2779
2779
2779
2779
2779
2779
2778
2778
2778
2777
2777
2777
2787
2787
2787
2789
2787
2787
2787
2787
2787
2787
2787
2787
2786
2786
2786
2787
2787
2787
2787
2788
2788
2788
2788
2788
2788
2788
2788
2788
2788
2787
2791
2791
2790
2790
2790
2790
2790
2789
2788
2790
2789
2789
2790
2789
2790
2792
2792
2792
2792
2792
2792
2794
2792
2793
2815
2860
2929
2969
2984
2979
2992
3003
3002
3004
3008
3008
3004
3003
3006
3003
3006
3006
3006
3006
3006
3006
3006
2983
2983
2984
2985
2984
2986
2985
2994
3037
3038
3042
3037
3049
3075
3106
3120
3117
3121
3142
3143
3149
3167
3204
3236
3255
3259
3254
3295
3285
3308
3341
3358
3385
3435
3485
3498
3498
3561
3567
3568
3574
3569
3574
3563
3564
3563
3563
3565
3564
3563
3572
3587
3589
3589
3589
3590
3588
3589
3596
3595
3596
3595
3595
3623
3643
3669
3684
3688
3701
3726
3726
3757
3766
3763
3768
3798
3793
3798
3828
3848
3866
3867
3864
3864
3865
3879
3919
3909
3908
3906
3931
3959
3967
3970
3973
3998
3997
4036
4045
4046
4053
4061
4072
4078
4088
4110
4110
4140
4140
4150
4151
4154
4149
4150
4155
4167
4170
4168
4170
4170
4170
4169
4206
4216
4225
4247
4250
4253
4270
4273
4278
4322
4366
4375
4383
4421
4428
4426
4425
4460
4474
4492
4503
4502
4530
4557
4566
4586
4584
4585
4603
4613
4622
4632
4631
4660
4666
4682
4687
4688
4697
4715
4713
4729
4732
4732
4761
4769
4773
4798
4821
4840
4840
4871
4871
4884
4882
4881
4881
4886
4881
4886
4889
4885
4885
4886
4886
4886
4886
4886
4886
4927
4928
4940
4964
4972
4990
5008
5016
5026
5065
5088
5102
5108
5116
5139
5158
5180
5193
5192
5197
5202
5201
5202
5210
5208
5204
5202
5204
5204
5202
5206
5210
5207
5205
5206
5198
5201
5205
5202
5205
5209
5206
5210
5213
5211
5211
5210
5199
5199
5200
5200
5199
5198
5199
5199
5199
5201
5202
5199
5200
5200
5198
5203
5203
5203
5203
5203
5203
5204
5203
5204
5203
5207
5206
5203
5203
5204
5204
5204
5204
5183
5183
5183
5183
5183
5183
5183
5183
5183
5183
5183
5183
5183
5183
5183
5183
5204
5205
5204
5204
5204
5204
5204
5205
5205
5205
5210
5254
5295
5337
5381
5408
5433
5460
5487
5502
5504
5505
5505
5498
5504
5505
5495
5493
5498
5494
5494
5496
5499
5498
5499
5498
5497
5495
5496
5495
5496
5495
5496
5495
5495
5495
5494
5495
5495
5497
5495
5495
5495
5495
5495
5495
5496
5501
5495
5495
5496
5495
5495
5493
5496
5496
5503
5496
5496
5496
5496
5501
5501
5507
5501
5501
5501
5501
5501
5501
5501
5501
5501
5501
5501
5501
5504
5503
5503
5500
5501
5502
5502
5502
5502
5502
5502
5495
5495
5499
5496
5497
5499
5499
5501
5499
5493
5494
5496
5499
5499
5499
5498
5497
5499
5497
5502
5505
5505
5504
5504
5504
5504
5504
5504
5504
5504
5504
5504
5504
5503
5513
5513
5514
5516
5509
5499
5511
5511
5513
5515
5516
5514
5514
5513
5517
5508
5505
5507
5507
5507
5508
5503
5508
5509
5506
5502
5504
5506
5506
5505
5505
5505
5504
5504
5504
5504
5507
5515
5533
5558
5577
5595
5620
5666
5702
5736
5770
5790
5808
5823
5819
5833
5832
5831
5831
5831
5833
5833
5820
5820
5811
5826
5825
5824
5824
5824
5826
5819
5826
5827
5826
5826
5831
5825
5826
5841
5841
5841
5838
5838
5838
5840
5840
5840
5843
5843
5843
5843
5841
5842
5845
5842
5841
5841
5841
5841
5842
5841
5841
5841
5841
5841
5842
5842
5842
5838
5838
5838
5838
5838
5838
5838
5838
5838
5838
5838
5838
5838
5839
5842
5837
5841
5837
5842
5840
5838
5840
5838
5838
5839
5839
5837
5836
5839
5838
5837
5838
5841
5844
5854
5869
5877
5898
5913
5934
5943
5964
5983
5999
6017
6037
6059
6079
6102
6132
6142
6130
6142
6148
6145
6145
6145
6147
6145
6144
6143
6144
6141
6141
6141
6141
6141
6141
6141
6141
6141
6141
6142
6142
6141
6145
6145
6145
6145
6145
6145
6146
6145
6145
6145
6145
6145
6145
6145
6145
6145
6145
6145
6145
6145
6145
6145
6145
6145
6146
6145
6147
6147
6145
6148
6145
6146
6145
6145
6146
6145
6145
6145
6145
6145
6145
6145
6145
6145
6145
6148
6148
6148
6148
6148
6148
6148
6148
6148
6148
6148
6148
6148
6148
6148
6148
6148
6148
6148
6148
6148
6148
6148
6148
6148
6148
6148
6148
6148
6148
6148
6148
6148
6148
6148
6148
6148
6148
6148
6148
6148
6148
6148
6148
6148
6148
6148
6148
6148
6148
6148
6148
6148
6148
6148
6148
6148
6148
6148
6148
6148
6148
6148
6148
6148
6148
6148
6148
6148
6148
6148
6148
6148
6148
6148
6148
6148
6148
6148
6148
6148
6148
6148
6148
6148
6148
6148
6148
6148
6148
6148
6148
6148
6148
6148
6148
6148
6148
6148
6148
6148
6148
6148
6148
6148
6078
6078
6078
6078
6080
6078
6078
6078
6078
6078
6078
6078
6078
6078
6086
6078
6078
6078
6078
6078
6078
6078
6078
6078
6078
6078
6078
6078
6078
6078
6078
6078
6078
6078
6078
6078
6078
6078
6078
6078
6078
6078
6078
6078
6078
6079
6079
6079
6078
6078
6078
6078
6078
6078
6078
6082
6079
6079
6079
6078
6121
6121
6121
6121
6121
6125
6123
6123
6121
6121
6121
6121
6121
6121
6121
6121
6121
6121
6121
6121
6121
6121
6121
6121
6121
6124
6127
6121
6121
6121
6122
6122
6121
6121
6121
6121
6121
6122
6122
6121
6121
6121
6121
6121
6121
6121
6121
6121
6121
6128
6128
6121
6127
6122
6121
6121
6121
6124
6121
6121
6112
6103
6103
6119
6119
6119
6119
6119
6119
6119
6119
6119
6119
6119
6119
6119
6119
6119
6119
6119
6119
6119
6119
6119
6119
6119
6119
6119
6119
6119
6119
6119
6119
6119
6119
6119
6119
6119
6119
6119
6119
6124
6121
6120
6120
6120
6122
6119
6119
6119
6119
6119
6119
6119
6119
6119
6119
6119
6123
6119
6107
6108
6108
6118
6114
6099
6112
6107
6107
6107
6107
6107
6107
6107
6107
6107
6107
6107
6107
6107
6107
6107
6107
6107
6107
6107
6107
6107
6107
6107
6107
6112
6107
6107
6107
6107
6107
6107
6107
6107
6112
6107
6107
6107
6107
6155
6150
6150
6150
6150
6150
6150
6150
6150
6150
6151
6156
6150
6150
6151
6147
6151
6151
6152
6151
6151
6151
6151
6151
6151
6151
6151
6151
6152
6151
6152
6151
6152
6151
6152
6151
6153
6151
6151
6151
6151
6151
6151
6151
6151
6151
6157
6151
6151
6152
6151
6151
6151
6151
6151
6151
6151
6151
6151
6151
6152
6152
6152
6152
6152
6152
6152
6152
6152
6152
6152
6152
6152
6152
6152
6152
6152
6152
6152
6152
6152
6152
6152
6152
6152
6152
6152
6152
6152
6152
6152
6153
6152
6152
6152
6152
6152
6152
6152
6152
6152
6152
6152
6152
6152
6152
6152
6152
6152
6152
6152
6152
6152
6152
6152
6152
6152
6152
6152
6152
6148
6148
6148
6148
6148
6148
6148
6148
6148
6148
6148
6148
6148
6148
6148
6148
6148
6148
6148
6148
6148
6148
6148
6148
6148
6148
6148
6148
6148
6148
6148
6148
6148
6148
6148
6148
6148
6148
6148
6148
6148
6148
6148
6148
6148
6148
6148
6148
6148
6148
6148
6148
6148
6148
6148
6148
6148
6148
6148
6148
6148
6148
6148
6148
6148
6148
6148
6148
6148
6144
6147
6146
6147
6146
6125
6128
6128
6128
6128
6128
6128
6128
6128
6128
6128
6128
6128
6128
6128
6128
6126
6126
6126
6126
6126
6126
6126
6126
6148
6148
6147
6148
6148
6149
6147
6147
6147
6147
6148
6147
6148
6149
6148
6152
6147
6148
6147
6147
6147
6147
6148
6148
6148
6148
6148
6148
6148
6148
6148
6148
6148
6154
6179
6192
6213
6228
6271
6315
6337
6367
6392
6415
6436
6473
6497
6524
6538
6559
6583
6598
6604
6636
6643
6645
6651
6651
6651
6651
6682
6713
6717
6716
6718
6718
6697
6699
6699
6699
6699
6699
6699
6699
6699
6699
6699
6699
6699
6722
6707
6702
6702
6711
6720
6719
6719
6721
6715
6715
6718
6716
6717
6714
6719
6749
6786
6809
6845
6884
6884
6926
6960
6989
7010
7026
7026
7054
7065
7090
7106
7128
7134
7152
7151
7148
7149
7170
7188
7215
7216
7224
7227
7227
7226
7224
7225
7236
7235
7235
7235
7235
7235
7235
7235
7240
7235
7235
7236
7236
7235
7236
7232
7232
7234
7232
7232
7234
7233
7233
7232
7233
7236
7232
7233
7232
7232
7232
7232
7232
7234
7248
7279
7315
7338
7388
7389
7387
7430
7437
7458
7483
7485
7500
7547
7563
7570
7600
7606
7607
7606
7641
7677
7705
7736
7737
7748
7795
7832
7828
7844
7845
7846
7824
7824
7824
7824
7824
7824
7824
7824
7825
7827
7826
7826
7826
7826
7826
7826
7826
7826
7826
7826
7826
7826
7826
7847
7848
7826
7826
7826
7826
7826
7826
7826
7826
7826
7848
7847
7847
7849
7844
7835
7838
7840
7840
7840
7844
7840
7839
7838
7841
7838
7839
7838
7838
7847
7839
7839
7838
7840
7838
7837
7836
7834
7836
7837
7835
7841
7838
7882
7969
8045
8050
8043
8044
8064
8087
8096
8096
8095
8095
8092
8094
8095
8122
8194
8243
8247
8249
8249
8255
8260
8265
8264
8282
8281
8298
8309
8307
8308
8308
8323
8320
8324
8400
8470
8471
8473
8468
8466
8480
8480
8482
8482
8488
8489
8493
8491
8492
8492
8538
8621
8627
8621
8620
8659
8685
8695
8695
8695
8695
8692
8692
8692
8694
8707
8781
8794
8809
8805
8811
8810
8810
8837
8887
8925
8953
8994
9035
9055
9091
9128
9142
9156
9228
9271
9269
9269
9270
9261
9264
9265
9266
9270
9271
9272
9270
9296
9333
9361
9395
9448
9496
9546
9572
9608
9628
9645
9651
9666
9681
9689
9700
9697
9700
9698
9697
9697
9700
9697
9700
9703
9705
9705
9708
9705
9705
9705
9706
9705
9705
9705
9705
9716
9748
9756
9754
9760
9785
9802
9798
9832
9837
9836
9849
9881
9894
9894
9914
9961
9963
9969
9992
10017
10051
10066
10078
10094
10119
10147
10152
10172
10197
10193
10224
10252
10263
10295
10335
10358
10386
10386
10386
10415
10413
10411
10413
10416
10413
10412
10416
10412
10417
10415
10415
10404
10413
10411
10414
10414
10416
10414
10413
10413
10413
10414
10406
10405
10404
10406
10406
10405
10405
10404
10404
10404
10409
10406
10405
10405
10407
10409
10410
10407
10406
10391
10390
10392
10405
10404
10403
10400
10400
10404
10405
10404
10406
10403
10407
10407
10397
10407
10407
10405
10410
10407
10412
10408
10409
10409
10407
10405
10405
10405
10407
10410
10407
10407
10411
10411
10406
10408
10414
10409
10409
10408
10415
10423
10418
10418
10417
10416
10419
10419
10420
10417
10419
10416
10438
10492
10548
10601
10641
10705
10719
10718
10718
10738
10741
10744
10746
10748
10748
10745
10747
10731
10740
10743
10741
10744
10742
10740
10740
10740
10740
10744
10741
10730
10737
10736
10733
10739
10743
10744
10735
10732
10743
10741
10732
10730
10746
10742
10742
10742
10741
10741
10742
10745
10742
10747
10749
10749
10749
10750
10747
10750
10751
10751
10750
10750
10747
10748
10746
10746
10747
10730
10749
10747
10747
10743
10744
10749
10740
10737
10743
10742
10745
10746
10744
10744
10744
10742
10742
10736
10736
10738
10743
10739
10739
10739
10744
10742
10740
10740
10739
10735
10736
10735
10744
10743
10743
10741
10741
10740
10736
10735
10741
10737
10740
10740
10742
10744
10743
10721
10721
10721
10720
10720
10720
10720
10720
10721
10721
10721
10721
10744
10744
10743
10743
10737
10742
10739
10741
10730
10730
10727
10740
10740
10740
10741
10740
10740
10740
10740
10741
10742
10745
10745
10746
10746
10747
10732
10735
10742
10732
10734
10736
10735
10725
10726
10728
10724
10726
10736
10741
10761
10790
10813
10842
10869
10887
10907
10916
10929
10928
10924
10958
10967
10968
10969
10973
10969
10969
10969
10968
10968
11005
11005
11040
11078
11110
11148
11201
11201
11222
11225
11239
11238
11263
11279
11281
11285
11284
11284
11284
11284
11284
11284
11284
11284
11284
11301
11335
11371
11410
11439
11479
11474
11538
11573
11605
11620
11636
11641
11644
11639
11640
11654
11670
11700
11706
11705
11703
11708
11707
11707
11708
11712
11707
11707
11709
11709
11710
11709
11709
11709
11709
11709
11709
11709
11709
11709
11713
11711
11710
11709
11711
11712
11711
11710
11709
11703
11704
11705
11705
11705
11708
11708
11704
11704
11707
11706
11707
11709
11712
11715
11714
11711
11711
11711
11698
11708
11705
11712
11707
11706
11692
11708
11708
11705
11695
11696
11696
11697
11703
11704
11704
11692
11691
11697
11696
11697
11698
11696
11697
11696
11693
11696
11697
11706
11705
11704
11707
11707
11708
11709
11708
11708
11698
11710
11709
11708
11708
11708
11708
11697
11694
11700
11700
11700
11701
11711
11712
11711
11711
11712
11712
11711
11711
11711
11690
11689
11689
11689
11689
11691
11689
11689
11689
11689
11689
11689
11689
11689
11689
11689
11689
11689
11689
11689
11689
11685
11685
11685
11685
11685
11685
11685
11685
11707
11706
11707
11706
11706
11706
11706
11703
11702
11702
11702
11702
11685
11697
11705
11700
11704
11702
11702
11702
11701
11699
11698
11696
11692
11698
11700
11699
11697
11697
11695
11697
11698
11697
11697
11697
11695
11696
11697
11696
11693
11691
11693
11698
11696
11703
11699
11699
11699
11699
11699
11699
11700
11700
11700
11700
11700
11702
11701
11698
11694
11691
11693
11694
11694
11697
11697
11710
11708
11709
11709
11707
11706
11708
11709
11712
11712
11712
11711
11711
11713
11711
11711
11712
11711
11711
11711
11711
11712
11712
11712
11712
11712
11711
11711
11711
11711
11707
11706
11706
11707
11707
11708
11706
11706
11706
11706
11707
11706
11706
11706
11708
11708
11708
11708
11710
11709
11708
11710
11709
11709
11709
11708
11708
11707
11704
11704
11709
11709
11708
11707
11708
11708
11711
11712
11712
11713
11713
11713
11712
11711
11714
11704
11705
11707
11710
11710
11712
11713
11710
11710
11710
11709
11709
11709
11709
11709
11709
11709
11714
11709
11713
11713
11712
11707
11705
11705
11707
11714
11710
11713
11713
11702
11709
11709
11711
11711
11709
11712
11710
11710
11710
11710
11712
11712
11712
11710
11708
11709
11709
11708
11707
11707
11705
11704
11707
11707
11709
11707
11707
11686
11686
11684
11684
11684
11684
11684
11684
11684
11684
11684
11684
11684
11684
11684
11684
11684
11685
11685
11685
11685
11684
11684
11705
11708
11705
11706
11706
11706
11705
11705
11705
11706
11706
11756
11899
11939
11938
11936
11938
11938
11941
11985
12086
12126
12137
12175
12292
12335
12351
12350
12352
12346
12348
12372
12468
12544
12548
12549
12549
12547
12549
12553
12555
12553
12553
12557
12553
12554
12595
12639
12715
12737
12739
12736
12741
12737
12795
12831
12913
12932
12940
12936
12936
12942
12972
13055
13093
13099
13108
13110
13112
13116
13168
13205
13279
13287
13288
13287
13287
13287
13316
13469
13519
13521
13518
13552
13576
13602
13605
13605
13605
13606
13648
13820
13865
13860
13860
13877
13904
13911
13916
13914
13913
13913
13913
13995
14141
14158
14165
14163
14218
14252
14268
14274
14272
14273
14278
14276
14281
14382
14545
14562
14561
14556
14565
14610
14658
14657
14658
14661
14661
14661
14660
14660
14661
14661
14662
14662
14662
14661
14661
14661
14662
14661
14661
14660
14658
14658
14658
14659
14658
14658
14658
14660
14658
14658
14658
14658
14658
14658
14658
14660
14660
14660
14660
14660
14660
14660
14660
14660
14660
14660
14660
14660
14660
14660
14660
14660
14660
14660
14660
14660
14660
14660
14660
14660
14665
14662
14660
14660
14660
14659
14661
14659
14659
14660
14660
14659
14659
14659
14659
14661
14659
14659
14662
14662
14736
14746
14749
14749
14763
14775
14798
14817
14837
14866
14907
14921
14923
14936
14987
15010
15036
15043
15044
15076
15084
15081
15099
15123
15142
15169
15190
15225
15257
15252
15260
15258
15257
15258
15255
15250
15257
15255
15255
15259
15250
15257
15254
15256
15258
15262
15256
15262
15262
15251
15258
15257
15237
15236
15237
15236
15236
15236
15236
15235
15242
15242
15242
15242
15242
15242
15242
15242
15242
15242
15242
15242
15242
15242
15242
15242
15242
15242
15242
15242
15242
15242
15242
15242
15242
15242
15242
15242
15242
15242
15247
15247
15247
15247
15247
15247
15247
15268
15268
15271
15268
15267
15273
15270
15270
15266
15269
15270
15268
15268
15268
15268
15268
15269
15268
15269
15268
15284
15371
15375
15373
15372
15405
15434
15436
15454
15451
15452
15452
15457
15572
15580
15574
15576
15600
15627
15639
15648
15644
15644
15643
15653
15677
15718
15801
15828
15833
15822
15830
15832
15829
15827
15827
15827
15827
15827
15827
15827
15836
15862
15900
15952
15993
15992
15993
15996
15996
15995
15995
15994
15995
15985
15989
15993
15993
15997
15989
15997
15996
15996
15997
15996
15998
15997
15997
15997
16014
16019
16027
16048
16063
16098
16128
16177
16180
16178
16216
16247
16256
16292
16301
16305
16304
16329
16352
16359
16378
16403
16420
16425
16422
16424
16412
16422
16419
16423
16423
16423
16426
16415
16423
16424
16426
16424
16414
16424
16425
16425
16424
16425
16424
16416
16419
16421
16422
16427
16425
16424
16422
16423
16423
16424
16423
16423
16422
16422
16422
16422
16422
16422
16422
16422
16422
16422
16422
16415
16415
16415
16415
16415
16415
16415
16415
16415
16415
16415
16415
16415
16415
16415
16416
16416
16417
16416
16417
16416
16417
16416
16416
16415
16416
16414
16414
16414
16413
16416
16417
16416
16416
16415
16410
16413
16415
16415
16415
16417
16416
16415
16414
16414
16415
16415
16415
16415
16415
16416
16418
16408
16412
16411
16416
16417
16405
16412
16417
16425
16426
16426
16427
16427
16427
16426
16426
16427
16433
16453
16472
16483
16497
16519
16519
16548
16574
16596
16610
16632
16651
16668
16683
16696
16728
16743
16758
16784
16787
16789
16789
16785
16789
16789
16788
16789
16789
16790
16788
16788
16789
16788
16788
16790
16791
16790
16790
16790
16789
16788
16790
16790
16790
16790
16789
16793
16790
16790
16790
16794
16812
16845
16884
16890
16895
16888
16891
16891
16890
16896
16915
16925
16926
16920
16956
16958
16959
16962
16962
16962
16962
16963
16962
16963
16962
16961
16961
16958
16958
16957
16959
16944
16960
16959
16961
16960
16959
16960
16958
16960
16963
16958
16958
16958
16956
16956
16956
16960
16961
16956
16958
16994
17048
17075
17102
17100
17100
17101
17103
17107
17101
17107
17108
17109
17117
17154
17189
17224
17257
17292
17318
17343
17355
17368
17380
17438
17485
17540
17551
17554
17552
17552
17552
17552
17552
17558
17558
17574
17606
17636
17664
17696
17729
17753
17771
17801
17817
17825
17812
17818
17824
17821
17819
17822
17814
17821
17814
17814
17813
17814
17815
17816
17816
17816
17816
17816
17816
17816
17815
17823
17822
17824
17823
17824
17825
17824
17823
17824
17823
17824
17823
17823
17823
17820
17824
17824
17826
17828
17825
17824
17824
17824
17818
17828
17832
17824
17825
17824
17824
17837
17837
17838
17839
17838
17838
17837
17838
17837
17838
17836
17836
17834
17837
17837
17825
17827
17827
17827
17827
17827
17827
17826
17821
17815
17828
17826
17825
17825
17826
17824
17824
17829
17826
17826
17826
17826
17826
17826
17830
17826
17826
17826
17826
17835
17841
17862
17863
17894
17912
17930
17934
17933
17933
17958
17989
17997
18021
18019
18019
18021
18022
18059
18066
18062
18063
18112
18114
18113
18119
18133
18142
18151
18164
18193
18195
18220
18243
18248
18248
18261
18289
18297
18317
18320
18321
18360
18360
18361
18367
18371
18380
18368
18377
18378
18375
18374
18365
18370
18370
18369
18370
18370
18372
18370
18376
18376
18377
18369
18374
18371
18373
18372
18370
18368
18358
18373
18372
18374
18375
18372
18370
18370
18376
18370
18370
18374
18371
18372
18371
18364
18365
18367
18367
18371
18363
18366
18365
18370
18368
18367
18366
18368
18364
18368
18368
18368
18368
18374
18373
18374
18374
18371
18379
18376
18375
18376
18371
18377
18378
18380
18377
18378
18374
18377
18378
18378
18379
18374
18372
18377
18377
18375
18377
18379
18375
18375
18373
18373
18378
18367
18354
18356
18358
18355
18365
18366
18370
18364
18372
18373
18371
18370
18370
18366
18366
18371
18370
18369
18371
18369
18370
18369
18370
18367
18369
18371
18369
18368
18367
18371
18370
18370
18369
18370
18370
18367
18370
18370
18369
18371
18373
18371
18373
18370
18373
18372
18372
18374
18372
18372
18372
18372
18372
18372
18372
18371
18371
18350
18349
18371
18372
18372
18372
18373
18373
18372
18372
18375
18365
18363
18369
18362
18368
18368
18368
18368
18369
18367
18421
18471
18471
18471
18481
18484
18560
18572
18588
18592
18594
18591
18594
18591
18587
18591
18589
18589
18589
18589
18589
18589
18594
18623
18651
18678
18725
18750
18764
18763
18813
18817
18817
18817
18817
18817
18817
18817
18817
18815
18815
18824
18823
18823
18823
18823
18823
18822
18820
18819
18819
18818
18820
18818
18818
18818
18816
18817
18816
18817
18816
18817
18817
18817
18817
18817
18816
18816
18816
18817
18827
18834
18849
18849
18876
18889
18905
18922
18944
18943
18970
18983
18993
19006
19006
19038
19064
19076
19070
19073
19073
19076
19077
19078
19083
19097
19098
19120
19125
19124
19123
19122
19123
19120
19119
19120
19117
19112
19119
19122
19122
19126
19126
19120
19125
19124
19119
19121
19121
19118
19122
19124
19122
19122
19122
19123
19122
19119
19121
19125
19120
19110
19104
19118
19109
19117
19123
19122
19121
19118
19119
19111
19121
19120
19120
19121
19112
19108
19106
19110
19113
19113
19114
19113
19118
19116
19112
19112
19112
19115
19112
19114
19115
19114
19113
19113
19113
19113
19113
19113
19113
19113
19113
19113
19114
19113
19113
19113
19113
19113
19113
19114
19102
19114
19111
19111
19101
19113
19112
19114
19107
19109
19109
19112
19111
19111
19110
19108
19115
19117
19116
19116
19116
19117
19117
19117
19119
19119
19121
19120
19118
19118
19117
19116
19116
19116
19115
19115
19117
19118
19119
19117
19113
19118
19120
19114
19118
19119
19123
19121
19123
19121
19122
19122
19120
19114
19122
19123
19123
19122
19121
19121
19121
19123
19124
19120
19127
19121
19123
19125
19123
19112
19122
19127
19125
19126
19127
19128
19127
19128
19128
19128
19128
19128
19122
19120
19123
19124
19124
19124
19124
19125
19126
19132
19133
19133
19123
19120
19120
19122
19128
19125
19125
19123
19124
19126
19126
19125
19125
19125
19129
19119
19135
19132
19135
19132
19130
19109
19109
19109
19109
19109
19109
19109
19109
19109
19109
19109
19109
19109
19109
19110
19133
19133
19131
19123
19127
19131
19128
19126
19123
19128
19125
19132
19132
19132
19125
19126
19124
19124
19124
19124
19124
19124
19124
19124
19179
19186
19184
19186
19208
19208
19211
19207
19212
19235
19255
19270
19299
19302
19301
19327
19327
19325
19338
19347
19374
19394
19411
19410
19418
19427
19431
19450
19453
19457
19483
19477
19480
19500
19522
19519
19542
19548
19544
19582
19591
19586
19588
19610
19639
19636
19653
19660
19667
19676
19702
19721
19731
19760
19780
19797
19805
19809
19815
19814
19817
19816
19818
19817
19816
19813
19812
19812
19812
19812
19819
19844
19876
19902
19923
19937
19952
19989
20015
20021
20021
20020
20021
20020
20034
20057
20086
20114
20131
20132
20131
20133
20132
20132
20131
20137
20151
20171
20180
20208
20223
20261
20259
20261
20260
20260
20259
20259
20259
20259
20260
20260
20260
20260
20262
20260
20260
20260
20261
20261
20261
20261
20263
20261
20262
20264
20264
20264
20264
20264
20264
20264
20264
20264
20264
20264
20264
20264
20268
20264
20264
20267
20264
20264
20264
20264
20264
20264
20264
20264
20265
20264
20265
20265
20264
20263
20265
20263
20263
20265
20265
20265
20265
20265
20265
20265
20266
20265
20265
20262
20261
20258
20260
20260
20260
20263
20263
20268
20268
20269
20268
20268
20268
20268
20267
20261
20260
20260
20260
20259
20259
20259
20253
20242
20252
20247
20250
20258
20254
20253
20256
20254
20255
20256
20257
20257
20259
20259
20260
20259
20259
20258
20258
20256
20255
20257
20262
20263
20262
20262
20262
20262
20263
20263
20263
20263
20262
20260
20260
20260
20259
20258
20258
20261
20259
20254
20253
20253
20246
20261
20266
20263
20263
20265
20264
20257
20259
20257
20256
20255
20252
20251
20251
20259
20258
20261
20263
20268
20259
20260
20272
20266
20270
20269
20268
20270
20267
20268
20268
20268
20266
20266
20269
20269
20269
20270
20272
20277
20275
20273
20272
20272
20272
20277
20273
20273
20274
20273
20272
20272
20269
20271
20270
20271
20271
20271
20271
20270
20269
20270
20271
20270
20270
20270
20270
20271
20269
20272
20273
20272
20274
20274
20274
20275
20276
20276
20276
20276
20276
20270
20266
20265
20267
20267
20244
20244
20244
20244
20244
20244
20244
20244
20244
20244
20244
20242
20242
20242
20242
20242
20242
20242
20242
20242
20242
20242
20242
20263
20258
20262
20263
20262
20263
20262
20262
20262
20262
20262
20267
20317
20328
20328
20333
20330
20331
20339
20346
20346
20350
20371
20408
20419
20418
20417
20458
20462
20472
20503
20544
20545
20543
20587
20608
20642
20643
20663
20676
20678
20687
20692
20704
20737
20764
20778
20815
20837
20829
20854
20854
20883
20906
20921
20939
20939
20950
20957
20982
21002
21022
21067
21080
21105
21156
21188
21181
21180
21185
21186
21182
21183
21170
21182
21174
21181
21185
21182
21178
21183
21179
21181
21181
21181
21180
21185
21171
21176
21170
21178
21177
21175
21191
21189
21186
21186
21184
21188
21195
21190
21191
21189
21191
21185
21186
21189
21190
21189
21191
21186
21186
21194
21193
21196
21195
21196
21195
21194
21190
21189
21190
21193
21191
21185
21183
21189
21189
21188
21186
21188
21192
21193
21180
21191
21193
21192
21188
21195
21195
21195
21189
21184
21200
21195
21197
21198
21198
21198
21198
21198
21198
21201
21196
21196
21194
21195
21200
21236
21257
21294
21303
21302
21302
21301
21303
21308
21340
21392
21410
21420
21413
21416
21450
21465
21487
21496
21520
21527
21533
21553
21604
21634
21637
21644
21672
21669
21673
21700
21727
21755
21781
21775
21801
21830
21827
21864
21870
21866
21878
21909
21958
21978
21975
21981
21984
21980
21978
21981
21973
21980
21977
21979
21975
21985
21978
21978
21976
21978
21982
21980
21865
21865
21865
21865
21865
21865
21779
21779
21780
21779
21780
21781
21779
21779
21822
21867
21899
21900
21907
21920
21950
21974
21987
22012
22010
22011
22040
22082
22105
22121
22124
22124
22122
22122
22123
22122
22122
22120
22121
22121
22121
22121
22121
22121
22121
22121
22121
22121
22121
22121
22121
22124
22121
22120
22119
22120
22120
22121
22121
22118
22121
22121
22122
22121
22124
22121
22121
22120
22120
22120
22120
22120
22120
22120
22120
22120
22120
22120
22120
22120
22120
22120
22120
22120
22120
22120
22119
22121
22121
22121
22121
22123
22122
22122
22122
22122
22123
22116
22116
22116
22116
22116
22116
22116
22116
22117
22117
22117
22117
22116
22116
22116
22116
22116
22115
22114
22114
22116
22116
22116
22117
22116
22117
22117
22117
22117
22117
22116
22116
22116
22117
22117
22117
22117
22117
22118
22118
22116
22115
22114
22114
22114
22132
22135
22136
22131
22134
22132
22132
22132
22135
22133
22134
22132
22133
22132
22132
22129
22134
22134
22134
22134
22133
22136
22121
22121
22122
22124
22129
22132
22135
22137
22138
22139
22138
22138
22137
22137
22134
22134
22128
22127
22134
22133
22130
22138
22137
22134
22132
22134
22133
22135
22130
22130
22132
22136
22135
22137
22135
22132
22131
22134
22115
22113
22112
22112
22114
22115
22115
22115
22115
22115
22116
22115
22115
22115
22115
22119
22120
22123
22122
22119
22119
22119
22119
22118
22119
22117
22119
22118
22120
22121
22119
22117
22114
22114
22117
22117
22120
22120
22117
22117
22116
22116
22116
22116
22117
22115
22115
22115
22115
22115
22115
22115
22115
22115
22115
22115
22115
22115
22115
22115
22117
22119
22119
22119
22119
22119
22119
22119
22119
22119
22119
22119
22119
22119
22119
22120
22120
22120
22120
22120
22120
22120
22120
22120
22120
22120
22120
22120
22120
22120
22120
22120
22120
22120
22120
22120
22120
22120
22120
22120
22120
22120
22120
22120
22120
22120
22120
22120
22120
22120
22120
22120
22120
22120
22120
22120
22120
22120
22120
22120
22119
22120
22119
22119
22118
22116
22117
22116
22116
22119
22119
22118
22118
22118
22119
22118
22118
22118
22118
22118
22118
22118
22118
22118
22118
22118
22118
22118
22118
22118
22117
22117
22117
22117
22117
22117
22117
22117
22117
22117
22118
22119
22119
22117
22117
22122
22118
22118
22125
22119
22122
22119
22119
22119
22119
22119
22127
22119
22119
22120
22125
22125
22123
22131
22126
22124
22131
22131
22132
22127
22127
22127
22129
22131
22130
22112
22114
22120
22118
22117
22117
22117
22115
22116
22122
22120
22120
22121
22122
22121
22124
22124
22124
22124
22124
22124
22124
22124
22125
22125
22126
22125
22125
22125
22122
22115
22113
22114
22117
22118
22121
22121
22115
22117
22116
22116
22115
22113
22117
22117
22118
22113
22116
22120
22121
22119
22121
22123
22123
22122
22121
22122
22121
22120
22120
22120
22118
22119
22117
22118
22121
22120
22114
22120
22118
22118
22117
22119
22113
22117
22112
22114
22117
22115
22112
22112
22113
22114
22115
22115
22116
22116
22116
22117
22121
22118
22120
22119
22117
22121
22118
22097
22097
22097
22097
22097
22097
22097
22097
22097
22098
22098
22098
22098
22120
22119
22115
22114
22117
22114
22117
22116
22116
22116
22165
22292
22300
22299
22299
22299
22305
22307
22300
22300
22306
22307
22305
22306
22306
22329
22343
22348
22347
22350
22347
22347
22347
22349
22394
22395
22393
22393
22394
22434
22436
22437
22455
22462
22490
22498
22519
22551
22572
22589
22612
22619
22641
22644
22652
22676
22705
22725
22731
22730
22763
22782
22796
22823
22827
22834
22838
22868
22867
22896
22891
22911
22942
22956
22981
23000
23004
23021
23036
23045
23047
23044
23047
23042
23042
23040
23052
23046
23046
23049
23049
23049
23049
23047
23043
23049
23046
23048
23041
23046
23043
23052
23051
23050
23051
23051
23050
23055
23050
23055
23055
23051
23050
23049
23049
23049
23055
23059
23059
23058
23061
23060
23058
23053
23061
23058
23057
23054
23049
23043
23060
23054
23055
23053
23059
23057
23060
23060
23059
23059
23058
23057
23057
23057
23057
23057
23050
23045
23050
23051
23050
23052
23050
23050
23050
23050
23049
23051
23051
23051
23052
23084
23107
23138
23160
23191
23190
23241
23288
23333
23390
23412
23468
23508
23555
23613
23665
23714
23784
23793
23793
23796
23798
23796
23797
23796
23797
23796
23797
23796
23795
23793
23832
23844
23845
23841
23859
23894
23949
23964
23961
23964
23958
23963
23962
23950
23956
23963
23959
23959
23959
23959
23976
24025
24028
24028
24040
24055
24052
24105
24102
24102
24151
24151
24152
24164
24197
24238
24261
24261
24266
24292
24330
24346
24389
24382
24382
24425
24424
24424
24455
24474
24476
24479
24499
24516
24548
24558
24553
24552
24560
24557
24560
24559
24553
24557
24559
24554
24550
24556
24556
24555
24556
24555
24557
24556
24563
24564
24564
24567
24565
24565
24547
24540
24549
24546
24546
24544
24550
24545
24549
24557
24560
24568
24561
24563
24558
24558
24556
24558
24558
24558
24553
24556
24554
24555
24563
24563
24562
24560
24560
24562
24564
24562
24562
24562
24563
24562
24562
24562
24562
24577
24577
24578
24577
24579
24577
24577
24593
24615
24640
24670
24667
24673
24674
24683
24725
24772
24779
24775
24776
24763
24777
24776
24781
24771
24773
24775
24768
24774
24776
24770
24775
24769
24774
24775
24775
24776
24775
24775
24779
24813
24825
24830
24841
24862
24898
24931
24944
24978
24986
25014
25033
25057
25100
25119
25129
25143
25182
25190
25211
25197
25220
25250
25263
25308
25323
25323
25331
25370
25372
25381
25397
25414
25435
25439
25493
25489
25483
25497
25507
25506
25528
25544
25564
25588
25590
25607
25611
25610
25614
25627
25682
25684
25689
25690
25724
25745
25756
25757
25757
25753
25753
25753
25753
25754
25757
25757
25757
25758
25757
25760
25758
25758
25758
25758
25758
25758
25758
25758
25758
25760
25761
25781
25806
25828
25833
25862
25884
25889
25885
25887
25922
25993
25996
25996
25998
25997
25997
25997
25997
25997
25997
25997
25984
25998
25993
25990
25987
25998
25997
25994
25995
25995
25994
25994
25988
25996
26002
25996
25996
26000
26001
26005
25995
25997
25987
25995
25995
26000
25991
25992
25994
25994
25998
25998
25997
25997
25993
25992
25999
25997
25996
25998
25994
25994
25994
25994
25994
25994
25994
25994
25994
25994
25996
25997
25998
26000
25999
26000
25999
25999
26000
26000
25999
25999
25998
25999
26000
25997
25998
25999
25999
25999
25999
26000
25999
25999
25997
26000
25984
25999
25997
25997
25997
25997
26004
26005
26005
26003
26000
26001
26001
26001
26005
26006
26004
26006
26002
26002
25993
26004
25998
26004
26003
26005
26003
26000
25999
25999
26001
26005
26008
26006
26006
26004
25999
26001
26001
26001
26005
26002
26002
26003
26002
25997
26004
26001
26001
26001
26003
26001
26002
26000
26002
26001
26000
25999
26001
26001
26002
26003
26004
26003
26002
26006
25996
25995
25995
25995
25991
25995
25995
25993
25995
25995
25995
25994
25991
25996
25995
25993
25985
25994
25994
25995
25997
25996
25994
25995
25993
25995
25995
25995
25994
25995
25992
25990
25999
25993
25993
25992
25995
25996
25989
25993
25993
25994
25993
25994
25994
25994
25994
25994
25994
25994
25996
25998
26019
26087
26121
26156
26158
26166
26202
26222
26213
26246
26264
26287
26304
26324
26383
26392
26405
26452
26461
26465
26487
26514
26519
26519
26525
26579
26600
26605
26631
26655
26663
26658
26686
26697
26727
26735
26738
26748
26759
26788
26784
26828
26821
26822
26850
26850
26861
26891
26902
26917
26919
26910
26920
26914
26909
26904
26915
26906
26909
26917
26915
26904
26912
26914
26914
26916
26915
26917
26923
26925
26925
26925
26925
26923
26922
26921
26923
26923
26925
26924
26924
26924
26926
26926
26928
26928
26928
26924
26928
26924
26921
26921
26921
26917
26915
26918
26919
26930
26928
26928
26928
26928
26928
26928
26928
26928
26928
26928
26928
26928
26928
26928
26928
26922
26922
26922
26922
26922
26922
26922
26922
26922
26922
26922
26922
26922
26924
26923
26923
26922
26924
26923
26926
26923
26923
26923
26923
26926
26923
26927
26923
26923
26926
26923
26925
26923
26923
26925
26923
26923
26923
26923
26923
26923
26923
26923
26923
26923
26923
26923
26923
26923
26923
26923
26923
26923
26923
26923
26923
26923
26923
26923
26923
26912
26913
26913
26913
26913
26913
26913
26913
26913
26913
26913
26913
26913
26913
26913
26913
26913
26913
26913
26913
26913
26913
26913
26913
26913
26913
26913
26913
26913
26913
26913
26913
26913
26913
26913
26913
26913
26913
26913
26913
26913
26913
26913
26913
26913
26914
26914
26915
26915
26914
26915
26916
26914
26914
26914
26914
26914
26914
26914
26933
26962
27009
27024
27025
27036
27044
27044
27044
27044
27044
27044
27044
27045
27039
27024
27046
27046
27046
27044
27048
27048
27054
27116
27240
27304
27303
27314
27312
27313
27312
27310
27488
27606
27615
27619
27614
27614
27613
27612
27612
27617
27612
27612
27612
27615
27619
27620
27620
27620
27620
27620
27620
27620
27620
27620
27620
27620
27620
27620
27620
27609
27611
27612
27612
27612
27612
27612
27612
27612
27612
27612
27612
27612
27614
27612
27612
27591
27591
27591
27591
27591
27591
27591
27591
27591
27591
27591
27591
27591
