84
0
0
0
0
0
0
0
0
0
0
0
0
0
0
0
0
0
0
0
0
0
0
0
0
0
0
0
0
0
0
0
0
0
0
0
0
0
0
0
0
0
0
0
0
0
121995
255334
267234
264280
123855
145925
149726
181407
145729
251653
238973
167283
134042
128066
115182
122011
262312
224057
202406
228623
268156
282265
273188
278357
281284
238656
281810
282849
277762
181669
237934
249427
174369
235646
241219
277984
210198
273912
280921
223135
237552
240583
172870
120572
136611
106045
105699
89546
105850
89761
72536
96212
96255
100302
213094
227576
209574
264863
269078
266234
165947
49854
142564
105230
49316
200771
230351
188682
120009
110964
170415
137572
180018
276047
112472
112609
163174
97163
212350
122792
271181
260200
193847
259891
148652
93310
149627
72507
99820
265159
234832
258127
265404
100167
113294
1478
110574
72411
146496
101664
29650
127317
208866
118311
98472
266735
267620
134423
212
0
0
0
0
0
0
0
0
0
800
0
0
0
133697
268400
267858
141775
264989
175701
268210
73683
187371
122556
236059
255729
248672
268354
267692
267731
247347
267915
265667
267796
196276
258275
270142
244927
267277
266965
271625
268425
270111
272115
260459
100735
183568
163611
97951
110103
114601
70247
84019
100637
80
89828
209
102996
96502
144655
129124
122993
96554
96554
156678
244718
268103
267248
267611
267701
271663
134495
230
80
80
80
80
80
80
80
302
302
302
302
302
302
302
302
302
302
302
302
133518
270084
269712
96046
269677
267654
261620
258793
265570
266902
263861
267599
268140
266023
175177
261972
262213
244570
263963
263787
269296
270033
260361
264145
267583
264668
265821
263282
241584
265507
208076
266073
232157
217049
266901
90934
264940
199759
175729
266640
136900
246251
253674
118849
266484
245279
163474
234218
49665
84168
143297
273231
275098
92369
175174
62334
224162
129948
99840
255178
257999
134149
105033
127467
105022
119168
114604
282926
222500
100624
117314
244115
224989
104210
261418
242902
205453
141962
283450
155080
95837
188056
184915
279376
260350
252187
129498
28695
194323
272277
145885
72965
74922
120777
93916
164576
274633
187279
277346
268311
259808
147599
49202
161670
246679
210469
92057
96866
249764
147343
202305
259747
110549
96353
215860
145112
102409
254495
73
269446
259608
249494
110480
235112
50000
269609
107372
153587
116233
163188
251443
219793
254738
182534
175259
114
129734
237583
190762
115512
222252
146568
274234
273939
114320
111140
142979
198880
232953
263395
204189
51530
98365
60835
223040
126713
147442
263251
113496
95437
63089
206050
171790
95060
112339
28330
172850
144691
217823
271943
241244
111011
209944
107712
87832
133414
222480
256160
102364
91840
101985
94787
26293
192591
115807
249471
268939
267579
270614
60651
152795
125078
164673
274959
97324
142567
73301
166669
265899
268187
151624
199668
204279
278164
91869
130528
2842
225056
233851
272676
267303
257291
177394
139628
129152
109463
249391
214681
132270
25794
167197
126233
209938
269035
267846
133432
48
48
48
48
48
48
48
2205
287
48
48
48
48
188
48
48
48
48
48
48
133737
249806
250071
174924
178046
205272
215759
306565
134749
0
0
0
0
0
0
0
0
861
393
147
183
161
133620
171525
173312
159866
119285
192991
141744
189058
128557
131424
166173
126810
176844
163656
178902
260902
192506
215475
143354
173351
141374
114428
173930
135446
205637
247618
254701
266082
219286
247452
258483
258688
202470
257463
262273
135937
125
305
34
0
4860
396
222
0
0
0
0
0
0
0
0
0
0
0
0
6777
288
109
0
0
133846
266758
265164
120922
242559
239745
266084
56385
151944
101986
129272
190384
24759
176632
71987
127956
94518
176665
91806
59844
25080
83905
70271
0
176590
265340
266417
70509
121983
265671
265404
268087
258270
140528
111668
149408
93449
204987
267742
126826
201806
132131
251147
242199
143564
242473
126734
272253
270811
134832
13
0
0
0
0
6324
466
161
161
161
161
161
161
161
161
161
161
161
161
161
161
161
161
161
161
161
161
161
161
161
161
161
161
161
161
161
161
161
161
135287
268815
261670
89371
267477
267183
246769
248241
59957
129411
189014
108551
122089
250624
31691
240758
145041
62146
27699
237161
112001
247496
90057
271811
157157
194031
156917
148910
96246
63587
252662
126294
147165
94725
202114
196007
182892
265690
177312
147962
70614
76974
85390
49972
267822
266811
266162
151363
192893
125744
124301
30341
67014
254684
153803
123883
251834
694
235488
226532
248221
263417
257031
123337
342
527
299
299
299
299
299
8580
386
231
345
731
396
662
213
211
112963
242361
230469
234174
104977
175840
89841
141035
121368
95388
259339
63647
101529
91832
92166
186134
131653
73170
212127
57250
174
29047
141214
27382
157650
138060
141772
271309
267939
260780
218118
76166
87972
892
76818
29643
283112
91611
107054
73801
95490
126016
228733
252824
258511
267905
141127
146512
118821
90159
97613
58681
84316
49642
117
56768
0
220657
74306
173767
141805
124908
138860
124486
191896
129569
143949
155983
246119
268038
266692
177776
252731
260816
256471
153523
73816
171409
190828
171557
200129
129456
208532
94226
222127
60589
233928
171915
155456
184277
75129
212425
90698
161113
67683
91125
1555
127132
94086
238852
92903
92906
60422
27315
226
175716
164617
103627
50116
260011
268100
218871
261510
210540
266343
266215
240719
201755
74260
159954
134313
52430
110784
222640
256134
133594
62161
229667
185116
193711
215818
205224
243510
241184
260647
160022
262721
267990
266386
245725
235309
269943
250910
252440
210406
152887
179233
95363
183151
99072
102720
30296
432
54801
31044
89329
35581
54570
109162
31370
108953
75894
123369
114269
161340
32551
205392
263429
134699
544
25
5473
320
283
0
0
0
0
0
0
0
0
133650
267008
255116
254882
257621
266442
95004
70868
125118
103053
132868
60506
259100
278057
268950
267787
268380
170874
158541
211011
92269
59823
194373
268336
208810
142435
266495
94554
266629
211178
195373
115062
124179
97806
116845
115802
84504
70472
134351
109752
25097
147756
188959
215790
225293
62448
74191
154591
125690
111034
0
25663
178231
71764
193215
198588
232506
267728
269821
269147
268081
266048
154591
105507
156668
94847
141893
192288
268233
268904
216551
147294
122365
92687
136140
128417
127287
248073
234238
219060
163872
237758
227377
258591
247343
239640
243594
244146
195792
216049
260657
260949
260064
175391
270036
270649
268723
269426
221923
252768
269450
230390
179094
103341
130843
50554
1202
90413
778
9161
57861
73482
91464
104946
1386
170208
215270
244962
244044
250695
205445
202016
137339
98227
273510
267297
267036
236119
188840
191
266832
217310
267962
178041
136568
217366
154944
103979
257392
6124
1286
261234
205456
244788
268195
164410
262815
85832
266629
160066
107998
177463
151913
141680
104004
98795
966
130149
90502
143289
27668
111341
107706
183762
251606
251081
264414
257836
174051
178436
127335
268020
264906
265595
266815
211805
109856
129383
105344
94879
84235
25414
70622
50066
74389
111888
87957
154056
157836
109699
256420
232635
264031
267415
267289
267170
266206
260411
268317
275845
272197
272265
245558
268286
263841
266444
257473
130544
262735
56929
153959
60077
57047
90260
2350
56981
70514
56404
182764
184532
72572
220645
269004
267998
267688
266579
267510
260115
246140
239399
241079
232458
252169
182595
162512
125254
162125
236147
174432
174207
204145
183427
199998
224976
212698
202843
119481
198298
181701
197717
212864
266352
251143
249380
268312
134451
452
226
212
13752
1612
512
188
188
1161
567
102
14
0
0
132216
264254
264429
266655
268032
266456
254005
25458
202275
197587
140439
84585
110665
109815
83876
83831
129351
72987
144534
117452
192178
261405
266123
247623
228913
263386
266741
197795
169792
92821
24863
92447
57766
100163
97885
174277
246786
263441
252269
245240
184817
96466
268616
223399
224797
220163
112438
70173
70254
101374
206956
95234
159108
123348
274233
125108
198409
74958
151258
151569
244722
27207
267790
267730
268953
265932
265487
267822
267893
269603
270666
243926
97753
166315
73575
98205
93796
64005
349
128644
132132
201910
74811
88145
269770
63077
145214
170198
179941
169589
159191
221790
238628
150843
71207
133091
74937
164604
173682
67994
163845
152294
160523
217817
159758
133640
146456
105330
142614
263815
269055
270597
268941
267663
264437
152666
266779
141989
56764
179633
153531
125182
128050
146226
93156
359
25129
56984
70644
25123
218748
182883
220171
232637
53553
193261
130737
50459
225161
77208
188773
204283
93589
208968
181203
92976
210724
0
245850
246548
264395
267681
163093
128135
188895
95604
95034
119058
94832
105631
94963
92293
213255
243442
119150
90241
25171
25171
97864
143344
259058
125096
180090
248629
168085
110050
269159
269401
266593
268599
271087
262115
258247
227499
160306
258281
254435
244747
259359
223658
153095
265360
250247
249724
262625
263471
260465
258916
250006
274764
252445
100331
179200
248696
266617
267531
267723
267177
269615
268927
25719
266640
266742
120935
273231
269891
268576
267759
265612
258412
269329
267749
267250
266579
266278
150937
263252
269887
101972
181884
267554
265690
266618
49938
266787
268662
269175
265784
265037
266399
260398
262424
182567
267169
133169
249682
171365
263499
146058
115475
270017
263554
249637
243537
254225
242330
180525
145078
52119
95537
154669
110256
219982
200117
110256
266747
253028
255662
264455
263959
213159
202411
136037
151480
130980
93679
864
726
600
73554
72696
100763
106251
222415
96103
28947
63260
101660
88671
105536
87124
51922
53136
1275
26869
702
221
61790
58513
1501
74111
26949
148767
150141
41661
6
0
0
0
0
0
0
0
0
0
0
0
0
0
0
0
0
0
0
0
0
0
0
0
0
0
135904
22
0
1175
117
302
78
78
78
78
78
78
78
78
78
78
124399
260182
270759
269187
269395
268193
122172
105589
178981
154658
105865
91301
154089
70565
100647
90694
115832
151162
205684
233292
59653
136133
96553
27969
229465
62031
184068
85125
137495
127645
214878
100492
202504
97994
185408
255507
60325
24797
56904
24861
233873
74511
226805
92863
123740
216322
213342
180711
269560
113652
216797
143398
95987
141811
241508
124589
96119
96039
154723
153673
160804
258687
270736
266877
266726
266361
265968
265974
265056
265707
266121
266391
268446
148457
99758
93575
143864
174335
92497
88047
53630
94768
129336
248820
65429
99223
61009
137703
213258
194626
161118
115136
176245
263233
259471
249278
252755
270148
88255
146857
266870
185403
191163
256823
236420
272417
232317
229028
241509
204526
261584
259066
264890
258209
252033
266090
218760
267489
267478
176849
93967
256038
257010
205719
149474
152106
128215
128434
107056
171386
77804
139
114786
93127
29160
10
156486
170876
130271
161107
226075
217491
68355
269505
106351
263331
227218
155698
248342
235521
243458
254778
192583
179162
182524
87995
107031
124634
172705
115116
94253
121190
94334
145489
168919
159248
157105
77441
107909
141407
125003
131621
151439
59746
99913
100989
51407
72844
0
179459
247845
246146
259909
154640
164554
266486
268084
198815
9
147900
256701
268195
129928
262782
265200
172547
127002
230473
264130
269138
72051
267787
262810
145788
198649
254786
254821
151433
269348
262671
124919
168751
110295
104510
92578
176952
98554
171520
167963
122761
53141
53387
107161
149293
218280
181516
187697
180658
177567
230220
256607
261032
252974
161634
235891
258521
250658
223406
220649
247337
198702
162276
142727
149996
196941
239506
261871
247216
166571
147234
248113
151891
191694
232798
173203
166678
119923
66689
103705
249031
221319
167356
90636
87802
206268
259493
179716
99359
116327
115443
75140
142652
93713
141
50653
61971
64929
132
75961
93468
116825
65600
74983
113305
75344
61070
28453
88751
112458
131281
220694
252167
143329
126596
146923
93214
73635
60610
1254
61898
54204
114824
79147
53182
238391
163866
31018
209432
250327
74199
86286
265699
155163
249866
265150
201762
75777
38168
53427
28482
53282
96075
148828
113588
118311
153005
122575
88395
143911
190242
115087
107677
63256
149720
717
76852
90586
53123
845
575
100896
90114
75958
76231
123362
112023
115326
99567
64039
64954
62346
919
89155
28154
61690
61874
99483
114859
75723
87796
30098
54028
64441
53211
54769
1272
78143
63535
696
61652
90331
53792
547
152219
98134
28716
29091
31802
77334
76206
62192
288
28679
28897
108
62018
29312
1311
74835
63486
29620
89236
194740
220834
73360
93138
125101
98008
208658
132664
51122
108
28071
127611
1060
202
270999
271207
267377
262265
261586
254187
263108
253551
257716
256809
258330
231341
256114
164218
179956
204864
277802
229027
268217
268143
268315
266955
142442
71119
57110
57694
70955
57037
267477
266761
267891
137554
75313
269694
242845
199270
102573
266180
58228
256575
160349
208244
226938
266438
245489
257727
143366
229266
254236
269147
185117
289596
191853
187321
151832
268944
268521
130368
268122
270286
269756
260994
153744
61391
434
313
144492
173135
259979
243605
122199
226046
222583
129455
128044
74308
249453
233220
130863
137573
228646
231422
996
261352
260557
529
266418
155648
273134
264894
262762
271372
157216
103660
127009
26859
266243
257223
124374
250431
268063
89395
84690
269224
273416
239465
256391
182341
210669
130190
217447
207907
206910
269707
268841
266430
265712
267423
267263
171649
111976
272460
248498
247594
191809
198256
123481
146767
199230
257233
223616
210358
247240
264771
262597
260129
269319
250270
230459
255874
259511
116333
191884
234509
268832
267591
264113
218306
153408
109584
100997
32260
63722
59090
589
514
74324
63547
684
102609
121814
85493
102372
129162
193695
144344
253048
268680
269824
269838
134525
248
248
248
248
248
248
248
248
248
248
835
248
248
248
248
248
248
248
248
248
248
248
248
133832
266750
271454
270307
268825
268097
266861
245621
267559
267873
122397
110236
344
210098
94945
57001
90190
210093
219199
244820
216191
255465
266683
109930
257399
146506
114590
90075
125211
123787
60074
124053
155028
224048
222621
216899
261107
290163
271153
249199
237039
284636
289204
287106
163932
249692
273051
294463
235134
263060
249121
202263
283639
288140
245570
206452
252220
186610
189822
160663
237213
183524
262992
257717
211262
130648
119494
180136
214876
180967
216343
251419
207417
191367
114434
158952
262358
198284
267676
267840
134870
119
133
0
0
0
0
0
0
0
0
0
955
0
0
0
0
0
0
141
63
63
133482
270503
207882
259005
162385
353501
268423
176963
267962
269038
224476
255248
146223
125121
239063
136301
143395
28235
262206
122680
156892
110605
253267
193840
243588
254479
251907
223526
277636
125840
95700
247483
75189
194497
263484
126949
128629
256643
134886
288
88684
217637
252543
163338
252452
254728
83792
127330
278157
110922
128771
249418
53179
125005
271717
244616
256402
90128
262331
76130
95428
58368
187478
131278
259888
271325
244430
151659
239175
259521
183840
100773
222972
117490
276573
271494
267239
72759
50741
202062
188988
169264
275195
95017
81065
244408
118217
161492
270095
126409
130447
268763
165662
193214
194311
161361
263343
269045
258930
151809
183496
271865
198784
66544
259508
203140
200196
257660
258536
95010
82852
113631
273159
143424
165734
209416
158118
91151
270158
267095
71993
279363
215367
113026
29217
208225
219760
252041
248655
113170
197387
223459
278061
137560
121415
156951
183300
260718
227577
253801
162832
268336
212585
250527
93033
260845
178057
260218
220779
237111
125270
277929
94824
181433
73437
259473
144610
263885
266343
186057
90543
132556
161746
274122
115594
125804
243049
62007
194106
261666
266564
268260
268843
214212
90062
222185
268693
269532
266542
177124
265634
110544
167603
267310
268818
273737
259411
257646
263839
27065
248239
213879
232177
243862
129759
125811
103474
64016
151975
95612
116913
127487
152127
123488
128699
104374
139576
142446
140163
153394
149577
170935
126843
120297
104284
116014
107028
126505
147688
159726
126186
197135
192200
113678
112324
151086
101647
58006
26028
58071
13536
1544
968
373
25322
358
1029
71639
57874
453
91
0
57297
739
84710
102026
26594
26902
494
94
72414
59489
26512
264871
156653
220866
153230
258093
124749
86637
25964
189246
145120
217909
218248
166215
203844
132932
185232
128335
158137
172134
261240
104849
65015
158137
99181
62843
111827
28205
124072
662
628
531
107197
27517
73276
1511
1605
27898
105584
134240
125750
138085
156315
108348
175806
128440
72289
92092
170577
201044
110886
166708
137865
104802
143
218
162296
116472
108978
129633
177002
112097
106942
102172
73694
102818
175069
163099
113973
112734
101559
79379
104529
61943
182536
142833
106422
110879
104739
103725
152558
154677
114535
134860
78314
116055
25271
185528
122329
51488
50922
60139
59603
87608
90823
65054
250860
267536
267209
234450
156122
192199
151040
96061
73782
29357
53061
73396
28306
92921
186093
110392
200980
129462
152100
179790
199180
200280
180375
124508
92756
72437
269393
250782
180276
198786
128243
100201
140511
63123
91452
143127
52402
267621
258481
166041
127760
123278
123471
25320
56697
161051
90229
90511
174851
261412
182418
194163
171957
199254
109888
159176
113391
164778
116667
107725
58732
58981
164077
123150
59566
84866
86894
76665
60877
942
538
30932
61094
29045
883
807
28653
75566
27638
1308
28947
29392
794
52631
28001
28905
28218
28183
64898
0
76598
0
2311
76141
537
0
0
74007
0
0
26982
62509
62096
314
62062
0
0
4434
28612
63152
287
386
62207
1092
18
102526
76064
101530
929
62460
62942
93494
92442
60354
1667
26905
27002
60323
27359
26612
59199
59526
26117
0
59612
72122
85507
72909
27317
60488
72454
28004
195531
174518
92682
226636
248308
267630
202349
241889
57243
182597
171785
25982
236307
209852
90141
296331
254812
232546
128964
264016
255521
60534
268974
254840
254492
271065
187729
267812
255638
112230
265926
267263
266925
267677
267682
265177
265638
267154
187205
267607
268283
255129
256221
254553
218703
229677
140089
259834
96137
268940
101833
269351
227163
263018
264475
278004
260560
174015
259984
269525
270248
259485
191115
257331
80254
268384
185459
270244
161346
240875
136045
30465
97653
124026
114871
174637
131524
112269
27548
60051
73991
72725
94431
258529
108400
102392
60840
101334
171123
92696
424
72766
421
220602
153056
57340
105712
178623
267365
201212
157171
113004
109978
1459
1047
27148
50946
0
113
114748
118154
143894
108490
105375
62594
53554
389
903
62112
90562
75375
29039
61022
61046
29715
97454
93965
54138
212
63647
52483
52031
254845
258318
248399
188824
252237
235400
96266
115392
84260
70684
84008
57131
57306
275616
266200
105921
147905
256166
268176
257017
94744
93101
99202
304
145225
254696
254844
91927
7912
133094
251059
254679
265624
263379
265799
265088
265986
266265
266494
200563
175481
256596
145009
132114
128537
90974
94002
79601
93563
67841
31282
80196
76043
949
73317
144596
102132
33192
158597
93509
80311
91436
99763
34258
68591
65637
106278
103261
78711
124319
97635
67463
67804
4865
96204
92018
30244
262036
270101
60058
266592
251583
249623
248320
248971
273860
109623
205429
245093
115178
247957
255873
154991
210371
260198
142478
262582
53913
240654
483
130510
127207
147874
226662
103702
107439
179827
269110
267332
266777
266321
267671
267912
268761
257377
203
203
266551
274171
267642
267098
150766
182507
241006
177534
155175
266234
266102
266555
267236
265544
238311
121141
232427
229061
206288
141344
198742
203255
126864
213004
225898
157689
117044
144797
97192
29215
135749
158833
93899
29855
29696
627
92151
126020
748
94465
97703
63109
28802
87353
61269
281
85998
64123
1629
64900
85262
672
60221
855
91042
93636
73418
94257
60371
671
63730
63348
94250
60450
1693
60488
153387
114739
116836
226463
239466
136157
182164
233270
211111
242916
102654
156574
248275
189376
264734
208026
248013
109395
224161
210355
205901
150108
164066
219933
152666
165340
251607
232059
154780
249892
230440
215682
262720
267941
258781
149901
105421
70410
25262
57540
4106
70898
70752
56980
267268
266957
268238
268425
267463
265571
265392
268218
252091
237528
96321
187515
225546
164166
135638
102442
74541
1209
803
58051
65558
68330
425
65110
53494
53903
3319
54118
61135
411
411
103691
102729
266461
272155
236553
125708
129084
129966
114494
119465
157207
168036
196901
237675
263306
175848
251222
259380
265827
189040
248199
265327
269152
96082
251888
281702
136531
1009
599
599
599
599
599
599
599
599
599
599
599
599
599
599
599
599
133545
269425
269468
267809
267857
268018
268766
247012
113537
89245
70512
130554
105950
60293
232174
278161
287198
237330
258777
273931
282472
249596
214213
223169
274720
285198
251053
273410
248666
278311
241154
273621
257786
269455
289200
286014
282097
244128
280383
268773
268256
193964
106344
156179
100642
73076
236870
165040
187410
180502
245414
214837
123180
152078
152055
269173
262342
257882
265797
268513
269703
266972
133230
345
345
345
345
345
345
345
345
959
345
345
345
345
345
345
134172
259609
258450
339292
263553
266312
268974
134109
271645
268635
266676
268136
268634
260521
260629
259688
158285
265546
197957
154825
91073
121128
178594
194346
94821
27581
73873
26770
73405
26042
166672
56749
95507
95662
96417
106272
101390
163479
156070
148089
268147
210502
134503
134248
94849
157836
197942
120720
70661
49731
84284
25418
123142
125666
163838
143493
84048
224095
207231
267447
266820
246183
211513
243028
258991
264639
248435
271164
260791
227827
260801
268519
199254
266588
203820
257511
267367
59641
267188
257515
91076
236927
152610
125500
73329
205518
71077
242679
276068
127471
66759
203231
168407
122534
238167
181689
226816
177079
272067
62213
158411
176049
103292
165662
259988
214402
135516
56925
258578
63676
126897
93482
129167
146262
170379
258602
269577
268073
200832
248022
151344
154954
128957
273308
108424
102248
101972
92390
140633
98249
158825
255406
226922
203428
247078
220886
140242
59024
281400
62714
151556
180684
97712
225080
267324
267763
232206
96287
128174
268995
102167
103554
105132
174865
154725
271668
271789
199524
132043
250605
257278
271493
148398
63386
209748
150923
233066
222848
180009
125395
271723
280275
63640
97979
96021
75226
139323
236
159967
166578
146810
251833
251160
118955
104150
92032
65221
207360
278565
133011
102272
207196
130373
260479
122490
188295
166572
131189
106272
262754
178137
115856
153987
141011
96162
253497
250730
262044
270719
245156
262505
270700
269420
255488
261860
250307
225209
268238
258330
58484
254939
268797
161630
195281
122798
270387
269517
269476
155377
207511
151292
120177
557
138991
73709
102763
112596
64617
115989
86495
57534
88983
27292
26808
63132
27579
73
180651
123482
91542
75514
77902
78132
222326
254779
73393
177304
172599
212725
157015
268097
267171
239135
263808
92024
165407
146674
111698
261449
107019
108354
198929
93866
126947
263129
93151
91698
172152
112407
76637
122841
113030
113864
148694
263670
175027
94177
124090
174
201788
123673
119355
145591
143819
131786
243398
119834
52015
170634
32258
103269
74926
150259
214427
264453
257460
256360
267131
202935
156848
89035
49629
176926
267097
262364
102888
106510
95755
74799
118494
110759
249635
215097
204298
267617
266385
267488
218949
123484
109295
171224
179394
96224
91959
54399
179054
188700
185502
146667
124935
93925
125887
203889
117613
153034
177517
250942
150374
207193
176752
127982
126040
113422
153366
114626
100177
211060
268842
268030
261385
266816
100223
166097
236174
210384
25227
239923
265326
269477
266750
258954
177698
147289
163049
200492
197784
222387
185082
229222
113032
191845
96290
153553
158532
94217
92902
217311
247777
146155
94426
96893
203647
150272
183770
126884
178238
162210
175604
165431
195716
187910
188614
157391
93128
53949
191286
172619
165767
99919
52668
27289
151167
99290
17021
75470
64171
74638
61485
125368
1000
92180
60094
992
978
701
60582
686
57
29765
0
0
0
95826
155104
91225
25629
60547
21
95433
257697
239621
230654
123598
258673
263648
265981
271235
268859
133643
0
0
0
0
0
0
0
0
0
795
0
0
0
0
151
133757
267722
266051
243938
265709
269199
266491
90223
260899
220620
193828
58810
92711
127931
91185
75610
76572
269710
712
124235
1584
157548
90662
263366
256230
265381
263094
71713
246734
85185
49585
71221
49068
110420
25846
252417
116260
60496
109779
146283
1045
124732
188397
267709
264806
265618
267856
191112
267658
170946
141101
157975
108582
197932
249337
248378
250351
267490
267129
254722
105485
266988
267506
267574
267369
267299
268865
137812
258138
269986
267582
268889
267485
270368
270791
152626
219676
231671
224219
210467
202519
200738
258554
257038
267900
258748
263402
178386
141860
94676
56804
105143
90168
124989
197877
226816
127146
55767
246396
266608
269854
263868
245076
269281
256839
184238
91626
348
95716
90818
95606
267277
269838
144344
257871
135131
266002
265020
265941
264857
265951
269109
259879
244687
210704
197186
264560
271040
198739
190130
269912
269656
269140
268388
269105
269491
269172
267725
99107
91019
105371
265976
260059
113049
154847
136646
124815
156793
184178
264460
266939
267014
177995
152290
220743
266617
267120
267246
195475
87388
73790
475
268236
266985
264186
266655
266293
243571
266385
266541
84139
113549
247068
267162
272539
263695
264714
90069
146321
261552
224284
129517
342
243
243
1116
155506
56966
243
1162
1162
253
251
246
243
243
243
265939
266050
203735
235932
266720
176836
224141
176856
190666
149176
129808
83717
25020
243
243
243
25301
70003
243
49343
25145
119120
118968
83986
89938
243
243
243
84033
243
49363
49367
118936
84154
137329
70328
110157
140374
93407
105695
49622
72353
97550
243
243
238443
121913
229472
266253
267480
267421
266361
133540
266
243
243
243
243
243
243
243
243
243
243
243
243
243
243
243
243
243
243
243
243
243
243
243
243
134550
270112
172557
105353
94654
243
225377
177544
186218
140295
140647
182663
129818
49293
86443
112895
124749
93053
49058
109548
24966
56345
0
70098
70096
24775
104822
93273
112795
93065
49450
24864
59573
49198
24982
59583
0
0
0
266209
244154
136839
177820
170105
161096
113968
142777
124926
176444
233749
176369
176288
176608
110023
84126
56584
49194
70472
49015
93014
124812
89618
232574
266070
146361
533
0
0
132888
0
0
0
0
0
0
0
0
0
0
0
0
0
0
0
0
0
0
0
0
0
0
0
0
0
132840
266001
266889
266358
223344
266493
266937
133521
0
0
133689
267147
238504
188680
266411
267018
134067
0
0
0
0
0
0
0
0
0
0
0
0
0
133731
267771
266091
265614
164844
147515
153002
155603
24983
0
70436
94631
94434
71938
141484
247283
214236
178606
228679
241425
248830
215725
217949
261099
264532
276715
279379
244532
275541
261999
256256
269094
156025
259515
262183
219903
215245
232697
247333
219504
230379
248633
261096
273121
271353
275655
240810
264126
249537
162891
219306
206178
182423
126846
91132
136896
96030
91543
91374
94785
105060
99097
92779
62144
96990
72477
26966
50943
106252
236831
248425
228710
267099
169054
249389
216245
170562
127899
99010
205261
212800
247916
266250
264233
92876
112510
69928
182428
141601
164712
210284
184371
56646
56759
70418
49168
129710
127861
105379
153281
152431
125309
100777
113601
50516
26854
702
976
514
514
116
261583
260312
270045
269813
137562
88834
230964
230380
245012
158018
268122
242372
266529
88528
234519
200992
114341
133704
109505
49228
70488
70316
213
70
83736
97421
70004
70017
69991
119414
179
118636
56345
100429
70170
57066
56562
0
48890
24943
0
25061
56344
0
0
24687
0
0
0
0
0
0
24697
0
25016
128
72
0
70162
0
0
0
0
0
49193
141
0
0
49109
70165
24709
93252
24737
71927
56405
24713
56434
49172
70192
56369
0
56597
0
70486
348
59787
0
0
0
24783
70177
207
24700
49146
24856
24682
56616
0
0
578
0
25206
537
56440
25377
48981
24935
48902
0
24580
24628
70068
0
24804
70866
56333
0
0
70346
0
89966
89907
59552
0
56615
24681
72128
70001
70054
0
0
24599
70053
70101
56227
59468
89937
99198
105254
97484
97622
109541
114490
102295
102668
105564
59910
24572
24589
0
56474
0
48970
110214
110084
355
0
110408
49438
64
703
24753
25040
0
0
56828
0
0
49731
61120
27957
52753
71697
52196
73025
50900
26544
223
36
59
26815
245
34
50
17
6
0
0
0
26984
0
26187
64
0
58343
51
24
71564
25645
58660
0
26717
58695
714
1698
58307
58383
57847
71683
247
58260
26157
0
26790
57716
0
1200
710
58613
595
58485
61899
25803
25407
189
72023
50487
26801
26799
42
13
59379
84522
100963
27196
462
58064
26084
58514
58138
26030
72106
51224
26111
51270
95
110834
71085
100072
1722
71256
25906
131
58629
133
0
0
27086
928
26665
26817
201
201
201
26542
0
0
0
0
0
0
0
0
0
0
0
25919
130
0
8756
605
71266
0
58319
0
26456
71838
0
0
25823
25975
0
0
58152
964
58208
0
0
26200
58102
0
0
469
90352
94382
71734
27822
58406
27493
27575
15
26388
27445
27240
83
235
0
0
0
0
26085
26190
0
0
425
199
0
26090
0
0
72026
61533
26070
0
0
90580
153557
132895
152960
150324
158001
140290
128213
126576
91863
96301
60745
301
57995
57880
920
57869
90543
71509
73889
25908
0
160616
121504
112931
263314
262704
262293
241565
112754
95981
182210
225145
252217
235414
217447
247011
236134
248287
234411
249800
205621
222278
255382
210075
258823
260827
91814
218841
271878
268671
268043
264060
256395
265932
122617
256798
261987
263105
263765
231612
266587
267800
268659
268244
262740
266559
266003
266359
260309
259231
105398
259325
259997
192179
257935
258914
84376
262727
264704
121800
263559
263595
267290
268795
264672
198375
143595
217450
184043
115851
59015
91268
59013
2678
1257
62346
26220
91135
61467
26489
59685
26715
26900
123446
112297
123498
138301
205679
147735
152374
241459
163200
166824
238119
129309
195174
208530
224393
224170
146526
179087
161776
142115
161886
147918
143702
96095
91294
146133
91538
176940
268916
266882
267013
226007
253088
63124
74175
100467
60867
92353
93271
27913
725
154458
144869
206450
180565
178488
179304
182228
178643
190812
248477
195249
222533
167354
197263
110551
267956
268442
267205
180703
195548
91720
58803
91664
266521
269414
247175
205603
217023
226286
191840
216157
154242
185019
184874
167663
232328
180018
141786
112324
186380
264152
268092
267817
267154
262821
262344
262056
209778
265600
201316
25747
72585
58702
56813
106767
26874
26806
92552
255
254
58266
61245
193244
147913
267856
268505
223860
267635
131315
270902
203074
266059
255457
102585
204398
219194
50354
93954
235787
243277
187734
148714
140551
177693
164058
248807
172200
232381
157754
93631
197701
118915
146657
151867
91981
504
57706
91402
399
59370
61370
168233
93362
136580
142541
170396
115187
163020
149674
127267
150443
184195
204610
142140
152595
182582
193873
89913
170396
181426
113015
141973
157083
93683
113751
72954
99377
86866
51625
90482
140071
73005
106933
95999
107124
91718
145281
125553
157473
153736
93334
160068
163792
165957
180589
164474
193447
135625
150450
113235
194776
110426
247251
202173
95554
72118
134476
222783
186044
223775
183621
184137
193051
170987
192188
153532
140601
109090
163182
188186
154949
111099
57561
124853
126778
101566
61267
116086
203569
192513
202251
171032
168861
215615
203718
140870
231546
143129
139880
173730
115061
50803
94532
205323
222946
215734
213948
206104
156819
123157
123306
242497
239417
195537
226615
123389
156096
142093
27861
59473
134694
190389
247416
181734
222493
206378
154880
140059
100550
240660
261730
207255
213946
156860
148236
91312
209143
221119
265833
271862
270303
163624
267268
268711
273695
133778
406
148
148
148
148
148
148
148
148
148
148
148
281
3003
133199
265245
266296
262285
209376
265181
257235
166587
263329
263249
265183
265401
268169
261873
263867
264715
265792
94696
271003
263766
257493
264517
134866
259179
121037
267355
207990
265295
264574
242004
268044
231665
267653
266816
267655
263872
129464
967
473
918
608
401
330
330
3925
833
234
234
234
32263
139
0
0
0
0
0
0
0
0
2982
625
162
0
127899
260977
263589
186911
266008
267322
267110
265211
266607
260332
256048
262371
263379
267806
228449
174955
215046
267884
211563
268577
265357
259987
259817
259822
263172
199840
261255
259725
238571
268366
170704
98065
161975
109852
59908
70396
83675
0
0
229631
52147
187866
110501
72214
140809
131286
184373
255292
142411
364
575
153490
95094
268158
267730
269634
276679
268346
268284
245836
162673
100479
109745
83989
109548
97424
114275
97697
114433
97634
129411
155267
118715
106043
106621
118410
0
0
0
0
0
0
0
0
0
0
0
0
0
0
0
0
0
0
0
0
0
0
0
0
0
0
134088
267720
262880
263163
205946
265565
249878
252969
267941
268239
267016
256218
250720
256759
243552
224151
213256
146560
259347
270085
271327
258980
255038
210735
73322
71197
150239
248213
193938
154003
281
668
243170
263774
228262
266879
315
232808
264702
266178
263378
262794
264051
143677
194271
259474
228182
233142
204856
242660
235565
248559
269558
267928
259351
266982
266710
268453
256640
277389
271594
231892
240216
261919
244275
208435
255452
256121
110655
262973
133522
158
158
158
5754
759
0
0
0
0
0
0
0
0
0
0
132771
266619
265345
262272
240025
182995
145282
138051
261963
109683
275251
149608
131177
110959
247698
232466
259661
256790
262768
261961
183494
162519
204310
125384
107288
73356
154162
193971
215519
219251
105362
269014
60476
151214
101879
61403
142547
207
164558
224065
147010
152672
115037
91198
169967
262021
204269
267107
186193
107103
142613
267461
154813
266600
266652
259231
203851
108494
222779
266230
263191
91955
93163
160718
185161
111086
221845
183162
142033
88674
154783
140097
242124
161012
118958
265872
262779
207109
216932
167389
214996
169596
102943
240735
162441
127748
192228
168853
157415
129980
170387
181583
110152
184591
226188
95971
173794
193778
139468
162872
215873
125567
176614
175230
110002
173634
144436
122899
54013
195013
93068
150564
206522
93739
219974
225366
267090
190854
204321
180882
159279
51774
264456
116959
264547
177034
180445
265269
193721
269417
267809
192752
163166
90469
226836
191835
134909
212700
250902
230540
147461
212956
102715
269606
268643
267405
269191
270141
267490
265910
153522
211062
265816
275001
126810
126295
149464
100734
90035
49378
205271
176173
267077
266282
265123
132574
274
274
274
274
274
274
274
274
274
274
274
274
274
274
352
274
274
274
274
274
274
129315
260880
266418
270641
264388
267404
264853
117988
253960
258005
261672
171644
95321
259300
261815
264756
267582
226249
169328
70469
236004
128238
152506
114771
143400
134964
132831
110246
157540
25995
670
670
25853
73333
104013
131025
104580
91779
106955
91339
91528
107721
220751
140905
144512
243678
26840
128037
175802
175724
62684
228521
58715
266167
183457
141388
212176
236628
203228
190529
258586
156821
178032
165618
72456
232401
218579
162312
90939
372
61921
99268
102723
115809
111790
59499
104781
72669
135715
111895
101912
95717
130029
159218
104999
135679
127212
91249
104961
130579
224702
192816
256549
249907
214169
267725
267750
265356
250908
264199
268876
271090
236492
267228
266329
267219
265701
266837
265113
254667
235797
305380
268398
260711
263050
265695
180807
247937
268907
266750
264622
266088
266375
91174
261508
262263
267229
267381
266711
264899
262048
269213
261483
261767
72377
262730
263330
181354
231334
72723
145676
58404
72467
126932
270218
184984
102318
193171
247307
271769
266111
180391
125766
70583
152588
159790
272025
59435
52747
111840
156605
204397
265518
130022
145192
100982
195660
128137
175428
96305
199842
186925
264417
263217
183853
73189
138803
129366
278156
129681
115844
223395
250858
181017
241335
144678
71707
258265
129840
140380
221178
169405
276575
269350
268748
151212
113261
209241
57877
251307
272973
89932
141822
142444
233405
29779
276466
50274
200495
216587
239008
115321
122239
88
211512
172493
266067
260815
196199
154925
246246
125815
163513
105027
215391
275757
263071
264209
61743
266915
51327
111377
25630
56868
263631
101735
180163
65518
235191
267917
242461
247735
130341
143676
92187
271233
178520
28093
231559
260819
259383
236836
860
163960
26830
236504
134776
101932
59305
161938
117923
265295
266393
149970
131442
59178
265830
107307
143007
184946
184679
276407
257889
255391
204015
140879
128980
123798
76149
93918
75412
215547
90024
125465
77090
262113
265073
264477
264979
266397
230633
126451
186275
131312
72933
86030
272273
143902
146248
122692
213451
217287
205794
202044
127220
141498
264924
75198
132818
447
190809
163578
268480
269988
86356
72174
90756
89093
271882
64429
157559
73950
107513
130481
234438
268949
247697
143178
72719
92823
72260
270105
75591
59678
94287
72713
164310
112027
83576
262721
267062
138471
613
409
409
409
409
409
409
409
409
409
409
409
409
133459
276404
269495
262700
262063
267928
165475
26691
111563
183865
95954
156353
89246
187
152745
56945
53019
251
56949
233676
266294
265764
232189
180171
201584
267140
267754
237629
266886
267447
267927
270324
265628
133677
222
179
179
179
179
179
179
179
179
179
179
179
3530
268
179
179
179
179
133274
258931
258607
253820
173002
90258
346
132316
71576
231950
269279
268385
237643
170243
91835
146097
208679
122154
221990
106688
258752
190133
152812
110057
270944
267095
266526
266957
267562
213304
267637
191500
267116
266339
198079
267077
178401
210799
109638
210135
251521
170428
127386
213398
184393
179329
161271
141745
206198
169795
225063
77637
110785
271992
106185
187374
266545
62573
149628
179906
125340
188627
95703
198838
210344
74557
163158
57259
122602
114209
272785
100873
173991
111680
272599
111960
259331
210064
265379
70743
88792
100583
109658
105392
120083
56804
125198
140948
143310
204392
170342
172716
128718
177834
135378
74255
144485
127479
133114
242765
250298
257283
252096
258646
115843
247034
97733
257198
171102
243600
269312
142916
170402
151262
117732
64280
155016
198221
256290
268569
269678
269238
265861
201120
92822
155630
103484
993
92802
76184
437
72217
27664
58934
343
26872
1462
58202
50606
26285
256781
2906
128872
66933
1574
191472
126925
262539
268748
266915
267299
207218
269629
155336
58127
193311
224745
146699
128568
11799
87347
91266
72984
208794
2640
102957
437
430
92150
73897
61121
105244
155837
157730
71017
1451
797
128536
29289
73591
855
233867
108980
265585
90559
119896
51226
61720
62145
3506
93318
97158
762
121091
1494
187061
1350
62343
101567
82915
268530
264264
215074
130709
149346
130001
72071
25076
160
114719
56604
56563
68665
158591
266944
266525
263498
264985
267014
271147
268011
216655
272763
262012
245781
242494
267301
265742
261117
259553
269295
266665
255
265971
273454
266509
266702
215258
84552
134821
257114
188493
25640
100560
25159
24963
200944
220591
266241
268523
266429
265082
267254
267375
261250
245155
126522
140367
226896
89967
129486
118689
266857
268776
221942
124035
160193
245480
256143
267473
268605
268677
254817
214331
85374
268073
266956
268205
268319
270554
176992
27728
264305
266939
267253
268299
266961
266951
111335
268265
267184
266876
267819
267798
269308
266163
247347
247899
265064
267515
259442
94021
252061
154364
248514
223322
265380
264441
268220
218679
211707
148359
200472
150613
96888
135305
127075
107986
141501
133817
157661
124465
133825
178993
212098
92272
144458
110562
230664
256823
255036
131243
1093
72
441
0
0
0
0
13961
1249
682
1079
36
0
0
0
0
0
0
0
0
0
0
0
134346
269142
272337
260961
155784
89842
266243
199353
265757
265935
270027
136217
29
0
513
89
0
0
0
0
0
0
0
0
0
0
0
0
0
0
0
134559
267510
211323
265686
267092
146428
266060
89973
70447
56668
59697
59198
59634
126510
1866
86512
109500
113284
244162
161481
196574
136215
102008
91130
118625
258646
266922
198512
267128
123166
215543
202727
145344
202615
266009
153358
59731
201208
126974
150849
266380
264096
209658
98828
141509
118600
56362
97964
0
59610
50162
89010
247471
269562
269498
266672
261046
263947
267768
268900
252943
106353
263079
265605
266756
114432
185710
92422
161995
28242
215215
77899
207186
288541
271527
134768
609
555
512
512
512
512
512
512
512
512
512
512
2036
468
451
451
133343
268636
267954
253205
244367
189626
152845
90663
106021
49520
49673
210542
1523
205826
121987
130905
203711
264700
101547
110736
103945
501
88671
63320
148136
90681
70202
188845
245266
266086
269670
269154
266933
264188
271786
269546
266608
268092
265506
209304
143217
169683
116604
72482
129425
28652
62534
26991
26717
51076
62283
27939
197377
98195
201669
127876
63968
427
236758
112301
102098
156626
76031
87523
144018
120405
182393
76187
126762
156026
1327
163504
198584
181423
137006
146511
267233
263092
257736
187006
266054
133917
700
367
367
367
144871
265237
266013
267324
267974
267112
262160
267348
266789
266370
248668
266557
261872
244914
241134
257283
129028
105566
266857
162338
277045
278741
273715
266051
99737
197852
161671
90950
276096
271581
272139
265416
188974
176634
147662
191879
172627
251100
126706
232516
141533
109468
56745
59917
228245
159196
159133
238278
273360
267731
267402
269446
266246
261136
249133
259779
253884
246536
254476
241445
184193
222505
250907
228512
256234
264307
259005
260511
265535
266606
267195
259849
263129
267156
267388
275501
261958
263022
128862
266468
267185
267554
249119
264103
267153
255975
84807
213292
122463
90153
91034
106690
50681
26081
88055
112562
209481
264233
269886
269351
255627
255050
262136
214624
113874
29311
100428
102406
146907
243922
250031
254555
256004
203828
192546
266590
102192
113147
155496
49497
87140
116110
170100
114430
238625
178162
233988
211234
685
251493
268898
260224
266283
143452
100804
135566
125188
187652
49438
250028
359024
303272
295282
68605
275381
268622
298152
345988
256879
253184
276948
270196
70445
229771
155048
184113
204952
258633
152902
265536
273773
150818
282377
131412
71856
253710
201428
151241
157279
156226
156573
182082
196959
131529
186206
202257
129047
278395
273936
267227
129580
183755
128907
247068
171726
243063
124196
246882
209015
230804
95228
141382
157483
215365
131974
220947
131048
174909
152373
244849
234798
156398
133496
256584
268440
155239
187295
129287
276598
267839
270554
180168
177819
182179
204230
257644
195309
186790
235749
222060
179563
147085
170419
193153
91225
155982
178837
193660
272918
121854
205790
236060
170571
208604
277878
159160
222721
206421
92173
245779
186525
165953
182810
275047
100385
235103
260300
251428
244180
240441
253391
269937
256165
141432
252461
262718
223245
126141
98753
106242
1348
26603
183450
113559
221655
234546
264351
268054
267445
266755
256162
238330
196801
168043
246115
101010
75074
253934
255118
255726
260988
260952
134692
1159
1159
5780
1563
1207
1135
1135
1135
1135
1135
1135
1135
1135
1135
1135
1135
1135
1135
1135
1135
1135
1135
1135
1135
1135
1135
1135
1135
1135
1135
1135
1135
1135
1135
1135
1135
1135
1135
135056
269477
263839
215255
237804
243927
172972
142450
27028
141331
114829
256004
126834
184147
115545
257862
253820
170908
264819
267954
268101
133954
1135
1135
6849
1430
1231
1231
1231
1231
1231
1231
1231
1231
1231
1231
1231
1231
1231
1231
1231
1231
1231
1135
1135
1135
1135
1135
1135
1438
1300
1300
1300
1300
1300
1300
2043
1135
1135
1135
1135
1135
1135
1063
1063
1063
135492
266820
267619
333946
260203
265651
265638
263406
264091
259230
246924
249929
262295
271712
270441
135170
479
291
13653
830
201
153
153
153
153
153
133470
263469
175872
248511
248436
263441
268346
259795
249676
253570
244441
259117
265133
263408
110504
103472
108039
99252
2118
93300
28924
970
9286
58975
1347
1106
721
102736
92514
95128
104363
52958
72529
27737
1342
76017
30536
126049
2278
160660
2399
73021
75438
94485
66578
126397
780
114197
118639
60796
93066
66228
158957
1915
1867
105715
30592
160547
267570
267056
268467
134411
690
577
577
577
577
3056
773
847
496
481
481
481
481
481
481
481
481
481
481
481
481
481
481
481
481
481
481
481
481
481
481
481
481
481
481
4780
136818
271154
268856
212500
175897
267438
267417
267509
254495
254447
133730
415
415
566
1674
566
415
415
566
566
415
415
566
566
891
415
566
566
415
415
566
566
133690
265585
264969
265887
241961
170705
135552
60242
25632
140487
93564
70789
61652
130149
257956
252064
270817
188106
267232
269440
236026
203465
25340
129949
446
146896
253114
273307
265106
147019
266136
267354
255733
93610
84398
104923
25426
160812
251922
261609
266486
169057
244888
268492
268960
267981
266499
266714
266965
266758
269919
194988
234918
228596
102312
93500
105298
212219
127397
186229
194666
271025
215366
203204
548
264163
251234
269292
647
267284
266388
266071
273742
266234
266227
134571
975
553
484
484
484
484
484
484
484
484
484
620
484
484
484
484
484
496
484
136333
270521
331694
266445
266153
219605
134220
142456
220929
182760
149020
218133
191295
268765
65387
186216
125801
112105
209424
227454
103037
218671
228438
159996
259318
200963
171882
263515
197362
121890
235077
224848
121887
238726
97811
258428
271304
215394
258655
73974
270547
134327
145546
197831
189070
259624
252624
261221
258446
243759
252536
268757
275894
199349
266831
184174
128211
102252
1861
129738
207344
205753
97336
94995
72967
1151
27696
6367
252131
269232
268374
267278
265050
130026
267820
267787
151538
125536
125536
267056
25431
70813
148381
268700
267914
261385
262706
183948
267398
128138
119418
94604
92590
129838
96061
91059
30518
39501
106648
112067
88725
113677
137193
91892
142434
264157
265239
133664
362
484
484
484
3491
635
636
396
396
396
396
396
630
304
304
304
304
304
232
232
232
232
232
353
409
160
160
160
160
160
160
160
160
332
252
160
160
160
160
160
160
160
160
160
160
160
160
132303
268518
271472
259166
270379
268961
259268
259156
192457
92047
265751
262804
220789
268812
268509
267906
263436
267525
253674
259923
269353
269449
261683
261877
271068
262239
266628
266293
257014
264295
240751
180009
266667
269277
270505
267158
267212
264083
265758
269240
268292
259585
130136
255065
263502
71095
142951
147058
126612
154662
128879
126198
186168
240931
137807
271515
243573
60125
189116
108097
71898
215574
152420
260279
267590
264964
268312
267637
266850
267234
268532
269131
253550
243472
262907
267617
267434
277342
251926
249090
166083
268679
253851
253897
130740
26764
102067
27017
206546
74146
72043
126887
270925
103031
270526
255394
254607
343177
233736
265473
262296
257807
204765
258907
270179
272199
269520
281008
268529
195696
266819
266060
251237
244928
94574
266487
269904
268677
267066
227364
266527
267320
272653
269687
267300
101197
267772
267086
266845
265702
266836
267928
218904
268642
263372
240409
266345
263693
266419
134420
266346
244834
90718
90055
125534
91184
271704
283254
281960
164157
234693
287138
298259
284052
270510
268575
259901
266385
268281
270091
268277
255065
221375
138294
58109
26230
268866
274592
266004
269130
267785
91219
267870
264100
256920
257502
239023
139715
90851
58796
549
368
92508
852
61776
26135
91277
92201
96193
90976
102248
60704
1594
60389
73237
1476
59377
489
404
244369
171945
94732
94481
94551
250755
261038
266904
266153
266313
255185
248466
61739
65394
260738
249352
260486
263726
253972
255230
256191
231339
84538
182809
266438
254192
225660
267864
277783
268266
267540
267277
165088
134426
150173
130336
93856
236532
196629
131638
241878
225600
144347
276695
115050
202416
165858
226258
72511
194773
219058
125816
155260
184258
183425
185195
162674
273049
275162
268666
240501
57473
195616
113501
240967
182563
101310
51999
762
73851
164761
195270
171782
132994
195297
266915
157135
162790
74583
205604
225461
61301
187164
215895
101847
182269
190990
145606
131661
183857
171735
268462
120288
154046
161615
278390
271232
270152
89774
98362
137120
218551
267111
68735
122608
192360
124339
147100
171403
172643
53986
181366
166075
178129
205700
150457
222131
185534
234700
203671
250208
265578
266750
251013
243332
260590
163439
267458
262014
238742
271914
198072
77191
217534
123323
1218
856
96573
92151
114172
76313
62710
27185
158661
129736
114494
130933
267412
362461
265506
266035
267173
268762
267161
267146
266586
150203
135692
243819
130251
164301
94082
97584
273612
260631
200770
155179
95977
257451
261681
237068
123237
241669
268213
84522
270659
269582
267489
262198
254685
157104
230858
261199
193868
256648
188300
266981
185580
199671
249638
188263
232128
250833
278701
255951
258546
213938
144315
97996
262861
162048
170590
72459
163080
143426
191832
141946
266405
269488
266628
265748
265533
252924
251210
234109
270842
168641
143520
92215
92722
63175
94627
93144
80476
27710
27759
25864
95509
74820
73732
75103
95608
96019
100272
263763
261565
258327
260725
273466
269047
255125
254789
163240
201879
203315
178453
149183
136716
244865
231375
130090
177272
264451
270795
198495
219346
261720
270786
268478
265038
257496
252385
243790
252591
269420
172227
126170
95887
207607
271357
267184
254238
258550
171635
269582
124221
270644
268485
253479
259183
269551
269021
166281
276906
268573
246659
267565
202737
247531
269144
254865
269712
265747
217655
144614
259953
254114
249474
280153
267958
257063
268716
241379
245790
253222
240370
268069
143932
265581
256423
183361
143865
199919
132229
26580
154692
219865
137798
114941
177242
262050
258265
975
263803
265113
239071
197819
30831
98707
158285
132326
171686
263299
235026
222388
176949
157286
235766
117412
232313
235044
218054
246019
224078
112680
143194
111395
151449
53350
29965
180250
93416
105658
162116
78395
113443
65339
95301
122071
173141
112851
136117
30378
87875
75223
1405
113666
29717
76172
74616
53621
87432
1245
97135
220940
224797
269051
261757
29113
92820
201853
129401
131464
123844
72991
96907
270273
269148
267184
248086
274617
219749
202282
66963
264208
189954
225467
59011
344102
141536
143055
208243
60377
125246
51149
121390
827
164171
146470
202102
85117
86239
116517
269952
268316
266458
266850
267489
274812
267534
266620
266744
265148
265743
109424
221139
270640
270060
267082
256007
256840
267381
245743
221117
194115
225573
183701
50614
270144
252380
186269
268682
258487
268230
103961
254292
252393
179378
109645
267279
265098
168297
51335
257167
257606
258185
241607
183559
243805
183366
198723
267050
268654
222141
265014
246941
240181
227819
249502
247372
245731
265319
256646
238903
258645
263978
126391
254052
276761
262675
248907
110812
145917
110411
57744
57453
85405
359
26239
50450
110531
50440
98837
144162
158945
141297
31150
1533
63181
54340
30110
1369
62045
357
220
111
76163
31010
93922
76134
30899
30802
634
64856
31894
173066
260531
256345
246717
74587
60610
155559
73503
106099
27595
59039
59315
329
732
215
0
888
59102
711
27701
1038
857
27873
59646
940
26896
1251
26384
101
120152
25757
99
730
26389
2083
1195
72018
50637
1785
71658
71633
58167
57772
330
58190
26833
26544
27047
103
0
85530
109603
27202
2447
1456
52087
85754
85777
72144
868
95254
51375
407
72538
122939
72759
28404
90999
109079
93389
59910
97796
64748
29514
102
55035
76038
935
59941
86313
396
27893
52058
77719
97044
75479
51858
59512
59854
112816
111510
100461
73477
94726
166687
145828
193649
204330
226292
268948
270840
267544
267268
261915
250218
245706
256569
266787
260642
129733
267842
124993
197795
269764
255019
195054
267309
239602
98362
128738
60477
210876
199523
268280
269138
212259
233179
267644
271627
267339
253808
236182
238124
284705
269183
270093
269281
268992
258039
256112
257220
267683
267322
273565
211153
253268
87437
90708
90256
128913
179162
49998
105540
141822
25376
0
113240
25215
26396
125055
120346
102125
84884
72190
59503
89333
68407
72201
56821
70564
25982
87210
0
76204
25115
57062
60209
50057
49300
56840
0
0
25113
0
0
0
110193
288
4604
57592
98023
322
25479
57114
84502
322
25524
322
25504
70845
25583
322
25563
70814
25424
322
322
25220
322
322
25462
322
1872
1338
25479
70487
84930
110050
101128
90551
57088
57003
57074
57150
49513
70806
90295
56892
49502
49502
322
322
731
130413
125658
125277
161877
216599
171048
153040
249174
125368
60250
25413
113116
155808
70591
59903
90302
49689
62967
29484
50083
26666
26039
322
98784
86027
322
322
322
27086
709
63192
322
26411
322
322
26663
322
27562
322
71095
322
28161
322
322
29039
1731
776
322
50508
850
51224
322
322
322
322
322
322
322
28179
322
83530
307
334
27984
322
322
27906
59652
707
322
59657
28055
322
60800
366
560
73131
74088
125645
250120
268156
267473
267161
266766
266217
241608
266504
265982
267878
268435
268388
268193
267056
267587
269340
267995
102653
266698
266478
267810
265206
261331
74634
261127
250038
267087
267648
258678
144033
125391
60658
206380
195251
128329
57003
368
70636
25403
25531
114932
60833
73422
49768
25503
57018
90495
56951
119265
84565
84388
230
423
56929
233
230
530
230
84263
56948
70713
70488
89944
56670
90048
134364
100574
100658
230
230
230
105404
106157
70644
109904
57032
70636
176
56738
70266
70230
88
88
83899
88
88
88
83978
56556
166048
266886
266655
219458
252687
149253
210159
146300
128429
93802
122462
154599
264983
263670
267604
267953
268274
267873
266989
133819
0
0
0
0
0
0
0
183
174
0
0
0
0
0
0
