375
376
376
376
376
376
376
376
376
376
376
376
376
376
376
376
376
376
376
376
376
376
376
376
376
376
376
376
376
376
376
376
376
376
376
376
376
376
376
376
376
376
376
376
376
376
376
537
551
551
551
551
551
551
551
551
551
551
551
551
551
551
551
568
586
579
592
654
684
701
729
758
775
804
840
863
882
906
938
956
977
999
1022
1038
1065
1093
1110
1126
1147
1161
1163
1159
1159
1162
1166
1171
1177
1181
1192
1199
1220
1242
1217
1220
1245
1244
1245
1245
1245
1245
1245
1245
1249
1288
1272
1261
1251
1276
1290
1303
1325
1319
1330
1342
1356
1329
1350
1360
1332
1360
1360
1360
1360
1360
1360
1360
1332
1328
1358
1345
1336
1347
1347
1361
1361
1336
1326
1318
1298
1354
1358
1347
1359
1360
1185
1185
1185
1185
1185
1185
1185
1185
1185
1185
1185
1187
1187
1187
1187
1362
1351
1361
1361
1361
1354
1350
1353
1342
1356
1357
1362
1361
1359
1354
1361
1362
1362
1362
1353
1323
1360
1361
1360
1360
1360
1363
1363
1363
1362
1361
1361
1361
1361
1361
1361
1361
1361
1361
1361
1361
1362
1362
1362
1367
1371
1379
1384
1386
1389
1394
1395
1399
1399
1399
1399
1400
1225
1225
1225
1225
1225
1225
1225
1225
1225
1225
1225
1225
1225
1225
1225
1225
1225
1225
1225
1225
1225
1400
1398
1400
1402
1395
1401
1380
1382
1381
1401
1401
1401
1392
1394
1383
1401
1357
1400
1375
1395
1391
1402
1371
1397
1397
1383
1397
1370
1397
1397
1376
1397
1396
1396
1396
1396
1397
1396
1398
1398
1398
1398
1398
1398
1400
1398
1398
1398
1398
1398
1396
1398
1376
1378
1393
1393
1371
1369
1375
1368
1397
1398
1398
1398
1398
1398
1398
1370
1398
1397
1397
1371
1396
1396
1355
1397
1398
1398
1398
1386
1373
1398
1398
1387
1374
1371
1385
1383
1370
1398
1396
1394
1398
1398
1380
1398
1398
1398
1398
1396
1396
1396
1396
1396
1376
1397
1398
1397
1397
1397
1397
1397
1397
1397
1397
1397
1398
1399
1399
1399
1399
1370
1361
1399
1399
1369
1366
1364
1370
1369
1373
1392
1379
1351
1365
1365
1362
1390
1354
1360
1360
1393
1388
1394
1394
1394
1394
1394
1394
1394
1394
1394
1394
1394
1394
1394
1394
1394
1394
1394
1394
1394
1379
1385
1384
1386
1372
1376
1386
1391
1392
1384
1372
1370
1372
1369
1370
1392
1392
1392
1392
1392
1392
1393
1393
1393
1392
1385
1391
1391
1391
1391
1391
1391
1391
1391
1391
1391
1391
1391
1391
1391
1391
1390
1390
1390
1389
1389
1389
1389
1389
1389
1389
1389
1389
1389
1389
1389
1389
1389
1389
1389
1389
1389
1389
1214
1214
1214
1214
1214
1214
1214
1214
1214
1214
1214
1214
1214
1214
1214
1214
1214
1214
1214
1214
1214
1389
1389
1389
1389
1389
1389
1389
1387
1212
1212
1212
1212
1212
1212
1212
1212
1212
1212
1212
1212
1212
1212
1387
1387
1357
1364
1363
1353
1357
1367
1365
1355
1356
1361
1369
1388
1387
1376
1354
1344
1353
1358
1357
1357
1388
1387
1387
1389
1387
1376
1360
1381
1386
1386
1360
1384
1386
1211
1211
1211
1211
1211
1213
1213
1213
1213
1213
1213
1213
1213
1213
1213
1213
1213
1213
1213
1213
1209
1209
1209
1209
1209
1384
1384
1384
1384
1384
1384
1384
1384
1384
1384
1384
1384
1384
1384
1384
1384
1384
1384
1384
1384
1384
1384
1384
1384
1384
1384
1384
1384
1384
1384
1384
1384
1357
1346
1344
1354
1367
1381
1383
1383
1368
1369
1367
1355
1359
1385
1375
1376
1386
1211
1211
1211
1211
1211
1211
1210
1210
1210
1210
1210
1210
1210
1210
1210
1210
1210
1210
1210
1210
1210
1210
1210
1210
1210
1210
1210
1210
1210
1210
1210
1210
1210
1210
1210
1210
1210
1210
1210
1210
1374
1385
1385
1385
1385
1385
1385
1385
1385
1385
1385
1386
1386
1386
1386
1386
1386
1386
1386
1386
1386
1386
1386
1386
1386
1386
1386
1386
1386
1386
1386
1386
1386
1386
1386
1386
1386
1386
1386
1386
1386
1386
1386
1386
1385
1385
1385
1385
1385
1379
1354
1351
1362
1385
1385
1385
1377
1377
1385
1385
1385
1385
1351
1209
1209
1209
1208
1209
1208
1209
1208
1209
1209
1209
1209
1208
1209
1208
1209
1208
1358
1382
1361
1353
1376
1382
1386
1380
1352
1378
1409
1416
1410
1411
1411
1432
1440
1441
1451
1451
1451
1451
1459
1459
1466
1477
1491
1496
1489
1496
1496
1493
1493
1493
1487
1492
1511
1523
1518
1517
1519
1536
1552
1529
1557
1557
1557
1557
1557
1557
1557
1558
1558
1558
1558
1558
1558
1572
1583
1573
1593
1607
1618
1633
1617
1617
1598
1589
1633
1634
1634
1634
1633
1633
1608
1585
1581
1603
1580
1592
1593
1600
1584
1573
1604
1603
1586
1579
1599
1577
1576
1599
1596
1572
1571
1580
1580
1577
1571
1640
1636
1624
1628
1630
1630
1674
1670
1669
1667
1689
1689
1690
1690
1690
1690
1690
1690
1690
1690
1690
1688
1682
1683
1690
1686
1685
1689
1684
1685
1674
1641
1634
1667
1673
1663
1667
1690
1690
1690
1692
1690
1689
1659
1692
1692
1692
1690
1674
1662
1654
1652
1650
1650
1652
1654
1654
1655
1654
1651
1650
1653
1657
1651
1638
1658
1659
1677
1702
1527
1527
1527
1526
1526
1526
1526
1526
1526
1526
1526
1526
1526
1526
1701
1700
1658
1700
1700
1701
1701
1701
1701
1701
1701
1701
1706
1748
1751
1750
1750
1750
1750
1751
1751
1751
1752
1791
1810
1809
1809
1809
1808
1809
1809
1809
1809
1809
1808
1808
1808
1808
1808
1808
1808
1812
1826
1843
1842
1839
1844
1880
1879
1878
1878
1878
1893
1894
1879
1914
1900
1916
1924
1924
1924
1924
1924
1924
1923
1923
1923
1923
1923
1923
1923
1923
1921
1923
1919
1920
1918
1900
1884
1909
1902
1891
1905
1925
1925
1925
1925
1925
1922
1925
1925
1910
1900
1907
1925
1907
1925
1926
1926
1926
1926
1902
1905
1926
1926
1926
1926
1926
1926
1926
1926
1928
1929
1933
1933
1951
1961
1979
2007
2038
2062
2078
2087
2087
2086
2086
2086
2086
2086
2086
2086
2086
2086
2086
2081
2036
2039
2038
2083
2085
2085
2086
2086
2086
2086
2081
1926
1923
1913
1903
1905
1906
1927
1927
1927
1927
1927
1927
1927
1924
1926
1929
1938
1950
1969
2004
2040
2082
2102
2112
2104
2112
2112
2112
2112
2112
2112
2112
2112
2112
2112
2112
2112
2112
2115
2112
2125
2135
2148
2156
2174
2153
2174
2174
2174
2174
2174
2174
2174
2162
2175
2174
2174
2174
2174
2174
2174
2174
2174
2174
2174
2174
2174
2174
2173
2173
2173
2173
2179
2182
2182
2195
2199
2199
2199
2199
2199
2171
2197
2192
2121
2198
2197
2197
2197
2197
2197
2197
2197
2170
2162
2168
2194
2199
2180
2166
2142
2155
2165
2152
2180
2203
2159
2203
2203
2028
2028
2028
2028
2022
2021
2021
2021
2021
2022
2022
2022
2022
2022
2022
2197
2197
2197
2197
2197
2197
2197
2197
2197
2197
2197
2197
2197
2197
2197
2197
2200
2205
2206
2215
2228
2256
2300
2337
2337
2339
2352
2354
2354
2354
2354
2354
2355
2355
2360
2370
2382
2417
2448
2470
2484
2485
2483
2483
2483
2483
2483
2483
2483
2489
2501
2512
2501
2495
2521
2537
2562
2558
2566
2585
2567
2570
2588
2588
2588
2588
2588
2588
2588
2577
2586
2558
2555
2587
2586
2587
2584
2584
2583
2586
2600
2577
2579
2582
2622
2626
2632
2652
2654
2653
2656
2671
2668
2656
2657
2643
2652
2680
2662
2672
2688
2681
2664
2700
2709
2682
2708
2718
2725
2731
2728
2731
2731
2731
2731
2731
2731
2731
2731
2731
2731
2731
2731
2731
2731
2731
2731
2731
2731
2731
2743
2760
2778
2765
2763
2806
2810
2809
2824
2833
2817
2820
2855
2884
2904
2910
2897
2897
2912
2909
2923
2923
2923
2923
2922
2922
2922
2922
2922
2922
2922
2922
2922
2922
2922
2922
2922
2922
2922
2922
2922
2922
2922
2922
2922
2922
2922
2922
2922
2922
2922
2896
2919
2919
2921
2895
2893
2866
2924
2924
2923
2923
2900
2922
2894
2922
2920
2921
2920
2924
2924
2924
2924
2924
2924
2924
2924
2924
2924
2924
2924
2924
2924
2924
2924
2924
2924
2924
2924
2908
2922
2922
2923
2923
2923
2923
2923
2905
2908
2923
2913
2923
2923
2923
2923
2923
2923
2924
2924
2924
2897
2913
2924
2924
2922
2922
2922
2922
2922
2922
2922
2922
2882
2876
2917
2922
2923
2923
2923
2923
2923
2923
2923
2923
2923
2923
2889
2915
2904
2923
2923
2923
2923
2922
2898
2892
2892
2892
2892
2890
2900
2916
2911
2919
2922
2922
2923
2923
2922
2922
2922
2922
2922
2922
2922
2922
2922
2922
2921
2921
2921
2921
2921
2916
2919
2919
2919
2919
2919
2919
2919
2919
2919
2919
2919
2919
2919
2919
2919
2919
2919
2919
2919
2919
2919
2919
2919
2919
2919
2919
2919
2749
2749
2749
2749
2749
2749
2749
2749
2749
2749
2749
2749
2749
2749
2749
2749
2901
2925
2924
2913
2924
2924
2924
2924
2924
2925
2925
2924
2924
2924
2924
2924
2924
2925
2925
2925
2925
2925
2925
2925
2925
2925
2925
2925
2925
2925
2924
2924
2924
2925
2925
2925
2925
2925
2925
2925
2925
2925
2925
2925
2925
2925
2925
2925
2925
2925
2925
2925
2925
2925
2925
2925
2925
2925
2925
2925
2925
2925
2925
2925
2925
2925
2925
2925
2925
2925
2925
2925
2920
2917
2920
2911
2904
2881
2884
2881
2887
2879
2876
2909
2906
2915
2916
2921
2921
2921
2921
2921
2921
2915
2897
2861
2927
2920
2915
2927
2925
2925
2925
2896
2908
2925
2925
2926
2925
2925
2911
2918
2926
2925
2916
2924
2925
2925
2925
2925
2925
2900
2925
2925
2925
2925
2898
2883
2877
2863
2877
2877
2878
2864
2860
2860
2892
2918
2924
2924
2918
2889
2876
2924
2924
2914
2877
2915
2850
2876
2878
2913
2888
2903
2861
2848
2858
2885
2923
2922
2911
2899
2902
2907
2913
2906
2894
2886
2883
2863
2852
2877
2904
2902
2889
2907
2912
2908
2908
2911
2923
2923
2922
2899
2923
2923
2923
2873
2873
2896
2915
2916
2913
2924
2883
2855
2856
2881
2924
2925
2925
2925
2891
2890
2922
2927
2927
2925
2925
2906
2921
2917
2896
2902
2901
2884
2878
2907
2874
2877
2876
2880
2893
2921
2921
2921
2907
2856
2843
2892
2924
2923
2923
2923
2924
2921
2908
2926
2924
2923
2923
2923
2923
2881
2881
2910
2915
2922
2922
2922
2909
2902
2903
2923
2921
2921
2921
2921
2921
2921
2886
2877
2873
2879
2883
2906
2909
2905
2921
2920
2913
2895
2920
2920
2920
2913
2902
2902
2912
2920
2913
2902
2896
2885
2889
2894
2896
2891
2897
2907
2904
2919
2920
2919
2920
2922
2920
2920
2921
2921
2921
2921
2921
2921
2901
2893
2895
2906
2922
2921
2922
2902
2895
2917
2922
2922
2922
2925
2925
2925
2924
2918
2921
2922
2924
2925
2924
2924
2923
2923
2923
2923
2924
2924
2924
2924
2924
2924
2924
2924
2924
2924
2924
2923
2918
2909
2902
2900
2901
2901
2901
2901
2900
2899
2902
2900
2899
2904
2905
2906
2908
2912
2910
2912
2915
2915
2918
2920
2920
2923
2922
2922
2922
2917
2912
2911
2912
2913
2914
2915
2916
2916
2916
2917
2917
2918
2916
2916
2916
2918
2917
2916
2917
2922
2922
2922
2922
2922
2923
2910
2906
2906
2904
2916
2916
2916
2922
2923
2923
2923
2923
2923
2888
2898
2924
2923
2923
2923
2923
2923
2923
2923
2922
2922
2922
2922
2922
2922
2922
2922
2922
2923
2922
2922
2922
2922
2922
2920
2911
2916
2923
2923
2923
2921
2923
2923
2923
2923
2923
2923
2923
2915
2920
2869
2921
2924
2924
2923
2923
2918
2923
2923
2923
2923
2923
2909
2923
2922
2922
2922
2922
2922
2922
2922
2899
2917
2922
2896
2913
2923
2922
2923
2908
2893
2918
2895
2899
2923
2924
2900
2923
2923
2899
2919
2913
2890
2921
2922
2909
2909
2903
2901
2921
2874
2890
2923
2922
2922
2922
2922
2915
2922
2921
2921
2921
2921
2921
2921
2921
2920
2921
2904
2916
2924
2924
2924
2924
2922
2922
2922
2922
2922
2922
2922
2922
2922
2922
2922
2922
2922
2922
2893
2920
2874
2923
2924
2924
2924
2924
2924
2924
2924
2912
2903
2886
2879
2879
2882
2884
2885
2885
2885
2882
2879
2879
2885
2904
2909
2917
2928
2928
2928
2927
2927
2923
2927
2752
2752
2752
2752
2752
2752
2752
2752
2752
2752
2752
2752
2752
2752
2752
2752
2752
2752
2752
2752
2752
2752
2752
2752
2927
2927
2927
2927
2927
2927
2927
2927
2927
2927
2927
2927
2927
2927
2927
2927
2927
2927
2927
2927
2927
2927
2927
2927
2927
2927
2927
2927
2927
2927
2927
2927
2934
2952
2952
2959
3024
3069
3080
3095
3135
3191
3229
3264
3279
3310
3339
3388
3413
3453
3482
3491
3523
3561
3583
3597
3620
3636
3647
3658
3678
3684
3661
3687
3687
3687
3687
3692
3711
3699
3693
3724
3737
3752
3764
3790
3770
3795
3795
3795
3620
3620
3620
3620
3620
3620
3620
3620
3620
3620
3620
3620
3619
3619
3619
3619
3619
3619
3619
3619
3619
3619
3794
3783
3764
3788
3775
3805
3805
3805
3805
3798
3805
3771
3771
3769
3801
3798
3789
3785
3757
3776
3770
3757
3806
3806
3805
3805
3805
3805
3805
3805
3805
3805
3805
3805
3805
3805
3805
3775
3773
3773
3782
3804
3769
3764
3805
3805
3805
3805
3805
3802
3805
3765
3767
3805
3789
3803
3776
3775
3804
3804
3804
3804
3804
3804
3776
3769
3794
3803
3773
3803
3802
3790
3802
3802
3789
3803
3774
3771
3771
3764
3802
3768
3800
3798
3782
3801
3801
3800
3801
3801
3801
3798
3778
3801
3778
3745
3798
3798
3778
3777
3794
3797
3772
3779
3796
3796
3796
3769
3792
3793
3797
3797
3765
3768
3767
3766
3775
3782
3779
3796
3796
3780
3770
3768
3767
3766
3784
3768
3768
3773
3777
3777
3793
3769
3772
3779
3798
3771
3765
3797
3797
3797
3797
3797
3797
3797
3797
3797
3797
3784
3795
3797
3797
3797
3797
3798
3798
3798
3792
3798
3798
3798
3798
3798
3798
3798
3798
3798
3798
3777
3796
3798
3798
3798
3798
3798
3798
3798
3798
3798
3798
3798
3798
3798
3797
3799
3799
3761
3799
3799
3767
3766
3762
3797
3792
3792
3793
3795
3796
3797
3793
3793
3754
3755
3764
3767
3769
3767
3767
3771
3769
3778
3779
3775
3767
3763
3766
3774
3779
3772
3772
3775
3787
3790
3797
3797
3797
3797
3797
3797
3796
3797
3797
3797
3797
3797
3797
3797
3798
3798
3798
3798
3798
3798
3798
3797
3797
3795
3795
3795
3795
3791
3788
3797
3797
3779
3771
3775
3777
3777
3777
3778
3779
3776
3776
3781
3785
3785
3780
3770
3741
3759
3788
3783
3783
3788
3788
3788
3777
3782
3789
3789
3789
3789
3790
3790
3790
3790
3790
3790
3790
3789
3766
3755
3747
3768
3789
3788
3788
3787
3784
3753
3754
3781
3788
3789
3789
3789
3785
3761
3755
3757
3774
3787
3787
3787
3787
3787
3780
3752
3756
3753
3761
3778
3785
3782
3757
3751
3757
3780
3785
3785
3767
3754
3756
3774
3783
3787
3787
3748
3745
3743
3740
3742
3745
3741
3744
3746
3789
3789
3764
3761
3769
3762
3775
3789
3785
3778
3767
3751
3749
3767
3789
3789
3782
3782
3785
3783
3781
3784
3789
3789
3789
3789
3787
3788
3789
3789
3789
3789
3784
3785
3789
3779
3781
3789
3789
3789
3789
3789
3789
3789
3789
3789
3789
3789
3789
3789
3789
3782
3769
3767
3771
3767
3787
3788
3788
3788
3788
3788
3789
3789
3789
3789
3787
3775
3773
3773
3773
3768
3769
3766
3766
3766
3764
3764
3763
3763
3761
3761
3761
3759
3757
3758
3759
3759
3759
3759
3759
3759
3759
3758
3758
3758
3758
3756
3756
3756
3757
3756
3755
3755
3755
3755
3755
3755
3754
3754
3754
3754
3755
3755
3755
3755
3758
3760
3760
3760
3760
3760
3760
3760
3760
3759
3757
3757
3758
3759
3758
3757
3760
3760
3760
3759
3757
3755
3755
3756
3760
3757
3759
3759
3759
3781
3781
3789
3789
3789
3789
3789
3789
3789
3789
3789
3789
3785
3763
3785
3783
3785
3785
3785
3771
3759
3782
3784
3784
3778
3750
3757
3785
3785
3785
3783
3785
3785
3785
3785
3777
3785
3785
3754
3784
3736
3753
3750
3752
3784
3784
3784
3784
3784
3784
3783
3783
3775
3784
3784
3784
3784
3784
3784
3784
3755
3766
3784
3784
3785
3785
3752
3763
3761
3757
3753
3752
3781
3784
3784
3783
3784
3783
3783
3779
3754
3753
3755
3756
3755
3781
3784
3784
3783
3783
3784
3784
3784
3784
3784
3783
3774
3775
3776
3774
3774
3774
3774
3772
3772
3772
3766
3762
3764
3759
3753
3753
3752
3752
3752
3752
3753
3753
3751
3751
3756
3755
3750
3755
3758
3758
3754
3753
3754
3774
3765
3768
3753
3780
3783
3784
3784
3784
3784
3784
3784
3784
3784
3784
3784
3784
3785
3780
3786
3786
3786
3786
3786
3786
3755
3786
3786
3786
3786
3738
3785
3784
3785
3785
3785
3785
3762
3785
3785
3785
3785
3771
3772
3768
3747
3743
3739
3732
3732
3726
3724
3721
3721
3713
3693
3694
3682
3686
3703
3696
3677
3677
3675
3685
3693
3673
3692
3702
3686
3685
3693
3700
3700
3718
3734
3733
3783
3783
3783
3783
3736
3767
3783
3783
3747
3771
3738
3761
3764
3760
3736
3751
3778
3776
3767
3779
3782
3786
3786
3786
3786
3784
3786
3784
3784
3784
3784
3784
3784
3784
3784
3784
3784
3784
3784
3784
3784
3784
3784
3784
3784
3784
3784
3784
3784
3784
3784
3784
3784
3778
3719
3732
3765
3791
3793
3793
3793
3793
3793
3793
3788
3792
3793
3792
3793
3793
3792
3785
3765
3770
3774
3774
3787
3793
3793
3788
3784
3779
3779
3785
3784
3784
3785
3778
3778
3785
3782
3782
3784
3784
3788
3792
3792
3787
3784
3785
3788
3791
3793
3793
3793
3793
3793
3793
3793
3793
3759
3763
3758
3778
3791
3788
3785
3785
3792
3792
3792
3784
3766
3767
3763
3755
3764
3784
3792
3792
3792
3788
3785
3788
3788
3790
3790
3788
3788
3790
3790
3791
3790
3790
3790
3790
3789
3789
3788
3789
3779
3781
3788
3788
3788
3788
3788
3782
3763
3791
3790
3788
3780
3779
3777
3784
3788
3788
3788
3788
3783
3771
3771
3765
3758
3752
3753
3759
3761
3761
3761
3746
3733
3771
3785
3785
3785
3785
3785
3785
3785
3786
3786
3787
3787
3787
3787
3787
3787
3787
3787
3787
3784
3787
3787
3787
3788
3613
3613
3613
3613
3613
3613
3613
3613
3613
3613
3613
3613
3613
3613
3613
3613
3613
3613
3788
3764
3788
3788
3788
3788
3788
3788
3788
3788
3788
3788
3788
3788
3793
3812
3848
3846
3898
3936
3963
3962
3973
3997
4056
4083
4111
4140
4166
4197
4219
4253
4289
4310
4349
4385
4409
4428
4446
4450
4450
4449
4449
4449
4449
4450
4472
4480
4465
4455
4503
4516
4532
4539
4561
4562
4533
4561
4561
4561
4561
4561
4386
4386
4386
4386
4386
4386
4386
4386
4386
4386
4386
4386
4386
4386
4386
4386
4561
4538
4561
4567
4567
4567
4567
4539
4567
4567
4567
4567
4567
4546
4567
4534
4542
4546
4562
4550
4546
4532
4542
4558
4558
4554
4558
4560
4560
4560
4566
4566
4567
4566
4567
4567
4567
4568
4568
4568
4568
4568
4568
4568
4568
4568
4568
4568
4568
4568
4568
4568
4568
4568
4568
4568
4568
4568
4568
4568
4568
4568
4568
4540
4568
4558
4536
4568
4541
4536
4570
4569
4569
4569
4520
4568
4568
4568
4568
4539
4543
4568
4543
4540
4539
4568
4569
4540
4550
4544
4547
4565
4534
4544
4552
4557
4566
4563
4551
4552
4548
4553
4556
4542
4549
4565
4565
4565
4541
4541
4545
4549
4544
4538
4543
4556
4565
4565
4565
4552
4534
4538
4534
4567
4567
4567
4567
4567
4565
4565
4564
4530
4564
4564
4534
4535
4564
4562
4565
4565
4558
4563
4564
4565
4563
4563
4537
4537
4532
4562
4563
4563
4563
4563
4563
4563
4555
4536
4535
4564
4535
4562
4524
4518
4561
4532
4524
4562
4562
4562
4555
4533
4529
4527
4528
4528
4535
4535
4548
4528
4540
4503
4553
4523
4519
4521
4524
4555
4558
4542
4541
4560
4550
4532
4526
4561
4526
4532
4531
4560
4561
4546
4561
4560
4560
4510
4558
4559
4549
4537
4554
4557
4556
4557
4557
4544
4557
4557
4555
4555
4555
4555
4555
4555
4555
4554
4554
4554
4551
4531
4553
4545
4545
4550
4550
4554
4545
4547
4554
4539
4538
4548
4545
4541
4538
4539
4539
4539
4517
4513
4528
4541
4525
4531
4548
4548
4542
4543
4548
4548
4548
4539
4508
4548
4548
4548
4548
4548
4548
4548
4548
4548
4548
4548
4548
4548
4548
4548
4546
4548
4548
4548
4544
4548
4515
4503
4492
4493
4493
4506
4502
4490
4502
4512
4488
4547
4547
4547
4547
4547
4543
4539
4546
4531
4547
4511
4547
4547
4546
4546
4546
4546
4546
4546
4518
4521
4520
4519
4527
4545
4546
4547
4547
4547
4547
4524
4547
4547
4548
4548
4547
4547
4547
4547
4544
4546
4537
4521
4528
4539
4547
4547
4546
4545
4544
4545
4545
4547
4520
4504
4512
4543
4545
4546
4546
4546
4546
4543
4541
4544
4544
4544
4544
4544
4545
4544
4543
4543
4546
4546
4546
4546
4546
4542
4505
4521
4546
4546
4544
4538
4509
4509
4514
4540
4539
4545
4546
4546
4528
4507
4515
4537
4546
4546
4546
4546
4546
4546
4545
4534
4506
4502
4517
4519
4519
4527
4537
4543
4543
4543
4543
4543
4543
4546
4538
4536
4537
4533
4523
4523
4519
4518
4518
4518
4518
4521
4520
4520
4519
4519
4519
4519
4524
4544
4544
4544
4544
4544
4544
4544
4501
4507
4513
4544
4544
4544
4545
4544
4369
4369
4369
4369
4369
4369
4369
4369
4369
4369
4369
4369
4369
4369
4369
4369
4544
4544
4532
4538
4546
4544
4544
4544
4544
4543
4543
4540
4534
4511
4499
4497
4499
4567
4567
4561
4562
4578
4580
4554
4599
4580
4588
4594
4599
4600
4600
4600
4600
4594
4594
4610
4625
4626
4629
4630
4630
4637
4651
4655
4655
4655
4655
4655
4655
4655
4655
4655
4655
4655
4654
4654
4654
4654
4654
4654
4654
4654
4654
4654
4654
4654
4637
4644
4655
4655
4647
4654
4654
4654
4654
4654
4654
4654
4654
4654
4654
4654
4654
4654
4654
4654
4654
4654
4654
4654
4654
4654
4654
4654
4654
4654
4654
4654
4654
4654
4646
4624
4642
4655
4655
4655
4655
4655
4655
4655
4655
4655
4655
4655
4656
4655
4655
4655
4655
4652
4655
4655
4617
4630
4643
4643
4655
4655
4655
4655
4655
4642
4655
4655
4655
4655
4655
4655
4655
4655
4655
4655
4655
4655
4655
4655
4655
4655
4655
4655
4655
4655
4655
4655
4655
4655
4655
4655
4648
4653
4655
4655
4655
4655
4655
4655
4655
4655
4655
4654
4655
4655
4655
4655
4655
4654
4654
4654
4654
4654
4654
4654
4654
4654
4654
4654
4654
4654
4654
4654
4654
4654
4654
4654
4654
4654
4654
4654
4654
4654
4654
4654
4654
4654
4654
4654
4654
4654
4654
4654
4654
4654
4654
4654
4654
4654
4654
4654
4654
4654
4654
4654
4654
4654
4654
4654
4654
4654
4654
4654
4654
4654
4654
4654
4654
4654
4654
4654
4654
4654
4654
4654
4654
4654
4654
4654
4654
4654
4654
4479
4479
4479
4479
4479
4479
4479
4479
4479
4479
4479
4479
4479
4479
4479
4479
4479
4479
4479
4479
4479
4479
4479
4479
4479
4479
4654
4654
4654
4654
4654
4654
4654
4654
4654
4654
4654
4654
4654
4654
4659
4659
4659
4659
4659
4659
4659
4659
4659
4659
4659
4659
4659
4659
4659
4659
4659
4659
4659
4659
4659
4659
4659
4659
4659
4659
4659
4659
4659
4659
4659
4659
4659
4659
4659
4659
4659
4659
4659
4659
4659
4659
4659
4659
4659
4659
4659
4659
4659
4659
4659
4659
4659
4659
4484
4484
4484
4484
4484
4484
4484
4484
4484
4484
4484
4484
4484
4484
4484
4484
4484
4484
4484
4484
4484
4484
4484
4484
4484
4484
4657
4659
4659
4659
4659
4659
4659
4484
4484
4484
4659
4659
4659
4659
4659
4659
4484
4484
4484
4484
4484
4484
4484
4484
4484
4484
4484
4484
4484
4484
4659
4659
4659
4659
4659
4659
4659
4659
4659
4659
4659
4659
4659
4659
4659
4660
4660
4664
4663
4667
4671
4674
4682
4698
4709
4718
4733
4741
4749
4761
4777
4784
4790
4795
4802
4807
4816
4825
4831
4834
4840
4848
4851
4855
4858
4861
4863
4866
4872
4874
4881
4884
4890
4888
4892
4891
4894
4898
4900
4902
4912
4915
4918
4916
4916
4920
4918
4911
4925
4925
4923
4923
4923
4923
4923
4927
4927
4927
4927
4927
4927
4927
4927
4927
4927
4927
4927
4927
4927
4928
4927
4927
4927
4927
4927
4927
4927
4927
4927
4925
4925
4927
4926
4924
4926
4926
4926
4926
4926
4926
4926
4919
4924
4925
4925
4925
4925
4925
4925
4925
4929
4930
4930
4930
4930
4930
4930
4930
4930
4930
4930
4930
4930
4930
4930
4930
4930
4930
4930
4930
4923
4923
4923
4923
4923
4923
4923
4923
4923
4923
4923
4923
4923
4923
4923
4923
4923
4923
4923
4923
4923
4923
4923
4923
4923
4923
4923
4923
4923
4923
4923
4923
4923
4923
4923
4923
4923
4923
4923
4923
4923
4923
4923
4923
4923
4923
4923
4923
4923
4923
4923
4923
4923
4923
4923
4923
4923
4923
4923
4923
4923
4923
4923
4923
4923
4923
4923
4923
4923
4923
4923
4923
4923
4923
4923
4923
4923
4923
4923
4923
4923
4923
4923
4923
4923
4923
4923
4923
4923
4923
4923
4923
4923
4923
4923
4923
4923
4923
4923
4923
4923
4923
4923
4923
4923
4923
4923
4923
4923
4924
4924
4924
4924
4923
4923
4923
4923
4923
4923
4923
4923
4923
4923
4923
4923
4923
4923
4923
4923
4923
4923
4923
4923
4923
4923
4923
4923
4923
4923
4923
4925
4922
4913
4912
4911
4912
4913
4912
4912
4912
4912
4911
4911
4911
4911
4911
4911
4911
4911
4911
4913
4913
4912
4912
4912
4914
4914
4914
4911
4911
4913
4913
4912
4913
4913
4913
4914
4916
4915
4914
4914
4915
4914
4914
4914
4912
4912
4912
4912
4912
4912
4913
4911
4911
4910
4910
4913
4912
4915
4914
4914
4914
4914
4911
4910
4912
4912
4912
4912
4913
4916
4915
4915
4918
4919
4917
4917
4917
4917
4916
4917
4916
4916
4916
4915
4916
4916
4916
4913
4913
4916
4913
4913
4913
4913
4911
4911
4911
4911
4911
4911
4911
4911
4911
4911
4911
4911
4913
4913
4913
4913
4913
4915
4915
4916
4916
4916
4915
4915
4915
4915
4915
4915
4915
4913
4915
4914
4914
4914
4914
4915
4915
4915
4915
4913
4913
4914
4917
4918
4918
4920
4920
4920
4919
4918
4918
4918
4918
4918
4918
4918
4920
4921
4921
4921
4921
4921
4921
4921
4921
4921
4922
4923
4923
4923
4923
4926
4917
4914
4910
4913
4912
4915
4914
4920
4918
4920
4921
4921
4921
4921
4921
4922
4921
4920
4921
4920
4920
4915
4908
4909
4917
4914
4917
4912
4909
4912
4916
4905
4908
4919
4913
4908
4905
4907
4916
4913
4914
4915
4916
4919
4922
4919
4921
4922
4926
4925
4919
4913
4912
4918
4911
4914
4914
4927
4925
4925
4925
4925
4926
4921
4927
4927
4926
4926
4911
4926
4926
4913
4926
4921
4908
4926
4927
4918
4927
4927
4922
4927
4927
4927
4924
4925
4921
4921
4922
4921
4921
4920
4920
4920
4920
4920
4922
4922
4919
4919
4918
4918
4918
4916
4918
4918
4925
4924
4926
4926
4926
4926
4926
4926
4926
4926
4926
4927
4927
4927
4927
4927
4927
4924
4924
4924
4924
4925
4924
4921
4923
4922
4922
4922
4917
4921
4923
4925
4920
4919
4923
4923
4921
4921
4924
4926
4925
4926
4929
4930
4930
4930
4930
4933
4933
4933
4933
4933
4933
4933
4933
4933
4933
4928
4929
4929
4928
4932
4933
4933
4936
4936
4938
4944
4947
4950
4950
4950
4951
4952
4952
4948
4949
4944
4953
4953
4953
4953
4938
4946
4939
4939
4947
4949
4949
4948
4948
4949
4949
4949
4948
4949
4949
4949
4949
4952
4955
4952
4952
4952
4952
4952
4949
4952
4952
4949
4936
4933
4938
4936
4936
4936
4942
4935
4943
4943
4932
4939
4943
4940
4938
4944
4944
4944
4949
4948
4946
4950
4953
4953
4954
4951
4951
4953
4952
4945
4939
4943
4945
4950
4951
4951
4951
4952
4951
4951
4952
4952
4953
4954
4954
4954
4954
4954
4954
4954
4954
4954
4954
4954
4954
4954
4954
4954
4955
4954
4955
4956
4955
4955
4955
4955
4955
4955
4954
4955
4955
4955
4953
4955
4955
4955
4955
4955
4955
4955
4955
4955
4955
4955
4955
4955
4955
4955
4956
4955
4955
4955
4955
4949
4951
4949
4949
4953
4953
4956
4956
4955
4955
4955
4955
4957
4958
4962
4959
4958
4957
4962
4962
4962
4961
4963
4963
4963
4962
4962
4962
4962
4962
4962
4963
4963
4959
4957
4961
4963
4963
4962
4965
4964
4964
4964
4964
4964
4964
4966
4967
4968
4969
4969
4964
4963
4962
4965
4964
4965
4967
4965
4966
4966
4966
4970
4973
4971
4972
4972
4972
4972
4970
4795
4795
4795
4795
4795
4795
4795
4795
4795
4795
4795
4795
4795
4795
4794
4969
4970
4971
4962
4967
4970
4970
4970
4970
4968
4962
4966
4967
4957
4969
4970
4968
4965
4963
4964
4964
4964
4963
4961
4959
4965
4965
4964
4965
4970
4969
4963
4968
4968
4964
4959
4789
4789
4788
4789
4788
4789
4788
4789
4791
4792
4791
4792
4791
4796
4796
4796
4796
4796
4796
4796
4796
4796
4796
4794
4794
4794
4794
4963
4970
4972
4968
4972
4973
4973
4971
4973
4970
4972
4969
4969
4969
4963
4970
4970
4970
4969
4970
4969
4968
4968
4961
4969
4969
4970
4970
4970
4970
4970
4970
4970
4970
4970
4970
4970
4970
4970
4980
4985
4977
4972
4971
4971
4991
5012
5027
5031
5031
5031
5049
5066
5065
5065
5066
5069
5067
5067
5067
5067
5067
5067
5067
5067
5067
5067
5067
5067
5067
5067
5067
5067
5062
5048
4892
4892
4892
4892
4892
4892
4892
4892
4892
4892
4892
4892
4892
4892
4892
4892
4892
4892
4892
4892
4892
4892
4892
4892
4892
4892
4892
5067
5067
5067
5067
5067
5068
5067
5067
5065
5067
5067
5058
5048
5060
5064
5060
5053
5056
5067
5042
5066
5018
5068
5068
5068
5068
5068
5016
5024
5020
5020
5020
5062
5069
5069
5069
5069
5069
5069
5069
5062
5069
5069
5069
5068
5068
5068
5068
5068
5059
5063
5066
5067
5066
5067
5066
5066
5066
5067
5067
5066
5069
5059
5059
5067
5060
5058
5066
5064
5074
4899
4899
4899
4899
4898
4898
4898
4898
4898
4898
4898
4898
4898
4898
4898
4898
5073
5073
5063
5066
5072
5073
5073
5072
5072
5072
5072
5069
5072
5072
5068
5076
5075
5077
5076
5077
5077
5077
5077
5077
5077
5077
5081
5084
5088
5090
5093
5093
5093
5095
5094
5094
5095
5095
5097
5096
5096
5096
5096
5096
5095
5096
5096
5096
5093
5093
5092
5092
5093
5093
5093
5093
5093
5093
5091
5091
5090
5090
5091
5092
5091
5092
5093
5093
5093
5093
5093
5093
5093
5094
5095
5101
5102
5101
5100
5102
5102
5104
5106
5115
5113
5114
5117
5121
5121
5121
5120
5124
5128
5130
5131
5129
5129
5133
5129
5144
5145
5143
5151
5155
5158
5161
5162
5162
5164
5171
5171
5171
5171
5171
5172
5179
5179
5179
5181
5188
5190
5190
5198
5201
5215
5214
5213
5219
5221
5220
5221
5221
5221
5221
5221
5222
5221
5221
5225
5228
5226
5232
5238
5239
5238
5238
5238
5238
5238
5238
5238
5238
5238
5242
5243
5243
5243
5243
5243
5243
5243
5243
5243
5243
5243
5068
5068
5068
5068
5068
5068
5068
5068
5068
5068
5068
5068
5068
5068
5068
5068
5068
5068
5068
5068
5068
5068
5236
5244
5232
5243
5243
5243
5242
5242
5232
5241
5241
5242
5242
5242
5238
5238
5239
5239
5239
5239
5239
5239
5239
5239
5239
5241
5240
5239
5239
5238
5238
5238
5239
5239
5240
5238
5238
5235
5236
5237
5233
5238
5243
5243
5243
5242
5243
5243
5243
5243
5243
5243
5242
5242
5242
5242
5242
5242
5243
5243
5243
5243
5243
5243
5243
5243
5243
5243
5243
5243
5243
5243
5245
5245
5245
5245
5245
5245
5245
5245
5245
5245
5245
5245
5245
5245
5245
5245
5245
5245
5245
5247
5244
5245
5245
5244
5245
5244
5241
5241
5241
5244
5244
5244
5245
5245
5245
5245
5234
5236
5230
5242
5242
5233
5242
5235
5234
5248
5249
5248
5241
5249
5248
5248
5237
5248
5247
5248
5248
5235
5248
5244
5233
5245
5245
5233
5243
5243
5243
5243
5243
5243
5243
5243
5232
5243
5244
5243
5245
5245
5246
5245
5245
5245
5245
5245
5246
5245
5246
5245
5245
5246
5246
5246
5248
5239
5247
5247
5247
5247
5248
5247
5247
5247
5247
5248
5247
5247
5248
5246
5246
5241
5245
5245
5245
5245
5245
5241
5241
5246
5234
5240
5244
5239
5242
5245
5243
5243
5243
5246
5243
5246
5243
5245
5244
5244
5246
5246
5246
5245
5245
5245
5245
5245
5244
5245
5245
5235
5243
5245
5232
5230
5231
5230
5235
5235
5240
5240
5240
5240
5240
5240
5240
5240
5231
5232
5240
5236
5238
5242
5243
5246
5246
5248
5248
5244
5247
5248
5242
5248
5248
5241
5242
5246
5246
5242
5238
5237
5239
5243
5238
5239
5239
5235
5231
5230
5239
5239
5245
5240
5241
5231
5242
5242
5242
5242
5242
5236
5236
5237
5238
5233
5232
5229
5231
5235
5234
5237
5237
5237
5221
5223
5236
5238
5238
5238
5226
5233
5231
5231
5218
5227
5226
5228
5229
5231
5223
5222
5223
5223
5223
5221
5229
5229
5230
5230
5230
5230
5222
5224
5223
5226
5225
5221
5228
5225
5224
5230
5229
5232
5234
5216
5213
5216
5218
5218
5220
5220
5217
5231
5231
5054
5054
5054
5054
5054
5054
5054
5054
5054
5054
5054
5054
5054
5054
5229
5228
5228
5228
5229
5228
5236
5237
5237
5237
5237
5237
5237
5237
5237
5237
5236
5236
5236
5237
5236
5235
5225
5231
5233
5234
5233
5233
5232
5233
5228
5236
5235
5060
5060
5060
5060
5060
5060
5060
5060
5060
5060
5060
5060
5060
5061
5061
5061
5061
5061
5061
5236
5219
5233
5233
5232
5231
5231
5234
5232
5235
5240
5232
5232
5235
5232
5235
5235
5242
5234
5232
5239
5239
5239
5239
5242
5242
5242
5242
5242
5242
5242
5242
5242
5242
5242
5242
5242
5242
5242
5254
5280
5290
5312
5325
5339
5352
5363
5375
5391
5389
5403
5419
5424
5431
5442
5458
5483
5488
5504
5513
5530
5530
5532
5559
5579
5584
5594
5595
5598
5601
5625
5625
5629
5644
5651
5648
5693
5693
5693
5693
5693
5693
5693
5693
5692
5692
5692
5696
5717
5715
5738
5750
5751
5723
5727
5732
5702
5732
5749
5734
5797
5799
5800
5799
5788
5798
5798
5790
5787
5799
5799
5798
5798
5798
5794
5793
5796
5800
5800
5799
5795
5790
5796
5796
5796
5796
5796
5796
5797
5796
5796
5796
5796
5796
5796
5796
5796
5796
5796
5796
5802
5806
5811
5808
5808
5825
5839
5851
5853
5853
5853
5852
5853
5852
5851
5850
5846
5838
5844
5843
5839
5839
5839
5846
5847
5852
5852
5852
5854
5861
5862
5853
5865
5884
5889
5888
5888
5884
5886
5889
5890
5887
5901
5909
5906
5908
5904
5908
5903
5907
5911
5914
5914
5927
5930
5926
5926
5933
5918
5936
5961
5961
5961
5961
5962
5962
5962
5962
5962
5962
5962
5962
5960
5962
5962
5962
5962
5962
5962
5962
5962
5958
5951
5947
5900
5927
5936
5937
5937
5951
5955
5949
5949
5957
5959
5960
5960
5958
5953
5960
5960
5960
5960
5961
5961
5961
5961
5961
5961
5961
5961
5961
5961
5961
5961
5961
5961
5961
5961
5961
5961
5961
5961
5960
5956
5952
5952
5959
5960
5959
5959
5959
5959
5944
5949
5960
5960
5960
5960
5946
5935
5934
5962
5962
5962
5962
5962
5962
5962
5962
5962
5962
5962
5962
5962
5962
5912
5962
5962
5962
5958
5960
5960
5960
5960
5960
5958
5959
5958
5963
5963
5963
5963
5963
5963
5963
5963
5963
5963
5963
5963
5963
5962
5960
5960
5962
5963
5963
5963
5963
5941
5788
5788
5788
5788
5788
5788
5788
5788
5787
5788
5788
5788
5788
5788
5788
5788
5788
5788
5788
5788
5788
5788
5788
5788
5963
5963
5963
5963
5963
5963
5963
5963
5963
5963
5960
5785
5785
5785
5786
5787
5787
5787
5787
5787
5787
5787
5787
5787
5787
5787
5787
5787
5787
5787
5787
5962
5962
5962
5962
5962
5962
5962
5962
5962
5962
5962
5962
5962
5962
5962
5963
5963
5963
5963
5963
5963
5963
5962
5963
5963
5963
5963
5963
5963
5963
5963
5963
5963
5962
5963
5963
5963
5963
5963
5963
5963
5963
5963
5963
5963
5963
5963
5963
5963
5963
5963
5963
5962
5963
5963
5963
5962
5964
5963
5962
5962
5963
5960
5965
5965
5965
5965
5965
5965
5966
5959
5961
5962
5962
5963
5788
5788
5788
5788
5788
5788
5788
5788
5788
5788
5788
5788
5788
5787
5787
5787
5787
5962
5963
5963
5963
5963
5963
5963
5963
5963
5963
5963
5989
5991
5988
6001
6017
6045
6012
5997
5999
5995
5995
5997
5996
6000
6018
6023
6034
6089
6088
6088
6088
6088
6088
6088
6090
6090
6090
6090
6090
6090
6091
6091
6091
6091
6091
6091
6091
6091
6091
6091
6091
6101
6112
6115
6115
6115
6115
6104
6110
6120
6150
6158
6159
6154
6165
6148
6143
6148
6152
6153
6182
6191
6191
6208
6213
6217
6217
6211
6218
6218
6043
6043
6043
6043
6043
6218
6219
6219
6219
6219
6219
6219
6219
6219
6219
6219
6219
6219
6173
6219
6222
6222
6222
6222
6222
6238
6292
6303
6302
6302
6302
6302
6302
6322
6388
6392
6392
6392
6392
6398
6410
6425
6401
6421
6466
6466
6466
6466
6466
6482
6498
6514
6526
6539
6551
6551
6551
6546
6551
6551
6548
6552
6552
6550
6541
6550
6554
6552
6537
6524
6551
6551
6551
6551
6551
6551
6545
6549
6548
6549
6539
6548
6550
6550
6551
6551
6551
6549
6554
6555
6555
6555
6555
6555
6555
6555
6554
6554
6554
6560
6560
6577
6604
6667
6728
6703
6741
6741
6741
6741
6742
6745
6743
6755
6774
6827
6867
6917
6929
6929
6929
6929
6929
6929
6929
6935
6936
6957
6965
6981
7000
6983
6960
6960
7009
7009
7009
7009
7009
7009
7008
7008
7008
7008
7029
7073
7137
7184
7200
7216
7250
7299
7434
7413
7445
7447
7447
7447
7447
7447
7453
7484
7473
7450
7507
7514
7513
7543
7545
7543
7569
7586
7585
7595
7614
7618
7638
7656
7651
7670
7688
7681
7715
7729
7729
7730
7740
7757
7774
7793
7795
7797
7817
7831
7840
7843
7862
7863
7890
7893
7906
7920
7928
7951
7951
7958
7980
7994
8014
8019
8019
8038
8048
8073
8074
8072
8072
8072
8078
8098
8120
8135
8138
8155
8169
8184
8189
8213
8223
8223
8242
8245
8274
8282
8282
8294
8332
8342
8341
8357
8365
8391
8404
8413
8435
8435
8442
8467
8495
8493
8543
8515
8493
8514
8510
8562
8556
8520
8492
8562
8560
8560
8560
8560
8560
8560
8560
8567
8574
8576
8586
8594
8594
8594
8594
8566
8566
8566
8595
8595
8573
8570
8595
8548
8595
8540
8595
8420
8420
8420
8418
8418
8418
8418
8418
8418
8418
8418
8418
8418
8418
8418
8418
8418
8418
8418
8418
8418
8418
8418
8418
8418
8418
8418
8418
8418
8418
8418
8418
8418
8418
8418
8418
8418
8418
8418
8593
8593
8593
8593
8580
8592
8593
8593
8593
8593
8593
8593
8593
8593
8593
8593
8593
8590
8592
8592
8592
8417
8417
8417
8418
8418
8418
8418
8418
8418
8418
8418
8418
8418
8418
8418
8418
8418
8418
8418
8418
8418
8418
8418
8418
8418
8418
8418
8418
8418
8418
8418
8418
8418
8418
8418
8418
8418
8418
8418
8418
8418
8418
8418
8418
8418
8593
8593
8593
8560
8602
8602
8602
8594
8599
8586
8588
8586
8585
8586
8588
8413
8413
8413
8425
8425
8425
8425
8425
8425
8425
8425
8601
8601
8601
8601
8600
8601
8599
8559
8587
8597
8598
8597
8599
8599
8599
8599
8599
8599
8599
8599
8599
8599
8601
8601
8601
8601
8601
8601
8603
8603
8603
8604
8604
8604
8604
8604
8607
8611
8611
8621
8622
8624
8633
8635
8634
8621
8621
8624
8641
8640
8626
8624
8640
8641
8641
8635
8637
8656
8658
8659
8659
8484
8484
8484
8484
8484
8484
8483
8483
8483
8483
8483
8483
8483
8483
8483
8483
8483
8483
8483
8483
8483
8483
8483
8483
8483
8483
8483
8483
8483
8483
8483
8483
8483
8483
8483
8483
8485
8654
8659
8661
8662
8662
8662
8662
8662
8610
8662
8487
8487
8487
8487
8486
8486
8486
8486
8486
8486
8486
8486
8486
8486
8486
8486
8486
8486
8486
8486
8486
8486
8660
8661
8661
8661
8661
8661
8661
8661
8661
8661
8661
8661
8662
8668
8675
8693
8730
8745
8753
8755
8755
8755
8755
8755
8755
8760
8762
8792
8820
8824
8817
8830
8830
8830
8830
8830
8831
8835
8842
8856
8889
8901
8904
8910
8910
8910
8910
8910
8910
8910
8910
8910
8910
8910
8910
8910
8910
8916
8925
8922
8909
8931
8940
8951
8951
8971
8982
8986
8986
8986
8986
8986
8991
8991
8991
8816
8816
8816
8816
8816
8816
8816
8816
8816
8816
8816
8816
8816
8816
8816
8816
8816
8816
8816
8816
8991
8992
8983
8981
8986
8986
8986
8987
8987
8987
8987
8987
8987
8987
8987
8987
8987
8987
8987
8987
8987
8987
8987
8987
8987
8987
8987
8987
8987
8987
8987
8987
8987
8987
8987
8987
8987
8986
8987
8987
8987
8987
8987
8987
8987
8987
8987
8987
8981
8984
8986
8966
8987
8984
8987
8987
8987
8987
8987
8987
8986
8986
8986
8986
8986
8986
8986
8987
8987
8987
8987
8987
8987
8987
8987
8987
8987
8987
8987
8987
8987
8987
8987
8987
8987
8957
8987
8973
8986
8987
8987
8987
8987
8987
8979
8979
8982
8982
8982
8981
8970
8975
8983
8973
8974
8981
8981
8806
8806
8806
8806
8806
8806
8806
8806
8806
8806
8806
8806
8806
8806
8806
8806
8806
8806
8806
8806
8806
8806
8806
8806
8806
8806
8806
8806
8806
8806
8806
8806
8806
8806
8806
8806
8806
8806
8806
8806
8806
8806
8806
8806
8806
8806
8806
8806
8976
8978
8982
8985
8985
8984
8975
8988
8989
8989
8989
8978
8989
8990
8989
8989
8989
8987
8975
8982
8981
8980
8975
8974
8983
8982
8982
8982
8982
8982
8982
8981
8982
8975
8982
8981
8981
8969
8986
8983
8983
8983
8983
8983
8983
8983
8983
8980
8980
8980
8980
8980
8985
8990
8998
9009
9002
9002
9034
9040
9040
9043
9049
9053
9048
9073
9073
9073
9073
9070
9065
9072
9028
9048
9068
9068
9068
9073
9034
9072
9071
9070
9067
9071
9069
9072
9069
9067
9071
9066
9063
9070
9073
9073
9068
9014
9073
9068
9068
9062
9066
9065
9065
9065
9064
9065
9064
9067
9067
9067
9067
9067
9053
9010
9030
9069
9069
9069
9069
9069
9069
9069
9070
9067
9067
9067
9067
9067
9068
9068
9068
9068
9068
9068
9049
9061
9067
9068
9068
9068
9068
9070
9070
9070
9068
9068
9076
9089
9108
9117
9121
9147
9190
9218
9222
9223
9223
9208
9227
9225
9225
9224
9224
9224
9224
9224
9225
9224
9225
9224
9224
9224
9224
9211
9209
9214
9210
9212
9213
9212
9212
9212
9211
9211
9209
9209
9208
9209
9208
9205
9204
9204
9204
9204
9206
9205
9204
9204
9204
9210
9211
9210
9209
9215
9212
9224
9225
9219
9217
9217
9202
9202
9200
9210
9203
9199
9209
9196
9215
9216
9173
9168
9215
9224
9223
9223
9222
9227
9227
9227
9227
9227
9227
9227
9227
9227
9245
9235
9232
9252
9255
9257
9264
9262
9264
9277
9281
9282
9285
9289
9304
9317
9318
9317
9327
9327
9331
9342
9342
9342
9342
9342
9342
9345
9351
9352
9358
9358
9351
9366
9371
9371
9370
9382
9394
9394
9398
9402
9411
9419
9419
9425
9435
9437
9447
9447
9449
9454
9457
9461
9465
9464
9470
9474
9488
9490
9490
9490
9490
9490
9498
9514
9524
9530
9535
9547
9554
9554
9555
9557
9567
9572
9579
9584
9591
9604
9611
9632
9630
9639
9619
9638
9592
9587
9636
9637
9637
9600
9609
9626
9617
9627
9642
9644
9643
9643
9631
9617
9634
9643
9649
9648
9649
9649
9649
9649
9649
9614
9649
9649
9649
9652
9652
9652
9652
9652
9652
9652
9652
9652
9652
9652
9652
9651
9652
9651
9652
9651
9652
9651
9652
9651
9652
9651
9640
9651
9652
9621
9653
9652
9653
9632
9635
9651
9652
9650
9640
9582
9626
9638
9650
9651
9640
9634
9651
9650
9650
9650
9650
9650
9650
9650
9650
9650
9650
9650
9650
9649
9649
9649
9649
9649
9647
9648
9648
9648
9651
9651
9653
9652
9652
9651
9652
9650
9651
9651
9651
9651
9652
9651
9651
9651
9649
9645
9645
9595
9648
9648
9648
9628
9647
9647
9638
9635
9607
9613
9646
9645
9645
9645
9645
9644
9623
9614
9615
9647
9647
9646
9599
9638
9645
9637
9642
9640
9641
9640
9641
9645
9647
9646
9639
9645
9646
9640
9646
9644
9644
9643
9641
9641
9642
9640
9643
9641
9643
9626
9592
9641
9643
9641
9643
9642
9632
9630
9644
9642
9640
9644
9637
9637
9630
9573
9641
9640
9640
9640
9640
9640
9640
9640
9640
9640
9643
9643
9643
9643
9643
9643
9643
9643
9638
9638
9643
9643
9643
9643
9642
9645
9645
9641
9620
9617
9635
9568
9511
9578
9628
9641
9644
9643
9644
9643
9641
9641
9641
9641
9641
9641
9641
9641
9641
9641
9640
9637
9634
9636
9634
9635
9637
9635
9639
9640
9641
9639
9639
9637
9633
9635
9637
9634
9633
9633
9638
9634
9638
9640
9614
9612
9615
9601
9618
9638
9638
9639
9637
9638
9636
9637
9638
9640
9640
9640
9641
9641
9640
9640
9640
9648
9648
9648
9648
9648
9648
9648
9648
9648
9648
9648
9645
9645
9647
9646
9649
9649
9629
9649
9649
9649
9650
9650
9650
9628
9639
9650
9631
9651
9651
9651
9612
9644
9649
9651
9652
9640
9650
9652
9652
9653
9653
9653
9653
9649
9652
9652
9646
9654
9655
9653
9652
9652
9651
9648
9640
9650
9650
9650
9650
9650
9650
9650
9650
9650
9652
9652
9645
9638
9641
9655
9654
9654
9650
9641
9642
9645
9637
9636
9638
9644
9639
9635
9635
9646
9646
9646
9646
9646
9646
9646
9646
9646
9647
9647
9636
9634
9638
9640
9640
9638
9642
9644
9644
9646
9646
9645
9645
9643
9640
9647
9638
9637
9639
9639
9640
9641
9650
9646
9650
9645
9636
9643
9651
9651
9653
9653
9653
9650
9650
9651
9651
9651
9651
9650
9650
9651
9651
9651
9652
9653
9653
9654
9654
9653
9653
9654
9654
9654
9654
9654
9654
9654
9654
9654
9654
9654
9654
9654
9654
9654
9654
9654
9654
9654
9654
9654
9655
9655
9655
9655
9655
9655
9655
9655
9655
9654
9654
9654
9655
9654
9654
9654
9654
9655
9655
9656
9655
9655
9655
9655
9655
9655
9653
9653
9656
9654
9654
9654
9655
9656
9656
9656
9656
9655
9656
9656
9656
9656
9656
9656
9650
9643
9651
9652
9654
9653
9653
9645
9636
9620
9624
9635
9654
9654
9654
9654
9654
9654
9654
9655
9655
9655
9655
9655
9655
9655
9655
9655
9655
9649
9655
9656
9647
9656
9656
9656
9622
9654
9655
9638
9635
9626
9637
9637
9637
9605
9636
9637
9635
9639
9614
9628
9630
9624
9605
9608
9638
9639
9639
9639
9639
9639
9639
9639
9639
9639
9637
9615
9613
9612
9612
9617
9636
9639
9639
9639
9639
9630
9630
9639
9639
9639
9639
9639
9639
9639
9639
9639
9639
9639
9639
9639
9639
9639
9637
9637
9637
9637
9637
9637
9637
9637
9637
9637
9637
9637
9637
9637
9637
9637
9637
9637
9637
9637
9637
9637
9637
9637
9637
9637
9637
9637
9637
9637
9637
9637
9637
9637
9637
9637
9637
9637
9637
9637
9637
9637
9637
9637
9637
9637
9637
9637
9637
9637
9637
9636
9636
9636
9636
9636
9636
9636
9636
9636
9636
9636
9631
9627
9612
9612
9610
9610
9606
9605
9605
9605
9605
9607
9607
9604
9604
9603
9603
9603
9604
9604
9605
9605
9604
9604
9605
9605
9605
9604
9604
9604
9604
9604
9604
9604
9604
9604
9604
9604
9604
9604
9604
9605
9605
9606
9606
9606
9606
9606
9606
9606
9606
9606
9606
9606
9606
9606
9607
9607
9607
9609
9616
9606
9637
9638
9638
9638
9638
9638
9638
9638
9638
9634
9638
9638
9638
9625
9638
9630
9638
9638
9638
9638
9630
9638
9638
9638
9612
9612
9638
9638
9638
9638
9638
9638
9638
9638
9638
9638
9638
9638
9638
9638
9638
9638
9638
9638
9638
9638
9638
9638
9638
9638
9638
9638
9638
9638
9638
9638
9638
9638
9638
9638
9638
9638
9638
9638
9638
9638
9638
9638
9638
9638
9638
9643
9643
9643
9643
9643
9643
9643
9643
9643
9643
9643
9643
9643
9643
9643
9643
9643
9643
9643
9643
9643
9643
9643
9643
9643
9643
9643
9642
9642
9635
9628
9644
9644
9644
9645
9645
9645
9470
9470
9470
9470
9470
9470
9470
9470
9470
9469
9469
9469
9469
9469
9469
9469
