553
553
553
553
553
553
553
553
553
553
553
553
553
553
553
553
553
553
553
553
553
553
553
553
553
553
553
553
553
553
553
553
553
553
553
553
553
553
553
553
553
553
553
553
553
553
553
714
556
553
555
553
553
553
553
554
553
553
553
553
555
553
553
581
607
596
613
718
770
789
829
868
889
930
981
1016
1043
1076
1109
1127
1157
1184
1220
1246
1283
1323
1345
1378
1408
1427
1428
1421
1420
1428
1435
1441
1449
1458
1469
1481
1505
1539
1505
1507
1538
1538
1538
1538
1541
1541
1541
1541
1547
1591
1568
1557
1547
1583
1604
1627
1652
1644
1658
1675
1694
1658
1681
1696
1657
1695
1695
1695
1693
1693
1693
1693
1653
1652
1694
1673
1661
1674
1674
1692
1694
1662
1650
1641
1615
1685
1689
1676
1693
1693
1693
1693
1694
1694
1694
1694
1694
1694
1694
1694
1694
1694
1694
1694
1694
1694
1683
1693
1693
1693
1684
1678
1683
1669
1683
1686
1691
1691
1686
1681
1688
1691
1691
1690
1681
1642
1683
1688
1692
1692
1692
1693
1693
1696
1701
1693
1693
1693
1693
1693
1699
1699
1699
1699
1699
1699
1698
1698
1700
1710
1719
1736
1749
1752
1761
1769
1770
1778
1778
1778
1780
1778
1778
1778
1776
1776
1776
1776
1776
1776
1776
1776
1776
1776
1776
1776
1776
1776
1776
1776
1776
1776
1776
1776
1775
1775
1775
1769
1780
1753
1758
1746
1777
1777
1777
1766
1769
1758
1779
1718
1778
1743
1770
1763
1781
1738
1782
1782
1764
1786
1742
1781
1781
1749
1781
1781
1781
1781
1781
1781
1781
1781
1781
1781
1779
1779
1779
1779
1780
1779
1779
1778
1780
1774
1790
1787
1798
1820
1816
1793
1832
1849
1840
1884
1884
1884
1884
1885
1887
1887
1884
1921
1923
1928
1904
1957
1957
1914
1957
1957
1962
1982
1976
1958
1990
2006
2013
1991
1987
2003
1999
1984
2054
2053
2052
2056
2054
2035
2056
2068
2079
2078
2089
2089
2100
2100
2100
2106
2135
2135
2135
2144
2140
2151
2168
2168
2174
2189
2193
2192
2201
2201
2234
2170
2184
2172
2224
2224
2206
2211
2208
2210
2234
2262
2242
2262
2228
2246
2246
2247
2305
2258
2261
2265
2329
2330
2356
2358
2358
2360
2358
2373
2408
2415
2419
2419
2419
2418
2417
2423
2429
2437
2435
2435
2455
2438
2457
2460
2462
2439
2444
2493
2495
2492
2452
2451
2459
2442
2418
2466
2521
2519
2520
2524
2524
2524
2528
2541
2567
2567
2555
2566
2566
2566
2566
2566
2576
2584
2583
2583
2614
2627
2628
2628
2628
2628
2632
2652
2644
2640
2674
2684
2688
2706
2706
2706
2706
2706
2706
2708
2723
2722
2722
2730
2742
2752
2756
2752
2752
2752
2752
2752
2752
2752
2752
2752
2756
2756
2756
2756
2756
2756
2756
2756
2756
2756
2756
2756
2758
2758
2696
2755
2755
2755
2755
2755
2761
2754
2754
2754
2760
2760
2760
2760
2760
2760
2760
2760
2760
2760
2760
2753
2750
2701
2698
2693
2700
2702
2713
2723
2697
2700
2688
2703
2738
2751
2735
2703
2691
2668
2679
2686
2703
2745
2745
2752
2727
2754
2730
2697
2745
2755
2755
2722
2712
2762
2754
2753
2759
2759
2759
2759
2759
2760
2760
2760
2760
2760
2760
2760
2759
2759
2759
2759
2759
2759
2759
2759
2759
2759
2759
2759
2763
2764
2763
2767
2763
2763
2763
2763
2763
2763
2763
2763
2763
2763
2763
2763
2763
2763
2763
2763
2763
2763
2763
2763
2763
2763
2763
2763
2763
2763
2767
2723
2704
2696
2715
2731
2760
2761
2760
2735
2740
2736
2715
2724
2754
2741
2745
2757
2767
2767
2767
2767
2767
2767
2767
2767
2767
2767
2767
2767
2765
2765
2765
2765
2765
2765
2765
2765
2765
2765
2765
2765
2765
2765
2765
2765
2765
2765
2765
2765
2765
2765
2765
2765
2765
2765
2765
2765
2754
2765
2768
2765
2765
2765
2765
2765
2766
2766
2766
2764
2764
2796
2808
2778
2767
2768
2768
2821
2844
2808
2818
2847
2850
2833
2802
2820
2825
2818
2829
2856
2857
2857
2875
2879
2896
2904
2904
2904
2904
2907
2909
2908
2918
2918
2918
2907
2878
2865
2836
2839
2846
2893
2910
2899
2858
2859
2897
2910
2891
2896
2836
2909
2907
2907
2907
2907
2917
2917
2917
2917
2916
2916
2916
2916
2916
2916
2916
2916
2825
2898
2860
2834
2859
2882
2878
2862
2837
2867
2929
2942
2939
2929
2932
2967
2981
2978
2990
2990
2991
2992
3012
3007
3010
3027
3046
3036
3037
3026
3008
3021
3026
3026
3024
3027
3081
3098
3091
3089
3093
3115
3090
3108
3143
3141
3141
3141
3141
3141
3141
3140
3140
3140
3140
3140
3140
3168
3183
3170
3187
3203
3215
3234
3213
3213
3193
3176
3234
3236
3235
3235
3235
3215
3204
3171
3166
3198
3163
3181
3186
3194
3172
3159
3203
3202
3177
3167
3197
3165
3168
3198
3192
3159
3159
3171
3171
3169
3161
3245
3239
3229
3231
3231
3231
3290
3284
3286
3285
3316
3316
3316
3313
3288
3313
3313
3311
3301
3289
3283
3278
3274
3261
3290
3296
3301
3310
3286
3253
3254
3243
3242
3256
3264
3258
3266
3302
3302
3302
3302
3302
3302
3242
3292
3260
3271
3283
3264
3249
3234
3242
3243
3243
3233
3233
3226
3232
3235
3254
3254
3234
3239
3248
3245
3242
3245
3289
3328
3326
3326
3326
3325
3325
3325
3325
3325
3325
3325
3325
3325
3330
3330
3331
3329
3275
3328
3328
3328
3328
3328
3328
3317
3289
3285
3337
3406
3411
3414
3412
3412
3412
3413
3413
3413
3421
3482
3509
3509
3509
3509
3509
3509
3509
3509
3509
3509
3508
3508
3508
3508
3508
3508
3508
3516
3538
3561
3557
3553
3554
3602
3603
3601
3601
3601
3619
3622
3602
3650
3634
3652
3671
3664
3667
3665
3664
3664
3663
3663
3663
3663
3669
3663
3648
3637
3632
3637
3629
3621
3624
3618
3610
3617
3594
3598
3629
3641
3651
3665
3640
3641
3653
3646
3619
3629
3593
3598
3665
3632
3633
3648
3613
3651
3647
3608
3621
3651
3654
3653
3658
3658
3658
3657
3657
3662
3663
3668
3668
3696
3723
3765
3811
3849
3883
3908
3913
3915
3914
3915
3915
3915
3915
3915
3913
3918
3912
3901
3897
3849
3850
3853
3896
3894
3897
3916
3914
3918
3914
3906
3663
3659
3640
3622
3622
3633
3662
3664
3658
3658
3658
3658
3658
3655
3660
3663
3676
3695
3721
3770
3823
3870
3901
3912
3902
3912
3913
3912
3912
3912
3912
3912
3920
3920
3920
3920
3920
3920
3926
3919
3934
3950
3968
3985
4009
3978
4010
4011
4011
4011
4011
4011
4001
3993
4011
4020
4012
4012
4012
4012
4016
4012
4012
4012
4012
4012
4012
4012
4012
4012
4012
4012
4026
4032
4032
4052
4055
4056
4056
4056
4062
4016
4008
4051
3961
4058
4056
4041
4029
4031
4046
4052
4034
3953
3971
4010
4022
4025
4026
4009
3974
3989
4000
3986
4018
4062
4001
4055
4051
4054
4054
4054
4054
4049
4049
4049
4054
4054
4054
4054
4054
4054
4054
4054
4054
4054
4054
4054
4054
4054
4054
4054
4054
4054
4054
4057
4054
4054
4054
4054
4061
4069
4070
4081
4104
4152
4219
4271
4268
4270
4295
4295
4297
4297
4297
4299
4301
4303
4312
4326
4365
4408
4456
4495
4513
4519
4519
4519
4519
4519
4519
4519
4519
4524
4551
4565
4558
4546
4579
4606
4632
4630
4641
4668
4644
4645
4677
4672
4674
4672
4672
4677
4672
4658
4676
4591
4589
4644
4645
4639
4629
4633
4633
4629
4650
4607
4615
4632
4711
4723
4729
4761
4749
4727
4746
4791
4759
4733
4738
4725
4735
4756
4746
4760
4771
4773
4763
4804
4819
4798
4826
4839
4843
4868
4868
4872
4875
4879
4875
4875
4875
4875
4875
4881
4875
4875
4875
4875
4880
4880
4880
4880
4881
4881
4895
4916
4938
4924
4920
4981
4986
4986
5006
5021
4998
4995
5040
5079
5106
5116
5094
5093
5116
5112
5132
5130
5130
5130
5130
5130
5130
5130
5130
5130
5129
5128
5128
5128
5128
5128
5128
5128
5128
5128
5128
5128
5128
5128
5128
5128
5136
5128
5128
5133
5130
5105
5106
5073
5099
5087
5054
5041
5128
5121
5114
5124
5047
5106
5075
5121
5089
5131
5133
5130
5130
5130
5130
5130
5130
5130
5130
5130
5146
5136
5136
5136
5136
5136
5142
5140
5113
5113
5121
5104
5117
5127
5127
5127
5127
5127
5127
5104
5107
5126
5113
5129
5135
5135
5135
5144
5136
5135
5135
5137
5095
5123
5137
5121
5131
5135
5135
5099
5089
5105
5125
5120
5081
5065
5119
5110
5097
5111
5121
5124
5125
5125
5125
5125
5125
5125
5077
5109
5098
5130
5118
5075
5093
5103
5081
5072
5072
5072
5072
5073
5084
5101
5093
5086
5075
5072
5076
5083
5097
5107
5106
5109
5124
5124
5123
5123
5123
5122
5122
5122
5122
5124
5125
5117
5122
5122
5122
5122
5122
5122
5122
5122
5122
5122
5122
5122
5122
5122
5122
5122
5122
5122
5122
5122
5122
5122
5122
5122
5122
5122
5122
5130
5130
5130
5130
5130
5130
5130
5130
5130
5130
5130
5130
5130
5130
5130
5130
5086
5129
5129
5114
5129
5129
5129
5129
5129
5129
5129
5128
5128
5128
5128
5128
5128
5130
5136
5135
5132
5149
5165
5169
5182
5194
5193
5193
5200
5209
5215
5201
5195
5186
5204
5244
5243
5243
5243
5243
5259
5278
5259
5253
5270
5291
5295
5285
5312
5312
5278
5261
5270
5263
5329
5317
5310
5316
5349
5346
5323
5346
5358
5357
5359
5368
5368
5368
5368
5370
5368
5368
5360
5359
5357
5348
5337
5309
5301
5300
5307
5309
5302
5337
5340
5352
5348
5326
5310
5362
5366
5366
5366
5344
5326
5257
5351
5346
5339
5356
5345
5364
5370
5313
5336
5360
5351
5363
5364
5333
5342
5316
5356
5368
5344
5368
5368
5368
5368
5367
5362
5310
5330
5346
5355
5369
5334
5311
5303
5287
5304
5303
5311
5294
5288
5288
5324
5357
5365
5364
5357
5314
5305
5362
5356
5340
5293
5350
5258
5297
5301
5352
5316
5342
5287
5272
5286
5319
5372
5371
5355
5327
5331
5339
5350
5337
5323
5312
5307
5283
5270
5308
5337
5329
5313
5335
5341
5337
5337
5344
5355
5336
5339
5309
5347
5362
5362
5299
5299
5325
5348
5353
5348
5361
5304
5272
5277
5302
5359
5361
5361
5364
5317
5322
5356
5326
5345
5360
5347
5352
5364
5366
5341
5351
5347
5328
5317
5356
5319
5325
5327
5333
5352
5382
5381
5377
5355
5280
5253
5333
5329
5377
5334
5364
5377
5368
5347
5373
5366
5369
5364
5363
5360
5315
5316
5356
5368
5374
5367
5373
5356
5340
5341
5369
5373
5373
5373
5378
5376
5351
5298
5304
5303
5316
5316
5350
5357
5354
5369
5375
5368
5348
5374
5374
5374
5368
5357
5357
5369
5375
5368
5361
5354
5341
5344
5351
5351
5345
5351
5361
5353
5382
5381
5385
5386
5386
5385
5381
5381
5372
5386
5371
5364
5362
5322
5298
5297
5325
5352
5359
5360
5312
5294
5335
5360
5356
5367
5372
5381
5377
5373
5371
5370
5351
5316
5323
5331
5352
5324
5339
5358
5363
5365
5372
5372
5363
5362
5361
5361
5361
5357
5368
5370
5368
5347
5324
5305
5306
5304
5306
5308
5307
5317
5321
5325
5320
5318
5315
5334
5350
5354
5361
5363
5368
5370
5366
5354
5363
5363
5370
5361
5352
5352
5368
5362
5360
5364
5374
5376
5374
5377
5377
5380
5381
5381
5386
5382
5381
5381
5381
5374
5358
5371
5384
5373
5376
5374
5372
5385
5364
5360
5365
5363
5378
5378
5378
5384
5383
5389
5354
5383
5383
5338
5350
5350
5349
5363
5333
5360
5364
5375
5379
5381
5382
5382
5385
5379
5379
5379
5379
5380
5380
5379
5379
5379
5379
5379
5370
5361
5367
5376
5376
5376
5372
5374
5374
5374
5374
5374
5374
5374
5361
5372
5306
5368
5365
5337
5313
5320
5336
5352
5377
5376
5376
5365
5351
5370
5371
5371
5370
5370
5370
5372
5375
5315
5358
5368
5315
5357
5371
5376
5372
5338
5316
5351
5320
5327
5371
5370
5322
5378
5378
5329
5371
5365
5325
5366
5380
5369
5369
5363
5360
5380
5318
5335
5380
5380
5380
5379
5388
5375
5385
5385
5385
5382
5366
5379
5341
5375
5383
5383
5344
5366
5379
5379
5379
5376
5374
5335
5331
5345
5357
5361
5366
5366
5366
5366
5366
5361
5349
5358
5324
5360
5291
5360
5373
5318
5338
5369
5376
5374
5374
5359
5344
5325
5316
5315
5327
5322
5324
5324
5324
5319
5321
5321
5324
5352
5359
5366
5376
5376
5376
5376
5376
5374
5380
5376
5376
5376
5376
5376
5377
5377
5377
5377
5377
5377
5377
5377
5377
5377
5377
5377
5378
5378
5378
5378
5378
5378
5378
5378
5378
5386
5378
5385
5376
5376
5376
5378
5376
5376
5376
5376
5376
5376
5376
5376
5376
5376
5376
5376
5376
5376
5376
5376
5376
5376
5376
5376
5376
5376
5376
5388
5413
5414
5424
5515
5571
5585
5604
5656
5731
5781
5826
5846
5884
5920
5980
6016
6066
6118
6145
6185
6234
6260
6278
6302
6318
6331
6347
6374
6379
6349
6385
6385
6385
6385
6394
6428
6412
6395
6459
6477
6498
6516
6546
6521
6548
6548
6546
6545
6544
6548
6548
6548
6548
6548
6548
6548
6549
6549
6549
6548
6548
6548
6548
6548
6548
6548
6548
6548
6549
6549
6541
6512
6542
6532
6548
6549
6549
6553
6538
6550
6500
6497
6493
6536
6535
6524
6521
6491
6514
6504
6493
6570
6574
6579
6580
6580
6579
6590
6587
6584
6595
6597
6612
6601
6597
6592
6584
6587
6587
6601
6639
6608
6603
6657
6657
6657
6664
6686
6675
6680
6640
6643
6701
6686
6702
6662
6655
6709
6722
6721
6724
6741
6743
6702
6697
6712
6730
6684
6769
6755
6746
6783
6791
6769
6796
6759
6755
6756
6748
6796
6749
6812
6815
6794
6828
6832
6842
6846
6847
6846
6847
6831
6854
6832
6802
6885
6888
6854
6845
6867
6899
6864
6876
6907
6920
6915
6898
6927
6928
6930
6933
6904
6907
6902
6912
6931
6951
6955
6974
6974
6965
6964
6963
6965
6977
7010
6996
6997
7002
7010
7030
7061
7019
7033
7036
7070
7047
7032
7080
7071
7085
7097
7098
7101
7108
7112
7118
7121
7114
7126
7131
7141
7147
7151
7158
7155
7156
7147
7172
7168
7162
7171
7190
7191
7188
7192
7198
7214
7149
7204
7212
7221
7211
7211
7211
7220
7214
7211
7209
7209
7209
7209
7207
7201
7190
7185
7140
7193
7193
7129
7153
7153
7195
7189
7192
7196
7198
7196
7200
7194
7191
7141
7145
7163
7166
7157
7155
7134
7149
7153
7173
7179
7167
7160
7171
7167
7170
7151
7133
7155
7180
7200
7202
7211
7213
7213
7217
7217
7217
7216
7216
7216
7216
7216
7216
7216
7216
7215
7212
7212
7212
7212
7212
7212
7212
7211
7208
7208
7208
7209
7206
7202
7210
7210
7199
7186
7198
7200
7201
7203
7203
7204
7215
7212
7215
7206
7203
7188
7182
7157
7181
7207
7197
7190
7198
7193
7195
7174
7181
7194
7194
7194
7194
7203
7202
7204
7204
7204
7204
7200
7192
7163
7150
7142
7172
7204
7202
7207
7203
7198
7139
7150
7184
7198
7205
7205
7205
7188
7163
7151
7145
7180
7203
7208
7207
7209
7206
7189
7141
7144
7143
7154
7180
7190
7188
7147
7147
7164
7197
7212
7217
7182
7158
7156
7184
7209
7222
7221
7164
7158
7151
7147
7148
7153
7150
7153
7155
7205
7212
7171
7158
7165
7164
7183
7207
7201
7193
7178
7163
7160
7183
7211
7210
7200
7197
7202
7203
7200
7203
7205
7213
7214
7215
7211
7214
7213
7212
7212
7214
7205
7206
7210
7191
7201
7211
7213
7213
7213
7213
7213
7213
7213
7213
7213
7216
7216
7216
7216
7198
7171
7158
7158
7161
7183
7196
7202
7216
7216
7215
7204
7200
7196
7192
7188
7174
7171
7171
7171
7164
7165
7161
7161
7161
7161
7156
7155
7154
7159
7154
7155
7158
7159
7160
7165
7161
7158
7158
7162
7161
7161
7159
7159
7163
7163
7160
7159
7159
7159
7159
7157
7157
7157
7157
7157
7155
7156
7156
7154
7154
7156
7157
7157
7154
7154
7163
7161
7166
7172
7170
7171
7170
7170
7167
7166
7166
7168
7169
7169
7168
7169
7169
7168
7167
7164
7162
7161
7162
7167
7163
7168
7166
7165
7194
7196
7213
7211
7210
7212
7211
7212
7212
7212
7216
7216
7214
7165
7186
7197
7212
7212
7213
7188
7162
7203
7212
7212
7199
7168
7169
7208
7208
7208
7206
7208
7208
7211
7212
7199
7211
7211
7160
7211
7150
7161
7153
7146
7208
7209
7194
7187
7206
7206
7189
7205
7197
7190
7180
7204
7185
7189
7191
7203
7161
7172
7197
7202
7207
7206
7123
7141
7139
7145
7156
7159
7198
7208
7211
7207
7207
7211
7210
7204
7164
7161
7165
7165
7152
7194
7209
7209
7205
7205
7213
7213
7213
7213
7212
7207
7201
7202
7200
7200
7200
7200
7199
7198
7198
7198
7187
7179
7180
7177
7167
7163
7161
7161
7161
7159
7156
7154
7150
7153
7159
7159
7155
7160
7167
7167
7165
7159
7164
7165
7188
7164
7151
7203
7209
7208
7207
7207
7207
7207
7207
7207
7193
7178
7179
7168
7191
7181
7163
7172
7181
7179
7179
7187
7148
7197
7198
7197
7185
7133
7186
7178
7196
7196
7196
7196
7171
7212
7205
7169
7204
7191
7180
7164
7137
7134
7128
7123
7142
7137
7138
7135
7133
7121
7097
7095
7081
7082
7100
7091
7055
7059
7059
7067
7076
7056
7080
7094
7069
7070
7075
7087
7086
7106
7137
7137
7218
7211
7211
7211
7121
7192
7148
7212
7166
7190
7151
7175
7182
7171
7158
7165
7192
7165
7193
7176
7180
7188
7188
7170
7153
7164
7222
7221
7222
7225
7227
7225
7224
7223
7225
7223
7230
7223
7223
7223
7223
7223
7224
7223
7217
7217
7217
7217
7217
7217
7217
7217
7219
7210
7123
7129
7148
7189
7209
7215
7216
7215
7215
7215
7211
7214
7212
7207
7206
7203
7202
7186
7160
7163
7164
7163
7184
7196
7196
7189
7186
7178
7177
7185
7187
7187
7185
7179
7180
7188
7189
7189
7189
7191
7193
7193
7193
7189
7191
7191
7193
7197
7196
7197
7198
7198
7194
7202
7204
7195
7144
7155
7157
7181
7190
7197
7209
7210
7218
7199
7196
7176
7169
7178
7174
7149
7167
7204
7218
7218
7212
7210
7202
7211
7211
7214
7213
7211
7211
7213
7224
7224
7224
7224
7224
7225
7225
7225
7225
7226
7214
7217
7224
7223
7223
7223
7223
7218
7167
7171
7174
7194
7202
7201
7211
7217
7220
7220
7220
7220
7211
7204
7203
7199
7190
7182
7182
7190
7191
7191
7191
7173
7154
7209
7225
7226
7224
7222
7214
7213
7216
7218
7191
7188
7209
7194
7183
7205
7184
7171
7181
7183
7191
7197
7196
7187
7196
7198
7198
7198
7198
7198
7207
7207
7207
7207
7207
7207
7207
7207
7207
7207
7207
7207
7207
7207
7176
7204
7206
7204
7209
7205
7204
7204
7204
7204
7205
7203
7203
7217
7245
7293
7290
7361
7412
7440
7441
7458
7498
7582
7622
7648
7681
7715
7757
7790
7831
7878
7900
7951
7998
8039
8064
8093
8102
8101
8103
8103
8103
8103
8105
8136
8142
8123
8109
8172
8187
8207
8219
8250
8256
8205
8250
8250
8257
8247
8247
8247
8247
8247
8247
8247
8247
8247
8247
8247
8247
8247
8247
8247
8247
8247
8247
8247
8206
8250
8255
8243
8266
8259
8216
8262
8259
8259
8266
8259
8233
8260
8215
8220
8228
8246
8233
8229
8211
8222
8244
8242
8238
8244
8246
8245
8242
8254
8252
8252
8250
8252
8252
8252
8252
8252
8258
8252
8254
8254
8254
8254
8259
8254
8254
8254
8254
8254
8254
8255
8254
8254
8254
8254
8254
8254
8254
8254
8254
8254
8223
8252
8241
8210
8259
8223
8212
8252
8256
8252
8252
8187
8252
8252
8255
8255
8211
8213
8255
8217
8208
8206
8253
8252
8212
8264
8252
8254
8296
8267
8285
8284
8295
8314
8307
8306
8303
8290
8312
8326
8336
8352
8371
8372
8372
8345
8355
8381
8384
8379
8352
8377
8411
8431
8431
8423
8410
8389
8392
8388
8454
8467
8478
8480
8477
8487
8493
8501
8477
8516
8516
8476
8476
8514
8501
8526
8530
8518
8538
8544
8539
8553
8553
8502
8505
8497
8583
8591
8587
8593
8613
8616
8633
8619
8594
8597
8636
8605
8664
8611
8605
8675
8647
8642
8686
8686
8686
8681
8701
8691
8694
8699
8696
8692
8694
8722
8720
8732
8686
8754
8709
8706
8705
8713
8748
8786
8769
8764
8791
8793
8738
8730
8788
8731
8738
8739
8819
8813
8790
8820
8834
8839
8786
8827
8846
8835
8834
8849
8851
8840
8828
8853
8783
8844
8848
8817
8814
8851
8845
8821
8853
8847
8851
8851
8851
8848
8821
8850
8836
8836
8849
8850
8856
8838
8842
8857
8837
8836
8847
8843
8839
8836
8842
8842
8835
8806
8800
8817
8836
8819
8835
8860
8860
8853
8862
8867
8868
8866
8856
8814
8868
8868
8855
8840
8839
8871
8882
8877
8879
8888
8898
8880
8875
8855
8894
8899
8912
8912
8918
8903
8938
8905
8879
8869
8869
8869
8904
8896
8884
8903
8931
8898
8964
8976
8986
8956
8964
8960
8954
8963
8957
9002
8948
9014
9014
9015
9014
9014
9014
9014
9014
8961
8965
8968
8969
8981
9010
9009
9008
9008
9009
9014
8979
8993
8990
8982
9000
8994
8985
8981
8972
8968
8988
8974
8948
8952
8982
8996
9008
8980
8966
8984
8995
9005
8990
8953
8926
8939
8991
9000
9000
9000
9000
9000
8995
8991
8999
8999
8999
8999
8999
8999
9004
9003
9003
9002
9002
9002
8993
8994
8976
8933
8967
8985
8993
8968
8941
8920
8919
8961
8993
8995
9004
9003
8965
8943
8929
8925
8968
9004
9012
9012
8987
8965
8975
9000
8971
8943
8972
8988
8969
8965
8971
9008
9022
9022
9015
9015
9020
9023
9034
9026
9018
9022
9018
9010
9010
9005
9003
9003
9003
9003
9004
9004
9004
9003
9003
9003
9003
9011
9034
9034
9034
9034
9031
9031
9001
8935
8951
8964
9014
9002
9035
9034
9027
9027
9031
9031
9031
9031
9031
9031
9031
9031
9031
9031
9031
9031
9031
9031
9031
9034
9031
9001
8999
9017
9020
9023
9023
9023
9026
9024
9021
9018
8981
8964
8958
8966
9058
9057
9056
9052
9074
9079
9047
9065
9065
9085
9091
9098
9098
9098
9098
9098
9095
9094
9112
9131
9129
9133
9135
9134
9143
9159
9165
9165
9158
9156
9157
9156
9156
9160
9156
9156
9156
9156
9156
9157
9156
9156
9156
9156
9156
9156
9156
9156
9156
9139
9146
9156
9156
9147
9161
9156
9170
9156
9156
9156
9156
9157
9156
9156
9155
9155
9155
9155
9155
9155
9155
9155
9155
9155
9155
9155
9154
9154
9154
9157
9154
9154
9154
9130
9098
9125
9152
9151
9158
9153
9153
9156
9154
9154
9154
9162
9155
9154
9154
9154
9150
9150
9124
9147
9148
9094
9092
9109
9120
9143
9148
9145
9149
9149
9126
9148
9151
9151
9154
9149
9149
9151
9149
9149
9146
9146
9146
9146
9134
9135
9143
9143
9143
9143
9143
9143
9148
9148
9148
9148
9148
9137
9143
9148
9148
9150
9148
9148
9146
9146
9146
9146
9146
9146
9146
9146
9146
9146
9146
9146
9148
9148
9148
9148
9148
9148
9148
9148
9148
9148
9148
9148
9148
9148
9148
9148
9148
9148
9148
9148
9148
9148
9148
9148
9148
9148
9148
9148
9148
9149
9148
9148
9148
9148
9148
9148
9148
9148
9148
9148
9148
9148
9148
9148
9148
9148
9148
9148
9149
9149
9149
9149
9149
9149
9149
9149
9149
9149
9149
9149
9149
9149
9149
9149
9149
9149
9149
9149
9149
9149
9149
9149
9149
9149
9149
9149
9149
9149
9149
9149
9149
9149
9149
9149
9150
9150
9150
9150
9150
9150
9150
9150
9150
9150
9150
9150
9150
9150
9156
9158
9150
9150
9150
9150
9150
9150
9150
9150
9150
9150
9150
9150
9151
9151
9151
9151
9151
9151
9151
9151
9165
9165
9165
9165
9165
9165
9165
9165
9165
9165
9165
9165
9165
9165
9165
9165
9165
9165
9165
9165
9165
9165
9165
9165
9166
9165
9165
9165
9165
9165
9166
9165
9165
9165
9165
9165
9165
9165
9165
9165
9165
9165
9165
9165
9165
9165
9165
9165
9165
9165
9165
9165
9165
9165
9165
9165
9165
9165
9165
9165
9165
9165
9165
9165
9165
9165
9165
9165
9165
9165
9165
9165
9342
9165
9166
9165
9165
9165
9167
9165
9165
9165
9165
9165
9174
9165
9165
9169
9165
9165
9165
9165
9165
9165
9165
9165
9165
9165
9165
9165
9165
9165
9165
9165
9165
9166
9165
9165
9167
9165
9165
9165
9165
9165
9165
9165
9165
9174
9192
9207
9229
9244
9272
9289
9313
9366
9396
9433
9478
9500
9531
9544
9581
9610
9622
9642
9671
9692
9720
9742
9775
9793
9818
9844
9874
9898
9925
9947
9963
9983
10008
10018
10033
10046
10064
10071
10080
10090
10095
10099
10106
10112
10116
10120
10124
10124
10129
10132
10120
10101
10142
10142
10143
10143
10143
10143
10143
10144
10144
10144
10148
10148
10148
10148
10148
10148
10148
10148
10148
10148
10148
10148
10149
10149
10149
10149
10149
10149
10149
10149
10149
10149
10149
10149
10148
10147
10147
10147
10147
10147
10147
10147
10147
10110
10146
10155
10148
10147
10147
10147
10147
10147
10147
10148
10147
10147
10147
10147
10144
10144
10144
10144
10144
10144
10144
10144
10144
10144
10144
10144
10144
10144
10144
10144
10144
10144
10144
10144
10144
10144
10144
10144
10147
10147
10147
10147
10147
10147
10147
10147
10147
10147
10147
10147
10147
10147
10147
10147
10147
10147
10147
10147
10147
10147
10147
10147
10148
10148
10148
10148
10148
10148
10148
10148
10148
10148
10148
10148
10148
10148
10148
10148
10148
10148
10148
10148
10148
10148
10148
10148
10148
10148
10148
10148
10148
10148
10148
10148
10148
10148
10148
10148
10148
10148
10148
10148
10148
10148
10148
10148
10148
10148
10148
10148
10148
10148
10148
10148
10148
10148
10148
10148
10148
10148
10148
10148
10148
10148
10148
10148
10148
10148
10148
10148
10148
10148
10148
10148
10148
10148
10148
10148
10148
10148
10148
10148
10148
10148
10148
10148
10148
10148
10148
10148
10148
10148
10148
10148
10148
10148
10148
10148
10148
10148
10148
10148
10148
10148
10148
10148
10148
10147
10152
10144
10131
10124
10117
10110
10109
10114
10113
10113
10113
10115
10115
10115
10112
10112
10112
10112
10112
10112
10116
10116
10112
10112
10112
10116
10117
10117
10120
10120
10119
10119
10120
10121
10121
10121
10121
10121
10120
10118
10118
10119
10115
10115
10112
10111
10111
10110
10110
10110
10109
10110
10109
10108
10108
10108
10109
10114
10118
10122
10122
10122
10119
10108
10110
10111
10111
10113
10115
10116
10115
10116
10118
10120
10123
10126
10126
10122
10120
10118
10120
10119
10116
10116
10115
10115
10114
10114
10115
10114
10113
10111
10111
10111
10111
10109
10109
10109
10109
10109
10109
10109
10109
10109
10109
10109
10109
10110
10110
10110
10116
10115
10113
10113
10113
10113
10116
10118
10119
10119
10120
10117
10119
10119
10118
10117
10116
10116
10116
10115
10115
10115
10115
10115
10118
10119
10122
10129
10131
10135
10137
10137
10136
10130
10135
10135
10137
10137
10137
10137
10137
10138
10137
10137
10137
10137
10137
10137
10138
10138
10138
10143
10144
10144
10144
10144
10143
10127
10114
10116
10124
10123
10135
10130
10147
10149
10149
10150
10150
10150
10150
10150
10152
10150
10148
10149
10149
10149
10139
10112
10123
10147
10116
10148
10129
10129
10133
10151
10108
10111
10143
10128
10099
10108
10116
10123
10123
10123
10121
10121
10121
10121
10122
10131
10144
10140
10138
10125
10116
10114
10134
10109
10114
10128
10147
10147
10147
10147
10153
10149
10123
10151
10151
10151
10151
10120
10149
10148
10118
10149
10131
10110
10146
10146
10111
10145
10145
10118
10145
10149
10147
10116
10139
10109
10107
10111
10108
10109
10108
10106
10106
10106
10107
10107
10106
10106
10111
10113
10109
10110
10109
10116
10115
10157
10159
10166
10169
10169
10167
10167
10173
10174
10174
10184
10188
10192
10203
10203
10204
10204
10220
10224
10224
10224
10230
10230
10225
10233
10233
10233
10233
10201
10217
10219
10229
10209
10200
10215
10226
10221
10221
10208
10199
10204
10214
10243
10246
10254
10254
10262
10264
10265
10275
10277
10281
10284
10284
10284
10286
10280
10250
10253
10251
10251
10297
10320
10325
10337
10346
10351
10361
10369
10377
10384
10391
10393
10395
10399
10390
10382
10368
10418
10418
10420
10421
10394
10415
10385
10388
10413
10410
10408
10417
10411
10410
10411
10406
10404
10408
10407
10407
10406
10411
10410
10416
10412
10415
10415
10410
10389
10417
10414
10376
10367
10368
10382
10384
10384
10383
10416
10385
10405
10405
10390
10404
10404
10393
10386
10417
10401
10413
10421
10415
10416
10421
10423
10422
10421
10417
10417
10417
10415
10412
10397
10400
10409
10430
10436
10435
10436
10433
10425
10415
10445
10447
10453
10458
10458
10459
10459
10459
10460
10464
10464
10469
10474
10476
10476
10482
10484
10490
10494
10495
10498
10499
10499
10512
10512
10512
10516
10517
10516
10516
10497
10501
10515
10524
10529
10552
10555
10561
10565
10565
10557
10552
10549
10551
10554
10573
10587
10582
10572
10580
10589
10589
10589
10565
10562
10564
10571
10581
10580
10588
10588
10582
10579
10581
10583
10580
10581
10591
10583
10581
10605
10619
10619
10612
10604
10602
10617
10615
10613
10613
10613
10617
10605
10616
10623
10621
10605
10590
10602
10620
10613
10603
10631
10636
10627
10639
10634
10634
10640
10651
10638
10653
10672
10672
10646
10644
10647
10702
10678
10670
10672
10682
10683
10687
10672
10676
10727
10747
10753
10751
10750
10756
10751
10751
10751
10751
10751
10751
10751
10751
10751
10756
10756
10756
10756
10756
10756
10756
10757
10758
10747
10731
10736
10753
10752
10745
10731
10739
10726
10741
10749
10718
10744
10732
10740
10735
10739
10734
10737
10737
10737
10704
10708
10744
10737
10730
10712
10742
10746
10728
10741
10744
10736
10708
10745
10745
10745
10745
10745
10738
10738
10738
10738
10738
10738
10738
10738
10738
10738
10738
10738
10760
10760
10760
10760
10760
10760
10760
10759
10759
10759
10717
10757
10743
10725
10758
10758
10758
10734
10753
10680
10743
10702
10739
10741
10704
10734
10753
10755
10751
10751
10751
10706
10755
10722
10755
10754
10756
10756
10756
10756
10756
10756
10756
10756
10756
10756
10756
10756
10757
10786
10800
10782
10764
10766
10760
10803
10835
10860
10858
10858
10858
10887
10907
10909
10909
10914
10907
10907
10907
10907
10907
10907
10906
10906
10906
10906
10906
10906
10906
10906
10906
10906
10906
11076
11062
10906
10906
10906
10906
10906
10906
10906
10906
10906
10906
10906
10906
10906
10906
10906
10906
10906
10906
10906
10906
10906
10906
10906
10906
10906
10906
10906
10906
10908
10892
10905
10905
10897
10906
10903
10897
10902
10902
10862
10857
10848
10851
10848
10856
10861
10879
10842
10891
10834
10883
10889
10891
10891
10884
10819
10824
10818
10818
10818
10879
10906
10906
10906
10906
10906
10906
10906
10884
10893
10875
10888
10900
10900
10900
10891
10899
10875
10878
10886
10895
10896
10896
10896
10899
10904
10899
10889
10883
10875
10860
10850
10874
10847
10863
10861
10866
10893
10893
10893
10893
10893
10892
10892
10892
10892
10892
10892
10897
10897
10897
10897
10897
10897
10897
10899
10868
10869
10895
10893
10894
10892
10892
10892
10920
10938
10931
10925
10935
10973
10941
10970
10951
10986
10986
10986
10986
10987
10989
10996
11003
11021
11039
11060
11068
11075
11076
11083
11084
11084
11090
11090
11102
11100
11101
11101
11102
11101
11088
11103
11103
11103
11100
11100
11100
11100
11101
11101
11123
11121
11121
11121
11110
11110
11094
11094
11098
11106
11105
11106
11108
11108
11108
11108
11108
11108
11138
11145
11131
11163
11186
11192
11202
11209
11232
11238
11257
11266
11276
11289
11302
11312
11323
11323
11329
11342
11353
11375
11379
11378
11387
11408
11397
11442
11442
11445
11475
11485
11496
11509
11509
11511
11513
11532
11538
11552
11558
11558
11582
11595
11595
11595
11610
11631
11639
11646
11671
11675
11726
11714
11729
11750
11754
11758
11754
11754
11754
11754
11777
11779
11776
11756
11812
11828
11829
11851
11878
11879
11879
11879
11887
11880
11879
11879
11879
11879
11879
11879
11879
11879
11879
11879
11879
11879
11879
11881
11877
11876
11876
11876
11876
11876
11876
11876
11876
11876
11876
11876
11876
11876
11876
11876
11876
11876
11876
11876
11876
11876
11876
11876
11876
11849
11868
11840
11883
11874
11874
11848
11841
11828
11844
11862
11871
11860
11856
11831
11866
11866
11866
11866
11866
11866
11866
11866
11868
11868
11868
11868
11868
11868
11868
11868
11868
11867
11866
11866
11862
11849
11835
11836
11835
11833
11825
11859
11870
11870
11860
11862
11857
11860
11858
11857
11865
11863
11872
11872
11865
11863
11864
11864
11867
11869
11869
11869
11848
11848
11868
11867
11862
11863
11863
11865
11875
11871
11871
11867
11868
11867
11866
11867
11866
11866
11865
11866
11868
11871
11863
11865
11865
11866
11867
11860
11856
11853
11868
11860
11863
11868
11855
11860
11869
11868
11863
11868
11848
11859
11866
11857
11857
11825
11822
11815
11866
11865
12032
11876
11828
11819
11867
11866
11858
11822
11861
11848
11850
11817
11862
11862
11863
11864
11821
11852
11858
11823
11861
11861
11822
11851
11862
11846
11849
11859
11858
11858
11867
11839
11881
11882
11869
11893
11900
11899
11900
11900
11900
11900
11913
11932
11937
11944
11944
11937
11929
11949
11942
11942
11936
11948
11963
11978
11982
11980
12007
11992
12011
12013
12014
12017
12017
12024
12041
12043
12028
12068
12072
12063
12068
12067
12079
12075
12084
12052
12083
12117
12104
12102
12108
12100
12088
12086
12106
12114
12124
12117
12131
12148
12155
12180
12180
12180
12180
12192
12205
12212
12211
12227
12212
12226
12196
12223
12230
12194
12199
12194
12199
12230
12241
12246
12269
12268
12276
12275
12276
12275
12275
12252
12270
12263
12259
12275
12294
12294
12324
12322
12318
12320
12308
12333
12332
12318
12332
12348
12334
12334
12357
12356
12350
12371
12364
12363
12390
12386
12409
12418
12421
12417
12417
12446
12451
12452
12455
12471
12467
12451
12485
12478
12463
12454
12433
12433
12439
12446
12456
12474
12443
12454
12510
12489
12534
12523
12525
12498
12514
12525
12525
12526
12526
12509
12527
12546
12552
12533
12588
12593
12589
12591
12587
12564
12566
12575
12576
12583
12611
12648
12658
12658
12657
12657
12656
12647
12656
12669
12673
12673
12668
12700
12705
12724
12734
12736
12739
12737
12729
12727
12734
12737
12738
12749
12738
12757
12796
12796
12796
12796
12796
12796
12796
12796
12800
12800
12800
12800
12800
12800
12800
12800
12800
12796
12797
12769
12804
12801
12808
12808
12808
12808
12808
12808
12808
12808
12809
12809
12801
12801
12801
12801
12790
12777
12767
12790
12767
12800
12800
12800
12796
12785
12774
12788
12797
12795
12796
12796
12796
12796
12796
12796
12800
12800
12800
12800
12800
12800
12799
12799
12799
12799
12799
12799
12799
12750
12797
12797
12797
12794
12794
12796
12793
12795
12795
12770
12717
12761
12737
12718
12757
12795
12745
12731
12802
12802
12803
12802
12806
12806
12806
12806
12806
12807
12806
12806
12806
12806
12806
12810
12806
12806
12806
12825
12863
12877
12897
12915
12940
12958
12980
12992
13013
13010
13028
13044
13051
13066
13083
13102
13131
13136
13158
13167
13191
13191
13195
13222
13245
13253
13265
13265
13270
13271
13300
13300
13315
13332
13342
13331
13392
13392
13392
13392
13392
13392
13392
13392
13392
13392
13392
13398
13424
13421
13449
13468
13470
13431
13436
13443
13410
13444
13462
13445
13522
13475
13497
13490
13456
13504
13499
13469
13484
13520
13518
13518
13514
13510
13493
13485
13497
13512
13514
13510
13493
13506
13498
13498
13498
13503
13506
13507
13507
13508
13508
13508
13518
13517
13517
13517
13517
13516
13516
13516
13497
13501
13531
13524
13526
13521
13521
13576
13572
13569
13548
13560
13561
13562
13562
13562
13551
13519
13522
13524
13522
13523
13535
13522
13527
13530
13530
13530
13546
13548
13551
13547
13558
13607
13608
13609
13609
13595
13599
13602
13616
13597
13602
13641
13641
13642
13637
13639
13636
13638
13643
13648
13649
13668
13670
13659
13660
13669
13651
13672
13702
13702
13702
13704
13697
13696
13696
13696
13696
13696
13696
13696
13869
13696
13696
13696
13683
13668
13684
13694
13686
13682
13676
13665
13604
13639
13652
13656
13669
13682
13690
13680
13680
13691
13696
13695
13695
13693
13686
13693
13699
13699
13699
13699
13699
13699
13699
13699
13699
13701
13699
13699
13708
13700
13700
13700
13700
13700
13700
13700
13700
13700
13700
13690
13683
13664
13650
13659
13692
13693
13694
13693
13693
13674
13680
13692
13703
13703
13702
13675
13656
13655
13705
13705
13705
13705
13704
13701
13713
13712
13712
13712
13711
13711
13711
13703
13652
13712
13712
13705
13638
13647
13694
13674
13689
13693
13668
13695
13685
13696
13695
13698
13703
13697
13696
13693
13692
13690
13688
13687
13676
13659
13651
13660
13693
13695
13703
13700
13670
13677
13669
13698
13697
13697
13697
13697
13705
13705
13705
13703
13703
13703
13703
13703
13703
13703
13703
13703
13703
13703
13703
13703
13703
13703
13703
13703
13711
13713
13703
13703
13704
13704
13704
13704
13695
13714
13705
13705
13705
13705
13705
13705
13700
13700
13700
13700
13700
13700
13700
13700
13700
13700
13700
13700
13700
13700
13704
13700
13700
13700
13702
13700
13700
13700
13700
13700
13700
13700
13700
13700
13700
13700
13700
13700
13732
13717
13720
13726
13720
13701
13721
13747
13736
13726
13754
13756
13738
13747
13751
13745
13782
13774
13778
13794
13794
13799
13822
13821
13821
13818
13818
13818
13827
13827
13827
13827
13827
13827
13833
13841
13833
13833
13824
13797
13833
13829
13809
13819
13785
13829
13816
13815
13817
13821
13825
13827
13805
13821
13827
13826
13836
13834
13834
13834
13834
13834
13834
13834
13851
13851
13851
13851
13851
13851
13851
13851
13851
13851
13851
13848
13854
13854
13854
13854
13854
13854
13854
13854
13854
13889
13891
13885
13898
13918
13952
13919
13895
13901
13895
13895
13894
13894
13900
13918
13918
13933
13997
14002
14008
14003
14002
14002
14012
13973
13991
13976
13987
13981
13983
13983
13982
13973
13988
13988
13989
13986
13986
13987
13989
13991
14006
14022
14018
14019
14019
14020
14016
14022
14034
14062
14080
14083
14085
14093
14072
14067
14073
14079
14082
14115
14119
14131
14141
14149
14131
14127
14093
14120
14141
14145
14145
14145
14145
14145
14138
14161
14162
14162
14162
14162
14162
14163
14162
14162
14162
14162
14156
14101
14144
14158
14158
14158
14158
14149
14180
14253
14269
14268
14263
14263
14263
14265
14295
14384
14380
14379
14379
14379
14390
14412
14427
14401
14420
14485
14485
14485
14485
14485
14509
14532
14557
14572
14584
14600
14601
14608
14573
14595
14599
14542
14577
14585
14540
14546
14576
14547
14584
14577
14549
14586
14561
14588
14576
14584
14577
14539
14602
14602
14602
14576
14571
14601
14601
14601
14602
14601
14572
14596
14608
14608
14608
14608
14608
14608
14608
14608
14608
14608
14616
14616
14649
14682
14761
14837
14808
14851
14851
14851
14851
14852
14860
14855
14872
14895
14962
15011
15078
15089
15088
15088
15088
15088
15088
15088
15095
15094
15120
15130
15161
15185
15158
15122
15122
15206
15197
15197
15194
15194
15194
15193
15193
15193
15193
15221
15276
15349
15418
15438
15457
15503
15563
15726
15706
15748
15756
15745
15745
15745
15745
15757
15796
15777
15750
15820
15827
15829
15870
15873
15873
15912
15935
15932
15943
15969
15980
16000
16021
16015
16044
16066
16057
16099
16119
16118
16122
16142
16161
16187
16216
16215
16218
16248
16266
16288
16295
16315
16314
16345
16352
16365
16384
16392
16419
16420
16438
16465
16482
16509
16516
16516
16541
16552
16584
16585
16590
16586
16586
16598
16632
16663
16684
16683
16708
16730
16750
16759
16793
16799
16801
16822
16821
16860
16869
16871
16890
16940
16951
16955
16979
16985
17014
17035
17043
17068
17071
17080
17113
17149
17143
17202
17169
17137
17154
17155
17220
17213
17161
17127
17219
17219
17219
17219
17219
17219
17219
17219
17233
17239
17241
17255
17263
17263
17263
17263
17233
17226
17229
17267
17264
17236
17231
17262
17201
17263
17194
17262
17262
17262
17262
17262
17263
17263
17264
17264
17264
17264
17264
17264
17264
17264
17264
17264
17264
17264
17264
17264
17264
17264
17264
17264
17264
17264
17264
17264
17264
17264
17264
17264
17264
17264
17264
17264
17264
17264
17264
17264
17264
17245
17265
17243
17267
17270
17270
17270
17269
17269
17269
17264
17252
17252
17270
17260
17251
17266
17266
17246
17263
17263
17263
17264
17264
17264
17272
17272
17272
17272
17272
17272
17272
17272
17272
17272
17272
17272
17272
17272
17272
17272
17272
17272
17272
17272
17272
17272
17272
17272
17272
17272
17272
17272
17272
17272
17272
17272
17272
17272
17272
17272
17274
17274
17274
17275
17263
17271
17207
17256
17260
17266
17229
17266
17196
17204
17208
17247
17260
17241
17251
17251
17251
17252
17252
17252
17267
17267
17267
17267
17267
17267
17241
17257
17255
17241
17246
17255
17206
17216
17255
17261
17257
17228
17233
17242
17243
17248
17251
17250
17255
17255
17255
17254
17253
17254
17254
17254
17256
17255
17257
17260
17263
17263
17263
17264
17263
17267
17268
17268
17272
17273
17270
17275
17279
17291
17276
17276
17277
17300
17297
17285
17286
17311
17313
17313
17294
17297
17319
17319
17327
17326
17326
17326
17326
17326
17326
17326
17326
17326
17326
17326
17326
17326
17326
17326
17326
17326
17326
17326
17326
17326
17326
17326
17326
17326
17326
17326
17326
17326
17326
17326
17326
17326
17326
17326
17326
17326
17326
17311
17328
17326
17326
17326
17331
17331
17331
17265
17331
17331
17331
17331
17331
17331
17331
17331
17330
17330
17330
17330
17330
17330
17330
17330
17330
17330
17330
17330
17333
17333
17333
17334
17333
17333
17333
17333
17339
17333
17333
17333
17336
17336
17336
17341
17347
17364
17399
17498
17511
17527
17531
17531
17529
17529
17532
17532
17547
17559
17636
17700
17710
17686
17715
17715
17716
17716
17719
17720
17727
17747
17795
17863
17890
17887
17897
17903
17896
17896
17896
17896
17897
17905
17896
17896
17896
17896
17896
17896
17912
17930
17923
17896
17964
17976
17989
17989
18023
18041
18047
18047
18048
18048
18048
18047
18048
18050
18048
18048
18048
18048
18048
18048
18045
18045
18045
18045
18045
18045
18045
18045
18045
18045
18045
18045
18045
18045
18050
18045
18036
18027
18045
18045
18045
18045
18045
18045
18036
18043
18060
18062
18064
18101
18106
18108
18131
18135
18134
18143
18177
18186
18161
18150
18162
18184
18195
18195
18219
18199
18195
18230
18254
18241
18262
18258
18247
18248
18282
18301
18280
18313
18316
18319
18334
18364
18342
18288
18356
18335
18343
18348
18362
18362
18362
18362
18369
18369
18368
18348
18347
18349
18351
18351
18353
18355
18369
18367
18371
18369
18369
18369
18370
18369
18369
18369
18369
18369
18369
18369
18374
18371
18371
18346
18379
18350
18368
18370
18362
18357
18353
18352
18346
18359
18358
18357
18350
18356
18347
18350
18361
18353
18355
18372
18383
18383
18383
18383
18383
18383
18383
18383
18383
18383
18383
18383
18381
18381
18381
18381
18381
18381
18381
18381
18381
18381
18381
18381
18381
18381
18381
18381
18381
18381
18381
18381
18381
18381
18381
18381
18380
18380
18380
18380
18380
18380
18380
18380
18380
18380
18380
18380
18380
18368
18390
18334
18381
18382
18376
18312
18374
18377
18377
18342
18359
18374
18385
18381
18375
18373
18343
18335
18346
18368
18357
18329
18374
18389
18371
18373
18376
18384
18378
18378
18370
18367
18368
18383
18401
18399
18375
18399
18402
18399
18370
18360
18371
18390
18390
18390
18382
18382
18382
18382
18382
18397
18415
18433
18455
18432
18430
18489
18500
18501
18513
18533
18543
18532
18574
18574
18574
18574
18565
18555
18575
18504
18533
18575
18575
18577
18574
18523
18557
18570
18549
18552
18575
18572
18575
18574
18572
18575
18567
18561
18574
18574
18561
18567
18479
18570
18577
18554
18568
18547
18557
18531
18568
18540
18575
18567
18573
18568
18569
18568
18568
18488
18501
18523
18567
18573
18568
18569
18566
18566
18568
18571
18567
18567
18567
18567
18565
18568
18568
18571
18577
18573
18576
18542
18560
18575
18575
18575
18575
18575
18575
18575
18573
18573
18574
18597
18645
18688
18708
18718
18780
18840
18884
18891
18902
18902
18877
18902
18902
18906
18902
18902
18902
18902
18902
18903
18900
18899
18899
18899
18899
18899
18875
18872
18874
18872
18873
18876
18877
18877
18877
18873
18873
18871
18871
18870
18868
18866
18864
18865
18863
18863
18860
18862
18863
18862
18862
18862
18872
18876
18876
18876
18879
18863
18902
18903
18891
18883
18893
18863
18864
18865
18888
18865
18858
18879
18868
18868
18861
18838
18832
18875
18893
18901
18902
18902
18901
18897
18897
18897
18897
18897
18897
18897
18897
18934
18916
18905
18953
18960
18966
18991
18993
18997
19032
19033
19034
19060
19068
19093
19114
19116
19119
19141
19141
19156
19170
19169
19169
19169
19169
19169
19190
19200
19206
19210
19210
19206
19227
19237
19237
19238
19261
19288
19289
19297
19308
19318
19332
19332
19346
19364
19372
19389
19388
19395
19413
19426
19438
19440
19440
19451
19467
19491
19500
19493
19493
19493
19500
19510
19551
19561
19572
19585
19602
19614
19615
19617
19621
19637
19658
19673
19690
19705
19725
19736
19746
19704
19784
19758
19784
19727
19725
19785
19787
19787
19740
19753
19776
19762
19771
19777
19780
19780
19782
19770
19756
19774
19785
19789
19788
19788
19788
19788
19788
19788
19722
19770
19770
19769
19769
19772
19769
19769
19769
19769
19743
19759
19762
19759
19766
19771
19770
19770
19770
19770
19770
19770
19770
19760
19757
19768
19768
19750
19765
19766
19716
19723
19729
19762
19731
19729
19770
19770
19768
19754
19672
19730
19730
19705
19762
19732
19722
19763
19771
19771
19771
19771
19771
19771
19771
19771
19771
19771
19771
19771
19771
19771
19771
19771
19734
19738
19747
19753
19717
19705
19724
19728
19738
19754
19749
19755
19756
19758
19758
19762
19763
19761
19762
19758
19756
19757
19752
19733
19702
19767
19770
19766
19725
19756
19763
19752
19745
19708
19686
19735
19752
19764
19753
19749
19761
19707
19710
19718
19771
19777
19777
19718
19735
19722
19703
19768
19770
19768
19768
19768
19779
19766
19748
19711
19770
19771
19761
19766
19772
19769
19735
19768
19775
19775
19774
19773
19773
19773
19754
19701
19763
19773
19775
19772
19748
19723
19729
19743
19755
19762
19750
19742
19738
19728
19662
19765
19774
19774
19774
19774
19774
19774
19774
19774
19774
19774
19774
19774
19775
19775
19775
19775
19775
19740
19740
19761
19740
19724
19751
19758
19769
19772
19765
19731
19735
19759
19664
19598
19686
19697
19722
19755
19749
19730
19759
19763
19763
19759
19753
19737
19746
19747
19740
19739
19756
19753
19736
19712
19711
19711
19719
19735
19729
19729
19724
19726
19728
19728
19739
19741
19729
19727
19731
19735
19736
19730
19724
19755
19764
19731
19732
19734
19716
19739
19765
19768
19767
19766
19757
19701
19735
19746
19756
19717
19716
19725
19747
19754
19738
19740
19747
19754
19764
19777
19777
19773
19770
19776
19776
19777
19769
19758
19759
19766
19767
19777
19771
19749
19774
19774
19774
19774
19775
19774
19744
19748
19778
19745
19786
19778
19778
19728
19763
19771
19778
19780
19751
19766
19783
19783
19784
19733
19764
19773
19760
19778
19777
19705
19771
19773
19779
19779
19779
19768
19752
19731
19763
19765
19754
19766
19772
19775
19774
19782
19774
19781
19771
19735
19740
19739
19776
19776
19776
19767
19766
19735
19771
19746
19735
19749
19762
19750
19743
19743
19776
19779
19790
19790
19790
19790
19790
19789
19789
19789
19789
19742
19732
19736
19736
19737
19729
19739
19746
19746
19733
19734
19733
19733
19725
19726
19756
19736
19732
19739
19739
19751
19755
19783
19738
19780
19774
19762
19767
19790
19790
19788
19787
19784
19780
19780
19780
19780
19780
19780
19782
19782
19784
19784
19784
19789
19790
19790
19793
19793
19791
19791
19792
19792
19792
19792
19792
19794
19792
19792
19792
19792
19792
19791
19790
19787
19787
19785
19786
19788
19785
19785
19785
19780
19775
19774
19778
19778
19781
19784
19787
19788
19788
19785
19784
19784
19784
19788
19794
19795
19784
19785
19785
19785
19780
19773
19776
19776
19772
19777
19779
19780
19778
19778
19775
19779
19784
19784
19785
19785
19784
19787
19792
19792
19783
19780
19779
19771
19750
19746
19726
19770
19785
19797
19789
19775
19756
19759
19766
19792
19792
19792
19792
19797
19792
19792
19795
19795
19795
19795
19795
19795
19795
19795
19795
19795
19783
19794
19795
19782
19795
19795
19793
19728
19793
19793
19794
19787
19773
19794
19792
19792
19757
19792
19793
19793
19792
19766
19780
19781
19774
19753
19758
19791
19791
19791
19791
19791
19791
19791
19791
19791
19791
19787
19763
19758
19758
19758
19764
19787
19791
19791
19791
19790
19780
19780
19792
19792
19792
19792
19792
19792
19792
19792
19792
19792
19792
19792
19792
19792
19792
19792
19792
19792
19792
19792
19792
19792
19792
19792
19787
19787
19787
19787
19787
19787
19787
19787
19787
19787
19787
19787
19787
19787
19787
19787
19787
19787
19788
19787
19787
19787
19787
19787
19787
19787
19787
19787
19787
19787
19787
19787
19787
19787
19787
19787
19786
19786
19786
19786
19786
19786
19786
19786
19786
19786
19786
19786
19785
19785
19785
19785
19784
19779
19771
19756
19753
19751
19751
19747
19744
19744
19744
19744
19746
19746
19744
19744
19743
19743
19743
19742
19742
19742
19742
19741
19741
19744
19744
19744
19742
19742
19742
19742
19744
19742
19744
19744
19744
19744
19744
19744
19744
19744
19742
19742
19746
19746
19746
19745
19745
19745
19744
19745
19745
19745
19745
19747
19746
19748
19748
19748
19751
19760
19746
19785
19786
19786
19786
19786
19785
19785
19785
19785
19779
19785
19780
19781
19762
19789
19775
19781
19785
19785
19785
19770
19769
19735
19746
19729
19733
19778
19778
19778
19783
19783
19783
19783
19783
19783
19783
19783
19783
19783
19783
19783
19785
19786
19786
19786
19786
19786
19786
19786
19786
19786
19786
19786
19784
19784
19784
19784
19784
19784
19784
19784
19784
19784
19784
19784
19784
19784
19784
19784
19784
19784
19783
19783
19783
19783
19783
19783
19781
19781
19781
19781
19781
19781
19781
19781
19781
19781
19781
19781
19781
19781
19781
19781
19781
19781
19781
19781
19781
19781
19783
19767
19757
19783
19791
19783
19791
19783
19783
19783
19783
19783
19783
19783
19785
19785
19785
19785
19785
19785
19785
19785
19785
19785
19785
