18
0
0
0
0
0
0
0
0
0
0
0
0
0
0
0
0
0
0
0
0
0
0
0
0
0
0
0
0
0
0
0
0
0
0
0
0
0
0
0
0
0
0
0
0
0
675
1866
2439
2020
1170
1182
1258
1352
1167
1644
1580
1371
1292
1234
1294
1280
2001
1925
1683
1880
2444
2268
2062
2488
2485
2306
2344
2401
5278
2130
2198
2294
1940
1871
2016
2354
2073
2157
2407
1825
2144
2109
1587
4831
2134
1388
1441
1345
1724
1624
1394
1459
1509
1762
2295
2306
2281
2888
3366
2366
1443
1321
1921
1039
870
1353
1920
1819
1351
1144
1472
1773
2015
6400
2268
1691
1949
1716
2079
2074
2768
2714
2259
2620
1906
1255
1586
1374
2362
3230
2429
2367
2845
1769
2041
1014
1922
1601
1882
1767
1434
1936
2426
3073
1994
2803
2756
2052
203
0
0
0
0
0
0
0
0
0
438
0
0
0
1293
2502
2157
1347
2020
1661
2204
1180
1875
1822
2141
4486
2104
2335
2152
2346
1982
2436
2350
2884
2233
2875
3437
2897
2652
2560
4489
2321
3125
3508
2444
2179
1881
1498
1224
1292
1272
984
1042
1141
72
1823
143
1255
1256
1693
1704
1365
1374
1156
1761
1983
2417
2217
2561
2552
4240
1189
165
72
72
72
72
72
72
72
259
259
259
259
259
259
259
259
259
259
259
259
1401
3080
2605
15049
2512
2076
2617
2309
3779
4052
3131
2615
2142
2326
1646
2067
2519
2293
2909
2551
2641
3058
3294
5102
2693
2192
2371
2669
2151
1725
1845
2315
1724
2009
1915
1323
1916
1656
4477
1882
1129
1442
1403
971
1638
1485
1362
1563
872
1058
1365
2354
2632
1702
2031
1641
2777
1984
1722
3007
2509
1193
858
968
941
970
1186
3029
5088
2105
2306
2774
2558
1630
2845
2276
2245
1488
3047
1920
2108
2016
1643
5149
2626
2776
1789
1190
1945
2553
1895
1318
1253
1628
1446
1738
2500
1840
7722
2885
1689
1082
879
1592
2158
1748
1718
1831
2124
1863
2135
2582
1643
3234
2675
2049
1934
2762
69
2897
3153
3134
1512
2033
1093
2715
1887
1995
4342
2082
2725
2453
3006
1958
1866
108
1914
2651
2126
1797
2298
1879
2496
3715
2046
1681
1745
2070
2162
3501
3034
1711
1435
1317
2342
1848
1934
2653
7684
2560
2287
3069
2462
1563
1721
1395
2094
2429
2740
3635
3060
2657
2296
4041
1805
2043
2375
2759
1884
1924
1913
1810
1481
2191
2043
2349
2887
2465
3830
1624
1621
1377
1599
2481
2025
1925
1516
2097
2502
2445
1705
1775
1858
7663
1531
1966
1213
1758
1589
2304
2302
1824
1272
1015
1228
1031
1809
1918
2500
1283
1592
1562
1904
2540
2152
1081
48
48
48
48
48
48
48
900
269
48
48
48
48
171
48
48
48
48
48
48
1202
2968
2967
1616
1637
1709
1678
25225
1092
0
0
0
0
0
0
0
0
589
314
128
148
143
1121
1764
2239
1970
1760
2671
2241
2368
2020
2470
2874
2340
2869
2561
2366
2917
2392
2884
2503
1958
1997
2123
2369
1947
2329
6471
3022
2937
2627
2141
2170
2030
2370
3311
3167
1295
118
226
32
0
2552
276
174
0
0
0
0
0
0
0
0
0
0
0
0
4225
233
61
0
0
1081
2427
2193
1133
1458
1410
1551
664
974
888
961
1240
574
1308
982
1138
1001
1372
1050
806
729
949
893
0
1397
1997
1871
858
1023
1581
1449
2407
2638
1387
1806
1869
1835
2105
2364
1559
2202
2185
2726
2691
2257
2861
2214
2981
3415
2377
13
0
0
0
0
2828
343
135
135
135
135
135
135
135
135
135
135
135
135
135
135
135
135
135
135
135
135
135
135
135
135
135
135
135
135
135
135
135
135
1457
2935
2365
1229
2227
2130
1817
1812
951
1272
1455
2955
1641
2499
1437
2254
1850
1256
1251
2355
1863
2207
1429
2512
1856
2271
2415
2326
1740
1745
3097
3103
2469
2495
2969
2969
2745
2447
1784
1492
1159
3976
1703
1139
2378
2201
2206
1903
2068
1975
1967
1680
2032
2724
2082
1775
2914
491
2302
1846
1865
2882
3377
2147
303
406
270
270
270
270
270
4580
335
197
306
564
322
441
184
182
2070
3532
2598
3076
2073
2180
19913
1344
1842
1847
2664
1532
1788
1469
1677
2074
2054
1473
2423
1109
147
2043
1603
958
1818
1539
1639
2953
2283
2559
2133
1692
1844
576
1690
1551
3389
1830
1383
1035
1072
1534
2407
3286
3138
2776
1176
1489
1080
980
1068
5444
1258
975
73
1018
0
1810
1162
1435
1366
1226
1338
1340
1481
1174
1261
1570
2314
2728
1777
1373
2052
2877
3451
2018
1485
1979
1886
1785
1999
2870
2232
1481
1886
1121
1967
1672
1830
1851
1377
2028
1171
1838
1629
1464
936
1526
1360
2381
1489
1667
1308
1131
150
1744
1936
1494
815
2340
2861
3801
2132
2178
2659
2025
1854
1619
1679
1898
1423
1344
1862
2254
2236
1889
2470
2869
2468
2458
2165
2018
2620
2677
2951
2761
2721
2516
1822
1972
2212
3694
2509
3103
2100
2006
2161
2152
2634
2234
2322
1729
255
1981
1701
2063
4334
2047
2281
2134
2412
2138
2310
2485
2496
1626
2488
3337
1795
445
22
2285
196
233
0
0
0
0
0
0
0
0
1221
2548
3006
2829
2901
1915
1247
1252
1808
1839
2343
1566
2770
3271
2310
2640
2838
1577
1335
3489
1186
800
1434
2244
1843
1373
1662
765
2065
2195
1658
1336
1391
935
5394
1940
1113
881
1177
984
748
1270
1743
1708
1652
1129
1536
1748
1380
1688
0
920
1728
1239
1761
1837
1857
2328
2243
2154
2318
2202
1656
1422
2612
1191
1532
1689
2191
2541
2101
1588
1769
1648
27363
2138
1686
2597
2800
3662
1959
2360
2621
3011
2410
2046
2529
2710
2673
2977
3190
2751
3125
2384
9127
3959
4783
4124
2890
2812
2858
2221
2381
1792
1840
1540
864
1122
570
4362
1483
1664
1545
1828
650
1694
2128
2508
2586
2500
1888
1626
1413
1369
5009
2446
2091
1764
1466
100
1880
1733
1800
1468
1499
2288
1632
1763
3730
2784
828
2683
1728
1675
2331
1872
3426
1178
2395
1738
1618
1995
1698
1722
5983
1903
836
1674
1491
1729
1253
1877
1786
2400
2935
2960
2650
2749
2108
4248
2355
2720
1984
1940
2206
1766
1289
1272
1238
1260
1238
903
1214
1115
1635
1374
1385
1798
1773
1481
2174
2167
2337
2391
2163
2218
1845
1821
2659
5586
3810
3133
2542
3076
2513
2316
1906
1275
1675
997
1430
1062
1210
1260
1393
1119
955
602
1582
1667
1195
2082
2335
2529
2515
2753
3347
3790
3665
4582
3173
3237
2759
2545
2670
1899
2878
2508
3112
2649
2757
2511
2957
2987
6804
2594
2551
2548
2370
2378
2542
3473
3032
2771
2904
1790
429
224
210
7848
1156
463
188
188
916
381
90
14
0
0
660
1453
1795
2875
3084
2029
1913
995
1435
1269
1455
1123
1305
1290
863
852
1275
1078
1405
1418
2430
2664
2688
2200
1848
2254
2538
2219
1838
939
562
923
909
1256
3047
2435
3037
3223
2785
2529
2307
1728
2434
1421
1313
1224
897
778
795
5244
2732
1710
1953
1620
34113
1457
1776
1151
1560
1489
1606
618
2309
2101
2973
1491
1691
2053
1929
2113
2849
2899
2420
2667
1883
1897
2099
1756
216
3028
2361
2754
1852
1738
3563
2600
2773
3386
2989
2601
2472
2726
2929
2362
3712
2073
1825
2524
2376
2017
2598
2319
2377
3066
2508
2628
2570
2178
2362
4832
3482
3131
2757
2092
1700
1412
1778
1257
733
1256
1094
1026
1024
1093
2260
319
693
795
814
623
1667
1747
1804
1999
1434
1994
1493
1258
1912
2177
1770
1807
1556
1904
1549
1019
1781
0
2042
1996
1960
2073
1151
1055
4131
1544
1089
1051
985
1095
1089
1047
1546
1566
1155
981
743
743
1053
1283
1700
1171
1426
1714
1446
1247
2187
2307
2314
2522
2971
2968
2702
2234
2515
2629
2633
2896
2949
2027
2205
2828
2884
3232
3552
3482
3812
3256
2745
8304
2540
1566
1876
1898
2387
2820
2478
2156
2430
2073
1082
1931
2150
1456
5270
2199
2276
3518
3286
2380
2933
2912
2762
2204
2243
1811
2209
2592
1622
3553
3061
2184
2114
1190
2224
2377
2704
2156
1559
1815
2575
2738
2169
2654
4282
2444
1979
3205
2415
2069
2909
3330
2815
2692
2666
2166
2157
2247
1515
4249
1721
1191
1767
1681
1298
1939
2471
3495
2614
2461
2700
2530
1848
2091
7086
2354
614
595
445
1483
1767
2337
1934
2548
2539
1816
2181
2487
2226
3285
2194
1592
2033
920
1453
424
144
1808
1809
1030
1996
1625
2225
1989
24898
6
0
0
0
0
0
0
0
0
0
0
0
0
0
0
0
0
0
0
0
0
0
0
0
0
0
1140
22
0
968
107
265
73
73
73
73
73
73
73
73
73
73
1228
3429
3693
2415
2905
2717
1418
1503
1939
1890
1813
1934
1427
1063
1218
1324
1407
2726
1693
2033
1171
1803
1623
1383
2257
1523
1593
1363
1932
1802
2164
1781
4043
1551
1952
2940
1348
580
1128
637
1823
1424
1858
1111
1323
2235
2343
3054
2511
1430
2346
1698
1465
2292
2515
2151
2107
2060
2223
2336
2320
3158
3871
2582
1857
1683
1686
1674
1500
1581
1680
1716
2007
2220
1882
1619
1706
3065
1724
1872
1450
1859
2154
2717
1344
1759
1035
1615
2289
2043
2020
1666
5110
2741
3148
3934
3399
3276
1843
2176
3521
2582
2470
2985
2499
3025
2770
6929
2918
3083
3127
2903
2678
2456
1806
2032
1591
2489
2386
1460
1424
2756
4689
3141
1914
2226
2143
1823
2021
2151
1781
103
1458
1254
1078
5
1917
3687
2575
2323
2398
2730
1737
3100
2003
2832
3447
2229
2821
3147
3029
3075
8569
3017
2282
1787
2296
2087
2133
2161
1581
2156
1695
2932
3074
3208
1735
3535
1766
2124
2228
2495
2250
1546
2031
1789
1259
1430
0
2337
2318
2662
4385
2377
2801
3931
3129
2772
9
2064
2508
2810
2531
2772
3104
2355
2071
5496
3686
3179
1554
2351
3207
1943
1962
3365
3215
34592
3636
2911
2202
2321
6461
3114
2283
3055
2091
2254
2399
2340
1597
1600
1935
2290
2381
1764
2065
3610
3358
3388
3620
3529
2821
2434
3196
2985
3419
2459
2390
2389
2745
2598
5485
2280
2294
3191
3286
2384
2454
2213
2805
2208
3343
3227
2323
2502
1618
6376
2499
3213
2882
2433
2230
1790
2605
3344
2627
2366
2429
2129
1881
2696
3593
117
1311
1808
1678
108
1913
1429
2538
1887
2031
1686
1950
1557
1364
2403
1783
2484
3054
2476
2017
1912
2395
2008
2179
1937
959
1903
2054
2163
3685
2021
2596
2443
2018
2500
2863
1666
1772
2915
2393
2966
3907
2939
2885
6265
2219
1628
1973
2684
2507
1855
2544
2818
2054
2056
2303
2234
2086
2367
2680
2319
413
2450
2541
2600
622
371
2537
2873
2257
2180
2636
2197
2138
2714
1749
1924
1897
793
2346
1673
1778
1771
2083
1920
2123
1815
1508
2118
2217
2352
2445
943
2257
2130
545
1775
2128
2194
316
2247
1736
1566
1816
3382
2238
2027
1913
242
1498
1759
88
1617
1660
893
1718
1685
1624
2326
3370
3060
2019
2290
2372
2026
2395
2264
1659
88
1558
2173
666
174
4556
5369
2650
3258
2891
1966
2639
1840
2990
3234
3789
2463
2657
2286
2463
2357
6226
2402
2505
2208
2104
2151
1424
1258
964
1083
1185
906
2155
1992
2550
7557
1741
2424
2108
1694
1393
2241
941
2000
1562
2106
1737
1782
1896
2026
1875
1811
2389
2486
1857
32860
2742
2823
2666
2852
2915
2078
3150
2682
3275
6122
2186
1605
313
278
2254
2941
2901
2529
2068
2695
3224
2800
2544
2214
5547
2753
2099
2311
2423
2870
755
2948
2749
374
2703
2492
3363
3005
3212
4210
2575
2021
1934
871
3070
3532
2052
2578
2712
1723
1659
2528
2522
2022
3449
2299
2055
1933
2281
2619
2340
3166
3074
2869
2750
3041
3200
2120
2128
4703
3476
2765
2187
2868
2683
2208
2202
2450
2166
1965
2506
3294
3058
3010
7114
2759
2220
2367
3370
2518
3012
2989
2807
2318
2181
2087
1953
1809
1516
2889
1464
1326
427
357
1646
1481
544
1517
1711
1624
1656
1494
2134
1755
2900
2443
2844
2743
1251
216
216
216
216
216
216
216
216
216
216
590
216
216
216
216
216
216
216
216
216
216
216
216
1701
3054
4128
2503
2879
2958
2476
2049
2333
2556
1622
1558
312
1873
1327
1098
1217
1660
1636
1625
1606
1624
1916
1327
1815
1467
1361
1191
1421
1475
1137
1414
1626
1871
1843
1955
2008
2367
2130
2038
2212
2613
2822
2817
1717
2181
2392
4530
1908
2044
2046
1808
2411
2457
2104
1916
2071
1986
2109
1884
2179
1897
6314
3448
2624
1810
1612
1915
2219
1995
2052
1973
1976
2221
1592
2024
2622
3076
2729
2833
1809
78
112
0
0
0
0
0
0
0
0
0
343
0
0
0
0
0
0
141
63
63
1031
2046
1792
2057
2138
51867
2639
1515
1917
1933
2139
2335
1297
1116
1820
1603
1372
1066
2602
2023
2724
2245
3186
2585
3095
3062
2363
2265
2407
1884
1640
2153
1254
1908
2158
4066
1915
2811
1758
217
1368
2114
2438
2032
2416
1725
972
1021
2116
1546
4291
2556
1494
1846
2426
1774
1655
1028
2192
1351
1381
987
1773
1566
2425
13495
4868
3365
3080
3667
2455
1908
2501
2304
4236
3926
3153
1537
1756
2300
4602
2612
3184
2194
2109
2912
2099
2185
3036
1926
1632
2485
2110
2318
2466
3751
3602
3486
3197
2544
2679
3497
3125
2343
2940
2842
3491
4144
3606
1675
4948
1963
2886
1999
2015
2709
2315
2201
2865
2465
1853
3060
2490
2011
1753
9723
4307
4131
3187
2012
2219
2836
3260
2679
2601
2614
2885
3870
2855
3401
3307
3342
3060
3552
2764
3345
3177
3913
2851
2703
1930
3392
2663
2820
1988
4085
2591
3382
3560
2623
1796
1698
1969
2427
2072
1685
2973
1535
1871
3470
5215
2696
2450
1842
1110
1636
1917
1875
1647
1140
1564
1673
1344
2546
3032
8822
3899
3330
3287
1305
2620
2925
2958
2904
2056
2255
2609
1812
2477
2378
4943
2097
2046
2100
2891
2583
3229
2416
2428
2351
2613
3014
2398
2347
2573
6434
2346
2181
2585
2433
2525
2793
2459
1605
2321
2262
1653
1486
1206
1464
7061
1275
694
256
819
275
737
1736
1300
359
82
0
1141
479
1343
1750
1319
914
375
85
1208
1083
645
2366
1976
60453
1784
2151
1722
1117
1086
1525
1688
2354
2433
2306
2374
1963
2167
2023
2558
2750
3038
2044
1703
6193
3011
1800
1973
1240
2103
536
512
428
2453
1827
1995
927
996
1838
4052
2673
1836
2123
2568
2012
2480
2258
1702
1952
2564
2761
2161
2404
2076
2758
127
160
1995
2046
2042
2195
2689
1782
2175
2036
1686
2256
2619
2031
2514
2270
2066
1851
1892
1471
2450
2207
1745
1800
1952
2175
2509
2024
1855
3461
1802
1871
714
2057
2190
1737
1692
1349
1199
1668
1761
1834
3044
3761
7189
3178
2445
2356
1742
1800
1371
1166
1233
1415
988
1629
1878
2053
1923
2679
1825
1875
1948
1966
1910
1522
2115
1850
2471
2506
1730
1508
1305
1277
2998
1098
1363
1591
1219
2013
1556
1315
1052
1036
1062
783
783
1183
1052
1166
1227
1500
1211
1387
1973
2021
1546
2004
1709
1940
2097
2300
1990
1646
3525
1994
1515
1742
1375
1329
1498
599
328
1189
1246
1342
591
538
1259
2204
1051
811
1368
1501
382
1672
1164
1517
1396
1284
1259
0
1540
0
929
1782
251
0
0
1488
0
0
957
1425
1470
147
1384
0
0
1857
1691
1583
149
324
1714
799
16
1899
1843
1510
546
1552
1673
1781
1798
1197
1083
1093
1158
1363
1231
1130
1056
1136
750
0
1175
961
1167
1278
929
983
1363
1216
2666
2015
1614
2235
2346
2464
1885
1833
943
1518
3240
1226
2024
1504
1049
19575
2415
2486
2097
3160
2449
1247
2194
2380
2544
3846
1815
2404
2632
2082
2838
1955
1756
1729
1971
1810
1820
1689
1412
2156
2689
2209
2929
3430
2558
2608
2024
2711
1514
2873
1747
3162
2147
3040
3327
5723
2548
2203
3082
2654
2763
3128
2240
3330
1910
3301
2975
3794
2168
2881
5634
1764
1712
1970
2018
2447
2288
2036
1162
1371
1920
1383
1813
3240
2229
7246
1595
1625
2052
1830
248
1766
247
1897
1551
998
1317
1505
2159
1908
2494
1511
1873
954
737
1566
1421
0
109
1487
1606
1575
1525
1693
1385
1855
260
532
1265
1550
1952
1270
1544
1284
1449
2084
2012
1748
204
1557
1535
1327
3316
2717
3605
2451
2785
2137
1726
1399
1085
1118
1025
1017
1037
6182
3450
1776
2310
2503
2827
3122
2222
2134
2067
63
1669
3031
3333
1872
3540
2206
3024
3394
4561
3496
1893
1729
1998
2522
3066
2174
2261
2508
2907
5331
2529
1786
1885
2282
2297
2059
1559
2389
1847
629
1496
2467
1937
1551
7309
2794
2129
2213
2071
1299
1996
1415
2163
2021
2024
2056
2281
1828
2120
2285
2672
2473
1871
3656
2700
1149
2064
3754
3261
3065
2584
2991
1895
2288
6712
2368
3017
2779
2257
2629
2857
2152
2775
1622
2823
409
2105
2190
2200
4042
2297
1977
2347
2813
2786
2591
1805
1904
1949
2049
1734
155
155
1918
6360
2542
2039
1329
1369
1471
1222
1227
1857
2104
2146
2715
2547
2139
1912
26957
2906
2882
2234
2131
2481
2164
2270
2948
2380
2490
2204
2447
2213
2831
5642
2048
1114
1239
493
1538
1935
611
1782
1617
1506
1558
1901
1716
236
2135
1947
1132
2198
1924
533
1683
514
1681
1897
1985
1802
1533
566
1618
3870
2643
2236
972
2102
2436
2060
2474
3194
3280
2695
3297
2953
3480
3312
5393
2450
2938
2503
3193
3201
3737
2492
3175
2751
2409
2168
2273
2157
1912
6374
2307
2100
1504
2203
2002
1901
2212
2136
1822
1619
1224
1105
949
1456
2243
1354
1274
1143
2321
2302
3343
3359
3175
2581
1882
2284
2606
3090
2286
10234
3521
2849
2349
2353
2099
819
672
1581
2081
2660
366
1977
1890
2132
1813
2291
1971
356
356
2208
2054
2990
3136
2957
2097
1898
1975
2073
2510
4844
2838
2700
2560
2846
2630
2658
3541
3543
2787
3019
3327
2599
1728
2721
9313
2868
696
375
375
375
375
375
375
375
375
375
375
375
375
375
375
375
375
1269
2522
2904
2497
2246
2088
2261
1835
1560
1317
1179
2251
1321
1083
1900
2532
2654
2020
2278
2802
2722
1915
1984
2041
2399
2771
4353
2758
2281
2476
2218
2229
2232
2244
2725
2424
2608
2127
2360
2767
2642
6579
1861
1772
1328
1172
1809
1521
1532
1468
1810
1946
1524
1863
1837
2947
4099
2646
1901
1896
2357
2293
1064
230
230
230
230
230
230
230
230
652
230
230
230
230
230
230
1763
3101
2516
48905
3087
3301
2312
1650
4014
2242
2172
2247
2267
2192
2287
2107
1941
2270
2128
2083
1247
1463
1935
4691
1278
985
1292
997
1229
1139
1619
773
1427
1193
1498
1487
1254
1658
2304
1465
1999
1739
1381
1335
1181
1427
1732
1332
1117
1172
1211
745
1210
1384
1845
1496
1084
1852
1788
2100
1971
1564
1539
1700
2128
2470
1910
3011
2927
1970
2096
2205
1707
2022
1824
2212
2035
1063
2000
2120
1256
2032
1740
1753
1085
1707
1240
2088
2656
2029
1705
2542
2152
2133
2318
1839
1696
1691
3685
1332
1955
2093
1721
2642
3023
2454
1643
1011
2384
1834
2135
1653
1850
3758
2737
2984
3211
2929
2639
2505
1985
1936
1877
3303
2151
1619
1877
2224
9013
2898
1949
2760
1749
1330
1543
1576
1320
1053
3095
1610
1889
1855
1508
4491
2736
2193
1782
1205
1382
2656
1166
1339
1472
2093
1405
2181
3432
1820
3416
1994
2054
2593
1841
1156
2223
2029
2057
1985
1483
1359
2493
2882
1419
3242
1593
1263
1801
235
2439
1845
2155
3223
3030
1848
1419
1235
1386
2258
9037
2426
1538
2329
2121
3829
2022
2431
2626
2014
2174
3863
2154
2612
2491
3969
2044
2642
3129
3012
2861
2250
2670
3025
2752
2452
2558
3028
2568
2148
4996
1479
3476
3188
2425
2767
1988
3654
3725
4087
3043
2644
2141
1959
511
5445
1867
1267
1963
1345
1811
1437
972
994
1066
739
1088
1236
73
2126
6045
2874
1933
1935
1676
59544
2060
1370
2231
2146
2044
1519
2578
2278
2053
3180
1854
2086
2422
1911
2733
2034
2469
2324
1740
2064
2531
1938
2105
2537
5047
2375
1807
2009
2164
2451
3418
2847
1768
1594
119
2051
2193
1882
2343
2851
2679
3017
2396
1951
3084
2139
2183
2087
3225
3653
4001
3633
2720
2001
8548
2344
1352
939
1506
1993
2108
1462
2032
2047
1520
1884
1365
1916
1580
2224
1945
2148
3008
2277
2548
2740
2263
1848
1635
2063
1810
2433
2907
2738
4111
2303
1997
2681
2996
1945
2358
2551
2724
2213
2882
2270
2531
2346
2000
7827
2250
1744
1735
2162
1878
2119
1804
1012
1355
1628
1476
737
2186
1892
3399
2034
1857
1753
1737
2025
2349
2768
2776
3144
3554
2686
3459
2210
2227
4993
2805
2984
3253
3550
2282
1928
2330
3193
2074
2109
2209
2935
2910
2454
4537
2901
2870
2107
2399
2108
1866
2808
2810
2326
1997
2153
1525
2760
1787
9000
2890
2015
1915
1686
2232
724
1591
1199
610
592
415
1415
531
54
1860
0
0
0
1381
1696
1338
1009
1316
21
1387
2333
3630
3420
2137
4209
3010
2440
2979
2245
1168
0
0
0
0
0
0
0
0
0
475
0
0
0
0
144
1025
2033
2344
2572
3256
3270
2502
1104
1681
5341
2144
854
1373
2075
1450
1680
1933
2786
185
1690
453
1723
1347
2538
3536
3577
2516
1149
1812
1473
844
1128
711
1142
776
2110
1443
1050
1364
56393
720
1331
1662
1957
1853
2059
2169
1511
1816
1462
1406
1500
1280
1572
2239
1776
1895
2090
2110
1965
1221
2039
2488
2419
2024
2174
2680
1895
2451
4375
2820
2852
2255
2411
2228
1627
1913
1807
1810
1659
1538
1452
1649
1628
2432
1772
1977
1600
1520
1249
1041
1230
1196
1337
1665
1759
1340
947
1773
1967
2721
3132
2809
2956
2438
2150
1895
298
1548
1472
1692
2342
2931
2340
4432
1793
2252
1988
2687
3295
3029
2929
2333
2145
2999
3121
3919
3489
2386
4979
3166
2859
2772
2377
2386
2104
1819
1888
1220
1174
1240
1846
1704
1336
2396
2192
1931
2207
1806
2217
1955
2380
1476
1457
1797
2244
2263
2088
1799
2632
1492
337
2273
1980
1669
1857
1705
1616
1732
1811
1151
1588
1877
1883
5343
1881
1579
976
1412
1703
1917
1206
277
211
211
767
1656
888
211
805
805
221
217
214
211
211
211
1685
1745
1414
1566
1715
1384
1488
1386
1574
1363
1227
874
715
211
211
211
946
790
211
1006
856
1396
1314
1052
1070
211
211
211
1079
211
964
962
1250
1166
1396
1011
1345
1398
1158
1313
1054
1082
1074
211
211
1500
1190
1556
1703
2347
2423
2046
1248
231
211
211
211
211
211
211
211
211
211
211
211
211
211
211
211
211
211
211
211
211
211
211
211
211
1132
2086
1534
1224
1141
211
1629
1483
1481
1320
1321
1376
1195
910
25493
1077
984
887
659
1038
545
590
0
735
734
580
941
896
989
918
733
638
664
786
727
705
0
0
0
1634
1417
1120
1293
1221
1191
1045
1191
1138
1335
1449
1386
1286
1214
1078
995
724
803
879
768
912
1072
830
1517
1651
1260
318
0
0
772
0
0
0
0
0
0
0
0
0
0
0
0
0
0
0
0
0
0
0
0
0
0
0
0
0
1011
1986
1932
1716
1308
1749
1893
888
0
0
1203
2195
1761
1493
1918
1746
834
0
0
0
0
0
0
0
0
0
0
0
0
0
1029
1764
1533
1603
1184
1128
1112
1123
670
0
904
999
924
889
1082
1751
2014
1869
1939
1990
2306
1845
2454
2189
2545
2708
2572
2136
2303
2101
6663
2351
1812
2405
2304
2634
1961
2141
1946
1830
1810
2152
2829
2433
2378
7230
2216
2154
2083
1857
2141
1933
1962
1518
1418
1846
1637
1567
1382
1921
9847
3388
1833
1379
1873
1570
1054
1202
1711
2517
2710
1805
2134
1516
1629
3208
1334
1077
911
1357
1385
1601
1696
1608
918
953
749
1289
1288
1576
1877
1676
829
924
1002
835
1480
1235
1233
1937
1582
1616
1122
1439
1438
1686
358
646
324
324
102
2927
2310
2545
2070
1297
1248
1449
1950
1438
2677
2582
1553
1882
1134
1627
1544
1281
1095
1201
1001
982
999
205
67
917
976
795
812
797
13834
115
898
584
940
805
959
666
0
599
719
0
764
592
0
0
496
0
0
0
0
0
0
527
0
761
102
71
0
760
0
0
0
0
0
805
83
0
0
763
755
533
1050
542
896
648
529
673
820
854
645
0
793
0
1039
237
883
0
0
0
602
923
18
528
797
614
529
845
0
0
374
0
869
361
726
1030
910
620
671
0
486
501
749
0
665
1242
567
0
0
854
0
920
886
680
0
883
548
1140
680
735
0
0
468
728
733
523
661
859
907
1011
905
967
941
1283
1061
1338
1338
992
496
466
0
615
0
708
1325
1195
214
0
1351
912
32
540
527
727
0
0
874
0
0
932
799
1332
1903
1909
1366
1709
1433
1012
177
35
48
1060
143
22
34
15
6
0
0
0
1066
0
822
54
0
1011
40
15
1015
958
1034
0
1142
1267
398
981
1051
1063
844
1066
136
1079
768
0
1029
1110
0
849
628
1334
321
1197
1167
977
857
108
1226
1309
995
1113
34
11
1409
1183
1134
1259
286
964
1031
1263
1045
967
1278
1232
1052
1330
39
1538
1039
1027
832
1083
905
59
987
71
0
0
1192
596
1066
1094
171
171
171
1150
0
0
0
0
0
0
0
0
0
0
0
893
104
0
5300
148
894
0
843
0
969
1223
0
0
951
812
0
0
829
417
941
0
0
1071
1003
0
0
392
1015
1394
1137
998
912
915
1456
14
1036
1059
993
73
162
0
0
0
0
928
957
0
0
257
130
0
919
0
0
1251
1195
1012
0
0
1219
1572
1347
1689
1832
1587
1446
1847
1504
1657
1532
1221
78
1118
1136
557
1083
1075
1135
1590
988
0
1547
1431
1460
2487
2713
2812
2348
1343
1375
1827
2310
2221
3086
2263
2290
2431
2481
2430
2175
2104
2019
2034
1827
2015
2294
2142
2092
4084
2479
2500
2299
1921
3295
2078
3283
2618
2260
1994
1711
1730
1883
2283
5275
3075
2434
1994
3012
3499
2294
1586
2105
2435
1641
2094
2336
1329
2460
3401
1184
2132
2370
2101
2061
2262
1860
1955
2059
1981
1792
1443
1713
1417
1775
898
1549
1192
1643
1375
1254
1387
970
1223
1632
1825
1560
1722
2004
2657
2223
2393
1830
1906
1898
1550
1623
1769
1957
1898
2044
1936
1902
1540
6179
2652
1726
1771
1791
1873
1361
2222
3407
2928
2829
2318
2623
1706
1914
3459
1848
1707
1720
1297
490
1766
1898
1963
2069
2111
1746
2262
1736
1835
3493
1717
1767
1622
1660
1287
2230
2830
2524
2225
1902
1766
1186
1742
2979
5116
2679
1972
1805
2439
2349
1940
1538
1974
1792
2172
2304
1798
2476
1938
4498
2865
2348
2452
1872
2604
2577
2453
2131
2554
18167
872
1364
1099
836
4214
1271
1219
1747
247
227
1212
1341
1962
2023
2514
3507
2905
2732
1961
4051
1890
2525
2801
1978
2034
2381
1244
1446
1918
1946
1490
1536
1448
1803
7349
2827
1787
1937
1565
1249
1781
1253
1486
1565
1187
423
847
1577
336
1647
1297
1904
1238
1813
1541
1802
1595
1846
1653
1781
1744
2345
2822
1546
4030
1720
1798
1741
2069
1906
1742
2085
1773
1631
2173
1629
1670
1741
1624
4334
2370
1594
1475
1482
1809
1542
1867
1341
1617
1711
2107
2160
1839
2061
7715
2946
2294
1878
1783
1243
1897
1393
1950
1720
1454
1475
2200
2236
1988
3309
2311
2204
2137
1592
1679
1752
1538
1310
1692
1728
1729
1516
1183
1622
3031
1709
1388
1789
2424
2344
2192
2080
2175
2196
1972
1544
2116
1745
1970
2860
2203
1823
1655
1913
2073
1982
2013
1878
1873
1874
1853
2271
2214
2058
5248
2210
2135
2272
1536
1640
2322
2304
2632
2256
2573
2580
2505
2221
2834
4282
3266
2915
2566
2435
2425
2176
3116
2701
3341
3299
2698
1376
1802
3230
5873
1424
322
139
139
139
139
139
139
139
139
139
139
139
272
2278
1456
2588
3738
3537
2570
3020
2442
2139
2977
3757
3550
2997
2677
2343
3437
2650
3179
2315
3946
3124
2844
2888
2107
3565
2343
3399
2301
3136
3206
4316
2419
2541
2892
2853
2490
4844
2975
803
405
831
531
373
304
304
2347
753
208
208
208
22098
75
0
0
0
0
0
0
0
0
2392
509
141
0
1188
2297
2896
1729
2748
2488
2775
2911
3067
3412
3021
5089
3205
2834
2558
2608
2384
2750
2937
3446
2254
2745
2820
2988
3264
2137
4487
2272
2073
2718
1666
1463
1840
1247
880
1035
791
0
0
1739
868
2036
1253
1095
1357
1438
1998
2598
2137
289
518
2101
1672
2876
2854
2622
6758
2803
2890
1463
1138
898
941
850
863
794
935
940
1026
905
1031
1140
963
907
753
572
0
0
0
0
0
0
0
0
0
0
0
0
0
0
0
0
0
0
0
0
0
0
0
0
0
0
1153
2125
1861
2252
1936
2469
2275
2039
2358
2681
2487
2859
2840
2732
6640
2858
2882
2499
2646
2624
2518
2144
2939
2599
2049
1466
2116
2729
3181
5443
253
581
3125
3538
1787
2052
224
1642
1915
1949
2514
3203
3529
2546
5344
3253
2593
1965
2184
2534
2530
2728
2919
2374
1933
1812
1662
1969
2273
8575
4210
2990
2886
3174
2525
1998
2798
2479
1590
2257
1189
158
158
158
3329
664
0
0
0
0
0
0
0
0
0
0
1113
1836
2464
2991
2434
1826
1675
1688
2020
1311
2919
2212
2050
1671
2115
2253
3340
2507
3301
2810
1940
1878
1681
1309
2134
2039
1685
1766
2028
1868
1521
2960
1309
7920
2988
2017
1218
174
1399
1514
1490
1452
1262
1043
1436
1785
1884
2323
29412
1838
1691
2194
1572
1855
1845
1797
1440
1206
1861
1752
2122
1441
1671
2361
2324
2218
1999
1530
1441
1224
1819
1400
1918
1473
1340
2451
2046
1847
3136
2254
1807
2179
1874
3062
2043
1905
2126
2095
1825
1420
1844
1949
1761
6202
2890
2038
2099
2242
1606
1969
2161
1846
2162
2295
2084
2227
1894
1757
2723
2188
1518
1952
2005
1714
2375
2410
2019
1925
1864
1640
1838
1312
2249
3520
3111
1921
2156
2782
2028
2691
2086
1881
1340
1120
1865
1628
1317
1627
3687
1994
2162
2334
2337
3428
2837
2624
2449
2386
2299
1618
1165
1338
1612
7414
2280
2010
1352
1047
927
845
1350
1235
1933
1903
1593
886
157
157
157
157
157
157
157
157
157
157
157
157
157
157
234
157
157
157
157
157
157
1474
2687
3082
2887
2007
2615
3120
1664
2525
2735
2779
3038
1985
2698
3395
2982
2424
1748
1530
1017
1692
1201
1372
1336
1471
1503
2911
1505
1730
1243
389
389
999
1504
1815
1650
1518
1417
1681
1857
1835
2417
2182
1974
2034
2376
1446
2271
2563
2414
1805
2623
1420
2808
2134
2007
3467
2446
2641
2274
2473
2089
2096
2111
1820
2699
2565
2235
2112
254
1551
3973
1870
1706
2033
1839
2302
2107
2009
2241
2067
1922
2575
2165
1890
2391
2817
1845
1557
1872
2180
2047
2670
2826
2431
2852
2664
2616
2416
2154
3080
5327
2927
3545
3119
2615
2834
3377
3627
2984
2804
33203
2133
1810
2086
2612
5604
3157
3343
2877
3004
3074
3267
1730
3370
2905
2476
2703
2420
2440
2859
7267
3242
3224
2119
3316
2637
2256
2375
1744
2088
1734
2132
2074
3342
2791
2720
2781
3187
3720
2927
2251
1838
1445
1952
2316
3025
1570
1469
1871
2154
4360
3049
3037
2219
2210
2794
2058
2640
2117
2868
2955
3674
2998
2312
1470
6279
1290
3082
2191
2036
2801
3051
2102
2974
2379
1751
2914
2555
2653
2984
9596
3898
4095
4271
2760
2724
2568
1186
2711
2907
1830
2157
2144
2379
1212
6328
1448
2085
1978
2249
1451
2031
88
2320
2514
2832
2965
2151
2048
2888
4210
1953
1708
2473
3310
3586
4141
2013
3339
1836
2159
1041
1030
3182
2523
10258
3139
2567
2845
2983
3350
2341
2440
2132
3842
2900
1808
3217
3522
3198
5961
755
1745
1301
2417
2128
1593
1120
2082
1890
2689
2367
1562
1546
1411
4038
1949
1843
2132
2076
3356
4171
3775
2899
2823
2662
2914
2239
2720
2332
7051
2436
2632
1978
2982
3873
3923
3832
4329
3009
3442
2658
2133
1704
1768
13428
4423
3348
2424
2675
2717
2695
2818
2085
2331
2807
2067
1664
355
2562
4723
3606
3516
2319
1910
1694
1367
2825
1664
2293
1864
1632
2133
2531
3148
4920
2254
1972
2227
2109
3011
1981
1467
2162
1507
2240
1817
2829
3187
2183
3434
575
389
387
389
387
389
387
389
387
389
387
389
387
1610
8628
3643
2286
2160
2505
40059
1486
1825
2118
1819
1896
1426
184
1627
1053
2825
239
1098
2085
1992
2060
2460
2688
2657
3386
2630
1973
2132
2123
3220
5711
3044
1611
208
168
168
168
168
168
168
168
168
168
168
168
1614
242
168
168
168
168
1113
3269
2947
2801
2388
1548
328
2388
1262
6369
3375
3224
2598
2265
2011
2253
2389
2117
3063
2126
3212
2075
1580
1361
3494
2351
2124
2476
2231
1442
2367
2448
2242
1888
1681
1777
1415
1234
923
1929
1807
1831
1613
1970
1819
1585
1702
1863
2560
1959
2323
1310
1515
2781
4703
2014
2116
1056
1527
1700
1512
1394
1138
1688
1669
1098
1407
888
1353
2458
2109
1260
1681
1393
1929
1823
2311
1870
2068
1096
1126
1064
1128
1175
1869
882
1385
1423
1493
1722
2085
1812
1345
2285
1416
1831
1683
1329
1373
2830
2785
3106
4036
3941
2368
2775
2388
3369
2377
2805
2786
1952
1912
1917
5803
1703
2211
2247
2911
2625
2984
3294
3053
2676
2526
2757
2177
802
2289
3644
417
1993
1795
1886
324
1716
1032
1694
1639
1317
2940
319
2077
2366
932
3284
2661
3538
3338
3612
3693
2383
3419
2355
1943
2610
2418
2015
2411
5515
2454
1915
1928
2681
955
1872
416
412
2253
2323
1993
2189
2610
2283
6935
1204
531
1946
1562
1905
723
2908
2466
3262
1482
1663
1229
1314
1450
1909
1958
1771
648
1914
407
2265
734
1402
1791
2091
2789
2166
1824
1523
33882
1318
930
691
160
1179
822
796
802
1347
1961
1928
2309
3721
3287
4442
2376
2094
3377
2987
3109
2160
2635
2365
2210
2168
2151
2105
219
1951
5530
2191
2317
1753
1128
1374
1688
1521
1117
1390
828
752
1639
1734
1956
2573
1963
2461
2607
2036
1810
1711
1278
1325
1630
1121
1320
1240
2550
2921
2308
1953
2348
4066
4318
2750
2553
2696
2056
2125
2181
3091
2543
2374
2542
6445
1785
995
2840
2414
2271
2374
2394
2568
1699
2580
2272
2603
2853
2412
3140
2712
1951
1749
2093
2540
3765
2550
3250
2357
2621
2287
3146
2628
3137
4440
2380
2070
2308
2406
2506
2174
2450
2099
2288
1812
2435
2157
1898
2520
5257
2281
2370
2226
2880
3532
2916
2243
798
57
333
0
0
0
0
7944
1007
556
858
33
0
0
0
0
0
0
0
0
0
0
0
1844
2333
2135
2022
1412
951
1686
1236
1651
1865
2598
1480
22
0
293
85
0
0
0
0
0
0
0
0
0
0
0
0
0
0
0
1401
2313
1608
1839
1762
1288
1826
1015
958
810
797
823
926
6758
1499
2825
1123
1334
1938
1308
1506
1392
1718
1511
1460
2563
2502
2049
2755
1486
2225
2113
1848
2663
3393
2557
1498
2708
2072
2399
3167
2102
1500
2749
1323
1113
712
1325
0
851
1298
1384
2104
2589
2461
2183
1822
2652
4234
3116
3081
2148
3229
3837
3308
1974
3286
2124
39128
1471
2500
2119
2938
13494
4131
1855
589
542
501
501
501
501
501
501
501
501
501
501
1398
463
445
445
1351
4989
4343
2788
2586
2085
1728
1442
1795
1196
1204
2134
452
1855
1547
1719
2060
2277
1525
1502
1430
496
1646
1417
1870
2446
4763
2874
3274
3619
4043
3530
2088
3045
3755
4360
3416
3493
3687
2724
2340
5962
2376
1558
2136
2257
1907
1321
1334
1731
1571
1481
2649
2559
2676
2248
2462
396
2618
2503
2785
2647
1908
2062
2325
2339
2872
2211
2444
2030
417
2962
2474
2849
2025
2324
3318
3477
3749
3049
3321
1917
573
357
357
357
8417
3467
3157
3191
2990
2502
2246
2134
2041
2170
2327
2230
2195
2212
2442
3312
2051
1314
1897
1664
2890
2832
2633
2143
1315
1667
1500
1221
2128
2436
3981
2157
1637
1404
1397
1693
1550
1979
1572
1961
1386
1203
975
1130
1751
2253
1671
1949
2607
2513
3090
3155
3001
2979
3326
2995
3621
3070
4082
4337
9155
3690
4077
2875
3244
3158
3846
3062
3307
3792
3490
2618
3271
2644
2793
7973
4423
3255
1832
2097
2212
2119
2992
2812
2560
2014
1413
1714
1544
1190
4189
2143
1884
1332
1330
1863
2219
2397
2706
2539
2110
2216
2067
2243
1758
2870
1797
1620
1609
1977
2109
2373
2854
2213
1897
1825
1197
1314
1397
1030
10283
2777
1780
1543
1995
1683
2001
1919
542
2369
2082
1823
1860
1413
1223
1960
1327
1560
1057
2062
45682
2794
2617
1192
1995
2043
2626
3433
2575
2478
5445
2623
1262
1768
1282
1574
1731
1863
1504
2226
2149
1571
2308
1720
1103
6783
3253
2148
1998
2124
1758
1971
2217
1736
2177
1989
1746
2604
2617
2300
3058
1914
1818
2350
2105
2231
1744
2354
2168
2141
1820
1917
1828
2233
2012
3314
2053
1857
1810
2196
2279
2123
2026
2300
2374
2020
2188
1940
2775
2780
3572
1990
2195
2134
2380
2452
2187
2320
2604
2636
2174
2065
2207
2019
1539
4881
2267
2480
3083
1999
2528
2751
2367
2713
3205
2465
2879
3012
2457
2630
3318
2610
2742
2909
2414
2726
2693
3193
3769
3918
3243
3226
2862
2331
3006
3693
2345
2005
1827
1822
984
1631
2258
1945
2373
2615
2739
2932
2873
2576
2855
2492
2327
2513
2779
2390
2104
2332
2851
3192
3306
3592
2048
815
815
3552
1124
862
808
808
808
808
808
808
808
808
808
808
808
808
808
808
808
808
808
808
808
808
808
808
808
808
808
808
808
808
808
808
808
808
808
2162
3781
3797
3312
3244
3056
2619
2510
1747
3427
2343
2964
2379
3394
2986
3789
3458
2746
3499
3159
3832
2254
808
808
4079
1065
904
904
904
904
904
904
904
904
904
904
904
904
904
904
904
904
904
808
808
808
808
808
808
997
886
886
886
886
886
886
1358
808
808
808
808
808
808
736
736
736
1750
3131
4542
51614
3008
3172
3350
3156
3098
2553
3622
4245
3375
3761
4580
2950
440
283
6372
680
200
153
153
153
153
153
1676
3060
2301
3277
2434
2707
3240
4668
3103
2854
2802
2730
3415
3833
3149
2768
3143
3227
1526
2658
2017
730
4779
1832
999
860
530
1802
1625
2359
2540
1726
1572
1496
907
2237
2120
10508
1787
3191
1363
2624
1954
2254
2448
3158
611
2271
2104
1874
2210
2093
3285
1035
1394
2582
2201
2518
3322
3263
3399
2456
651
552
552
552
552
1719
699
747
471
456
456
456
456
456
456
456
456
456
456
456
456
456
456
456
456
456
456
456
456
456
456
456
456
456
456
3639
2507
3149
2612
2113
1910
2324
2321
2422
2686
3046
1620
376
376
519
1125
519
376
376
519
519
376
376
519
519
727
376
519
519
376
376
519
519
1755
2689
2149
2173
2004
1639
1435
1351
1217
1612
1322
1395
1614
1807
2392
2449
3155
2333
3053
2805
2125
2284
1016
1689
423
1662
2341
8373
3612
2041
2458
3601
2433
1490
1445
1570
999
1753
2545
3432
4351
2645
4922
3052
2636
2801
2909
2359
2151
2113
2246
1718
1759
1752
1234
1277
1290
2559
1821
2109
1968
2559
2261
2255
476
2107
2430
2532
557
2422
2336
2021
6688
3383
2275
1610
835
526
457
457
457
457
457
457
457
457
457
552
457
457
457
457
457
469
457
2279
3466
44406
2355
2121
2102
1449
1956
1909
1597
1558
2164
2569
2546
1692
2806
1970
1607
2219
1806
1676
1983
3677
1966
2382
2283
2190
3211
2227
2106
2710
2534
1930
2531
2325
2458
2996
6940
3253
2038
3207
2168
2549
2915
2577
3842
3953
3713
3003
3713
4189
3488
7409
3072
3135
2444
3244
2257
1411
2325
2445
2977
2560
2903
2154
896
1656
3521
2519
2988
2347
2373
2069
1618
2290
2297
1699
1682
1682
2319
948
1232
2324
3094
3296
2668
2574
2395
3391
3224
2284
2560
2845
2483
2401
2011
1730
7951
3522
2170
1631
1948
2497
1701
2463
3471
3226
1643
358
484
484
484
1596
546
636
396
396
396
396
396
619
304
304
304
304
304
232
232
232
232
232
333
359
160
160
160
160
160
160
160
160
332
252
160
160
160
160
160
160
160
160
160
160
160
160
1220
2628
12797
5295
3978
3664
4332
3992
3340
2271
4091
4345
4140
3990
3027
3017
3156
8846
3579
3228
3084
2759
3595
3323
3041
3340
3884
2995
3203
3099
2392
3223
8033
4719
2768
2458
2364
2637
3361
2677
2689
3423
2718
3310
3552
1503
2415
15715
3815
2027
1936
1698
1988
2264
1766
2379
2456
1522
2330
2127
1877
2573
3306
2256
3374
2642
3229
3120
2508
2282
2753
3191
2684
2905
3506
2671
2031
7264
2956
2635
2305
3654
2757
2516
2556
1237
1597
1192
1872
1341
1340
2066
4202
2112
2887
2909
3194
51552
3168
3626
2837
3266
2830
3047
3101
3320
2790
9175
2916
2461
1859
1759
2453
2670
1772
2524
2678
2630
2155
1731
2050
1970
4560
3525
3047
1744
2863
2460
2640
2158
1981
2005
1610
2276
2571
2300
2201
3174
2175
1425
1857
2696
1906
1113
1474
1589
2304
2742
2942
2228
2120
2751
4944
3073
3103
3231
2682
2913
4263
4293
3112
2403
2123
1927
1540
1328
3205
6878
3429
3445
2553
1756
2381
2718
2413
3270
2762
2281
2241
1467
445
272
3017
697
1536
1130
1625
1699
1900
1638
2044
1885
1039
1901
1887
994
1447
389
311
2267
2031
1889
1810
1725
2407
3152
2396
2734
2960
2837
2808
1586
3432
3606
2797
2873
2868
3116
2985
2832
2848
1664
2412
3069
3476
3107
2796
8309
3246
2414
2333
1752
1522
1825
1837
1517
2123
1911
1719
2176
2385
1923
3161
1854
2133
2437
2376
2010
2893
2592
2039
2315
2040
2538
2515
2487
3208
4729
2976
2683
1494
1984
1454
2412
2126
2156
1981
668
1749
2557
2572
2476
5596
3180
2778
2072
2331
2080
2545
2630
1808
2302
2351
2022
2409
2449
2017
3915
2615
2658
2905
2050
2260
2598
3316
3803
3417
2047
1829
2300
2902
3495
3667
2371
2811
2651
2630
2510
3161
3052
3087
2563
2743
3061
2490
3463
2812
5015
3495
3396
3139
3782
3304
3356
3215
2229
2506
2936
2769
2839
2343
1897
9482
3372
1018
760
1749
1694
2041
2081
1958
1799
2341
2210
2140
2104
2589
66035
2789
2363
2353
3373
2450
2353
2313
1763
1897
3237
2087
2532
2436
2642
5510
2853
2206
2082
1915
2740
2584
2567
2091
2726
2810
1557
3060
3015
3310
5460
3855
2772
2877
3192
2565
2746
2251
2687
2715
2792
3303
2737
2890
3217
11328
4473
2380
1835
1449
1025
1939
1507
1206
1038
1197
1243
1230
1102
1648
3621
2479
2411
2269
2455
2944
2563
3226
2201
1949
2051
1710
1577
1575
1550
4302
1807
1742
1036
1867
2047
1972
2292
1908
2029
1857
3208
4086
3832
2204
4176
2893
3420
3260
2212
2805
2641
3075
2536
2359
2879
2647
1959
2258
3142
33391
10385
5342
4360
5016
4134
4492
4978
5993
5371
3855
3658
2223
1943
1848
7940
3370
3555
4117
4067
2317
2993
2185
3817
3019
3416
3569
4277
3663
3344
7409
3600
2993
3644
4194
4564
4374
4111
4933
4193
3317
2589
4232
4046
4682
24509
7378
4901
3895
3191
3314
3208
3500
3458
2135
2863
2573
2185
1953
2156
5145
1781
1964
2231
1918
1728
1947
2330
2912
810
4426
4941
5167
3620
2468
4621
3207
2898
2963
4468
3629
3283
3488
3288
3997
3398
3747
4196
4167
4147
8599
3133
2947
3660
3317
2487
2381
2845
2414
2612
3485
2738
3201
3209
3383
11861
4564
2847
3246
2989
3187
3055
1108
2931
2337
2477
2262
2359
2448
991
2742
3233
3512
3372
3192
2041
2897
3336
3102
3534
3867
2754
2549
4111
5546
6764
3326
4774
3591
3549
3100
4754
3760
3499
2394
76587
1989
2109
2519
1324
4323
1738
2129
651
2320
2194
2455
1690
1485
1966
2798
3064
3127
3060
2491
7126
3318
3266
3212
2968
2453
2103
2904
3833
2860
2411
2536
2730
2880
3399
5903
2809
2765
2299
1163
2798
3017
2742
3659
3033
3102
1599
3410
2867
1940
5145
2158
1904
1694
1275
2192
2742
2345
2374
2363
2260
1619
2051
2417
2998
4674
3018
2589
3242
2900
2693
2320
1984
2397
2595
3011
3075
3160
2444
3213
10926
4278
2755
2316
2391
1456
1315
1162
1686
303
1290
1477
1602
1342
1639
3075
1558
1842
1729
977
1987
1992
1722
867
1666
290
191
96
2302
1695
2284
2458
2035
1652
495
2306
1986
2926
3863
3697
3520
1747
1276
1998
2902
7321
2124
1727
1469
270
538
190
0
651
1522
615
1410
776
582
1549
1967
642
1409
915
1112
82
1628
1187
80
557
1495
1159
570
2209
1561
1229
1624
1353
1325
1234
297
1455
1343
1292
1374
103
0
1616
1781
1726
1525
1004
1998
2103
1908
1957
652
2316
1760
319
1969
2368
1707
1981
1879
3960
2522
2005
2016
2166
1996
83
2258
2015
558
1670
1892
259
1477
1896
2867
2181
2358
1650
1957
1937
2295
1970
1888
1991
2697
3143
2742
3222
3286
5564
3353
3513
2117
3132
3057
2256
1965
1866
2066
1742
1071
1704
1019
1409
3142
1875
1444
2035
2278
1562
1631
1287
1974
1529
2047
2007
1628
1898
2752
6941
3774
4073
3083
3413
46832
3196
3704
3567
3431
2565
2902
3084
2408
2213
5294
1818
1682
900
955
963
1338
1862
1091
1143
1403
864
0
1410
793
1428
1330
1173
1270
1083
1030
863
1181
781
898
740
884
847
946
0
1571
741
988
984
1267
800
756
0
0
651
0
0
0
1140
200
3344
1464
1255
319
1067
1154
1411
319
1080
319
1084
1337
1131
319
1115
1289
1057
319
319
931
319
319
1086
319
1274
961
1114
1368
1402
1351
1414
1387
1120
1079
1132
1184
1135
1248
1203
1064
1107
1107
319
319
664
1822
1659
1408
1572
1755
1686
1870
2105
1362
1136
987
1319
1600
1120
1021
1236
1078
1314
1156
1165
1002
864
319
1472
1408
319
319
319
1461
654
1609
319
1046
319
319
1052
319
1112
319
1282
319
1170
319
319
1411
1151
616
319
1308
388
1333
319
319
319
319
319
319
319
1216
319
1470
243
331
1137
319
319
1115
1294
704
319
1246
1172
319
1446
343
525
1410
1265
1553
2155
2360
2176
1960
1963
1933
1752
1983
1897
2273
2910
3289
2586
2858
2706
2716
2376
1383
1921
2141
2750
3198
2749
1963
3636
3902
6008
2414
1898
1723
1417
1309
2022
1740
1441
1099
365
1161
1031
1087
1606
3645
1918
1326
992
1044
1251
1082
1434
1461
1309
227
420
1083
230
227
412
227
1237
1079
1070
1053
1046
888
1119
1410
1169
1211
227
227
227
58935
1605
1093
1144
1008
1087
176
806
855
849
88
88
956
88
88
88
1013
727
1377
1861
1733
1582
1568
1132
1565
1235
1230
1185
1199
1800
2531
2489
1940
1902
2113
1874
2135
1151
0
0
0
0
0
0
0
163
92
0
0
0
0
0
0
