0
0
0
0
0
0
0
0
0
0
0
0
0
0
0
0
0
0
0
0
0
0
0
0
0
0
0
0
0
0
0
0
0
0
0
0
0
0
0
0
0
0
0
0
0
0
0
161
0
0
0
0
0
0
0
0
0
0
0
0
0
0
0
0
0
1
24
63
94
126
153
181
200
229
262
300
316
341
373
389
412
433
457
465
482
495
510
530
549
559
563
566
566
569
578
590
602
601
601
602
602
602
602
599
651
683
683
683
688
688
688
688
690
718
698
688
688
688
688
688
719
722
714
734
742
707
719
747
712
714
756
774
765
759
753
744
710
729
709
702
712
731
731
739
733
714
704
701
685
725
743
733
703
745
686
686
685
685
685
685
685
685
685
685
685
685
685
685
685
749
713
760
795
737
715
711
715
719
729
723
720
742
733
736
742
741
730
722
722
719
705
717
731
754
728
754
770
786
738
801
801
801
801
801
783
780
778
772
772
772
786
786
770
764
782
808
816
817
817
812
812
821
835
835
835
835
721
721
723
723
723
723
723
723
723
723
723
723
723
723
723
723
723
723
723
723
723
801
762
778
778
750
805
760
761
749
773
830
827
761
769
759
763
721
738
746
760
770
831
758
792
781
766
788
762
786
760
762
809
811
764
824
810
764
824
813
765
813
801
810
802
794
810
792
817
809
817
798
774
764
763
762
763
762
763
761
771
783
806
817
818
809
801
815
752
743
755
735
758
750
752
754
755
755
756
757
755
756
756
769
755
756
752
748
746
746
780
769
767
773
771
764
774
803
769
758
810
827
831
831
823
735
747
747
748
759
813
831
825
828
831
783
825
829
756
756
826
826
733
723
774
782
744
739
728
734
748
719
739
740
741
756
756
749
742
743
755
741
742
768
767
771
775
747
788
822
760
801
801
793
782
761
761
791
797
798
806
812
743
739
740
738
738
738
741
738
780
759
754
743
743
743
743
743
783
776
777
783
776
774
793
801
780
746
752
820
819
819
816
784
817
817
817
817
820
820
820
820
820
809
821
821
821
821
821
821
817
816
816
816
814
794
782
815
815
815
815
815
816
816
816
816
703
703
703
703
703
703
703
703
703
703
703
703
703
703
703
703
703
703
703
703
703
819
820
819
819
819
819
819
814
700
700
700
701
701
701
701
701
701
701
701
701
701
701
776
763
744
748
753
752
750
747
748
751
752
750
752
761
750
735
736
732
731
723
731
740
756
759
753
743
734
729
737
733
764
769
744
817
817
703
703
703
703
703
704
704
704
704
704
704
704
704
704
706
706
706
706
706
706
706
706
706
706
706
790
820
820
820
820
820
820
820
820
820
820
820
820
820
820
820
820
820
820
820
820
820
820
820
820
820
820
820
820
820
820
784
709
707
711
721
726
742
774
761
731
738
752
729
733
757
750
727
806
706
706
706
706
706
706
706
706
706
706
706
706
707
707
707
707
707
707
707
707
707
707
707
707
707
707
707
707
707
707
707
707
707
707
707
707
707
707
707
707
747
818
818
818
818
818
818
818
821
821
821
822
822
822
822
822
822
822
822
822
821
821
821
821
821
821
821
821
821
821
821
821
821
821
821
821
821
821
821
821
821
821
821
821
821
821
819
790
746
746
746
746
746
780
818
807
747
747
773
818
753
819
752
705
706
706
706
706
701
701
701
702
702
702
702
702
702
702
702
702
743
746
747
746
746
746
745
745
745
745
778
804
752
744
746
819
815
800
828
830
830
831
833
833
838
854
875
858
801
836
882
851
842
842
835
837
931
936
927
920
929
940
924
873
981
982
982
982
985
985
985
985
985
985
985
985
985
991
995
985
987
987
987
1006
987
987
987
987
1063
1063
1031
1012
1058
1061
996
986
986
986
986
986
986
986
986
986
987
987
987
987
987
987
987
987
987
987
987
987
987
987
987
987
987
987
987
987
987
1016
987
987
985
1041
1117
1116
1116
1116
1071
1111
1094
1053
1047
962
949
949
954
1051
1053
1056
1059
1046
982
952
942
977
1006
1043
1020
1018
1071
1109
1101
1059
1115
1114
981
1117
1104
1034
1022
1013
982
980
970
970
970
970
970
978
978
978
978
977
978
978
978
977
980
980
999
1100
974
974
974
974
974
974
974
974
974
974
974
974
973
973
1095
1057
996
1128
1128
1128
1128
1128
1128
1128
1128
1128
1132
1174
1176
1176
1176
1176
1176
1149
1132
1130
1162
1210
1186
1147
1232
1232
1198
1209
1200
1197
1209
1211
1213
1232
1232
1226
1232
1232
1232
1232
1225
1232
1232
1232
1233
1233
1241
1255
1255
1255
1281
1275
1259
1303
1251
1264
1348
1348
1348
1348
1348
1348
1348
1348
1348
1348
1348
1335
1295
1167
1167
1155
1171
1186
1257
1176
1175
1265
1279
1278
1269
1275
1282
1284
1282
1282
1282
1278
1296
1288
1293
1292
1315
1277
1357
1175
1295
1355
1306
1311
1323
1327
1331
1334
1334
1334
1334
1334
1334
1329
1331
1336
1336
1326
1341
1362
1396
1459
1476
1491
1466
1474
1511
1511
1511
1511
1511
1511
1496
1453
1441
1419
1334
1315
1314
1330
1445
1446
1446
1500
1512
1513
1387
1375
1287
1289
1312
1305
1305
1318
1325
1335
1337
1333
1333
1340
1340
1330
1332
1338
1337
1325
1346
1392
1453
1501
1518
1492
1497
1534
1534
1534
1534
1534
1534
1534
1539
1539
1539
1539
1539
1539
1540
1540
1540
1540
1558
1570
1542
1542
1575
1601
1595
1601
1601
1601
1506
1465
1545
1603
1602
1590
1602
1602
1602
1602
1602
1602
1602
1602
1602
1602
1602
1602
1602
1602
1602
1602
1602
1602
1611
1627
1627
1627
1564
1550
1625
1556
1511
1511
1584
1601
1618
1607
1608
1560
1565
1550
1553
1555
1549
1555
1510
1503
1478
1478
1487
1482
1526
1556
1431
1606
1600
1477
1477
1477
1477
1477
1477
1477
1475
1475
1475
1475
1475
1475
1475
1475
1650
1594
1628
1628
1629
1629
1629
1629
1629
1629
1629
1629
1629
1629
1629
1629
1629
1629
1629
1629
1651
1687
1727
1757
1739
1714
1728
1754
1773
1773
1773
1772
1780
1760
1742
1733
1754
1791
1868
1891
1877
1867
1915
1915
1915
1915
1915
1915
1915
1913
1921
1921
1910
1910
1910
1910
1932
1937
1952
1959
1910
1910
1984
2005
2005
2005
2005
2005
2005
1924
1929
1918
1917
1928
1934
1932
1920
1919
1919
1918
1910
1916
1916
1916
1971
1978
1983
2008
1970
1952
1971
2006
1942
1919
1919
1937
1931
1947
1936
1937
1949
1936
1959
1959
1953
1975
1963
1974
1981
2021
2066
2141
2142
2142
2142
2142
2142
2142
2142
2142
2142
2142
2142
2142
2142
2142
2142
2142
2142
2142
2142
2160
2142
2142
2142
2142
2162
2162
2172
2183
2159
2162
2175
2220
2274
2268
2197
2197
2248
2193
2292
2335
2335
2335
2335
2335
2335
2335
2335
2335
2334
2334
2334
2334
2334
2334
2334
2334
2334
2334
2334
2334
2334
2334
2334
2334
2334
2334
2334
2334
2309
2222
2296
2324
2253
2188
2209
2119
2247
2316
2330
2288
2246
2194
2146
2230
2252
2332
2332
2332
2332
2332
2332
2332
2332
2332
2332
2332
2337
2337
2337
2337
2337
2337
2337
2337
2323
2335
2273
2176
2285
2252
2317
2223
2333
2333
2300
2179
2196
2233
2208
2275
2258
2285
2334
2265
2335
2335
2335
2280
2257
2240
2285
2331
2334
2310
2317
2331
2320
2301
2329
2227
2174
2227
2239
2309
2328
2336
2336
2337
2337
2337
2335
2335
2335
2260
2235
2265
2250
2313
2333
2307
2259
2192
2161
2158
2158
2158
2158
2134
2127
2131
2157
2241
2271
2272
2264
2255
2246
2244
2237
2241
2243
2243
2243
2243
2243
2239
2244
2244
2225
2232
2226
2221
2224
2224
2224
2224
2224
2224
2224
2224
2224
2224
2224
2224
2224
2224
2224
2224
2224
2224
2224
2224
2224
2224
2224
2224
2224
2224
2224
2129
2128
2128
2128
2128
2128
2128
2128
2128
2127
2127
2127
2127
2127
2127
2127
2210
2312
2264
2200
2268
2334
2334
2334
2309
2279
2276
2279
2307
2313
2334
2310
2294
2282
2335
2337
2330
2336
2336
2336
2336
2336
2336
2336
2336
2335
2335
2335
2335
2335
2335
2335
2335
2335
2335
2335
2335
2336
2336
2336
2336
2303
2336
2336
2299
2307
2336
2336
2336
2336
2303
2319
2335
2319
2294
2311
2336
2336
2336
2239
2334
2335
2335
2335
2335
2335
2335
2318
2232
2219
2203
2190
2187
2186
2185
2192
2185
2183
2190
2278
2277
2284
2284
2284
2294
2322
2318
2314
2259
2187
2211
2125
2193
2228
2236
2250
2323
2329
2275
2273
2258
2289
2309
2316
2315
2317
2238
2264
2309
2275
2287
2303
2316
2319
2318
2278
2268
2221
2332
2302
2274
2218
2218
2212
2204
2202
2196
2196
2177
2182
2187
2187
2191
2244
2274
2318
2240
2185
2183
2281
2310
2153
2120
2126
2109
2154
2111
2136
2120
2182
2205
2218
2221
2221
2220
2190
2168
2127
2118
2123
2177
2206
2213
2214
2214
2214
2214
2212
2182
2182
2182
2164
2150
2159
2159
2164
2225
2299
2269
2270
2270
2330
2217
2217
2217
2233
2300
2256
2256
2289
2240
2216
2212
2217
2302
2252
2251
2321
2202
2184
2223
2328
2228
2224
2301
2150
2138
2174
2163
2144
2155
2202
2200
2169
2214
2224
2224
2227
2241
2241
2274
2250
2154
2117
2139
2195
2295
2326
2342
2338
2311
2285
2296
2300
2316
2304
2330
2285
2174
2113
2127
2159
2235
2270
2289
2292
2269
2276
2280
2263
2258
2273
2281
2280
2288
2263
2161
2152
2165
2175
2137
2160
2204
2224
2225
2223
2226
2228
2230
2230
2228
2228
2228
2228
2228
2228
2229
2230
2230
2232
2230
2230
2230
2232
2249
2282
2296
2313
2289
2281
2274
2271
2270
2270
2270
2271
2271
2278
2296
2272
2271
2272
2272
2273
2274
2315
2324
2273
2271
2273
2326
2303
2283
2290
2266
2260
2260
2258
2254
2260
2264
2273
2272
2274
2272
2287
2292
2297
2300
2305
2305
2319
2330
2335
2336
2336
2322
2309
2291
2266
2263
2262
2263
2275
2278
2280
2282
2282
2279
2281
2283
2281
2274
2263
2257
2255
2253
2251
2251
2247
2244
2244
2254
2262
2262
2265
2288
2293
2293
2256
2248
2249
2248
2247
2251
2253
2256
2256
2256
2256
2256
2257
2257
2257
2258
2260
2260
2261
2266
2318
2328
2335
2335
2329
2302
2286
2274
2274
2267
2259
2259
2259
2265
2238
2317
2342
2309
2260
2158
2205
2320
2343
2343
2343
2325
2304
2295
2344
2344
2344
2308
2344
2331
2339
2331
2320
2299
2320
2332
2332
2345
2272
2264
2252
2244
2265
2292
2343
2318
2265
2265
2306
2343
2304
2295
2288
2245
2227
2206
2194
2286
2345
2340
2296
2301
2293
2325
2332
2267
2254
2313
2139
2237
2325
2327
2319
2319
2319
2323
2292
2257
2285
2294
2269
2246
2234
2265
2277
2246
2272
2282
2273
2248
2264
2264
2258
2294
2294
2251
2238
2279
2205
2327
2253
2222
2247
2251
2247
2334
2228
2209
2245
2334
2334
2335
2277
2257
2260
2294
2324
2331
2331
2330
2312
2330
2252
2331
2272
2274
2332
2331
2331
2331
2331
2332
2332
2314
2290
2312
2334
2334
2334
2334
2334
2334
2269
2313
2194
2195
2205
2234
2312
2295
2303
2317
2333
2323
2310
2232
2159
2196
2202
2202
2207
2207
2207
2207
2207
2205
2205
2205
2207
2232
2252
2256
2260
2297
2312
2337
2338
2231
2313
2131
2130
2130
2130
2130
2129
2129
2129
2129
2129
2129
2129
2129
2129
2129
2129
2129
2129
2129
2129
2129
2129
2129
2129
2333
2333
2333
2333
2333
2335
2335
2335
2335
2335
2335
2335
2335
2335
2335
2335
2335
2335
2335
2335
2335
2335
2335
2335
2335
2335
2335
2335
2335
2335
2335
2335
2335
2335
2335
2338
2380
2411
2444
2483
2514
2538
2607
2644
2655
2706
2736
2773
2805
2853
2881
2891
2910
2941
2948
2954
2978
2990
3002
3008
3009
3016
3012
3090
3090
3090
3090
3090
3102
3094
3090
3090
3103
3119
3134
3142
3105
3110
3193
3184
2988
2987
2987
2987
2987
2987
2987
2987
2987
2987
2987
2987
2987
2987
2987
2987
2987
2987
2987
2987
2987
2987
3192
3087
3096
3110
3098
3106
3155
3169
3122
3109
3107
3115
3119
3120
3116
3114
3113
3113
3119
3120
3120
3120
3121
3114
3120
3205
3165
3173
3168
3173
3181
3150
3157
3178
3107
3114
3141
3113
3125
3125
3129
3146
3103
3097
3111
3173
3170
3182
3105
3101
3103
3101
3103
3106
3130
3121
3132
3133
3140
3147
3136
3139
3193
3165
3115
3099
3108
3130
3099
3153
3142
3128
3159
3146
3116
3152
3116
3115
3114
3116
3136
3122
3115
3116
3116
3131
3156
3087
3158
3152
3160
3115
3097
3102
3097
3099
3122
3149
3106
3106
3106
3138
3105
3109
3113
3157
3160
3115
3134
3135
3142
3147
3118
3119
3118
3119
3119
3119
3110
3110
3109
3106
3104
3106
3106
3104
3105
3104
3106
3111
3113
3118
3134
3122
3120
3128
3141
3123
3108
3157
3149
3121
3126
3175
3124
3127
3122
3190
3154
3107
3122
3187
3164
3121
3121
3187
3187
3132
3134
3132
3129
3126
3129
3193
3193
3193
3193
3193
3193
3131
3108
3192
3192
3192
3192
3192
3192
3192
3174
3167
3193
3193
3193
3135
3104
3097
3128
3088
3124
3128
3084
3092
3082
3070
3074
3084
3089
3087
3074
3070
3068
3074
3090
3093
3097
3092
3088
3085
3087
3086
3085
3092
3096
3103
3108
3116
3123
3131
3131
3124
3117
3120
3121
3124
3130
3138
3138
3138
3141
3139
3139
3139
3139
3139
3136
3136
3136
3135
3137
3132
3132
3132
3133
3133
3129
3131
3129
3126
3126
3126
3124
3125
3122
3158
3136
3125
3109
3103
3106
3111
3114
3120
3119
3116
3122
3122
3117
3116
3122
3118
3109
3097
3082
3079
3077
3098
3100
3100
3092
3094
3110
3110
3110
3110
3114
3115
3119
3119
3119
3117
3113
3101
3084
3076
3089
3107
3125
3139
3145
3140
3118
3078
3076
3090
3110
3115
3115
3115
3093
3076
3076
3077
3111
3121
3130
3137
3143
3135
3113
3084
3076
3076
3077
3081
3093
3089
3077
3091
3102
3115
3124
3130
3112
3093
3080
3079
3082
3085
3087
3084
3087
3086
3089
3089
3089
3091
3091
3092
3118
3167
3107
3104
3093
3108
3114
3118
3115
3113
3109
3101
3099
3107
3122
3125
3115
3112
3106
3104
3103
3097
3098
3099
3099
3099
3101
3106
3114
3126
3127
3127
3118
3117
3122
3114
3118
3157
3181
3181
3181
3181
3181
3181
3181
3181
3181
3184
3184
3154
3138
3118
3099
3096
3101
3103
3104
3102
3100
3098
3098
3099
3103
3104
3104
3104
3103
3103
3102
3102
3102
3104
3105
3105
3105
3105
3105
3104
3104
3104
3104
3104
3104
3104
3104
3104
3104
3104
3104
3104
3104
3104
3104
3105
3105
3105
3105
3105
3105
3105
3105
3105
3105
3105
3105
3105
3105
3105
3105
3104
3104
3104
3103
3103
3103
3105
3105
3103
3103
3104
3103
3101
3099
3098
3098
3098
3098
3098
3098
3098
3098
3098
3098
3098
3098
3099
3099
3099
3099
3100
3101
3101
3098
3100
3099
3099
3100
3117
3135
3155
3156
3147
3133
3131
3160
3185
3185
3143
3083
3105
3098
3132
3164
3164
3111
3106
3124
3169
3184
3117
3104
3106
3159
3183
3183
3105
3183
3183
3183
3118
3105
3134
3169
3105
3153
3100
3104
3080
3077
3123
3124
3128
3138
3120
3131
3111
3121
3080
3147
3135
3094
3115
3104
3179
3176
3117
3119
3117
3119
3182
3125
3120
3115
3114
3110
3111
3108
3107
3103
3099
3094
3094
3090
3100
3081
3096
3102
3104
3107
3112
3130
3135
3135
3134
3134
3157
3186
3186
3186
3141
3126
3122
3117
3115
3115
3115
3115
3112
3108
3108
3108
3106
3107
3113
3112
3105
3102
3106
3106
3106
3107
3111
3109
3109
3109
3109
3107
3103
3096
3098
3098
3094
3093
3095
3094
3097
3104
3080
3113
3128
3134
3145
3152
3157
3164
3167
3164
3118
3090
3098
3105
3145
3125
3168
3160
3174
3175
3175
3158
3095
3183
3182
3182
3182
3090
3087
3111
3177
3177
3177
3177
3088
3139
3155
3170
3061
3029
3006
2977
2968
2959
2959
2964
2971
2971
2968
2968
2968
2967
2950
2953
2953
2987
2986
2981
2979
2979
2977
2979
2985
2980
2978
2973
2986
2991
2994
3001
2998
3011
3024
3027
3130
3180
3179
3155
3017
3028
3157
3060
3040
3047
3037
3073
3081
3035
3059
3040
3036
3123
3130
3045
3067
3138
3138
3131
3124
3139
3166
3163
3161
3162
3180
3183
3186
3186
3186
3186
3186
3186
3186
3186
3186
3186
3186
3186
3187
3187
3187
3187
3187
3187
3141
3112
3156
3110
3088
3088
3093
3101
3114
3136
3144
3144
3148
3148
3138
3124
3134
3136
3128
3127
3093
3086
3086
3086
3086
3086
3086
3090
3090
3086
3085
3085
3085
3085
3085
3085
3085
3085
3085
3085
3085
3085
3085
3085
3089
3112
3091
3087
3085
3085
3086
3090
3112
3119
3119
3124
3155
3168
3157
3111
3081
3080
3082
3059
3064
3085
3086
3084
3082
3096
3097
3096
3091
3091
3091
3090
3092
3092
3113
3125
3123
3121
3107
3104
3103
3097
3097
3094
3111
3127
3139
3132
3137
3138
3136
3138
3138
3138
3137
3134
3115
3107
3099
3184
3184
3184
3184
3110
3053
3183
3183
3156
3084
3072
3044
3034
3032
3032
3032
3022
3012
3000
3000
2993
3003
3014
3014
3003
2995
2995
2995
3020
3038
3068
3152
3176
3119
3085
3097
3101
3100
3105
3098
3102
3105
3103
3104
3104
3147
3141
3117
3115
3098
3050
3020
3118
3172
2968
2968
2968
2968
2968
2971
2971
2971
2971
2971
2971
2971
2971
2971
2971
2971
2971
2971
3123
3093
3174
3174
3174
3174
3174
3174
3174
3174
3174
3181
3181
3181
3181
3181
3196
3205
3249
3267
3307
3320
3347
3371
3397
3440
3465
3490
3531
3566
3589
3619
3655
3682
3711
3736
3771
3779
3758
3816
3822
3823
3823
3823
3823
3823
3835
3829
3822
3822
3822
3841
3855
3867
3870
3898
3846
3933
3933
3933
3933
3933
3725
3725
3725
3725
3725
3725
3725
3725
3725
3725
3725
3725
3725
3725
3725
3725
3819
3807
3935
3876
3858
3948
3882
3870
3946
3895
3942
3915
3946
3864
3909
3860
3870
3871
3882
3875
3870
3856
3872
3879
3882
3882
3881
3881
3881
3883
3894
3895
3893
3891
3894
3899
3903
3922
3941
3946
3946
3948
3948
3948
3948
3948
3948
3948
3948
3948
3948
3948
3948
3948
3948
3948
3948
3948
3948
3948
3940
3909
3884
3870
3866
3856
3856
3918
3866
3866
3866
3944
3887
3868
3866
3881
3918
3921
3893
3856
3858
3881
3875
3867
3869
3890
3894
3869
3876
3849
3848
3879
3873
3879
3886
3885
3887
3885
3883
3883
3886
3884
3884
3879
3867
3885
3907
3905
3850
3850
3857
3869
3853
3854
3856
3888
3935
3936
3879
3863
3862
3863
3863
3915
3915
3899
3896
3894
3898
3912
3917
3863
3867
3863
3856
3858
3880
3877
3866
3874
3858
3860
3856
3867
3915
3873
3873
3873
3874
3907
3924
3891
3929
3942
3943
3908
3869
3858
3865
3908
3864
3862
3859
3859
3861
3861
3856
3879
3904
3923
3871
3851
3850
3849
3849
3851
3852
3853
3851
3845
3849
3825
3843
3860
3863
3867
3867
3842
3812
3853
3858
3806
3844
3853
3853
3854
3854
3856
3858
3862
3857
3856
3866
3878
3856
3828
3938
3915
3827
3871
3882
3836
3883
3919
3898
3862
3869
3878
3868
3865
3898
3926
3872
3901
3866
3930
3897
3867
3837
3848
3869
3857
3857
3865
3876
3872
3855
3860
3869
3865
3865
3865
3860
3855
3860
3866
3866
3852
3829
3829
3836
3852
3847
3837
3890
3905
3890
3851
3870
3904
3865
3843
3819
3900
3905
3928
3931
3931
3923
3912
3917
3902
3897
3888
3860
3860
3850
3859
3866
3865
3855
3864
3854
3863
3815
3815
3815
3815
3815
3815
3815
3815
3815
3818
3818
3828
3836
3839
3839
3842
3820
3813
3844
3816
3832
3840
3900
3923
3923
3923
3923
3923
3923
3897
3845
3839
3843
3854
3857
3863
3872
3893
3915
3927
3866
3841
3804
3867
3887
3897
3889
3856
3851
3828
3818
3854
3856
3858
3854
3831
3825
3825
3837
3852
3873
3871
3841
3843
3847
3835
3844
3856
3866
3874
3878
3878
3876
3864
3870
3882
3889
3890
3882
3879
3882
3883
3874
3868
3870
3884
3884
3884
3869
3842
3842
3844
3840
3839
3838
3838
3830
3824
3824
3816
3819
3816
3856
3838
3837
3838
3836
3830
3809
3819
3821
3822
3822
3845
3853
3855
3856
3847
3839
3838
3835
3839
3835
3834
3835
3834
3836
3834
3834
3836
3836
3836
3836
3836
3836
3836
3836
3836
3836
3836
3836
3836
3836
3836
3837
3837
3837
3837
3836
3836
3836
3838
3837
3837
3837
3858
3824
3832
3834
3855
3889
3888
3887
3919
3715
3713
3713
3713
3713
3713
3713
3713
3713
3713
3713
3713
3713
3713
3713
3713
3917
3916
3870
3837
3833
3881
3915
3915
3915
3867
3840
3840
3842
3840
3840
3839
3841
3865
3865
3854
3854
3870
3868
3841
3889
3890
3912
3918
3930
3934
3957
3933
3927
3917
3915
3978
3986
3984
3976
3978
3978
3988
3980
3990
4030
4039
4039
4039
4039
4039
4039
4039
4039
4039
4039
4039
4039
4039
4039
4039
4039
4039
4039
4039
4039
4039
3952
3958
4000
3972
3959
4039
4039
4039
4039
4039
4039
4039
4039
4039
4039
4039
4039
4039
4039
4039
4039
4039
4039
4039
4039
4039
4039
4039
4039
4039
4039
4039
4039
4039
3991
3943
3925
3986
4038
4040
4040
4040
4040
4040
4040
4040
4027
4017
4041
4041
4041
4040
4040
3951
4018
3986
3955
3941
3969
3991
3975
4006
3983
4011
3948
3959
4037
4037
4037
4037
4037
4037
4037
4037
4037
4038
4038
4038
4038
4033
4025
4031
4038
4038
4038
4038
4038
4039
4039
4039
4039
3991
4003
4009
4015
4015
4030
4039
4039
4038
4038
4038
4035
4023
4012
4036
4036
4036
4036
4036
4036
4041
4041
4041
4041
4041
4041
4041
4041
4041
4041
4041
4041
4041
4041
4041
4041
4041
4041
4041
4041
4041
4041
4041
4041
4041
4041
4041
4041
4041
4041
4041
4041
4041
4041
4041
4041
4041
4041
4041
4041
4041
4041
4041
4041
4041
4041
4041
4041
4041
4041
4041
4041
4041
4041
4041
4041
4041
4041
4041
4041
4041
4041
4041
4041
4041
4041
4041
4041
4041
4041
4041
4034
3835
3835
3835
3835
3835
3835
3835
3835
3835
3835
3835
3835
3835
3835
3835
3835
3835
3835
3835
3835
3835
3835
3835
3835
3835
3835
4038
4038
4038
4038
4038
4038
4038
4038
4038
4038
4041
4041
4041
4041
4042
4042
4042
4042
4042
4042
4042
4042
4044
4044
4044
4044
4044
4044
4044
4044
4044
4044
4044
4044
4044
4044
4044
4044
4044
4044
4044
4044
4044
4044
4044
4044
4044
4044
4044
4044
4044
4044
4044
4044
4044
4044
4044
4044
4044
4044
4044
4044
4044
4044
4044
4044
4044
4044
3838
3837
3838
3838
3838
3838
3838
3838
3838
3838
3838
3838
3838
3838
3838
3838
3838
3838
3838
3838
3838
3838
3838
3838
3838
3838
4011
4042
4042
4042
4042
4042
4042
3838
3838
3838
4041
4041
4044
4044
4044
4044
3838
3837
3837
3837
3837
3837
3837
3837
3838
3838
3838
3838
3838
3838
4041
4041
4041
4041
4041
4041
4044
4044
4044
4044
4044
4044
4044
4044
4044
4044
4044
4044
4044
4045
4044
4045
4050
4054
4060
4070
4080
4083
4089
4093
4131
4131
4133
4139
4140
4143
4149
4154
4156
4161
4162
4164
4188
4188
4190
4191
4192
4192
4194
4195
4196
4198
4199
4200
4210
4214
4214
4214
4217
4218
4217
4217
4218
4218
4224
4221
4217
4217
4217
4221
4226
4228
4229
4229
4229
4231
4231
4231
4234
4234
4234
4234
4234
4234
4234
4234
4234
4230
4228
4228
4231
4234
4234
4234
4233
4233
4232
4230
4231
4232
4224
4222
4223
4222
4223
4223
4223
4223
4223
4223
4223
4220
4228
4229
4238
4238
4238
4238
4238
4238
4237
4237
4237
4237
4237
4237
4245
4245
4245
4245
4245
4245
4245
4245
4245
4245
4245
4245
4245
4245
4245
4245
4245
4245
4245
4245
4245
4245
4245
4245
4236
4236
4236
4236
4236
4236
4236
4236
4236
4236
4236
4236
4236
4236
4236
4236
4236
4236
4236
4236
4236
4236
4236
4236
4237
4237
4237
4237
4237
4237
4237
4237
4237
4237
4237
4237
4237
4237
4237
4237
4237
4237
4237
4237
4237
4237
4237
4237
4237
4237
4237
4237
4237
4237
4237
4237
4237
4237
4237
4237
4237
4237
4237
4237
4237
4237
4237
4237
4237
4237
4237
4237
4237
4237
4237
4237
4237
4237
4237
4237
4237
4237
4237
4237
4237
4237
4237
4237
4237
4237
4237
4237
4237
4237
4237
4237
4237
4237
4237
4237
4237
4237
4233
4219
4225
4226
4227
4229
4236
4236
4236
4236
4235
4235
4234
4227
4227
4227
4228
4235
4226
4226
4222
4223
4223
4223
4221
4221
4221
4221
4220
4219
4221
4223
4223
4221
4221
4221
4221
4221
4221
4221
4221
4221
4220
4220
4220
4220
4220
4220
4220
4220
4220
4220
4220
4221
4221
4221
4220
4220
4219
4218
4218
4221
4221
4221
4219
4218
4220
4221
4221
4218
4218
4218
4218
4221
4221
4221
4221
4220
4223
4221
4223
4223
4223
4223
4220
4220
4220
4220
4220
4220
4223
4222
4222
4222
4222
4222
4222
4223
4221
4221
4225
4225
4224
4224
4224
4223
4220
4220
4220
4220
4220
4220
4219
4219
4224
4224
4224
4224
4224
4224
4224
4224
4224
4224
4224
4224
4224
4224
4224
4224
4224
4224
4224
4224
4224
4224
4224
4224
4218
4218
4216
4216
4216
4216
4216
4216
4216
4216
4216
4216
4218
4218
4217
4217
4217
4217
4217
4217
4217
4217
4217
4217
4219
4220
4221
4221
4220
4220
4220
4220
4220
4220
4220
4220
4221
4221
4221
4221
4221
4221
4221
4221
4221
4221
4221
4221
4221
4221
4221
4221
4221
4221
4221
4221
4221
4217
4213
4214
4212
4214
4215
4218
4221
4221
4221
4221
4222
4221
4221
4221
4219
4217
4218
4218
4218
4218
4215
4217
4216
4220
4222
4221
4221
4222
4218
4220
4221
4220
4222
4217
4216
4212
4208
4211
4221
4219
4218
4225
4220
4223
4223
4223
4224
4224
4221
4214
4228
4222
4219
4219
4214
4211
4217
4228
4226
4226
4226
4218
4227
4235
4235
4231
4235
4207
4206
4206
4206
4207
4207
4207
4211
4224
4210
4226
4223
4212
4226
4230
4230
4222
4222
4219
4228
4226
4227
4227
4226
4226
4225
4225
4226
4226
4228
4227
4226
4226
4226
4226
4223
4222
4222
4223
4227
4228
4232
4233
4238
4238
4238
4238
4238
4238
4238
4238
4238
4238
4239
4238
4235
4231
4225
4225
4226
4227
4228
4227
4236
4236
4229
4224
4223
4224
4224
4225
4225
4224
4225
4225
4225
4222
4222
4221
4228
4229
4229
4233
4235
4236
4236
4236
4236
4236
4236
4236
4244
4244
4235
4232
4224
4222
4223
4223
4229
4235
4235
4235
4245
4245
4245
4246
4247
4247
4245
4242
4242
4242
4243
4243
4245
4243
4255
4253
4253
4235
4242
4218
4213
4219
4219
4219
4234
4232
4233
4231
4231
4231
4233
4233
4233
4229
4234
4236
4268
4268
4268
4266
4263
4258
4263
4264
4254
4243
4244
4243
4235
4235
4237
4243
4231
4238
4233
4234
4233
4235
4235
4234
4252
4252
4252
4254
4253
4250
4250
4252
4252
4251
4251
4251
4253
4253
4254
4255
4252
4251
4248
4248
4247
4251
4253
4256
4267
4270
4273
4274
4274
4274
4274
4274
4274
4274
4274
4274
4272
4269
4266
4263
4261
4256
4253
4239
4241
4243
4244
4243
4244
4244
4245
4255
4253
4264
4263
4265
4265
4268
4270
4271
4270
4270
4270
4270
4270
4270
4271
4271
4271
4271
4271
4271
4268
4266
4267
4267
4261
4258
4250
4250
4250
4253
4252
4253
4257
4256
4253
4253
4253
4251
4254
4254
4256
4255
4257
4267
4269
4269
4272
4272
4269
4273
4273
4273
4273
4273
4273
4272
4270
4266
4264
4257
4251
4258
4265
4270
4269
4270
4272
4272
4276
4276
4276
4276
4275
4274
4275
4270
4269
4258
4258
4259
4273
4275
4275
4272
4274
4276
4276
4273
4280
4275
4264
4282
4283
4283
4283
4283
4077
4076
4076
4076
4076
4076
4076
4076
4073
4073
4073
4073
4073
4073
4073
4248
4262
4267
4263
4264
4279
4279
4279
4273
4272
4267
4266
4257
4250
4259
4260
4254
4259
4265
4265
4268
4262
4255
4246
4247
4244
4250
4244
4247
4276
4276
4252
4269
4262
4260
4246
4051
4050
4050
4050
4050
4072
4072
4072
4072
4072
4072
4072
4072
4073
4073
4073
4073
4075
4075
4075
4075
4075
4075
4075
4075
4075
4075
4267
4269
4275
4274
4277
4281
4281
4275
4273
4277
4275
4271
4270
4272
4273
4273
4272
4268
4265
4272
4262
4263
4261
4267
4272
4272
4277
4277
4277
4277
4277
4277
4277
4277
4277
4277
4277
4277
4276
4281
4283
4276
4276
4276
4276
4276
4275
4298
4304
4304
4305
4326
4338
4369
4355
4364
4365
4365
4365
4365
4365
4365
4378
4378
4378
4378
4378
4378
4378
4378
4347
4346
4346
4341
4328
4172
4172
4172
4172
4172
4172
4172
4172
4172
4172
4172
4172
4172
4172
4172
4172
4172
4172
4172
4172
4172
4172
4172
4172
4172
4172
4172
4375
4375
4375
4334
4327
4367
4378
4367
4354
4345
4346
4348
4340
4342
4337
4334
4331
4331
4333
4268
4367
4243
4244
4284
4293
4287
4246
4218
4226
4209
4209
4209
4224
4353
4370
4370
4370
4370
4370
4370
4354
4356
4347
4358
4368
4352
4352
4358
4358
4356
4354
4352
4352
4346
4341
4342
4365
4363
4361
4352
4360
4353
4352
4345
4352
4345
4333
4335
4350
4366
4158
4157
4157
4157
4158
4158
4158
4158
4158
4158
4164
4164
4164
4164
4164
4164
4367
4367
4347
4345
4349
4353
4361
4363
4365
4365
4361
4356
4356
4357
4352
4357
4362
4367
4368
4369
4371
4370
4370
4370
4370
4370
4370
4370
4370
4377
4375
4371
4370
4370
4371
4372
4375
4375
4376
4381
4381
4382
4389
4383
4382
4387
4386
4384
4385
4383
4383
4385
4389
4388
4390
4390
4390
4390
4389
4388
4374
4375
4377
4383
4384
4384
4391
4390
4390
4391
4390
4391
4391
4391
4391
4391
4393
4391
4393
4390
4397
4395
4397
4395
4396
4399
4400
4404
4404
4402
4402
4403
4404
4406
4408
4406
4406
4407
4407
4408
4411
4412
4419
4416
4419
4426
4428
4428
4429
4435
4438
4440
4445
4446
4451
4451
4455
4455
4455
4455
4455
4455
4455
4452
4466
4461
4468
4474
4468
4484
4484
4484
4484
4484
4484
4484
4484
4484
4490
4490
4491
4493
4491
4490
4490
4491
4491
4482
4489
4489
4500
4500
4500
4503
4502
4502
4502
4502
4502
4502
4502
4502
4500
4500
4469
4293
4293
4293
4293
4293
4293
4293
4293
4293
4294
4294
4294
4294
4294
4294
4294
4294
4294
4294
4294
4294
4295
4474
4487
4463
4475
4475
4469
4474
4475
4461
4470
4474
4499
4499
4496
4485
4480
4488
4488
4488
4488
4488
4486
4481
4483
4482
4479
4478
4478
4481
4481
4481
4481
4481
4480
4479
4480
4481
4476
4474
4478
4478
4475
4478
4481
4483
4492
4494
4495
4495
4495
4495
4495
4495
4450
4435
4457
4493
4493
4493
4496
4496
4492
4484
4483
4481
4484
4492
4492
4492
4492
4492
4497
4497
4495
4495
4494
4491
4491
4491
4493
4495
4496
4496
4499
4499
4499
4499
4499
4499
4499
4499
4495
4491
4480
4476
4476
4468
4476
4476
4475
4474
4465
4458
4468
4461
4470
4470
4491
4475
4474
4471
4478
4486
4446
4469
4470
4465
4468
4474
4485
4467
4464
4479
4478
4462
4480
4464
4430
4470
4461
4478
4478
4468
4478
4478
4467
4471
4474
4469
4469
4471
4470
4471
4477
4466
4466
4468
4466
4468
4477
4421
4453
4434
4426
4398
4432
4483
4483
4483
4483
4483
4485
4463
4451
4440
4431
4465
4481
4481
4459
4480
4480
4476
4466
4463
4462
4462
4460
4459
4467
4465
4464
4462
4464
4460
4465
4462
4456
4456
4456
4453
4463
4466
4417
4465
4463
4462
4463
4464
4463
4463
4464
4465
4478
4476
4477
4481
4482
4480
4474
4473
4468
4477
4477
4471
4479
4467
4460
4465
4464
4458
4460
4462
4463
4463
4458
4465
4469
4468
4465
4465
4465
4465
4465
4463
4463
4463
4463
4463
4468
4469
4471
4469
4471
4470
4470
4470
4470
4471
4468
4471
4456
4456
4465
4467
4460
4459
4455
4454
4462
4458
4450
4464
4459
4458
4457
4470
4476
4459
4469
4473
4458
4472
4471
4471
4479
4479
4477
4475
4475
4476
4475
4474
4475
4475
4476
4475
4459
4471
4451
4448
4449
4449
4449
4451
4449
4447
4448
4447
4454
4454
4456
4455
4454
4452
4454
4452
4452
4452
4452
4454
4458
4447
4462
4462
4461
4459
4455
4444
4444
4443
4445
4444
4457
4453
4448
4449
4452
4452
4452
4453
4453
4454
4454
4454
4460
4458
4457
4459
4477
4446
4271
4271
4271
4271
4271
4271
4277
4277
4277
4277
4277
4277
4277
4277
4469
4478
4473
4472
4472
4464
4471
4470
4469
4476
4478
4472
4475
4475
4472
4473
4478
4478
4478
4479
4477
4469
4465
4465
4467
4473
4472
4472
4480
4476
4469
4458
4474
4268
4267
4267
4267
4267
4267
4267
4274
4274
4274
4274
4274
4274
4274
4274
4274
4274
4274
4274
4480
4464
4466
4466
4463
4464
4465
4464
4465
4468
4471
4459
4468
4466
4466
4466
4469
4470
4473
4467
4473
4477
4477
4476
4482
4482
4482
4482
4482
4478
4475
4475
4475
4475
4475
4475
4483
4483
4483
4483
4491
4483
4483
4483
4514
4541
4549
4556
4578
4586
4589
4597
4576
4616
4626
4653
4670
4671
4677
4681
4702
4730
4716
4721
4735
4735
4750
4758
4763
4764
4826
4826
4817
4827
4833
4827
4919
4920
4920
4920
4920
4920
4920
4920
4926
4926
4926
4926
4933
4926
4926
4930
4926
4926
4926
4926
4926
4926
4926
4858
4936
5015
5003
5018
5014
5018
5017
5016
5022
5024
5029
5026
5021
5015
5014
5014
5014
5018
5018
5011
5004
4994
4999
4998
4999
5002
5003
5003
5000
5001
5001
4999
5008
5007
5007
5008
5008
5008
5011
5011
5001
5001
5002
5003
5003
5001
5003
5002
5048
5070
5058
5051
5050
5053
5052
5050
5062
5062
5060
5060
5060
5060
5060
5061
5061
5060
5060
5060
5058
5058
5058
5058
5056
5056
5055
5055
5055
5056
5057
5057
5063
5062
5062
5073
5073
5062
5062
5061
5062
5062
5061
5061
5061
5060
5060
5056
5056
5058
5059
5060
5131
5186
5186
5186
5162
5162
5162
5162
5162
5162
5162
5162
5160
5162
5190
5171
5197
5168
5196
5198
5136
5106
5075
5026
5002
5044
5028
5015
5009
5030
5016
5021
5021
5019
5068
5060
5074
5116
5114
5110
5092
5116
5117
5107
5118
5128
5136
5170
5195
5195
5195
5195
5195
5195
5195
5195
5195
5195
5195
5195
5195
5195
5195
5183
5186
5187
5188
5181
5186
5185
5185
5100
5111
5118
5115
5171
5194
5197
5150
5114
5154
5153
5155
5200
5178
5107
5155
5195
5194
5166
5199
5199
5171
5200
5200
5196
5008
5199
5199
5186
5188
5190
5193
5189
5186
5184
5184
5180
5092
5115
5186
5188
5198
5198
5198
5198
5198
5198
5198
5198
5194
5194
5194
5194
5194
5191
5196
5196
5192
5186
5062
4988
4987
4987
4987
4987
4993
4993
4993
4993
4994
4994
4994
4994
4994
4994
4994
4994
4991
4991
4991
4991
4991
4991
4991
5195
5195
5195
5195
5195
5197
5197
5197
5197
5189
5073
4988
4987
4987
4988
4988
4988
4992
4992
4992
4992
4992
4992
4992
4992
4992
4992
4992
4992
4992
4992
5195
5195
5195
5195
5195
5195
5195
5195
5195
5195
5198
5198
5198
5198
5198
5198
5198
5198
5198
5198
5198
5198
5196
5196
5196
5196
5196
5196
5196
5196
5196
5196
5196
5196
5196
5196
5196
5196
5196
5196
5196
5196
5196
5196
5196
5196
5196
5196
5196
5196
5196
5196
5196
5196
5196
5194
5189
5183
5169
5192
5194
5191
5187
5183
5186
5178
5156
5151
5156
5164
5125
5125
5154
5119
5170
4973
4972
4972
4972
4972
4972
4972
4993
4993
4993
4993
4993
4993
4993
4993
4993
4993
5196
5196
5195
5195
5195
5195
5195
5195
5195
5195
5195
5205
5205
5195
5195
5195
5232
5195
5195
5195
5195
5195
5195
5195
5195
5195
5189
5189
5226
5267
5314
5314
5314
5314
5308
5304
5297
5305
5317
5304
5302
5315
5322
5325
5321
5319
5320
5314
5314
5308
5297
5290
5317
5319
5313
5308
5303
5304
5264
5262
5264
5291
5300
5311
5335
5353
5288
5268
5288
5275
5275
5323
5285
5330
5315
5368
5424
5409
5442
5443
5400
5258
5260
5260
5260
5260
5413
5339
5446
5447
5447
5447
5429
5448
5448
5444
5366
5447
5377
5335
5459
5459
5459
5459
5459
5459
5475
5522
5476
5535
5535
5515
5509
5524
5555
5611
5590
5580
5622
5622
5622
5632
5626
5622
5622
5622
5655
5670
5685
5670
5622
5668
5715
5684
5660
5687
5758
5780
5770
5760
5764
5765
5772
5772
5768
5765
5767
5767
5674
5615
5595
5647
5762
5763
5764
5748
5716
5740
5767
5779
5765
5749
5748
5760
5755
5752
5753
5748
5744
5748
5751
5736
5736
5771
5784
5784
5783
5783
5783
5783
5783
5783
5777
5825
5886
5930
5887
5851
5912
5935
5943
5944
5940
5943
5931
5887
5952
6065
6124
6094
6143
6146
6146
6146
6146
6146
6155
6155
6155
6157
6171
6190
6155
6114
6114
6228
6228
6228
6234
6234
6234
6234
6234
6234
6234
6251
6294
6356
6408
6411
6393
6432
6502
6607
6560
6632
6658
6657
6657
6657
6657
6659
6678
6655
6655
6655
6689
6696
6671
6662
6670
6746
6747
6744
6761
6773
6782
6801
6798
6802
6825
6863
6835
6846
6916
6936
6940
6940
6950
6940
6945
6967
6962
6951
6990
7004
7004
7019
7005
7045
7050
7049
7053
7050
7095
7134
7097
7106
7140
7130
7158
7169
7158
7173
7161
7275
7277
7277
7277
7277
7287
7294
7307
7295
7294
7331
7345
7350
7361
7363
7380
7398
7388
7419
7480
7473
7434
7503
7454
7496
7541
7498
7538
7517
7542
7571
7586
7560
7625
7636
7632
7687
7635
7515
7590
7640
7753
7644
7631
7596
7699
7755
7755
7755
7755
7755
7755
7755
7755
7755
7763
7763
7771
7791
7791
7714
7707
7705
7704
7686
7710
7711
7717
7698
7711
7719
7606
7796
7605
7605
7605
7605
7605
7605
7603
7603
7603
7603
7603
7603
7603
7603
7603
7603
7603
7603
7603
7603
7603
7603
7603
7603
7603
7603
7603
7603
7603
7603
7603
7603
7603
7603
7603
7603
7603
7603
7603
7792
7792
7755
7698
7698
7755
7784
7788
7788
7789
7776
7751
7745
7778
7792
7788
7786
7785
7768
7765
7773
7600
7600
7600
7600
7600
7600
7601
7601
7601
7601
7601
7601
7601
7601
7601
7601
7601
7601
7601
7601
7601
7601
7601
7601
7601
7601
7601
7601
7601
7601
7601
7601
7601
7601
7601
7601
7601
7601
7601
7601
7601
7601
7602
7602
7602
7725
7790
7725
7697
7791
7784
7756
7765
7763
7771
7760
7750
7759
7758
7713
7570
7571
7571
7570
7571
7571
7588
7588
7588
7588
7588
7771
7774
7773
7761
7749
7754
7748
7654
7752
7757
7759
7756
7759
7770
7770
7770
7770
7764
7764
7776
7772
7772
7771
7774
7774
7774
7774
7777
7782
7779
7778
7781
7774
7771
7771
7781
7785
7780
7780
7763
7763
7767
7779
7791
7790
7772
7772
7761
7752
7753
7755
7754
7781
7780
7780
7767
7771
7791
7799
7799
7851
7655
7655
7655
7655
7655
7655
7655
7655
7655
7655
7655
7655
7655
7655
7655
7655
7655
7655
7655
7655
7655
7655
7655
7655
7655
7655
7655
7655
7655
7655
7655
7655
7655
7655
7655
7655
7655
7819
7837
7837
7837
7837
7851
7851
7851
7677
7853
7659
7659
7659
7659
7659
7659
7659
7659
7659
7659
7659
7659
7659
7659
7659
7659
7659
7659
7659
7658
7658
7658
7838
7842
7842
7842
7842
7842
7842
7842
7842
7852
7852
7852
7852
7852
7863
7876
7909
7910
7896
7935
7935
7937
7937
7937
7937
7934
7932
7954
7984
7979
7957
7993
7994
8008
8008
8008
8008
8006
8009
8023
8061
8046
8034
8073
8079
8084
8080
8033
8052
8085
8085
8085
8085
8085
8085
8085
8085
8083
8086
8080
8080
8080
8079
8092
8093
8112
8107
8131
8132
8150
8150
8150
8150
8150
8135
7948
7949
7950
7950
7950
7950
7959
7959
7959
7959
7959
7959
7959
7959
7959
7959
7959
7959
7959
7959
8123
8080
8073
8070
8092
8098
8121
8129
8128
8128
8143
8143
8143
8143
8143
8143
8143
8143
8143
8143
8143
8143
8143
8143
8143
8143
8143
8143
8143
8143
8143
8143
8143
8143
8141
8141
8141
8141
8141
8141
8141
8141
8141
8141
8141
8141
8143
8111
8114
8126
8104
8045
8108
8130
8117
8108
8122
8126
8133
8140
8133
8097
8080
8068
8064
8064
8060
8060
8047
7966
8146
8146
8146
8146
8146
8146
8146
8146
8146
8146
8146
8146
8146
8146
8114
8030
8044
8059
8094
8081
8084
8069
8065
8069
8075
8080
8084
8092
8077
8059
8059
8076
8063
8050
8073
8092
8142
7954
7954
7954
7954
7954
7954
7954
7954
7954
7954
7954
7952
7952
7952
7952
7952
7952
7952
7952
7952
7952
7952
7952
7952
7952
7952
7952
7952
7952
7952
7952
7952
7952
7952
7952
7951
7951
7951
7951
7951
7951
7951
7951
7951
7951
7951
7951
7951
8132
8135
8137
8137
8107
8133
8126
8122
8117
8119
8100
8093
8113
8144
8144
8144
8137
8131
8123
8120
8119
8109
8105
8114
8121
8122
8124
8120
8117
8120
8119
8119
8116
8051
8118
8098
8126
8099
8093
8133
8133
8133
8133
8133
8133
8133
8133
8135
8135
8135
8135
8135
8135
8137
8142
8135
8135
8135
8135
8146
8147
8161
8180
8188
8134
8198
8218
8217
8199
8150
8136
8189
8149
8147
8193
8207
8206
8209
8127
8203
8202
8201
8200
8142
8144
8147
8143
8140
8120
8120
8121
8128
8220
8217
8122
8126
8123
8224
8215
8133
8204
8211
8205
8215
8203
8214
8214
8228
8228
8228
8228
8228
8204
8116
8116
8215
8227
8226
8226
8230
8230
8230
8213
8217
8216
8215
8196
8211
8225
8225
8225
8232
8232
8156
8129
8157
8230
8230
8216
8223
8229
8229
8229
8232
8232
8232
8233
8240
8253
8253
8263
8288
8327
8341
8321
8369
8369
8319
8335
8365
8326
8366
8355
8362
8344
8345
8364
8373
8373
8373
8373
8373
8373
8322
8318
8322
8326
8332
8333
8341
8341
8341
8339
8339
8337
8337
8336
8332
8328
8327
8325
8327
8327
8327
8325
8325
8324
8324
8324
8335
8340
8339
8342
8341
8328
8358
8368
8322
8268
8251
8215
8214
8216
8260
8242
8265
8284
8294
8292
8186
8167
8170
8177
8310
8353
8363
8356
8370
8371
8370
8370
8370
8370
8370
8370
8370
8378
8370
8370
8369
8369
8374
8388
8388
8389
8398
8393
8395
8403
8408
8411
8419
8421
8430
8451
8451
8426
8464
8469
8468
8468
8468
8468
8475
8475
8475
8475
8475
8475
8475
8475
8480
8475
8478
8497
8498
8500
8501
8512
8516
8516
8516
8533
8517
8538
8543
8538
8545
8556
8548
8569
8569
8569
8573
8543
8601
8590
8594
8598
8608
8579
8594
8599
8591
8618
8610
8612
8626
8619
8621
8639
8664
8660
8681
8684
8685
8680
8681
8717
8722
8651
8669
8595
8569
8648
8733
8723
8621
8588
8582
8599
8589
8583
8589
8588
8584
8587
8611
8608
8627
8637
8644
8725
8745
8745
8745
8639
8554
8733
8738
8662
8731
8732
8732
8732
8732
8732
8732
8732
8744
8744
8744
8744
8744
8739
8711
8723
8743
8743
8743
8743
8742
8742
8742
8677
8745
8745
8672
8746
8733
8695
8684
8690
8682
8660
8646
8565
8527
8594
8586
8716
8719
8705
8704
8720
8729
8729
8729
8729
8729
8729
8729
8729
8729
8729
8729
8716
8725
8739
8736
8668
8730
8726
8722
8721
8722
8720
8721
8722
8730
8730
8732
8732
8732
8732
8732
8732
8732
8731
8731
8731
8732
8732
8730
8728
8547
8735
8735
8711
8649
8705
8698
8670
8666
8640
8640
8640
8663
8701
8705
8688
8617
8652
8657
8654
8685
8743
8744
8575
8737
8739
8729
8731
8737
8737
8737
8737
8744
8735
8737
8729
8733
8738
8719
8718
8730
8718
8712
8724
8737
8737
8737
8721
8724
8723
8655
8600
8700
8719
8723
8669
8717
8715
8716
8711
8676
8652
8702
8699
8697
8586
8585
8690
8745
8743
8745
8740
8748
8749
8750
8750
8750
8751
8751
8751
8761
8761
8762
8758
8749
8746
8745
8708
8754
8749
8732
8732
8725
8661
8604
8566
8653
8690
8582
8565
8566
8568
8576
8657
8745
8746
8743
8746
8752
8745
8746
8753
8749
8748
8750
8750
8760
8759
8757
8756
8756
8756
8756
8752
8753
8753
8753
8752
8756
8756
8756
8756
8757
8757
8756
8756
8756
8755
8756
8685
8687
8612
8612
8612
8618
8670
8689
8688
8687
8685
8759
8756
8754
8754
8754
8755
8755
8755
8701
8701
8689
8689
8723
8688
8677
8722
8713
8717
8725
8719
8720
8739
8741
8741
8741
8741
8743
8740
8744
8603
8751
8751
8749
8748
8748
8704
8622
8674
8678
8669
8748
8748
8739
8571
8740
8737
8742
8713
8713
8713
8729
8735
8720
8722
8726
8728
8719
8723
8726
8718
8727
8722
8738
8744
8738
8731
8727
8727
8717
8721
8737
8738
8738
8738
8741
8735
8721
8676
8677
8723
8723
8723
8724
8723
8716
8710
8721
8719
8710
8713
8714
8712
8714
8710
8710
8711
8716
8716
8723
8722
8724
8725
8725
8724
8722
8723
8723
8722
8721
8719
8725
8725
8725
8723
8724
8724
8724
8724
8724
8724
8722
8721
8724
8722
8722
8723
8723
8723
8723
8725
8732
8657
8603
8598
8593
8629
8640
8658
8655
8662
8666
8666
8666
8666
8666
8666
8678
8678
8681
8681
8681
8684
8675
8675
8679
8679
8675
8675
8673
8676
8677
8676
8680
8680
8680
8683
8676
8676
8672
8668
8666
8664
8664
8663
8659
8657
8659
8659
8659
8667
8679
8689
8689
8689
8671
8663
8656
8651
8651
8666
8678
8678
8693
8723
8729
8730
8729
8730
8730
8730
8729
8729
8729
8729
8729
8729
8730
8730
8730
8730
8730
8730
8730
8730
8730
8731
8731
8731
8733
8733
8731
8730
8723
8721
8720
8720
8717
8718
8725
8739
8640
8635
8651
8648
8682
8728
8742
8742
8742
8742
8742
8742
8744
8744
8725
8709
8709
8727
8718
8727
8737
8712
8660
8666
8713
8610
8745
8745
8740
8690
8714
8730
8722
8677
8663
8691
8622
8742
8716
8662
8713
8766
8751
8675
8673
8673
8673
8670
8668
8676
8691
8763
8765
8765
8765
8765
8765
8765
8691
8684
8670
8666
8663
8661
8674
8690
8698
8701
8698
8690
8677
8677
8695
8702
8703
8711
8722
8740
8742
8742
8742
8756
8756
8756
8756
8764
8764
8764
8764
8764
8764
8764
8764
8764
8764
8764
8766
8766
8766
8766
8766
8766
8766
8766
8766
8766
8766
8766
8766
8766
8766
8766
8766
8766
8766
8766
8766
8766
8766
8766
8766
8766
8766
8766
8766
8766
8766
8766
8766
8766
8766
8766
8766
8766
8766
8766
8766
8766
8766
8766
8766
8766
8766
8762
8727
8709
8686
8683
8669
8668
8668
8668
8668
8668
8668
8669
8669
8669
8669
8669
8669
8669
8669
8669
8669
8669
8669
8669
8669
8669
8669
8669
8669
8669
8669
8669
8669
8669
8669
8669
8669
8669
8669
8669
8669
8669
8669
8669
8669
8669
8669
8669
8670
8670
8670
8670
8670
8670
8670
8669
8669
8669
8670
8670
8670
8670
8670
8670
8671
8670
8670
8669
8750
8767
8767
8767
8766
8764
8763
8765
8685
8727
8759
8760
8681
8742
8664
8699
8729
8717
8747
8694
8762
8762
8762
8718
8692
8742
8711
8704
8720
8730
8745
8744
8736
8742
8742
8742
8744
8747
8749
8749
8754
8763
8768
8768
8768
8767
8767
8767
8767
8767
8767
8767
8767
8767
8767
8767
8767
8767
8767
8767
8767
8767
8767
8767
8767
8767
8767
8767
8767
8767
8767
8767
8767
8767
8767
8767
8754
8754
8754
8754
8754
8754
8754
8754
8754
8754
8754
8754
8754
8754
8754
8754
8737
8744
8736
8718
8690
8698
8698
8681
8685
8748
8749
8749
8749
8749
8749
8552
8552
8552
8552
8552
8559
8559
8559
8559
8559
8559
8559
8559
8559
8559
8559
