29	38
44	45
46	65
68	75
76	87
88	109
112	123
128	148
150	166
267	285
286	289
300	301
305	319
351	358
400	407
408	409
420	421
449	461
473	483
484	485
487	494
495	498
500	511
553	564
569	572
580	584
588	596
599	605
606	608
609	616
624	625
642	647
648	649
651	656
684	700
704	710
713	719
723	725
762	767
769	800
802	803
804	817
1077	1084
1087	1104
1112	1113
1118	1119
1127	1163
1165	1177
1178	1183
1184	1217
1476	1477
1567	1576
1611	1619
1620	1622
1702	1709
1711	1715
1717	1729
1772	1779
1780	1789
1797	1798
1856	1859
1860	1883
1886	1893
1905	1917
1920	1927
1929	1934
1935	1955
1956	1957
1968	1973
1978	1984
2021	2022
2098	2101
2102	2104
2112	2113
2148	2149
2153	2160
2161	2169
2174	2177
2181	2189
2190	2197
2198	2199
2205	2206
2222	2224
2548	2573
2574	2576
2580	2582
2583	2614
2615	2617
2619	2631
2655	2663
2665	2677
2681	2692
2693	2704
2750	2751
2760	2765
2766	2768
2787	2789
2807	2808
2809	2813
2814	2821
2824	2827
2830	2842
2847	2852
2856	2867
2868	2869
2870	2876
2903	2910
2911	2913
2916	2929
2964	2965
2966	2981
2982	2986
2988	2989
3000	3001
3031	3037
3043	3061
3066	3069
3322	3324
3327	3337
3341	3346
3348	3349
3360	3361
3396	3397
3402	3406
3409	3414
3420	3428
3446	3474
3480	3481
3483	3508
3511	3512
3760	3789
3793	3814
3817	3823
3827	3832
3834	3843
3847	3860
3876	3901
3904	3918
3922	3926
3927	3931
3932	3955
3959	3971
3972	3992
4014	4019
4044	4051
4077	4090
4139	4141
4155	4156
4166	4167
4230	4231
4346	4347
4349	4351
4501	4515
4516	4552
4560	4561
4621	4646
4647	4657
4660	4675
4676	4679
4680	4705
4728	4734
4747	4751
4753	4810
4812	4813
4860	4862
5004	5006
5044	5047
5076	5077
5088	5089
5107	5111
5212	5215
5232	5233
5235	5236
5240	5243
5244	5252
5253	5254
5256	5257
5259	5261
5262	5271
5304	5307
5313	5329
5346	5354
5398	5419
5420	5428
5433	5440
5445	5446
5448	5449
5463	5473
5484	5485
5486	5492
5493	5495
5496	5501
5503	5507
5508	5509
5515	5523
5525	5536
5538	5541
5544	5551
5552	5567
5574	5593
5618	5627
5635	5638
5643	5644
5649	5657
5664	5666
5693	5696
5853	5855
5856	5860
5868	5869
5880	5881
5892	5896
6095	6102
6103	6114
6115	6119
6120	6121
6127	6133
6142	6152
6155	6159
6161	6164
6166	6169
6171	6172
6174	6193
6197	6202
6204	6205
6220	6222
6240	6247
6258	6269
6305	6313
6314	6319
6326	6350
6354	6355
6359	6361
6396	6404
6408	6411
6780	6781
6802	6822
6826	6834
6835	6857
6858	6861
6864	6879
6883	6894
6895	6907
6930	6931
6947	6961
6966	6977
7020	7021
7156	7159
