0
0
0
0
0
0
0
0
0
0
0
0
0
0
0
0
0
0
0
0
0
0
0
0
0
0
0
0
0
0
30
17
90
20
10
2
47
7
0
0
0
0
0
0
2
2
39
33
15
14
17
38
37
34
10
23
31
25
25
13
6
0
0
1
0
0
9
9
10
47
0
6
19
16
16
0
8
13
29
28
15
29
16
18
15
31
4
0
20
13
41
31
27
18
25
11
28
0
11
26
23
57
91
18
123
82
0
0
0
0
0
0
25
25
47
46
42
19
23
26
23
29
0
0
0
0
0
0
11
58
26
30
64
93
19
0
0
0
10
34
20
9
26
5
0
15
14
11
0
0
53
5
8
29
29
24
56
21
28
30
10
30
48
14
0
0
0
0
0
10
10
10
13
14
27
13
12
35
38
34
30
20
15
15
5
19
29
6
10
0
0
0
0
0
0
0
0
0
0
0
0
0
0
0
0
0
0
0
0
0
0
0
0
0
0
0
0
0
0
0
0
0
0
0
0
0
0
0
0
0
0
0
0
0
0
0
0
0
0
0
0
0
0
0
0
0
0
0
0
0
0
0
0
0
0
0
0
0
0
0
0
0
0
0
0
0
0
42
102
138
124
35
5
28
50
52
45
8
2
17
6
64
29
42
22
0
30
51
51
0
0
0
0
0
15
15
31
28
3
0
0
0
0
0
0
2
51
43
67
92
21
7
6
1
3
34
25
32
8
0
0
0
19
19
0
2
7
12
34
16
0
0
0
0
0
0
0
0
30
30
0
0
0
0
0
0
0
0
0
0
13
45
14
10
5
29
40
22
0
0
0
0
0
0
0
0
0
0
0
0
0
0
0
0
0
0
0
0
0
0
0
0
0
0
0
0
0
0
0
0
15
15
0
0
0
0
0
0
0
0
12
24
1
22
27
39
25
0
0
0
0
0
0
0
0
0
0
0
0
0
0
0
0
0
0
0
0
0
0
0
0
0
0
0
32
71
51
39
18
50
0
0
0
0
0
0
0
0
13
67
55
69
90
36
68
91
37
72
93
58
33
0
0
0
0
0
35
10
2
15
10
14
1
26
23
17
49
21
51
60
1
5
20
0
19
0
0
11
18
46
24
0
26
13
0
1
35
37
0
0
8
39
14
9
25
31
16
29
34
54
29
0
0
0
0
0
0
0
0
0
0
0
0
0
0
0
0
0
0
0
0
0
0
0
0
0
0
0
0
0
0
0
0
0
0
0
0
0
0
0
0
0
0
7
25
46
64
170
98
78
29
0
0
0
0
0
0
0
0
0
14
14
0
4
4
0
2
4
9
5
3
4
36
2
0
0
0
0
14
9
16
14
20
48
35
16
0
13
16
36
12
7
0
4
6
0
9
4
0
14
9
54
52
15
0
0
0
0
0
0
0
0
0
0
0
0
0
0
0
0
31
40
27
39
71
47
45
7
47
7
33
79
116
29
76
152
93
0
0
0
0
0
0
14
15
15
0
0
0
0
0
0
0
0
0
0
0
0
0
0
0
0
0
0
0
0
0
0
0
0
0
0
0
0
0
10
10
0
0
0
0
13
47
92
24
0
2
22
19
6
0
0
4
2
9
0
11
15
13
0
0
0
0
20
0
6
15
17
0
0
4
16
12
0
0
0
0
0
0
0
0
0
0
0
0
0
0
0
0
0
0
0
0
0
0
0
0
0
0
0
0
7
10
13
28
6
0
1
0
20
17
12
14
30
12
60
11
6
73
75
63
46
65
90
17
111
94
79
3
93
108
86
103
128
73
10
85
149
145
77
13
21
4
54
69
143
23
25
88
23
0
0
0
0
0
15
12
16
29
9
15
3
6
42
70
28
0
0
0
0
0
0
0
0
0
0
2
47
16
47
9
52
55
0
0
0
37
19
2
0
0
6
14
0
4
1
0
26
26
16
20
19
16
17
19
11
2
0
0
0
0
0
34
34
0
15
15
0
0
0
0
0
0
0
0
0
0
0
0
0
0
0
0
0
0
0
0
0
0
0
0
0
0
0
0
0
0
0
0
0
0
0
0
0
0
0
0
0
0
0
0
0
0
0
0
0
0
0
0
0
0
0
52
73
20
0
0
0
0
0
0
0
0
0
0
0
0
0
0
0
0
0
0
0
0
0
0
0
0
0
0
0
0
0
0
0
0
0
0
0
0
24
27
44
49
0
0
0
0
4
4
0
0
0
0
9
8
5
4
1
0
10
10
2
6
8
2
14
10
0
0
0
0
0
0
0
0
0
0
0
0
0
0
0
0
0
0
0
0
0
0
0
0
0
0
0
0
0
0
0
0
0
0
0
0
0
0
0
0
0
0
0
0
8
8
3
0
0
0
0
0
0
0
0
0
4
4
0
0
0
0
0
0
0
0
0
0
0
0
0
0
0
0
46
104
59
0
0
0
0
4
0
4
4
2
2
2
16
4
15
24
5
4
8
0
0
0
2
19
23
4
11
44
6
55
46
1
56
90
59
5
61
11
23
9
6
6
36
31
31
39
75
25
0
36
69
65
42
0
0
7
55
52
10
0
0
0
17
39
71
78
90
82
37
9
4
67
185
180
89
164
176
175
59
29
57
84
36
9
21
4
4
9
0
0
0
104
74
0
0
90
69
3
0
127
54
25
0
8
103
51
5
0
7
89
49
3
0
4
40
22
6
7
7
40
118
62
7
16
45
87
27
95
94
64
22
15
26
76
28
27
26
90
24
7
4
53
6
10
42
0
70
57
3
42
39
10
0
0
0
2
3
0
4
1
0
0
0
0
0
0
0
0
0
0
0
0
0
0
0
0
0
0
0
0
0
0
0
0
0
0
0
0
0
0
0
0
0
0
0
0
0
0
0
0
0
0
0
0
0
0
0
0
0
0
0
0
0
0
0
0
0
0
0
0
0
0
0
0
0
0
0
0
0
0
0
0
0
0
0
0
0
0
0
0
0
0
0
0
13
12
26
14
0
0
0
0
0
0
0
0
0
0
0
0
0
0
0
0
0
0
0
0
0
0
0
0
0
0
0
0
0
0
0
0
0
0
0
0
0
0
0
0
0
0
4
4
0
0
0
0
0
0
0
0
0
0
0
0
0
0
0
0
0
0
0
0
0
0
0
0
0
0
0
0
0
0
0
0
0
0
0
0
0
0
0
0
0
0
0
0
0
0
0
0
0
0
0
0
0
0
0
0
0
0
0
0
0
0
0
0
0
0
0
0
0
0
0
0
0
0
0
0
15
36
21
45
43
27
2
67
33
7
33
3
48
46
21
49
67
3
35
53
29
48
29
20
13
23
6
53
56
0
0
0
0
85
130
46
38
26
26
81
60
12
33
26
0
0
0
0
0
0
0
0
0
0
0
0
0
0
0
0
0
0
0
0
3
3
0
0
0
0
0
0
0
0
0
0
0
0
0
0
0
0
0
0
0
0
0
0
0
0
0
0
0
0
0
0
0
0
0
0
0
0
0
0
0
0
0
0
0
0
0
0
0
0
0
0
0
0
0
0
0
0
0
0
0
0
0
0
0
0
0
0
8
10
5
26
50
39
79
24
3
5
27
0
0
0
0
0
0
2
2
0
0
0
0
0
0
0
0
0
0
0
0
0
0
0
0
0
0
0
0
0
0
0
0
0
0
0
4
15
19
3
21
42
74
21
0
161
161
0
0
0
0
0
0
0
0
0
0
0
0
0
0
0
0
0
0
0
62
63
0
0
0
2
4
0
3
12
26
22
2
9
0
54
22
64
53
0
0
38
39
3
18
57
31
22
3
9
49
48
0
0
0
0
0
0
0
0
0
0
0
0
0
0
0
0
0
0
0
0
0
0
0
0
0
0
0
0
11
13
19
56
1
0
22
22
0
0
14
51
21
0
0
0
15
39
3
13
30
5
22
16
40
50
9
9
0
0
0
0
47
46
0
0
0
0
0
0
0
0
0
0
0
0
0
0
0
0
0
0
0
0
0
0
0
0
0
0
23
33
26
17
0
0
0
0
0
0
0
21
30
29
23
19
46
0
0
45
31
27
16
25
29
11
0
0
0
24
66
72
79
20
50
51
16
0
0
0
1
83
102
25
12
5
8
61
85
58
6
0
0
0
0
79
82
4
0
3
5
0
0
0
0
19
19
0
0
0
0
0
0
0
0
0
0
0
0
0
0
0
0
0
28
28
0
0
0
0
0
0
0
0
0
29
17
12
0
16
13
10
14
12
10
21
12
30
18
14
17
5
39
10
4
15
2
17
25
27
39
8
0
0
0
17
29
19
7
12
62
0
0
0
0
0
0
0
0
0
0
0
0
0
15
5
3
0
25
10
15
6
72
33
61
68
0
0
0
8
48
6
55
5
99
0
0
0
20
20
21
15
12
0
10
35
36
26
7
28
8
5
22
12
37
44
29
12
6
44
12
34
37
12
0
0
0
0
0
0
0
0
0
0
0
0
0
0
23
19
40
0
0
0
0
0
9
9
0
56
50
65
0
0
0
0
4
4
33
38
67
16
23
18
0
23
24
20
21
53
102
58
25
25
0
38
15
14
16
2
1
20
29
90
52
0
0
7
27
85
63
0
39
74
48
20
45
43
29
16
17
39
62
59
47
44
3
0
0
0
0
0
0
7
73
73
18
5
0
0
0
66
65
0
0
0
0
0
5
81
78
0
0
0
10
11
0
0
0
2
1
0
0
0
0
8
54
62
0
0
0
0
0
0
0
0
0
0
0
0
0
0
0
0
0
0
0
9
10
7
0
8
4
0
0
0
0
0
0
0
0
0
0
0
0
0
0
0
0
0
0
0
0
0
0
0
0
0
0
0
0
0
0
0
0
0
0
0
0
0
0
0
0
0
0
0
0
0
0
0
0
0
32
102
12
84
111
29
8
0
60
34
4
20
20
44
1
0
0
0
0
0
0
29
86
28
0
0
0
0
42
18
15
4
46
14
8
0
0
0
0
0
0
15
52
28
0
0
0
0
0
0
0
0
0
0
0
0
0
0
0
0
0
0
0
0
0
0
0
0
0
0
0
0
0
25
120
59
56
9
16
28
19
46
51
10
58
28
30
14
15
4
2
10
3
17
22
22
58
66
47
4
1
0
0
0
22
6
83
13
12
35
27
15
2
3
5
1
6
45
79
31
12
37
1
10
20
5
0
18
2
37
0
4
25
17
52
0
17
20
67
40
0
0
20
19
0
57
56
32
16
5
86
36
0
0
0
75
74
40
49
12
24
33
68
32
58
63
41
29
12
17
14
30
85
35
34
26
19
80
65
32
5
0
0
0
0
0
0
4
12
5
3
16
0
0
0
33
30
9
15
16
6
40
54
59
55
44
0
0
1
12
14
73
95
21
0
2
0
2
2
2
0
2
2
3
0
0
0
0
0
0
0
0
0
1
60
18
0
79
0
0
0
0
0
0
0
0
0
0
0
0
0
0
0
0
0
0
0
0
0
0
0
0
0
0
0
0
0
0
0
0
0
1
1
2
0
0
17
8
0
14
0
0
0
0
0
0
0
0
0
0
0
0
0
0
0
0
0
0
0
10
6
11
24
6
8
10
0
0
25
23
19
0
0
0
0
0
0
0
0
0
0
0
0
0
0
0
0
0
0
0
0
0
0
0
0
0
0
0
0
0
0
0
0
0
0
0
0
0
0
0
0
0
0
0
0
0
0
0
0
0
0
0
0
0
0
0
0
0
0
0
0
0
0
0
0
0
0
0
0
0
0
0
0
0
0
0
0
0
0
0
0
0
0
0
0
22
24
37
29
38
43
17
36
5
8
12
4
11
7
8
12
18
15
21
0
0
19
18
12
36
0
9
0
0
0
0
0
42
2
0
13
10
17
14
9
9
3
0
14
20
27
3
0
14
15
36
15
1
7
3
15
13
15
13
21
8
14
11
10
0
6
0
3
0
0
0
4
6
0
1
4
4
0
14
0
0
10
0
0
0
0
0
0
17
0
0
0
0
4
0
0
0
0
0
0
0
0
0
0
12
4
2
18
15
53
1
14
13
10
0
0
0
8
22
14
0
12
3
5
0
0
33
0
0
0
0
0
0
6
19
14
4
9
12
9
15
0
4
19
0
1
7
5
14
4
2
19
18
16
3
1
0
0
0
0
0
0
0
0
12
34
25
0
0
0
0
0
0
0
0
0
0
2
3
0
0
0
2
20
22
0
0
0
0
0
0
0
0
0
0
0
0
0
0
0
0
32
32
0
0
0
0
0
0
0
0
0
0
5
26
25
12
9
59
3
0
9
20
0
49
13
60
5
5
20
13
0
5
5
9
13
30
27
7
0
109
0
0
0
0
0
0
0
0
0
0
0
0
2
27
25
23
23
20
45
0
0
54
5
50
0
77
27
36
48
33
0
0
0
0
0
65
34
0
0
0
0
11
22
9
23
29
6
28
26
17
10
41
13
0
0
0
0
0
16
2
6
19
8
0
45
103
58
0
52
50
26
18
39
70
60
49
30
0
0
0
0
0
0
8
35
34
4
0
7
18
74
107
79
67
19
0
0
0
51
75
32
5
0
38
36
0
0
0
0
0
0
0
0
0
6
14
20
15
24
33
11
0
11
46
0
0
0
2
15
32
18
17
37
23
16
36
3
19
51
25
0
0
0
0
64
18
66
0
0
0
0
0
0
0
0
0
0
0
0
0
0
0
0
0
0
0
0
0
0
0
0
0
0
0
0
0
0
100
241
278
340
391
240
264
397
134
201
349
347
283
206
356
0
368
2
2
0
0
0
0
0
0
0
0
0
0
0
0
0
0
0
0
0
0
0
0
0
0
0
0
0
0
0
0
0
0
0
0
0
0
0
0
0
0
0
0
0
0
0
0
0
0
0
1272
285
0
38
38
0
2
60
92
33
2104
2226
2484
2584
2307
2312
2617
2549
1708
2284
1675
2248
1620
1485
1485
1060
2292
1051
0
0
0
1676
0
730
0
50
49
0
0
21
29
77
31
92
49
0
0
0
0
35
80
57
0
26
25
36
26
7
21
2
6
12
6
34
34
0
0
0
0
0
0
0
0
0
0
52
93
65
26
24
25
1
8
71
72
11
0
0
0
0
0
0
0
0
0
0
12
13
0
0
0
1
9
8
15
42
75
77
7
32
38
0
80
79
0
0
0
0
0
0
0
7
10
3
2
10
0
0
0
7
2
0
7
6
0
3
10
9
28
10
0
0
0
0
0
0
0
0
27
25
0
12
48
74
38
25
0
0
0
0
0
0
0
0
0
0
0
0
0
0
0
0
290
0
0
0
0
0
0
0
0
0
0
0
0
0
0
0
0
0
0
0
0
0
0
0
0
0
0
0
0
0
0
0
0
0
0
0
0
0
0
0
0
0
0
0
0
0
0
0
0
0
0
0
0
0
0
0
0
0
0
0
0
0
0
0
0
0
0
49
113
86
23
0
0
0
0
0
0
15
3
2
17
0
0
0
0
0
0
0
0
0
0
9
9
25
14
28
44
12
5
2
20
30
32
3
0
17
13
4
0
0
0
0
0
0
0
0
5
33
38
19
4
5
0
11
24
29
3
10
16
44
31
21
2
0
7
10
3
21
15
28
21
13
0
0
0
0
0
0
0
0
0
0
0
0
0
0
0
0
0
0
0
0
0
0
0
0
0
0
0
0
0
0
0
0
0
0
0
0
0
0
0
0
0
0
0
0
0
0
0
0
0
0
0
0
0
0
0
0
58
47
127
58
3
58
61
10
26
26
1
0
0
0
0
0
0
0
0
3
89
77
96
70
5
0
0
18
18
0
0
0
0
0
0
33
11
18
21
8
6
0
3
40
40
70
38
48
92
66
55
64
83
106
119
137
112
85
129
99
63
64
107
99
104
68
60
38
39
63
24
0
0
0
0
0
0
0
0
0
0
27
37
64
80
63
60
56
63
42
72
64
44
82
70
67
95
71
63
77
62
63
52
57
61
54
0
0
36
36
0
0
0
0
0
0
0
0
0
0
0
0
0
0
0
0
0
0
0
0
0
0
0
0
0
0
0
0
0
0
0
0
0
0
0
0
0
0
0
0
0
0
0
0
0
0
0
0
0
0
0
0
0
0
0
0
0
0
0
0
0
0
0
0
0
0
0
0
0
0
0
0
27
27
0
0
4
41
74
34
82
55
47
29
16
18
79
68
0
0
0
0
0
0
0
4
8
4
0
1
13
13
0
7
28
28
9
2
0
0
0
0
2
11
11
0
2
0
0
0
0
0
0
0
0
0
6
6
13
48
46
0
0
9
3
13
2
0
0
24
37
56
16
27
17
31
13
11
7
17
0
0
0
0
0
0
1
0
0
0
1
1
0
0
5
75
64
0
0
0
0
0
0
0
0
0
0
0
9
39
27
57
44
57
59
60
16
77
36
30
14
38
21
50
72
15
34
9
42
39
0
0
0
0
0
0
0
0
0
0
0
0
0
27
27
0
0
0
0
0
0
0
0
0
0
0
8
8
0
0
0
0
0
0
0
0
0
0
0
0
0
0
0
0
0
0
0
0
22
26
36
33
36
50
39
40
5
14
42
1
19
17
20
10
21
34
21
17
15
8
28
9
30
17
46
45
0
0
0
0
0
30
34
18
15
15
39
22
20
15
23
29
15
5
9
35
14
17
12
0
4
2
0
0
0
12
26
50
0
32
56
0
0
0
0
7
37
18
15
34
0
2
25
15
13
19
9
19
36
33
5
0
0
0
0
8
37
28
10
23
2
2
19
16
32
27
11
12
0
0
0
0
0
0
0
0
0
0
0
0
0
0
0
0
0
24
18
9
18
10
0
7
16
25
28
5
14
42
25
16
29
12
16
16
18
14
14
12
34
0
0
0
14
24
7
30
44
26
54
32
11
11
5
18
18
0
0
0
0
0
1
30
3
2
0
7
18
23
20
0
29
21
20
9
1
21
28
12
28
10
31
29
7
22
25
27
10
5
95
139
98
120
69
0
0
0
0
0
16
37
46
4
47
45
41
36
39
4
4
0
19
61
37
8
3
21
41
17
4
36
13
27
25
11
0
2
41
36
4
0
0
0
0
0
0
0
0
0
0
0
12
10
0
0
0
0
0
0
0
0
0
0
10
7
25
0
0
0
0
0
0
0
0
0
0
0
0
0
0
0
0
0
0
0
0
0
0
0
0
0
0
0
6
14
15
17
5
26
0
0
0
27
42
57
63
0
0
0
0
2
44
47
18
55
0
0
0
0
0
0
0
0
67
27
70
4
0
19
58
17
6
27
42
41
53
38
21
8
0
6
3
2
7
0
0
0
10
46
65
89
70
23
29
47
48
79
12
104
80
24
51
42
25
16
16
16
22
34
8
37
34
8
5
0
16
0
12
12
4
8
12
4
9
3
0
4
72
49
1
0
0
0
0
13
57
91
34
29
24
16
30
16
6
0
0
0
8
12
6
4
8
4
10
14
6
0
0
10
9
1
0
0
0
0
8
0
8
4
0
12
10
2
0
0
0
0
0
0
0
9
15
42
93
63
5
0
0
12
12
16
113
101
4
0
0
35
7
3
23
0
36
66
58
48
38
2
54
4
8
6
73
2
0
0
0
0
0
0
0
0
0
0
0
0
0
0
0
0
0
0
0
0
0
0
0
0
0
0
0
0
0
0
0
0
0
0
0
0
0
0
0
0
0
0
0
0
0
2
2
0
0
0
0
0
3
4
0
0
0
0
0
0
0
0
0
0
0
0
0
0
0
0
0
0
0
0
0
0
0
0
0
0
0
0
0
0
0
0
0
0
0
0
0
0
0
0
0
0
0
0
0
0
0
0
0
0
0
0
0
0
0
0
8
16
32
4
16
10
0
2
79
8
63
79
78
0
0
0
0
0
7
60
65
0
0
0
0
0
0
41
27
101
7
87
43
0
0
0
0
25
76
22
62
0
27
30
23
0
0
0
33
22
55
16
8
7
10
15
0
0
9
39
5
0
0
0
0
0
0
46
56
10
22
0
0
0
7
0
0
0
6
14
59
40
7
0
0
0
0
0
0
10
5
0
3
11
0
0
0
0
0
0
0
0
0
0
0
0
0
0
0
0
25
11
26
40
53
54
35
5
0
0
0
0
0
0
0
0
0
0
0
0
0
0
0
0
0
0
0
0
0
0
0
0
0
0
0
0
0
0
0
0
0
25
46
23
0
0
0
0
0
0
0
0
0
0
0
0
0
20
37
49
20
27
16
43
30
43
12
17
25
19
16
0
14
20
22
20
32
20
46
26
30
15
42
16
17
58
15
13
49
10
25
5
0
23
17
44
42
44
20
20
19
22
12
90
117
28
149
90
0
0
0
0
0
0
0
0
0
0
0
0
0
0
0
0
0
0
0
0
0
0
0
0
0
0
0
0
0
0
0
0
0
0
0
0
0
0
0
0
0
0
0
0
0
0
0
0
0
0
0
0
0
0
1
1
0
0
0
0
0
0
0
0
0
0
0
0
6
54
8
17
31
22
22
26
32
21
11
10
34
11
34
25
18
27
23
7
0
44
7
32
28
27
0
16
27
45
27
11
18
37
20
12
0
0
0
0
16
25
15
24
43
24
48
24
5
13
3
27
0
25
10
0
17
27
22
0
11
30
15
22
5
7
42
18
21
27
27
21
22
26
24
20
32
32
18
52
38
168
123
55
71
0
0
0
0
0
0
0
0
3
34
33
6
0
19
58
26
44
5
0
10
10
2
2
0
2
2
0
1
0
0
0
0
0
0
0
0
0
0
0
0
0
0
26
55
20
2
0
0
31
4
0
21
13
29
27
7
19
33
9
13
24
30
34
9
42
50
25
38
49
42
5
16
2
22
12
8
28
24
34
43
13
20
16
28
4
6
14
11
15
23
13
20
21
3
70
70
156
137
68
6
13
24
8
81
44
0
0
0
0
0
0
0
0
0
0
0
0
0
0
0
0
0
0
0
0
0
0
0
0
0
0
0
0
0
0
0
0
0
0
0
0
0
0
0
0
0
0
0
0
0
0
0
0
0
0
0
0
0
0
0
0
0
0
0
0
0
0
0
0
0
0
0
0
0
0
0
0
0
0
0
0
0
0
0
0
0
0
0
0
0
0
0
0
0
0
0
0
0
0
0
0
0
0
0
0
0
0
0
0
0
0
0
0
0
0
0
0
0
0
0
0
0
0
0
0
0
0
0
0
0
0
0
0
0
0
0
0
0
0
0
0
51
51
0
34
31
0
0
0
0
0
0
0
0
0
0
0
0
0
0
0
0
0
0
12
12
0
27
44
9
44
69
63
63
41
42
32
0
0
72
71
4
68
58
69
72
1
0
0
13
23
10
30
1
31
0
29
39
12
2
0
0
0
0
0
0
0
0
0
0
0
0
0
0
0
0
0
17
13
38
20
7
17
20
8
0
0
0
0
11
17
16
25
8
48
55
159
100
12
8
1
1
0
0
16
30
22
9
0
5
9
5
29
64
55
20
0
0
0
0
0
0
0
0
0
0
0
0
0
0
0
0
0
0
0
0
0
0
0
0
0
0
0
0
0
0
0
0
0
0
0
0
0
0
0
0
0
0
0
0
0
0
161
161
20
20
0
0
0
0
0
0
0
0
0
0
0
0
0
0
0
0
0
0
0
0
0
0
0
0
0
13
34
23
22
98
48
6
0
0
0
0
0
0
0
0
0
0
0
0
0
0
0
0
0
0
0
147
0
0
0
0
0
0
0
0
0
0
0
0
0
0
0
0
0
0
0
0
0
0
0
0
58
58
0
0
0
0
0
0
0
0
0
0
0
0
0
0
4
5
1
36
0
0
0
0
0
15
2
0
0
0
0
0
0
0
0
0
0
0
0
0
0
0
0
0
0
0
0
0
0
0
0
0
0
0
3
4
0
19
0
13
3
0
7
11
3
0
0
0
0
0
0
0
0
0
1
5
13
31
7
0
0
0
0
0
0
0
0
0
0
0
0
0
0
0
0
0
0
0
0
0
0
0
0
0
0
0
0
0
0
0
0
0
0
0
0
0
0
0
0
0
0
0
0
0
0
0
4
3
0
0
9
3
7
8
9
13
4
1
1
1
22
8
0
3
4
0
0
0
0
0
0
0
0
0
0
0
0
0
0
0
7
2
7
0
23
15
13
0
0
0
0
0
0
0
0
0
0
16
12
0
0
0
0
0
0
0
0
0
0
0
0
0
0
0
0
0
0
0
0
0
0
0
0
0
0
0
0
0
0
0
0
0
1
0
1
0
1
0
0
0
4
5
3
4
8
0
4
9
3
7
5
0
0
12
11
0
0
0
0
0
0
0
0
0
0
0
0
0
0
0
0
0
0
0
0
0
0
0
0
0
0
0
0
0
0
0
0
0
0
0
0
0
0
0
0
0
0
0
4
0
0
2
1
0
3
0
0
0
0
0
0
0
0
0
0
0
0
1
0
0
0
0
2
10
0
0
0
7
0
0
4
8
0
0
0
0
2
0
0
0
0
0
0
0
0
0
0
0
0
1
2
0
1
20
4
3
0
0
2
8
0
0
1
6
2
0
5
0
18
0
0
0
0
1
0
0
0
0
0
0
3
2
0
13
0
0
12
2
0
5
9
0
0
0
0
0
0
16
14
1
0
11
11
3
3
0
0
0
0
1
0
0
6
14
17
8
3
7
6
0
4
3
0
0
7
8
0
5
4
9
6
0
0
5
7
0
0
20
24
15
3
2
0
0
0
2
3
0
17
34
4
2
0
0
0
13
17
17
1
0
0
0
0
0
0
0
0
1
1
0
0
0
18
33
19
14
3
0
0
0
0
0
0
0
0
1
0
5
4
0
0
0
0
0
0
0
0
1
0
0
0
0
8
6
0
5
13
8
0
0
2
12
1
0
0
0
1
0
5
0
0
2
0
0
0
0
5
0
0
0
0
0
3
0
5
1
0
0
1
0
0
0
0
0
0
0
0
0
1
0
13
0
10
0
1
9
16
5
2
0
0
0
0
0
0
0
0
0
0
0
0
0
0
0
0
0
1
3
0
0
0
0
0
0
0
0
0
0
0
0
1
0
0
32
8
15
9
0
0
0
0
0
0
0
0
0
0
0
0
0
12
11
42
25
0
0
0
0
0
0
0
0
0
0
0
0
0
0
0
0
0
0
0
0
0
0
0
0
0
0
0
0
0
0
0
0
0
0
0
0
0
0
0
0
0
0
0
0
0
0
27
36
6
0
0
0
0
0
0
1
3
1
9
6
7
10
2
1
0
0
0
0
0
0
0
0
0
0
0
0
0
0
0
0
0
0
0
0
0
0
0
0
0
0
0
0
0
0
0
0
0
0
0
0
0
0
0
0
0
0
0
0
0
60
76
14
3
25
28
0
3
0
4
15
11
0
4
24
33
20
7
5
77
33
23
18
9
17
20
3
5
0
4
0
3
0
6
0
5
0
5
10
0
14
0
12
0
10
14
0
4
20
14
9
0
27
58
31
0
0
0
0
0
0
0
0
1
0
0
7
9
1
4
0
0
0
0
1
0
0
0
0
2
2
0
0
6
10
12
1
3
1
3
4
0
0
1
0
0
0
29
34
42
37
5
3
1
1
0
0
0
0
0
16
12
17
0
0
0
7
3
6
6
4
0
13
12
0
0
0
27
11
12
4
0
0
0
4
4
1
10
10
1
2
1
11
7
10
7
0
0
0
0
0
4
34
23
0
0
0
1
2
0
0
0
0
0
0
0
0
0
0
0
0
4
1
0
0
0
0
0
0
0
0
0
0
5
4
6
2
0
0
0
0
0
0
0
0
0
0
0
0
0
0
0
0
0
1
2
4
2
2
0
0
1
0
0
0
3
3
2
0
0
10
6
0
0
0
0
8
4
0
0
19
0
0
0
0
0
0
0
15
53
1
0
0
0
0
0
0
0
0
0
0
0
0
2
9
16
0
0
0
4
0
3
0
0
0
1
21
0
0
0
0
0
4
6
0
0
3
2
0
0
0
1
0
0
0
0
4
3
0
14
19
4
0
0
0
0
5
2
0
2
14
0
0
0
0
0
0
0
0
0
1
4
0
0
0
0
0
0
5
2
34
46
10
0
0
3
14
0
35
44
13
0
0
0
0
3
2
4
13
3
0
0
0
0
0
0
0
0
3
1
0
1
2
2
0
1
0
0
0
0
0
0
5
3
2
0
4
7
7
0
0
0
1
0
0
0
0
0
0
0
0
0
0
4
5
10
10
0
20
0
0
0
0
4
11
15
0
1
9
3
4
6
11
0
0
3
1
1
1
0
0
0
0
0
0
0
0
20
20
6
2
1
0
0
0
0
0
0
0
0
0
0
0
0
1
11
10
0
0
0
0
0
0
0
0
0
0
0
0
1
0
4
5
0
0
13
10
2
0
0
0
0
0
0
0
0
0
0
0
0
0
0
0
2
0
14
13
0
1
2
0
3
0
2
38
27
3
0
7
4
15
4
4
0
3
3
0
0
0
0
0
0
0
0
0
0
0
0
2
19
13
16
3
0
0
0
1
4
0
0
0
0
0
0
0
0
0
0
0
0
0
0
0
0
0
0
0
0
0
0
0
0
0
0
0
0
0
0
0
0
0
0
0
0
0
0
0
0
0
0
0
0
0
0
0
0
0
0
0
0
0
0
0
0
0
0
0
0
0
0
0
0
0
0
0
0
0
0
0
0
0
0
0
0
0
0
0
0
10
5
14
19
12
2
0
0
0
3
7
7
1
1
1
14
14
14
9
11
6
15
15
1
12
6
3
18
23
5
0
8
6
3
0
0
0
0
0
0
7
8
0
13
18
5
0
0
0
1
0
6
17
0
0
0
0
0
0
0
0
0
0
0
0
0
0
0
0
0
0
0
0
0
0
0
0
0
0
0
0
0
0
0
0
1
0
0
0
0
0
0
2
0
0
2
2
8
3
6
0
73
73
0
0
0
0
0
0
0
0
0
0
0
7
9
14
12
12
12
30
33
25
23
9
0
0
0
0
0
0
0
0
0
0
0
0
0
0
0
0
0
0
0
0
0
0
0
0
0
0
2
1
0
8
9
0
0
0
0
17
11
0
0
0
0
0
0
0
0
10
7
3
2
0
10
2
20
26
20
1
14
8
0
0
0
11
20
27
20
2
0
0
0
25
19
4
3
11
28
28
2
0
2
0
0
3
5
17
20
0
0
2
2
27
42
21
4
3
6
7
0
0
0
0
10
11
1
0
0
0
0
0
0
0
6
12
3
0
6
2
3
2
2
0
0
0
0
2
10
0
0
16
5
0
7
4
9
8
0
0
0
0
0
0
6
4
6
8
0
2
4
1
6
2
0
11
7
0
32
30
45
44
0
0
0
0
0
0
0
0
0
0
0
0
0
0
0
0
11
14
0
10
3
5
0
0
0
0
0
0
0
0
6
49
65
34
52
94
29
3
29
32
62
47
37
37
25
16
42
3
53
46
0
0
0
0
0
2
14
99
43
30
27
48
1
0
24
93
57
0
74
58
11
46
65
18
4
47
87
43
16
0
0
0
22
22
0
0
0
0
0
0
0
0
0
0
35
53
48
70
68
10
15
37
62
55
56
36
42
42
0
0
0
0
3
17
92
49
9
20
20
0
14
92
100
0
1
49
11
20
72
56
22
13
100
72
15
0
0
58
58
0
0
0
0
0
0
0
0
0
0
0
0
0
0
0
0
0
0
0
0
0
0
0
0
0
0
2
2
0
0
0
0
0
3
4
31
64
24
39
18
24
32
34
8
29
11
11
2
0
0
0
0
0
0
0
0
3
23
15
16
6
17
2
11
0
0
0
0
0
1
23
23
3
12
52
31
41
64
18
55
43
1
51
32
12
20
19
53
32
32
66
37
41
54
11
48
25
10
18
13
28
19
61
17
24
20
58
34
10
0
0
0
0
0
0
0
0
0
9
2
70
105
50
71
33
14
0
0
0
12
54
34
116
60
34
13
0
0
6
17
10
36
19
53
57
11
0
74
8
97
98
74
52
38
33
125
67
99
8
125
138
15
5
42
20
13
5
10
42
12
0
0
30
8
10
0
8
22
7
4
6
0
10
0
10
13
61
25
6
12
5
0
4
2
0
0
11
0
0
0
0
0
0
0
0
0
0
0
19
13
5
10
0
0
13
5
6
14
6
6
16
10
12
0
2
0
0
0
0
10
11
4
7
5
4
1
0
0
0
6
6
9
18
37
60
58
22
9
9
0
35
75
84
48
0
0
0
0
0
0
0
0
0
0
0
0
0
6
5
1
3
10
7
0
0
0
0
0
0
0
0
0
0
0
0
0
0
0
0
0
0
0
0
0
0
0
0
0
0
0
0
0
0
0
0
0
0
0
0
0
0
0
0
0
0
0
0
0
0
0
0
0
0
0
0
