0
0
0
0
0
0
0
0
0
0
0
525
804
1032
1056
537
996
425
840
1068
1071
1059
615
234
414
276
372
354
657
678
752
1144
826
639
235
1206
1107
1077
618
1026
285
358
354
585
288
1082
1182
570
873
756
720
582
1095
456
507
1155
728
677
1103
721
915
360
1053
105
396
438
765
835
943
492
1101
537
783
665
702
564
426
920
738
699
893
741
927
477
771
965
0
798
927
666
918
771
348
1042
245
789
1050
852
870
640
1227
1109
473
874
1109
831
837
558
609
618
285
672
900
825
804
1156
696
912
747
863
1164
1059
1050
807
558
0
617
1005
978
1074
1017
544
1139
888
651
567
384
813
834
915
429
847
570
357
765
489
1080
636
348
1036
678
471
1167
1005
1039
1103
537
594
996
518
823
1189
1134
1065
1053
837
1056
550
1083
734
730
1089
1079
1095
393
1026
1122
1134
759
540
1111
1091
938
1080
1116
1122
379
1080
927
1062
1065
1068
1068
1056
603
540
553
883
921
195
429
397
573
513
1050
1059
1062
1065
1071
534
0
0
0
0
0
0
0
0
0
0
0
0
0
0
0
0
0
0
0
0
0
0
0
0
0
0
0
0
0
0
0
0
531
0
0
1053
522
762
945
907
918
444
1014
282
756
369
813
918
373
196
765
582
558
378
228
774
1142
1309
1428
1416
495
1086
1130
1138
1129
966
414
252
467
296
1098
471
623
866
0
1112
1098
1087
1057
990
1062
1056
1050
737
1071
642
1054
1080
440
363
354
621
494
368
935
1327
1429
1605
1585
1257
415
649
255
387
1094
750
880
1102
1065
197
1062
1105
1098
990
1071
1091
633
1163
1025
1065
1053
980
450
1059
99
498
498
1089
1098
816
1059
653
787
354
98
369
494
435
0
895
934
539
1008
384
627
617
1137
1071
1068
467
993
435
333
279
225
225
396
978
1053
1055
700
909
852
364
576
561
828
366
399
393
99
225
279
279
0
372
930
1065
1065
1083
1089
1071
525
615
379
334
0
195
234
855
735
297
917
964
910
1021
1074
546
0
0
0
0
0
0
0
0
0
0
0
3
0
0
0
0
0
0
0
0
0
0
0
0
531
1128
1160
862
754
450
1111
618
809
794
609
568
276
279
564
1108
1342
1287
1328
1373
1209
1311
1401
1238
1329
1422
1304
1083
1062
1065
1062
397
1053
1074
379
414
523
450
717
105
843
622
462
1056
722
1101
1151
390
633
567
284
1140
771
591
735
828
987
870
414
1166
843
811
657
1105
1087
978
204
648
861
813
663
1033
1047
462
669
768
1205
1179
1065
1074
1077
1062
1053
1059
531
0
0
0
0
0
0
0
0
0
0
0
0
0
0
0
0
0
0
0
0
0
528
1053
1059
1059
1055
707
1053
423
358
232
792
604
231
237
826
1184
898
946
1185
1010
1205
1166
1026
1056
1068
1062
1062
1062
777
1059
969
1064
1070
239
665
419
103
291
527
600
528
316
510
1063
967
768
570
468
504
873
406
749
586
1064
1142
527
476
0
605
600
806
555
868
554
582
888
456
589
830
286
946
789
1132
1144
1091
528
0
0
0
0
0
0
0
0
0
0
0
0
0
0
0
570
1122
1131
1136
1134
685
508
252
619
132
498
1063
1345
1004
1290
1332
1136
1059
1068
1065
1068
1071
993
1064
806
1088
471
783
912
876
817
459
855
288
237
287
445
96
282
399
489
108
102
230
642
195
642
192
516
99
813
192
561
897
1097
1069
857
1164
1072
859
289
794
1194
1400
624
105
318
560
495
710
295
107
534
462
739
123
648
556
1046
699
105
371
105
910
937
419
866
1143
594
863
1073
1073
1099
1109
1074
531
0
0
0
0
0
0
1
0
0
0
0
0
0
0
0
0
0
0
0
534
1068
1071
850
455
603
1084
1026
1027
1076
316
115
207
210
675
829
402
1166
1183
902
1139
600
401
1169
1303
1118
932
1160
1218
562
1187
1227
1210
168
1263
1157
1075
1092
1218
1159
414
1201
1251
1210
975
503
551
134
1153
1152
1230
430
500
1184
1105
1062
1065
600
343
1007
862
732
576
448
297
412
246
412
950
1175
1118
1062
1062
1023
980
449
610
448
105
741
759
972
970
415
969
712
928
1059
488
825
807
987
509
242
0
16
124
226
0
116
243
255
698
680
566
740
753
629
606
774
825
744
795
513
975
600
798
735
883
1060
1062
1066
1071
1080
1026
1050
1056
1062
821
642
777
786
1062
1059
1062
1059
525
0
0
0
0
0
0
0
0
0
0
0
0
0
0
0
0
0
0
0
0
0
0
0
0
0
0
0
0
0
0
0
0
0
0
0
0
0
0
0
0
600
1155
1077
1056
1068
537
0
0
0
0
0
0
0
0
0
0
0
0
0
0
0
0
0
0
0
0
0
0
0
0
0
0
0
0
0
0
0
0
528
1107
1152
747
960
544
1041
1061
891
1063
386
627
227
368
555
873
312
270
287
292
253
519
989
651
1078
586
360
1081
545
0
0
0
0
0
0
0
1
0
0
0
0
0
0
0
0
0
0
537
1062
1050
717
567
1059
1068
534
0
0
0
0
0
0
0
0
0
0
0
0
0
0
0
0
0
531
1080
1102
1080
1066
1059
1056
294
291
290
204
0
0
1069
1064
525
0
0
0
0
0
0
0
0
0
0
0
0
0
0
0
577
1196
1161
1056
1050
804
417
524
0
447
454
368
294
379
708
34
542
613
207
111
839
103
400
385
292
713
768
503
443
969
1075
1090
982
623
1053
838
766
125
892
288
422
338
130
132
499
650
638
504
1081
1071
108
1096
980
954
1094
762
200
1077
1059
1023
1097
1059
702
579
1071
1217
922
1104
1198
1116
941
384
215
1127
1393
1290
735
1307
1304
1250
875
1138
1119
1100
1080
1100
573
140
136
465
399
649
0
1334
1194
1077
954
1335
1226
1098
734
1354
769
1150
1063
1094
1452
1194
1069
704
1110
1367
1147
1073
1046
1089
1283
623
1094
1085
1059
1283
1397
1115
1074
679
1270
1441
1141
1173
1100
1317
1079
1113
442
1286
472
1175
474
1388
683
693
1081
1114
275
388
1109
1059
1130
884
247
925
922
750
518
507
390
384
509
239
389
460
372
528
543
285
360
360
96
375
357
0
240
445
348
417
96
96
0
98
385
405
609
354
396
600
375
582
372
192
282
192
96
96
0
192
276
0
222
222
192
96
0
0
0
0
396
276
0
366
234
0
0
0
0
276
96
0
222
354
234
396
432
278
0
96
0
0
96
0
0
0
276
226
102
227
228
574
344
539
729
532
563
954
359
579
741
397
715
385
0
1068
576
361
510
506
585
589
435
279
0
0
354
222
100
280
374
222
237
240
798
708
720
354
237
99
102
389
339
335
102
196
276
0
0
276
0
354
223
414
498
973
1064
1074
531
0
0
0
0
0
0
0
0
0
0
0
0
0
0
0
0
0
0
0
0
0
0
0
0
0
0
0
0
0
0
0
0
0
0
0
0
0
0
0
0
0
0
0
0
0
0
0
0
0
0
0
0
0
0
0
0
0
0
0
0
0
0
0
0
0
0
0
0
0
0
0
0
528
1059
1062
1109
1021
493
855
908
624
259
1141
761
310
1054
387
1066
1141
469
1125
1163
271
1098
1152
557
1170
1067
1104
780
1099
1079
1110
1111
525
0
4
537
1169
1227
742
583
504
499
1182
1151
577
1135
1114
531
0
0
0
0
0
0
0
0
0
0
0
0
0
0
0
0
0
0
0
557
1086
1065
1061
414
1044
807
996
516
1059
1059
1054
1065
1062
783
1056
1056
712
1059
1020
1059
1065
531
0
0
0
0
0
0
0
0
0
0
0
0
534
1062
1059
1062
1056
1062
378
807
201
591
504
644
474
580
498
612
1044
984
753
721
1056
996
453
372
362
447
279
279
435
0
432
432
234
304
522
265
831
1097
864
1119
915
654
390
1032
1056
1065
1059
639
611
457
722
1074
537
0
0
0
0
0
0
0
0
0
0
0
0
0
0
0
540
1071
1062
1059
1041
654
654
375
378
330
384
840
642
930
419
780
1070
1136
1074
1059
1032
483
0
0
0
0
0
0
0
0
0
0
0
0
0
0
0
0
534
1068
1065
982
1081
663
576
498
371
256
0
109
467
861
802
748
368
0
1256
685
1088
1081
1062
1056
1071
1092
1080
1115
1158
617
676
132
335
789
1121
1054
525
0
0
0
0
0
17
0
0
0
0
0
0
0
525
1056
1068
1070
1056
642
876
615
354
540
222
372
414
642
426
1035
1035
669
354
1093
973
1026
105
822
1227
801
1044
621
227
963
615
834
870
872
720
518
517
1067
1245
1085
1077
570
519
792
1059
1134
1135
534
0
0
0
0
17
0
0
0
0
0
0
0
0
0
0
0
0
0
0
0
0
0
0
525
1056
1092
1083
1077
1086
702
450
222
369
249
369
99
873
945
1161
865
405
886
462
204
1152
690
798
458
1017
909
1071
1056
1059
1065
1090
1023
888
1185
1049
1107
1107
1095
1065
1072
1085
1065
1040
1102
1092
1090
1014
1072
1155
1013
1145
1084
1066
1065
1059
1050
1027
1094
1083
1068
1069
1071
1071
1065
1038
1056
1080
1077
1050
525
0
0
0
0
0
0
4
0
0
0
0
0
0
0
0
552
1078
1053
1007
975
720
1068
627
106
240
372
1134
1097
1098
372
561
809
285
781
904
471
562
862
615
875
736
658
625
752
977
433
645
567
633
1129
696
917
1111
614
437
536
884
902
712
638
792
1212
1072
1067
963
106
472
396
330
96
0
354
276
192
222
702
538
555
622
812
434
654
588
1136
749
887
1138
285
597
506
744
1028
983
964
378
1232
1029
285
285
1114
661
834
651
743
429
638
898
1048
863
624
985
401
349
1082
555
1169
1118
692
413
250
1102
663
855
1199
1118
1063
1072
1062
1059
1044
1059
836
501
1064
1062
1056
1053
1064
1069
1085
751
1117
1062
1063
1062
1044
960
1077
1094
1072
1153
515
1151
1062
571
945
1071
1083
504
1072
523
1016
370
481
548
0
785
857
436
644
965
1005
656
505
388
0
478
240
232
948
289
230
824
486
1142
934
1069
810
1026
654
1171
1153
1062
1073
1082
1086
1011
971
792
871
1109
591
1149
1192
1157
1117
1106
1091
468
495
313
355
979
915
1090
847
1042
624
918
512
288
995
1117
847
1056
1022
854
626
1062
1088
1081
1094
835
277
787
729
1077
1059
732
682
1063
1071
963
1062
711
1056
1076
720
1094
294
1068
504
474
927
591
1053
1050
999
645
366
237
225
360
0
369
366
228
0
642
439
783
339
745
1080
1053
1025
502
1065
1071
996
990
837
768
1053
1005
501
1059
1053
1059
888
285
954
1038
285
961
1050
981
969
414
846
951
978
1056
1059
438
846
276
372
672
612
360
384
222
276
492
276
276
96
672
450
372
396
450
1065
1230
982
1093
1141
575
221
11
977
920
971
1088
638
1161
914
760
810
753
568
620
432
1160
1228
928
933
560
276
96
1178
369
916
270
1197
402
1080
407
363
527
290
285
248
1010
1147
1130
787
614
1056
1059
1053
1059
395
388
365
612
336
704
432
396
354
372
354
234
372
282
432
558
558
1050
841
1065
1068
1062
851
1119
1187
649
1166
409
1095
1124
737
1143
1152
1087
1074
582
1071
1093
956
874
241
486
396
698
587
413
1155
1174
1130
1083
1069
408
1053
1059
1075
373
1117
340
306
648
439
484
127
111
406
208
260
1067
1201
663
683
566
402
592
954
498
100
388
209
1118
1068
1074
680
436
706
0
325
424
758
1130
1053
1045
954
633
1074
1106
1119
1090
537
318
1156
1117
1059
620
991
1111
1115
906
1148
1081
1086
1102
1174
428
1156
1115
897
983
598
1073
1065
1066
1012
555
576
518
497
971
1134
722
1110
1074
1074
214
1005
1014
547
767
673
689
373
1081
1080
1073
1053
1083
1076
398
395
389
384
816
642
871
743
787
680
240
618
459
627
1090
1147
1089
1050
1037
0
482
659
395
726
1016
394
421
479
386
378
0
0
0
1030
1055
705
792
859
397
0
1123
988
1059
558
513
371
1058
1057
1023
1062
1029
1050
1053
798
750
432
97
508
344
0
850
435
331
384
468
384
432
276
279
222
279
102
335
0
336
105
253
0
0
529
321
0
748
587
601
489
375
354
0
0
331
510
333
354
351
0
0
276
0
276
225
407
473
310
468
508
357
470
363
0
8
619
539
516
422
1068
1054
1051
527
0
0
0
3
0
0
0
0
0
0
0
0
0
0
0
0
0
0
0
0
0
0
0
0
0
0
0
0
0
0
0
0
0
0
0
0
0
0
0
0
0
0
0
0
0
0
0
0
0
0
0
0
0
0
0
0
0
0
0
0
0
0
0
0
534
1071
1062
1056
1062
1065
1065
1059
1056
480
396
363
351
471
228
1084
361
1022
731
1171
1162
754
1208
418
836
828
587
667
708
614
670
1108
633
788
1019
362
921
1169
496
914
418
1034
1064
930
582
567
390
1082
593
718
920
350
671
972
455
506
691
593
774
621
1048
869
438
626
881
796
1039
545
397
701
1002
610
870
768
978
722
772
605
432
402
876
202
569
1069
1047
192
787
381
99
229
793
908
238
788
106
4
739
927
737
1050
1065
1074
518
603
975
1056
1062
1056
541
767
983
669
1026
1001
654
576
552
348
516
622
697
237
1133
643
1227
626
399
1170
1138
934
648
498
1052
1102
818
234
777
906
824
1025
567
971
802
578
417
0
0
435
669
697
1123
491
613
865
547
757
849
875
745
943
579
396
631
674
1105
623
892
828
1158
1079
1071
1065
1065
1065
1056
1062
1074
1065
1053
1078
1137
1108
1060
774
819
765
1050
534
228
1026
1055
361
620
256
234
0
0
290
475
1110
1071
540
0
7
0
0
0
0
0
0
0
0
0
0
0
534
1080
1076
1056
1059
606
423
607
715
532
279
424
499
531
973
823
992
451
874
292
340
403
478
0
950
387
676
117
114
510
399
0
269
265
377
386
702
621
440
377
671
230
416
558
567
1060
1062
930
1056
369
0
361
630
300
879
807
1083
881
308
972
473
282
1135
541
1061
0
1143
821
1000
1107
481
1059
1078
924
654
600
1302
1193
1056
405
417
354
860
672
991
685
584
421
1113
788
598
739
1105
1129
1056
573
391
228
789
299
791
905
853
1078
1071
1067
1090
1112
823
1100
844
1091
772
1087
1100
940
1082
1095
1082
1014
1056
1056
1062
1068
1083
1103
1134
1083
1074
1082
1092
1110
1068
917
1058
1096
1068
1059
1059
1116
1124
1093
1085
1059
1114
1136
1076
1056
511
406
576
495
492
580
356
834
798
950
949
442
1047
1078
473
1103
587
1062
501
630
511
780
844
1116
421
415
556
869
1102
700
694
1169
857
1066
1065
1068
1077
1167
402
1123
1059
534
0
0
10
0
0
0
0
0
0
0
0
0
0
0
0
525
1056
1056
765
1008
1053
1059
702
500
618
104
564
1062
1311
1793
1946
2122
2271
1782
1606
1789
991
993
1645
1563
1230
727
1331
99
1224
645
1072
1056
1059
1059
525
0
0
0
0
0
0
0
0
0
0
0
0
0
0
0
0
0
0
0
0
0
0
0
0
0
0
0
0
0
0
0
0
0
0
0
0
0
0
0
0
0
0
0
5044
876
525
1098
1117
1062
1077
1178
1213
872
8958
9555
10540
10903
10017
9951
10904
10564
7352
9254
6764
9259
7166
6450
6547
5518
9264
5081
160
0
222
6919
0
3993
0
1071
1065
1068
1068
1089
1124
1135
436
1220
1143
1071
1071
1056
1053
1096
1066
1119
1080
1098
1105
1112
1087
141
1138
1067
1079
1015
294
941
1136
1065
1068
1068
1065
594
506
568
1053
1056
1059
1092
1092
1108
1108
1123
560
130
301
1177
1181
1093
1068
1035
386
396
605
564
570
360
397
571
1068
1068
1062
1062
1053
1062
1041
702
1042
1118
1015
1153
1087
618
1104
420
1149
1147
1047
1044
579
1056
1068
1063
988
1044
1032
807
1063
1068
390
364
0
594
511
0
774
438
514
518
427
405
634
865
594
281
553
283
276
228
570
525
823
867
660
1071
897
1093
1109
1084
1056
1056
1059
528
3
0
0
0
0
0
0
0
0
0
0
0
877
0
0
0
0
0
0
0
0
0
0
0
1
0
0
0
0
0
0
0
0
0
0
0
0
0
0
0
0
0
0
0
0
0
0
0
0
0
0
0
0
0
0
0
0
0
0
0
0
0
0
0
0
0
0
0
0
0
0
0
0
0
0
531
1059
1053
1050
1057
1183
1217
1101
627
378
450
348
372
372
768
792
513
1116
1068
759
1056
476
504
390
371
510
432
96
387
642
531
612
1034
1063
555
738
117
1023
684
857
1033
937
832
522
1076
834
1053
504
477
362
240
612
399
726
1184
936
732
747
453
240
522
858
810
564
375
729
1050
1038
1086
288
402
420
387
255
675
750
813
924
1107
1056
1053
1050
1056
1059
1065
1071
738
588
792
879
471
474
231
195
1053
1062
505
195
0
0
279
228
519
1062
722
279
192
453
279
0
99
237
276
282
1053
1062
1071
1062
1056
1065
1068
1022
222
1050
481
528
444
552
618
99
0
0
366
282
199
1165
1206
1362
1140
960
1176
1150
1078
1119
1131
1072
1065
1059
837
509
359
373
516
107
528
1210
1220
1259
1161
1074
1057
1062
1095
1089
1061
1075
1062
816
1053
1059
876
279
435
486
268
133
0
248
753
1221
1293
1227
1224
1336
1227
1319
1267
1323
1314
1388
1419
1468
1377
1396
1217
1307
1341
1412
1340
1358
1151
1180
1118
1092
1126
1108
1056
1053
946
1059
837
492
609
395
396
99
1143
1184
1332
1347
1281
1329
1317
1347
1247
1374
1280
1294
1320
1311
1305
1407
1326
1308
1332
1275
1257
1248
1164
1037
1023
1080
1071
1101
1107
1059
1065
1065
997
798
375
288
852
435
567
540
276
354
354
222
420
495
282
228
102
543
886
330
0
978
540
720
1053
495
192
954
1062
1065
1062
1059
1062
1071
1071
1062
978
354
1053
1053
1050
1053
1053
1050
1044
1059
1062
108
1062
1059
1050
804
1013
1068
1062
1059
1038
1056
1026
807
1056
1053
1050
1053
1062
1062
1059
1065
1065
1110
1101
1059
1059
1059
1148
1200
659
1139
1076
1180
1158
1121
1108
1152
1124
1099
920
984
1046
1056
1041
1056
1072
861
726
710
489
864
540
725
510
757
885
1099
1095
1067
1069
710
908
722
548
398
0
1072
1059
1062
1065
991
1056
631
582
726
414
469
589
438
1128
1110
1068
1021
994
240
828
1083
711
531
1109
510
993
528
1131
401
1106
550
803
398
1098
659
1014
398
913
364
800
926
379
1044
1011
643
964
819
906
972
1165
1145
1077
1074
366
571
1062
1075
1074
1029
954
1041
717
1020
1095
692
1077
644
927
652
747
442
1048
737
877
394
732
397
762
902
669
1123
1085
1122
1122
1074
983
240
285
855
653
364
867
378
594
747
1038
1050
1110
1119
1065
567
1065
1059
1056
1059
1062
954
1062
1065
1056
1092
1107
1056
1053
1062
1059
1053
1062
1059
1050
1059
517
753
1050
789
1071
108
289
0
432
0
276
984
441
907
726
909
1122
546
929
1059
1089
991
201
661
615
558
822
726
918
864
816
795
697
774
651
600
864
1133
776
1065
1074
669
723
375
984
1146
438
618
725
693
990
693
426
786
534
579
1072
829
665
607
604
762
417
978
1065
920
598
840
528
930
970
480
945
1248
1059
702
594
726
717
861
903
450
838
759
627
642
495
561
1127
561
444
1090
1191
1089
1020
805
606
489
603
1031
1020
276
571
843
612
345
896
705
547
1065
1086
1038
783
396
1062
1074
1065
1062
951
1062
1062
648
1053
726
1014
729
1038
375
1116
939
471
630
837
399
495
445
714
699
951
453
1032
680
576
1110
402
762
693
634
421
393
386
1090
417
410
387
750
648
951
417
1056
975
990
928
844
696
349
726
771
399
375
372
96
495
414
675
690
282
0
492
414
888
1038
528
799
899
611
1053
729
954
293
378
1053
435
894
894
321
399
490
666
807
111
1177
1130
959
1128
1068
563
456
459
708
201
984
532
972
594
978
948
1128
996
1098
801
894
234
1084
1155
1146
307
237
789
1021
837
363
912
291
1060
888
513
0
927
1167
1200
1074
1062
1062
1059
1056
1053
1062
1011
1053
1062
1080
1068
1068
1074
840
108
1056
587
396
226
225
3
96
225
423
465
885
1074
1053
1059
1059
1008
897
611
471
1062
1059
456
238
853
237
453
99
333
195
372
0
222
222
222
222
354
279
375
308
645
402
627
393
1011
1053
1062
1065
1086
807
574
1075
1059
1065
342
1065
1062
1127
509
237
1113
1050
1044
750
492
279
1053
1056
726
1068
556
1087
1068
1020
1098
1116
534
123
750
454
638
720
614
465
369
0
369
109
243
981
807
105
1059
1071
1134
1131
1173
1196
427
542
1083
1050
954
424
1111
1129
598
1104
1076
1113
744
1088
871
1098
1125
392
1107
996
390
375
0
531
0
399
399
240
378
399
108
544
114
0
255
1169
965
1028
772
516
537
752
1085
802
1057
841
620
671
399
1041
1044
360
1020
399
1038
771
483
320
270
319
255
497
798
960
1057
903
870
610
882
466
558
1000
621
559
96
382
258
0
471
717
249
381
365
222
486
354
99
462
597
1088
1086
1068
1079
1074
1053
1059
1088
1087
1066
1127
1126
828
276
1020
1071
395
497
750
1084
1122
1104
1136
1089
854
258
1012
369
267
463
992
366
283
330
468
741
438
342
285
0
0
0
278
222
0
96
0
0
0
222
0
0
0
0
0
0
276
0
222
96
226
354
276
96
276
0
0
192
0
223
96
590
670
511
588
510
492
341
212
1016
1063
1061
1060
1053
1074
1092
429
495
1044
1050
606
702
414
222
494
468
276
222
222
0
276
0
222
276
96
0
0
330
432
282
222
276
396
396
354
276
0
222
222
396
0
354
222
453
402
498
279
225
399
0
222
276
222
276
222
96
222
372
1053
1065
1065
1053
1086
1103
1086
308
467
594
1060
527
1113
382
662
899
1127
1044
1059
930
567
1053
1075
1098
1128
1062
1053
837
0
1053
1031
1112
563
1124
226
1175
1109
1038
793
1056
915
1074
1144
250
1115
972
874
603
1071
805
787
982
860
887
814
386
275
274
335
415
0
0
484
1086
920
985
765
374
0
505
1056
1086
837
549
497
0
0
0
265
0
0
0
249
243
973
1106
875
732
810
637
414
405
237
376
253
1
122
449
382
276
402
225
358
242
413
360
565
409
375
411
538
560
588
661
913
708
783
821
830
835
810
507
480
366
368
348
446
470
1056
344
1062
1065
1065
1062
576
570
1053
279
359
816
447
450
1059
1059
1059
1071
1065
1056
981
1053
1059
1062
1062
1056
372
1059
1023
1062
1053
1056
1032
1059
936
1068
1032
1059
1065
414
612
663
199
1098
948
1242
630
726
753
927
672
1155
486
621
659
504
810
282
690
864
528
655
1054
876
960
798
1101
519
1093
970
352
1005
879
332
1247
425
594
1070
438
648
798
795
780
1140
696
981
567
768
884
1086
955
645
1132
1054
1063
366
582
1053
618
492
387
507
375
0
234
372
528
222
96
96
96
276
276
96
0
96
222
96
0
96
96
0
0
96
0
222
96
96
222
0
0
432
276
192
96
192
223
222
0
222
234
192
699
723
1059
1062
1065
1059
807
1020
1056
787
1053
1059
750
1050
963
1056
1065
894
675
577
408
1086
519
717
714
1035
1143
765
999
1062
1098
703
586
621
1082
802
783
812
751
645
99
1194
333
939
1102
990
357
678
863
858
1158
522
450
1101
624
1101
1056
999
576
615
1005
1091
375
849
1101
669
977
1170
477
702
462
1101
438
860
888
243
687
942
894
405
957
942
390
786
685
696
1014
660
570
962
727
948
657
1056
554
564
1086
729
702
1158
618
1156
1109
648
1143
1059
1056
368
1065
1011
894
960
960
939
1131
1068
579
354
828
1005
633
888
855
1056
1053
1089
981
1071
1059
1065
1068
857
1071
1071
1062
1067
1065
1068
714
876
582
558
330
384
510
588
227
1143
1179
1083
819
588
282
777
831
393
564
1026
648
676
930
762
599
366
813
861
942
1209
623
901
1215
1086
1062
772
760
267
998
120
888
852
438
903
979
882
930
885
1062
561
648
870
633
669
717
353
682
442
951
627
740
978
891
1139
1135
1166
124
235
570
354
952
1120
1056
708
1056
1056
1059
1053
630
414
513
798
897
1065
1038
613
570
579
975
605
600
357
562
417
360
378
237
357
355
414
354
354
222
234
222
222
0
396
936
583
558
654
486
372
468
222
222
1056
1053
1056
1059
891
1077
1071
1059
999
534
402
231
0
0
354
282
483
1053
657
1017
1056
1062
1065
1062
856
937
510
332
432
276
1032
434
705
472
385
284
0
222
96
96
276
222
0
0
0
0
276
222
222
0
0
96
0
0
0
0
222
96
96
0
276
396
96
330
330
222
396
0
222
0
0
222
96
192
96
96
96
234
192
283
0
0
0
96
384
96
96
396
432
384
702
1100
1089
1050
1122
1134
540
0
0
0
0
2
0
0
0
0
0
0
0
0
0
0
0
0
552
1088
1065
1124
1155
561
1134
1153
1107
1092
1107
1152
1115
1065
981
1101
1114
821
1123
1125
1138
1141
1070
714
1050
679
770
1052
879
230
1039
1053
1079
1095
996
645
355
225
222
0
402
367
0
0
228
453
227
198
390
285
408
426
279
522
563
463
405
387
408
395
561
279
102
105
285
618
474
613
486
276
847
552
1212
1144
1092
1074
1079
1084
1059
1059
1077
1092
1101
1086
1029
1074
1089
1080
1071
1110
1110
1083
1068
540
0
0
0
0
0
0
0
0
0
0
0
0
0
0
0
0
0
0
0
0
0
0
0
0
0
0
0
0
0
0
0
0
0
0
0
0
0
0
0
0
0
0
0
0
486
1023
1088
1083
1056
1058
576
1035
1062
1071
1071
1062
1062
1059
1053
1050
1053
801
1059
1062
1059
807
1062
1046
1056
805
361
928
609
875
978
1136
1021
1118
1130
1027
399
99
501
102
335
366
540
507
630
375
222
510
384
276
396
432
276
450
276
856
222
0
1050
1062
1062
525
0
0
0
0
0
0
0
0
0
0
0
0
0
0
0
0
0
0
612
1145
1059
1056
1056
1029
1062
1005
1059
1060
1056
1044
810
663
516
1088
614
1157
884
1183
1048
831
396
567
492
1313
1193
1068
1062
942
750
387
831
1096
1059
1056
1062
1065
1062
1068
1074
1062
1056
1059
780
1059
1059
447
1050
585
441
564
282
1050
883
1127
0
627
394
1172
869
592
1210
678
1093
1053
966
354
456
243
699
276
784
615
394
1126
1130
1217
864
984
1068
1078
1089
1068
1053
993
1062
1062
1056
1059
1053
1062
1053
567
1057
1060
1062
1061
958
1050
1025
639
402
286
522
535
707
1061
594
1065
1030
655
1058
681
515
333
492
388
558
199
0
103
375
0
330
204
964
84
1093
303
989
734
1057
843
873
1399
1182
728
1104
1111
654
1125
597
1129
1013
1059
1066
1102
1092
639
1077
946
974
1043
0
545
250
464
742
546
1086
781
709
732
1366
1151
1112
1077
1066
1053
1056
1059
1056
1062
1059
728
1050
1146
1156
1059
999
1068
1071
1056
1059
1059
1050
1059
1059
1014
1050
426
1068
438
1062
1056
1059
1071
876
1059
1065
596
1023
872
494
198
0
0
726
398
531
1068
1160
771
942
1122
748
324
1115
365
766
1009
937
923
1165
393
515
936
724
630
1188
857
440
1168
854
949
475
1192
1100
1074
1065
672
232
226
639
1062
1419
1430
1064
1066
1070
1074
652
1068
592
378
360
615
1059
612
670
1056
1065
1065
917
1056
796
1020
402
636
807
282
426
96
558
1152
926
1020
1049
1163
444
771
1089
322
807
1089
522
1073
1048
1056
1058
716
899
1088
710
1065
1069
222
1026
522
615
598
1196
1000
1059
350
862
1040
616
392
704
1173
230
384
380
405
898
757
851
562
1062
1065
915
591
282
386
282
285
1048
702
956
764
850
1147
1103
810
442
0
792
766
637
564
1186
662
843
648
629
1127
1279
615
1065
1056
1044
1024
282
489
782
883
444
774
1018
1222
975
1067
882
561
1143
790
1011
417
1201
1123
1094
1084
1067
1076
1071
1163
1205
1040
1057
1128
1163
794
1137
1135
1084
1075
625
994
1078
1141
1168
1240
1022
1153
1108
1135
1104
767
659
862
1120
1109
1137
1129
1106
908
1167
1129
1115
1068
1068
1152
1136
1159
1133
1147
1161
1184
1180
1116
717
348
372
622
567
531
692
918
867
1041
554
0
785
1094
959
1139
495
867
766
505
693
246
426
988
726
448
1208
1416
1271
1068
1116
1206
1143
1116
1094
419
608
1040
451
888
1182
1309
1196
1101
1123
1124
1112
1071
924
551
785
729
614
940
576
913
913
1002
1059
1113
1240
1184
1070
1154
1231
1136
804
1099
1165
1288
1231
1073
535
521
670
524
941
255
0
525
308
267
0
334
598
397
365
247
0
241
652
300
663
527
409
332
698
277
441
484
439
0
398
124
332
320
489
276
1011
842
630
260
608
719
1108
573
650
276
790
710
639
284
248
845
293
795
282
1056
398
366
396
612
982
1079
705
1119
931
414
0
276
372
504
640
276
357
517
483
950
613
1153
1130
1213
697
640
1167
1148
1103
702
518
1065
1096
604
526
1150
1104
1065
440
1055
1107
898
1202
1097
0
614
434
398
234
350
279
0
400
283
332
562
225
570
610
461
337
305
360
500
604
714
784
528
546
399
279
279
432
450
372
192
192
96
222
354
798
831
987
780
489
612
1021
603
748
1009
1105
1148
1132
1059
718
1059
1065
1068
756
764
770
782
1033
890
1171
1121
1099
681
880
1023
415
423
282
0
282
564
631
916
793
633
1061
1069
1082
1053
1059
1065
741
990
456
372
570
968
276
498
516
288
621
405
354
330
276
0
0
96
222
354
579
1011
1053
1074
1071
1062
1056
1072
1108
1088
1068
792
632
0
584
606
1064
1098
1083
229
622
1112
445
572
510
369
1137
1023
756
625
322
381
388
244
371
0
240
0
249
0
303
0
244
0
246
255
0
330
0
264
0
282
289
0
123
456
407
388
510
1065
1137
1124
1068
1062
1050
1056
1058
1092
844
1101
886
392
0
682
1170
633
1056
483
334
726
0
706
522
0
249
0
432
738
214
672
741
965
1054
868
945
689
907
1139
1096
1059
1079
1080
938
1028
1083
1204
1229
1187
1141
1085
912
1110
909
1055
744
1055
1071
1007
939
1022
907
736
936
1053
1067
958
847
721
869
941
1008
1100
1058
1056
1101
969
716
835
993
960
1017
1179
1108
737
1040
869
750
433
889
920
1165
1087
1080
740
702
621
0
625
1089
1170
1167
1097
888
786
512
1068
1067
1077
1080
1059
1065
1059
1056
1059
1059
1059
1059
1067
1117
1115
1059
105
801
960
747
974
1059
1064
1032
1055
1113
1110
1168
1182
1071
1068
1062
1065
945
1071
1071
681
1050
615
489
360
360
228
222
414
276
1135
1217
1048
992
897
619
307
1105
607
586
846
1088
1118
1063
483
624
1174
1143
1005
402
552
725
992
1124
804
1208
1355
1056
1053
1044
424
225
537
1092
1595
1620
1095
1067
800
1056
1059
1053
1056
609
1047
816
831
369
1158
1088
954
1170
1141
528
776
1207
458
1049
1055
984
240
1167
1150
978
1004
723
476
589
809
948
926
542
1220
1128
1068
432
0
1182
647
595
940
339
1054
885
1061
1033
1316
1081
741
572
874
303
937
963
719
931
1339
1069
1060
1020
835
448
562
567
230
721
1195
1306
1059
1056
1061
1058
1065
1065
1162
1179
1165
1170
986
392
0
749
1140
577
1204
1233
1138
1116
1053
1059
1071
1089
1093
1167
1186
1098
1067
1042
1093
1064
1056
1050
1059
1102
1098
1081
1111
1114
1193
546
450
1151
941
733
1032
1068
1062
864
644
585
1164
526
1147
670
1124
1070
660
615
759
838
12
1054
580
1087
1071
807
1068
610
1081
1186
1208
1155
1115
1107
992
434
418
410
263
614
849
1149
1056
1073
1144
1197
679
1154
1196
659
425
494
705
672
621
380
405
96
609
431
1128
1431
1087
1131
1140
1012
526
1033
877
726
388
1068
1255
1121
1059
1059
627
1065
1057
1067
1118
1183
1119
992
666
318
681
904
323
512
831
1207
435
572
1159
1062
748
905
1124
780
420
1130
1188
1151
532
981
241
978
458
614
608
420
609
654
421
0
982
510
392
1104
1108
1088
1136
406
546
912
1141
1142
408
910
1243
1167
773
449
748
692
1157
1059
1179
1079
1125
1171
1096
1053
585
291
648
372
235
225
276
96
6
595
559
1252
913
1165
976
617
697
840
827
1142
412
1071
657
589
373
357
372
896
896
954
1053
1053
936
276
786
799
713
1029
1062
1062
1068
1068
1065
501
786
417
399
373
354
489
375
229
359
234
232
359
354
978
834
846
372
354
222
222
0
0
0
453
358
710
363
828
378
420
381
228
363
225
0
354
0
402
354
480
354
398
279
222
435
558
1065
1071
667
873
1035
834
831
1062
198
1065
1184
1199
1167
1283
1173
1106
957
831
1092
1189
1221
1123
1146
1212
344
1234
1215
1261
886
1138
1143
1165
1173
676
1162
1130
1136
1227
1155
911
317
1202
1191
1148
937
440
490
489
715
1083
1104
1186
1185
1122
1159
1140
1095
672
679
746
393
1240
1276
498
249
133
247
149
253
307
303
255
0
134
123
292
386
401
364
132
0
0
234
0
0
309
127
0
0
139
338
116
262
131
115
394
279
375
247
547
122
506
454
0
253
630
523
737
951
1169
1109
1137
1140
1056
945
759
918
417
399
279
432
376
372
702
847
379
382
439
820
816
1110
1124
1099
988
981
708
780
486
357
277
354
630
1008
705
600
558
579
528
438
726
420
567
531
372
564
764
441
612
1050
1053
1059
1084
1072
1044
1077
1075
724
452
1100
1132
1143
1165
1195
1155
1062
965
445
112
433
316
1110
1158
1220
1157
1103
702
695
1136
1191
1224
627
1135
678
452
303
380
1084
1142
1120
1101
1105
403
427
640
1116
1160
863
960
780
1056
1200
1027
856
1065
629
561
793
892
1125
1139
1094
1130
1127
1089
1151
1240
1245
1040
1183
1149
1180
1102
1053
1066
1061
1111
1122
1093
382
256
466
973
516
553
483
1112
1237
809
763
1175
939
1179
1086
1115
1048
858
1123
1118
1099
974
413
497
1093
1123
919
1138
1125
1164
1167
1063
1075
1068
968
1078
1097
837
1090
1103
1090
1159
1159
1186
1112
1115
1134
1119
1158
1152
1056
1100
1113
1093
559
0
0
0
0
0
0
0
0
0
4
0
0
0
0
0
528
1076
1125
725
1039
812
1094
649
674
401
503
286
474
224
106
681
1296
1302
1143
1239
1455
841
221
933
1098
1288
1242
927
1144
456
626
913
1002
1069
1045
1065
400
577
287
285
495
711
1147
728
417
1035
1212
818
423
1042
982
1055
117
1130
635
404
741
1143
615
252
1187
1344
1180
1130
1106
1024
1147
1125
1101
1056
672
849
943
1074
867
609
740
507
742
1164
1251
1169
1274
1266
501
657
1235
1315
1278
1287
1200
1108
1107
683
534
456
471
624
897
1118
945
484
953
1182
408
999
1153
1252
633
519
1002
610
769
852
1114
490
996
1211
1176
1098
1077
1069
1100
1103
531
0
0
0
0
0
0
0
0
0
0
0
0
0
0
0
0
0
0
0
525
1056
1071
1085
876
1053
911
577
535
591
304
106
0
662
801
979
1238
831
1150
1125
924
1216
1185
851
1158
1179
886
1187
1086
1055
362
429
582
600
576
99
579
1152
666
949
483
818
1039
1153
1133
1054
1050
1050
1058
917
636
585
216
304
707
451
459
688
460
731
570
109
966
668
413
557
484
945
684
662
1080
788
912
1038
397
1055
796
388
537
447
776
562
1190
497
957
582
1131
1097
894
810
1057
1056
1059
1059
1064
639
615
645
603
201
1141
1153
1115
1049
723
921
966
1050
1050
768
948
828
1097
1002
567
835
1010
1062
1044
618
270
933
645
1117
657
264
0
1136
222
1150
937
711
858
773
614
1090
879
902
282
1147
1106
450
303
864
429
393
255
405
651
285
6
0
451
313
381
0
282
423
219
123
144
0
279
0
270
276
658
505
579
510
416
0
298
102
0
0
502
417
234
234
0
0
0
0
96
96
282
735
369
322
261
150
0
0
303
246
243
378
255
246
456
144
327
0
249
0
0
0
0
129
139
120
306
290
264
104
0
0
0
261
254
315
456
597
998
1130
1096
1082
1083
1056
1120
1133
1051
1036
1066
1100
1077
474
399
520
377
354
1077
585
254
382
884
1187
1279
1256
1171
1160
1139
1095
1056
587
348
609
1062
354
288
288
0
102
0
102
279
354
0
0
6
222
234
504
0
222
195
100
576
399
454
609
561
987
1041
1062
1068
1059
1065
1062
525
0
0
0
0
0
0
0
0
0
0
0
0
0
0
