0
0
0
0
0
0
0
0
0
0
0
0
0
0
0
0
0
0
0
0
0
0
0
0
0
0
0
0
0
3
39
61
157
178
164
163
211
219
219
219
219
219
219
219
221
221
264
298
317
333
351
359
365
405
415
441
473
502
530
542
553
551
550
548
549
549
539
551
563
611
613
616
640
660
678
678
687
701
733
763
776
806
824
848
863
896
900
900
923
937
951
975
1008
1027
1054
1067
1104
1105
1122
1151
1176
1195
1140
1155
1142
1230
1232
1231
1230
1230
1232
1231
1260
1283
1295
1312
1355
1374
1395
1422
1457
1488
1487
1487
1487
1486
1486
1486
1498
1560
1591
1552
1503
1604
1633
1631
1633
1635
1648
1685
1707
1715
1745
1750
1742
1760
1774
1788
1788
1788
1849
1854
1843
1876
1907
1924
1890
1908
1941
1974
1986
2015
2065
2077
2081
2084
2084
2084
2076
2060
2075
2060
2072
2063
2060
2077
2063
2050
2055
2026
2032
2061
2044
2059
2055
2045
2043
2049
2062
2062
2062
2063
2064
2064
2064
2065
2064
2064
2064
2064
2064
2063
2063
2063
2082
2082
2082
2081
2081
2081
2078
2079
2079
2079
2079
2079
2067
2067
2067
2067
2067
2067
2067
2067
2067
2067
2067
2067
2060
2060
2060
2060
2060
2060
2060
2060
2060
2060
2060
2060
2060
2060
2060
2060
2060
2060
2060
2060
2061
2061
2062
2062
2068
2068
2069
2071
2068
2068
2067
2067
2067
2067
2066
2066
2072
2072
2072
2128
2243
2394
2527
2562
2561
2532
2543
2541
2542
2538
2535
2537
2535
2564
2600
2652
2630
2630
2667
2615
2661
2661
2661
2661
2663
2663
2648
2664
2631
2659
2662
2662
2669
2669
2668
2668
2668
2674
2750
2805
2874
2971
3026
3044
3046
3042
3051
3092
3121
3157
3167
3167
3166
3166
3143
3165
3160
3154
3146
3113
3133
3155
3156
3156
3156
3156
3156
3157
3158
3158
3122
3158
3158
3158
3158
3158
3158
3158
3158
3158
3150
3150
3166
3214
3232
3230
3236
3205
3222
3248
3248
3248
3247
3247
3247
3247
3247
3247
3247
3247
3247
3247
3247
3247
3248
3248
3248
3248
3248
3248
3248
3248
3248
3248
3248
3248
3245
3245
3245
3245
3245
3245
3228
3244
3244
3244
3244
3244
3243
3243
3243
3243
3257
3286
3288
3312
3341
3351
3378
3378
3379
3379
3379
3379
3379
3379
3379
3379
3379
3379
3379
3379
3380
3380
3380
3380
3380
3380
3380
3380
3380
3380
3380
3380
3380
3380
3343
3333
3337
3331
3322
3375
3375
3375
3373
3376
3377
3377
3376
3376
3376
3444
3500
3581
3678
3724
3803
3904
3940
4017
4117
4186
4224
4224
4224
4224
4224
4221
4179
4179
4182
4187
4190
4208
4209
4231
4249
4269
4319
4344
4320
4384
4389
4396
4419
4419
4444
4444
4444
4457
4479
4528
4552
4551
4569
4586
4586
4589
4632
4676
4676
4676
4686
4731
4732
4729
4722
4759
4750
4718
4756
4819
4854
4854
4854
4854
4854
4853
4849
4849
4849
4849
4849
4849
4849
4849
4849
4848
4848
4848
4850
4850
4850
4850
4850
4850
4850
4850
4850
4850
4850
4850
4851
4851
4851
4851
4851
4850
4850
4850
4850
4850
4850
4850
4849
4860
4887
4873
4845
4888
4952
5050
5092
5093
5092
5093
5093
5093
5093
5093
5093
5095
5079
5096
5096
5092
5096
5096
5090
5088
5083
5088
5097
5088
5127
5132
5132
5129
5129
5131
5160
5170
5197
5216
5189
5223
5189
5188
5188
5189
5195
5231
5241
5252
5251
5260
5273
5273
5283
5288
5288
5309
5316
5294
5318
5339
5337
5339
5339
5339
5339
5339
5339
5339
5339
5339
5341
5341
5341
5341
5341
5341
5306
5330
5319
5307
5284
5293
5271
5268
5288
5286
5299
5255
5384
5431
5459
5445
5557
5557
5562
5562
5562
5564
5561
5549
5546
5561
5561
5561
5561
5562
5562
5562
5562
5562
5562
5562
5562
5562
5562
5562
5562
5562
5562
5562
5562
5562
5562
5562
5562
5562
5562
5562
5562
5562
5605
5620
5624
5617
5611
5621
5618
5630
5674
5804
5852
5854
5856
5828
5855
5863
5863
5863
5859
5857
5871
5874
5857
5878
5905
5904
5904
5904
5904
5933
5939
5955
5981
6008
6006
6006
6003
5996
5998
6011
6009
6009
6009
6009
6009
6009
6009
6009
6005
6005
6005
6004
6004
6004
6004
6004
6004
6004
6004
6004
6004
6004
6004
6007
6004
6004
6004
5990
5993
5981
5976
5989
5988
5989
5987
5977
5983
5995
6017
6034
6035
6011
6016
6016
6033
6130
6145
6163
6135
6136
6126
6117
6193
6196
6214
6191
6184
6194
6192
6208
6291
6285
6229
6230
6226
6238
6254
6256
6255
6320
6250
6234
6257
6255
6301
6334
6334
6334
6335
6335
6340
6321
6335
6316
6305
6308
6321
6326
6329
6289
6283
6339
6335
6335
6334
6333
6332
6333
6333
6333
6333
6333
6332
6259
6266
6317
6319
6251
6331
6328
6324
6324
6268
6249
6249
6250
6254
6252
6254
6254
6255
6256
6256
6288
6320
6319
6321
6318
6322
6318
6319
6325
6329
6329
6329
6328
6328
6317
6279
6328
6335
6320
6335
6338
6337
6335
6335
6335
6335
6335
6335
6335
6340
6340
6340
6340
6340
6340
6340
6340
6340
6340
6340
6340
6339
6339
6339
6339
6339
6339
6339
6339
6339
6339
6339
6339
6336
6336
6336
6336
6336
6336
6336
6336
6336
6336
6336
6336
6335
6335
6335
6335
6335
6335
6335
6335
6335
6335
6278
6313
6337
6337
6337
6337
6337
6337
6336
6336
6336
6336
6336
6336
6336
6336
6336
6336
6336
6336
6336
6336
6336
6336
6336
6336
6336
6336
6336
6336
6336
6336
6336
6336
6336
6336
6336
6336
6331
6300
6317
6257
6329
6326
6325
6326
6326
6323
6327
6327
6329
6327
6327
6316
6327
6323
6326
6330
6328
6318
6329
6327
6329
6329
6329
6315
6330
6330
6334
6333
6333
6333
6333
6333
6330
6330
6330
6330
6330
6330
6330
6330
6330
6330
6330
6330
6328
6328
6328
6328
6328
6328
6328
6328
6328
6328
6328
6328
6335
6335
6335
6335
6335
6335
6335
6335
6335
6335
6335
6335
6334
6326
6333
6334
6335
6335
6334
6334
6334
6334
6334
6334
6332
6328
6332
6332
6332
6332
6333
6333
6333
6333
6333
6333
6335
6335
6335
6335
6335
6335
6335
6289
6265
6331
6331
6331
6334
6334
6330
6330
6330
6330
6330
6332
6330
6348
6358
6336
6369
6363
6367
6376
6376
6376
6376
6379
6403
6428
6424
6422
6469
6474
6439
6484
6482
6423
6381
6430
6426
6427
6417
6392
6392
6395
6392
6416
6439
6415
6393
6462
6487
6487
6450
6393
6445
6487
6488
6488
6479
6417
6476
6487
6487
6487
6486
6512
6570
6559
6579
6600
6638
6678
6685
6683
6665
6789
6820
6843
6863
6864
6952
6990
6993
6959
6960
7006
6989
6993
6992
6994
7001
7005
7003
7004
6978
7061
7063
7062
7024
7098
7107
7107
7087
7156
7186
7185
7195
7224
7271
7280
7282
7291
7278
7348
7357
7357
7364
7412
7432
7443
7436
7436
7495
7502
7572
7559
7556
7621
7672
7705
7601
7700
7751
7783
7775
7751
7805
7849
7867
7842
7926
7946
7954
7958
7891
7893
7908
7960
7958
7879
7940
7941
7896
7939
7952
7952
7951
7952
7948
7944
7945
7952
7960
7960
7960
7960
7960
7960
7960
7960
7960
7960
7960
7960
7957
7957
7957
7958
7958
7957
7958
7957
7958
7957
7957
7957
7954
7954
7954
7954
7954
7954
7954
7954
7954
7954
7954
7954
7953
7953
7953
7953
7953
7953
7953
7953
7953
7953
7953
7953
7953
7953
7953
7953
7953
7953
7953
7953
7953
7953
7953
7953
7952
7952
7952
7952
7952
7952
7950
7950
7950
7950
7950
7950
7955
7955
7955
7955
7955
7955
7955
7955
7955
7955
7955
7954
7955
7940
7943
7934
7950
7950
7953
7952
7952
7952
7951
7951
7953
7953
7953
7953
7953
7953
7953
7953
7953
7952
7953
7953
7953
7953
7953
7953
7953
7955
7955
7955
7955
7955
7955
7955
7953
7953
7953
7953
7953
7953
7953
7953
7953
7953
7953
7944
7951
7951
7951
7951
7951
7951
7951
7951
7951
7951
7951
7951
7954
7954
7954
7954
7954
7954
7954
7954
7954
7954
7954
7954
7954
7954
7954
7954
7954
7954
7954
7954
7954
7954
7954
7954
7954
7954
7954
7954
7954
7954
7954
7954
7954
7954
7954
7954
7954
7954
7954
7954
7954
7954
7954
7954
7954
7954
7954
7954
7953
7953
7953
7953
7953
7953
7953
7953
7953
7953
7953
7953
7953
7953
7953
7953
7953
7923
7906
7900
7892
7919
7905
7906
7906
7913
7916
7924
7929
7917
7932
7951
7893
7915
7911
7921
7925
7932
7917
7939
7945
7940
7949
7957
7895
7955
7957
7957
7953
7953
7859
7882
7875
7890
7887
7898
7893
7937
7951
7917
7961
7961
7961
7961
7961
7961
7961
7961
7961
7961
7961
7961
7958
7958
7958
7958
7958
7958
7958
7958
7958
7953
7958
7958
7957
7957
7957
7957
7957
7957
7957
7957
7957
7957
7957
7957
7957
7957
7957
7957
7957
7957
7957
7957
7957
7957
7957
7957
7958
7958
7958
7958
7958
7958
7958
7958
7958
7958
7958
7958
7954
7954
7954
7954
7954
7954
7954
7954
7954
7954
7954
7954
7953
7953
7953
7953
7953
7953
7953
7953
7953
7953
7953
7953
7953
7953
7953
7953
7953
7961
7956
7964
7993
8044
8084
8165
8192
8190
8183
8213
8213
8213
8213
8212
8212
8211
8207
8211
8211
8211
8211
8211
8211
8211
8210
8210
8210
8210
8210
8210
8208
8208
8208
8208
8208
8208
8208
8208
8208
8209
8209
8209
8211
8211
8211
8219
8241
8267
8273
8301
8249
8292
8313
8313
8476
8315
8315
8315
8315
8315
8315
8315
8315
8315
8315
8315
8315
8315
8315
8316
8316
8316
8316
8316
8316
8250
8317
8317
8317
8317
8315
8310
8310
8307
8320
8350
8375
8375
8368
8368
8433
8436
8391
8449
8449
8449
8410
8444
8447
8429
8390
8402
8394
8397
8394
8372
8439
8439
8439
8439
8439
8439
8439
8438
8447
8447
8447
8447
8447
8447
8447
8447
8447
8447
8447
8445
8448
8448
8448
8448
8448
8448
8448
8448
8448
8462
8477
8500
8550
8553
8554
8558
8585
8585
8583
8598
8655
8679
8680
8680
8679
8699
8750
8755
8742
8776
8773
8745
8764
8813
8876
8861
8874
8874
8874
8874
8874
8817
8874
8874
8874
8874
8874
8874
8872
8872
8872
8872
8872
8872
8872
8872
8872
8872
8872
8872
8872
8872
8872
8872
8872
8872
8872
8872
8873
8847
8860
8851
8874
8874
8874
8874
8874
8874
8875
8875
8897
8927
8957
8950
8973
9027
9025
9025
9075
9107
9077
9087
9116
9124
9139
9138
9139
9139
9111
9045
9059
9135
9123
9101
9122
9142
9142
9142
9142
9138
9050
9120
9137
9137
9142
9128
9083
9080
9129
9140
9137
9137
9137
9137
9047
9133
9136
9136
9130
9135
9136
9137
9137
9137
9114
9137
9137
9137
9137
9137
9137
9137
9137
9137
9140
9140
9140
9140
9140
9140
9140
9140
9140
9111
9141
9141
9139
9139
9139
9139
9139
9139
9139
9139
9174
9170
9185
9185
9206
9222
9234
9249
9265
9258
9283
9300
9337
9358
9376
9399
9402
9446
9460
9468
9486
9485
9505
9537
9549
9592
9601
9601
9601
9601
9625
9656
9681
9672
9658
9733
9736
9736
9736
9736
9730
9730
9730
9730
9730
9730
9730
9730
9730
9746
9753
9757
9761
9790
9801
9819
9823
9766
9796
9782
9856
9856
9856
9856
9865
9924
9916
9859
9861
9978
9980
9980
9980
10005
10027
10050
10066
10082
10082
10091
10127
10092
10123
10127
10160
10171
10163
10189
10211
10254
10202
10238
10224
10228
10280
10295
10331
10372
10388
10388
10393
10393
10393
10393
10393
10393
10393
10393
10393
10393
10393
10393
10399
10373
10349
10399
10400
10400
10400
10400
10400
10390
10403
10401
10340
10331
10404
10403
10403
10403
10402
10396
10404
10364
10329
10385
10404
10379
10380
10380
10400
10376
10380
10401
10344
10348
10322
10344
10364
10363
10378
10381
10382
10399
10396
10397
10381
10360
10339
10397
10404
10404
10397
10383
10331
10407
10407
10355
10365
10390
10394
10342
10373
10384
10386
10377
10365
10324
10393
10336
10385
10393
10393
10395
10397
10398
10398
10398
10388
10311
10368
10391
10398
10398
10398
10396
10324
10399
10399
10398
10399
10401
10400
10389
10306
10399
10398
10398
10400
10384
10400
10400
10400
10401
10396
10401
10401
10401
10401
10401
10393
10338
10403
10405
10405
10405
10405
10406
10406
10402
10402
10402
10402
10402
10402
10402
10402
10402
10402
10402
10402
10402
10413
10423
10428
10428
10438
10442
10442
10442
10442
10442
10442
10442
10442
10442
10443
10443
10443
10443
10443
10443
10443
10443
10443
10443
10443
10443
10443
10443
10443
10443
10443
10443
10443
10443
10443
10443
10443
10443
10442
10442
10442
10442
10442
10442
10442
10442
10442
10442
10442
10442
10444
10444
10444
10444
10444
10482
10585
10573
10546
10550
10556
10560
10560
10627
10666
10672
10652
10674
10720
10726
10725
10725
10725
10725
10723
10723
10758
10856
10891
10891
10889
10889
10889
10937
10958
10939
10936
10995
11009
11020
11021
11021
11022
11021
11023
11022
11046
11108
11139
11139
11140
11140
11140
11140
11140
11140
11139
11141
11141
11141
11140
11140
11140
11140
11140
11140
11140
11140
11140
11140
11140
11140
11141
11141
11144
11141
11141
11141
11109
11036
11093
11119
11130
11132
11116
11132
11087
11121
11137
11080
11107
11137
11119
11137
11133
11133
11126
11129
11124
11111
11092
11113
11083
11132
11136
11138
11140
11140
11140
11113
11107
11063
11075
11061
11085
11108
11128
11122
11126
11122
11121
11127
11085
11099
11083
11092
11130
11134
11123
11098
11104
11103
11085
11092
11138
11137
11131
11105
11085
11052
11052
11041
11029
11090
11137
11137
11137
11110
11131
11133
11072
11133
11097
11071
11069
11089
11132
11132
11132
11131
11051
11134
11088
11123
11133
11102
11120
11068
11095
11117
11082
11140
11099
11113
11137
11116
11116
11044
11070
11038
11034
11038
11100
11088
11123
11134
11134
11134
11134
11134
11134
11133
11129
11118
11122
11117
11130
11135
11135
11135
11096
11133
11127
11119
11127
11136
11087
11062
11067
11085
11134
11136
11136
11133
11121
11135
11051
11099
11125
11125
11123
11123
11132
11124
11131
11131
11125
11126
11143
11141
11140
11140
11141
11141
11141
11142
11142
11140
11137
11073
11049
11049
11136
11136
11136
11136
11136
11136
11136
11136
11137
11137
11137
11137
11137
11137
11137
11137
11137
11137
11137
11137
11137
11137
11137
11137
11137
11138
11138
11138
11138
11138
11138
11138
11138
11138
11134
11131
11127
11127
11127
11115
11116
11116
11130
11133
11133
11133
11140
11140
11140
11140
11140
11140
11140
11140
11140
11139
11139
11139
11139
11139
11139
11137
11123
11116
11102
11069
11060
11055
11065
11066
11065
11088
11114
11140
11136
11135
11134
11134
11134
11134
11134
11134
11137
11137
11137
11140
11140
11140
11140
11140
11140
11140
11140
11140
11142
11142
11142
11142
11142
11142
11142
11142
11142
11142
11142
11142
11139
11139
11139
11139
11139
11139
11139
11139
11139
11139
11139
11139
11139
11139
11139
11139
11139
11139
11139
11139
11139
11139
11139
11139
11139
11139
11139
11139
11139
11139
11139
11139
11139
11139
11139
11139
11139
11139
11139
11139
11139
11139
11139
11139
11139
11139
11139
11139
11142
11142
11142
11142
11170
11204
11156
11194
11248
11225
11244
11295
11306
11318
11339
11348
11363
11378
11394
11414
11441
11462
11486
11487
11492
11517
11544
11538
11587
11587
11601
11602
11602
11602
11602
11602
11652
11658
11658
11680
11699
11721
11744
11758
11776
11785
11787
11808
11820
11859
11873
11878
11901
11923
11936
11959
11965
11983
11991
12018
12040
12066
12088
12114
12134
12156
12177
12192
12196
12210
12210
12217
12227
12227
12227
12237
12248
12247
12244
12246
12253
12252
12235
12233
12229
12244
12246
12246
12246
12246
12246
12246
12221
12221
12221
12221
12223
12211
12211
12211
12211
12211
12211
12211
12211
12211
12211
12213
12237
12246
12250
12273
12288
12369
12366
12379
12410
12427
12426
12426
12427
12445
12476
12505
12504
12525
12538
12552
12555
12558
12606
12608
12617
12617
12617
12617
12617
12629
12655
12681
12693
12705
12726
12739
12762
12764
12771
12800
12800
12808
12824
12835
12855
12865
12870
12898
12925
12942
12945
12951
12951
12951
12951
12951
12951
12951
12951
12951
12939
12922
12951
12951
12951
12951
12951
12951
12951
12951
12951
12951
12947
12945
12942
12942
12942
12942
12946
12926
12948
12948
12948
12948
12949
12949
12949
12949
12949
12949
12949
12949
12949
12949
12949
12949
12951
12916
12952
12952
12952
12952
12952
12952
12952
12952
12952
12951
12954
12961
12991
13023
13008
13008
13075
13077
13077
13067
13044
13044
12988
12977
13031
13037
13032
13019
13018
13019
13026
13020
13007
13014
13037
13067
13077
13078
12954
12954
12954
12954
12954
12954
12954
12954
12954
12954
12954
12954
12954
12957
12991
13019
13022
13013
13034
13089
13089
13090
13152
13154
13098
13098
13186
13214
13174
13225
13260
13262
13257
13257
13257
13257
13334
13373
13374
13374
13374
13374
13389
13417
13427
13444
13477
13486
13522
13550
13530
13540
13588
13603
13603
13603
13603
13603
13603
13621
13626
13632
13648
13658
13658
13610
13593
13654
13660
13602
13630
13660
13638
13637
13605
13637
13625
13659
13656
13656
13662
13662
13663
13662
13650
13617
13654
13659
13659
13648
13644
13590
13601
13604
13631
13656
13656
13656
13656
13601
13620
13649
13653
13653
13619
13663
13660
13661
13660
13660
13660
13660
13660
13660
13660
13668
13686
13709
13690
13719
13746
13760
13760
13777
13825
13825
13825
13825
13827
13845
13883
13885
13887
13925
13951
13972
14017
14010
13996
14056
14081
14081
14081
14081
14081
14004
14005
14081
14081
14081
14081
14081
14076
14076
14076
14076
14076
14076
14076
14076
14076
14076
14076
14076
14075
14075
14075
14075
14077
14075
14075
14075
14075
14075
14075
14075
14082
14082
14182
14179
14256
14288
14309
14071
14334
14327
14328
14338
14348
14353
14359
14358
14361
14361
14363
14361
14363
14360
14360
14360
14366
14366
14366
14366
14366
14366
14366
14366
14366
14366
14366
14366
14367
14367
14367
14367
14367
14367
14367
14367
14367
14367
14367
14367
14367
14367
14367
14367
14367
14367
14367
14367
14367
14367
14367
14367
14367
14367
14367
14367
14367
14367
14367
14368
15151
15434
15436
15384
15421
15421
15419
15350
15381
15418
15115
15454
15495
15561
15262
15531
15533
15538
15468
15476
15474
15500
15260
15531
15544
15548
15546
15549
15550
15550
15550
15544
15544
15560
15562
15509
15562
15562
15562
15539
15549
15478
15511
15502
15556
15559
15556
15556
15556
15512
15488
15554
15559
15524
15557
15512
15523
15533
15550
15553
15546
15545
15551
15509
15550
15550
15550
15550
15550
15550
15550
15550
15550
15551
15552
15492
15518
15530
15554
15533
15549
15548
15544
15489
15548
15560
15559
15560
15561
15561
15561
15561
15561
15561
15561
15561
15544
15560
15560
15560
15559
15559
15551
15552
15549
15518
15467
15562
15551
15512
15556
15557
15465
15560
15560
15559
15560
15560
15557
15557
15557
15550
15554
15557
15557
15551
15551
15552
15552
15553
15553
15553
15554
15559
15559
15556
15543
15534
15543
15558
15558
15558
15558
15558
15558
15558
15559
15559
15526
15560
15561
15548
15496
15544
15529
15560
15558
15559
15559
15559
15562
15562
15562
15561
15562
15562
15562
15562
15562
15562
15562
15562
15281
15281
15281
15281
15281
15281
15282
15282
15282
15282
15282
15282
15278
15278
15278
15278
15278
15278
15278
15278
15278
15278
15278
15278
15279
15279
15279
15279
15279
15279
15279
15279
15279
15279
15279
15279
15279
15279
15279
15279
15279
15279
15279
15279
15279
15279
15279
15279
15279
15279
15279
15279
15279
15279
15279
15279
15279
15279
15279
15279
15279
15279
15279
15279
15279
15278
15281
15228
15205
15257
15287
15287
15274
15274
15274
15274
15274
15291
15294
15298
15316
15316
15316
15316
15315
15315
15315
15315
15315
15315
15315
15326
15315
15342
15360
15392
15443
15456
15452
15447
15447
15432
15474
15477
15476
15453
15472
15476
15487
15486
15486
15484
15484
15484
15484
15484
15493
15530
15571
15590
15590
15581
15581
15596
15625
15654
15651
15641
15637
15685
15677
15694
15702
15702
15693
15683
15688
15712
15731
15759
15787
15802
15802
15802
15803
15803
15803
15803
15803
15803
15803
15803
15803
15803
15803
15803
15808
15808
15808
15808
15808
15808
15808
15808
15808
15808
15808
15808
15808
15808
15808
15808
15808
15808
15808
15808
15808
15808
15808
15808
15805
15805
15805
15805
15805
15805
15805
15805
15805
15805
15805
15805
15809
15809
15809
15809
15809
15809
15867
15922
16056
16122
16122
16074
16114
16125
16082
16119
16122
16123
16123
16123
16123
16123
16123
16123
16126
16131
16231
16317
16423
16496
16499
16500
16500
16480
16499
16497
16498
16497
16497
16497
16497
16462
16474
16454
16449
16452
16455
16455
16456
16497
16536
16604
16641
16694
16715
16804
16861
16927
16966
17054
17135
17196
17316
17412
17413
17530
17597
17645
17727
17825
17886
17945
17902
17940
17898
17911
17936
17939
17939
17939
17939
17939
17939
17938
17958
17958
17958
17988
18024
18091
18178
18246
18304
18360
18443
18505
18617
18681
18725
18806
18880
18954
19057
19132
19197
19278
19348
19410
19463
19526
19477
19534
19534
19534
19500
19539
19539
19539
19539
19539
19532
19532
19532
19532
19532
19532
19532
19532
19532
19532
19532
19532
19534
19534
19534
19534
19534
19534
19534
19534
19534
19534
19534
19534
19534
19534
19534
19534
19534
19534
19534
19534
19534
19534
19534
19534
19533
19533
19533
19533
19533
19533
19533
19533
19533
19533
19533
19533
19522
19522
19522
19522
19522
19522
19522
19522
19522
19522
19522
19522
19523
19523
19523
19523
19523
19523
19523
19523
19496
19523
19523
19522
19513
19473
19475
19460
19484
19489
19495
19507
19508
19500
19449
19520
19534
19534
19534
19534
19534
19534
19534
19529
19528
19534
19533
19533
19517
19533
19531
19523
19505
19520
19522
19528
19528
19528
19528
19527
19522
19516
19520
19519
19526
19527
19528
19528
19529
19529
19528
19528
19528
19528
19516
19509
19526
19479
19531
19531
19531
19515
19514
19527
19529
19529
19529
19502
19467
19528
19509
19520
19499
19517
19530
19518
19508
19526
19527
19527
19527
19527
19527
19527
19526
19527
19527
19527
19525
19526
19526
19527
19521
19441
19525
19524
19525
19525
19525
19525
19529
19525
19525
19525
19525
19525
19511
19488
19513
19465
19455
19414
19469
19424
19435
19482
19488
19479
19475
19466
19467
19481
19478
19494
19525
19526
19487
19530
19529
19531
19531
19531
19531
19530
19530
19530
19529
19529
19529
19529
19529
19497
19536
19536
19536
19536
19536
19536
19529
19528
19527
19529
19527
19527
19520
19527
19527
19527
19527
19527
19527
19527
19527
19527
19527
19527
19527
19527
19527
19527
19527
19527
19528
19528
19528
19528
19552
19580
19543
19581
19624
19586
19626
19668
19662
19675
19718
19720
19740
19755
19780
19791
19811
19843
19869
19888
19900
19909
19939
19951
19983
20001
20052
20099
20098
20098
20098
20098
20094
20128
20166
20184
20200
20214
20216
20239
20264
20281
20305
20337
20355
20360
20375
20412
20404
20412
20424
20426
20433
20436
20436
20436
20435
20450
20477
20530
20531
20515
20572
20572
20572
20572
20572
20581
20623
20640
20657
20694
20694
20694
20719
20739
20751
20776
20772
20791
20830
20858
20866
20866
20866
20866
20866
20875
20917
20949
20959
20983
20982
20986
21004
21021
21056
21082
21071
21086
21086
21086
21086
21086
21086
21086
21086
21086
21086
21086
21086
21085
21085
21085
21085
21085
21087
21119
21139
21148
21168
21180
21179
21189
21207
21235
21265
21258
21265
21315
21342
21322
21357
21369
21389
21370
21359
21345
21359
21369
21405
21405
21405
21405
21421
21450
21447
21475
21525
21551
21584
21618
21631
21648
21652
21666
21682
21683
21683
21683
21682
21682
21684
21720
21729
21731
21731
21738
21755
21778
21804
21804
21838
21856
21878
21890
21888
21914
21945
21938
21968
21979
22015
22047
22054
22037
22052
22081
22079
22074
22044
22035
22083
22061
22140
22140
22140
22140
22140
22141
22161
22197
22148
22151
22204
22251
22219
22259
22302
22298
22304
22304
22327
22396
22436
22424
22421
22446
22488
22470
22466
22505
22515
22500
22515
22530
22531
22534
22580
22613
22617
22618
22618
22618
22618
22618
22611
22611
22611
22610
22608
22611
22600
22611
22610
22612
22613
22613
22611
22611
22611
22611
22611
22611
22623
22628
22655
22658
22659
22659
22656
22656
22656
22656
22656
22656
22656
22656
22656
22656
22656
22656
22657
22657
22657
22657
22657
22657
22657
22657
22657
22657
22657
22657
22664
22679
22673
22692
22695
22719
22720
22720
22720
22689
22644
22646
22720
22720
22720
22720
22720
22719
22665
22647
22657
22719
22719
22719
22719
22719
22719
22719
22719
22719
22645
22644
22716
22721
22722
22700
22676
22685
22678
22655
22644
22673
22710
22691
22704
22714
22714
22717
22714
22714
22720
22721
22720
22719
22707
22682
22689
22636
22691
22686
22656
22711
22659
22669
22682
22618
22706
22672
22674
22700
22699
22698
22701
22709
22704
22692
22690
22696
22702
22704
22708
22707
22710
22710
22711
22708
22709
22711
22708
22716
22707
22706
22706
22705
22668
22723
22727
22727
22727
22727
22727
22707
22641
22664
22709
22673
22668
22679
22704
22721
22726
22728
22728
22726
22708
22708
22705
22701
22708
22708
22713
22717
22730
22730
22730
22720
22728
22729
22729
22729
22729
22729
22716
22716
22719
22720
22720
22722
22728
22729
22729
22729
22727
22727
22728
22726
22728
22716
22720
22687
22665
22716
22722
22722
22722
22709
22727
22712
22630
22725
22728
22728
22728
22684
22694
22699
22730
22728
22691
22663
22730
22668
22694
22701
22636
22640
22628
22628
22718
22724
22728
22728
22728
22728
22728
22728
22731
22731
22731
22731
22731
22731
22719
22719
22719
22719
22719
22719
22719
22719
22719
22719
22719
22719
22720
22720
22720
22720
22720
22720
22720
22720
22720
22720
22720
22720
22720
22721
22721
22721
22720
22720
22720
22720
22720
22716
22721
22721
22721
22721
22721
22721
22717
22723
22721
22721
22721
22721
22721
22721
22717
22717
22717
22717
22717
22717
22717
22717
22717
22717
22717
22717
22717
22717
22717
22717
22717
22717
22717
22717
22717
22717
22717
22717
22717
22717
22717
22717
22717
22717
22717
22717
22717
22717
22717
22717
22717
22717
22717
22717
22717
22717
22717
22717
22717
22717
22717
22717
22717
22717
22706
22703
22676
22681
22700
22722
22722
22717
22628
22642
22670
22635
22733
22733
22733
22735
22734
22734
22722
22654
22730
22732
22724
22724
22724
22724
22724
22675
22646
22669
22678
22668
22723
22723
22735
22735
22735
22702
22675
22669
22735
22734
22693
22699
22734
22734
22734
22734
22694
22674
22671
22675
22672
22670
22670
22667
22667
22667
22679
22725
22733
22733
22733
22733
22733
22734
22734
22679
22684
22671
22694
22694
22694
22694
22684
22683
22681
22681
22682
22659
22652
22707
22715
22716
22716
22716
22716
22716
22714
22706
22700
22707
22711
22721
22725
22725
22725
22724
22725
22725
22725
22724
22724
22724
22724
22724
22724
22724
22724
22724
22685
22678
22717
22694
22648
22683
22722
22729
22732
22732
22732
22732
22731
22731
22731
22731
22731
22731
22731
22731
22732
22732
22732
22732
22732
22732
22732
22732
22732
22732
22732
22732
22731
22731
22731
22731
22731
22731
22731
22731
22731
22703
22703
22732
22731
22731
22731
22731
22731
22731
22731
22731
22731
22731
22731
22731
22720
22746
22788
22842
22843
22872
22888
22901
22906
22953
22965
22980
23004
23024
23043
23043
23056
23079
23100
23123
23159
23180
23221
23249
23276
23279
23326
23341
23345
23410
23394
23388
23444
23455
23480
23488
23491
23519
23535
23540
23556
23601
23628
23651
23674
23702
23715
23631
23654
23672
23637
23735
23735
23735
23735
23735
23735
23735
23735
23735
23738
23738
23738
23738
23738
23738
23738
23738
23738
23738
23738
23738
23737
23737
23737
23738
23738
23738
23738
23738
23738
23738
23738
23738
23732
23732
23732
23732
23732
23732
23732
23732
23732
23732
23732
23732
23732
23732
23732
23732
23732
23732
23732
23732
23732
23732
23730
23732
23734
23734
23734
23734
23734
23734
23734
23734
23734
23734
23734
23734
23736
23797
23789
23808
23840
23860
23884
23915
23950
23971
23984
23999
24039
24024
24062
24088
24106
24137
24162
24168
24169
24219
24227
24252
24283
24317
24317
24334
24349
24400
24432
24444
24461
24502
24521
24534
24530
24530
24530
24530
24554
24579
24595
24618
24667
24673
24713
24738
24739
24754
24752
24782
24787
24820
24829
24829
24849
24880
24904
24904
24929
24959
24973
24999
25005
24997
25048
25056
25051
25082
25109
25132
25154
25183
25209
25228
25262
25296
25317
25267
25231
25260
25278
25266
25351
25351
25350
25350
25350
25350
25350
25350
25350
25347
25313
25343
25349
25349
25328
25297
25296
25346
25351
25351
25338
25349
25347
25349
25353
25349
25352
25353
25349
25352
25352
25352
25352
25352
25352
25352
25352
25352
25352
25352
25352
25352
25352
25382
25440
25459
25462
25462
25462
25496
25500
25502
25524
25536
25568
25600
25591
25616
25649
25642
25657
25686
25713
25754
25767
25805
25849
25877
25833
25875
25921
25929
25948
25951
25977
25991
26002
26034
26007
26043
26092
26086
26100
26117
26140
26143
26153
26170
26174
26191
26212
26228
26246
26269
26268
26215
26210
26203
26232
26288
26293
26286
26275
26267
26263
26309
26309
26309
26310
26310
26310
26305
26306
26306
26306
26306
26306
26306
26306
26306
26305
26305
26305
26305
26305
26305
26304
26304
26304
26304
26304
26304
26306
26306
26306
26306
26306
26306
26306
26306
26306
26306
26306
26306
26306
26306
26306
26306
26306
26306
26306
26306
26306
26306
26306
26306
26311
26306
26306
26306
26306
26306
26306
26306
26306
26306
26306
26306
26306
26306
26306
26306
26306
26309
26306
26306
26306
26306
26306
26306
26306
26306
26306
26306
26306
26306
26306
26306
26306
26306
26306
26306
26306
26306
26306
26306
26306
26306
26306
26306
26306
26306
26306
26306
26305
26305
26305
26305
26305
26305
26305
26305
26305
26305
26305
26305
26305
26305
26305
26305
26305
26305
26305
26305
26305
26305
26305
26305
26305
26305
26305
26305
26305
26305
26305
26305
26305
26305
26305
26305
26305
26305
26247
26302
26302
26247
26306
26300
26300
26300
26300
26300
26304
26304
26304
26304
26304
26304
26304
26304
26304
26305
26305
26305
26306
26291
26305
26305
26272
26288
26300
26257
26281
26275
26278
26299
26263
26301
26301
26301
26217
26303
26299
26228
26302
26215
26301
26303
26301
26301
26288
26288
26299
26265
26264
26300
26300
26269
26287
26297
26313
26312
26312
26312
26312
26312
26311
26311
26311
26310
26310
26311
26309
26308
26308
26308
26308
26308
26290
26278
26267
26275
26268
26278
26298
26308
26308
26308
26308
26308
26294
26280
26269
26255
26258
26230
26239
26210
26308
26308
26316
26309
26314
26314
26315
26296
26299
26300
26315
26315
26310
26309
26313
26265
26272
26285
26309
26309
26309
26309
26312
26312
26312
26312
26312
26312
26312
26312
26312
26312
26312
26312
26318
26318
26318
26318
26318
26318
26318
26318
26318
26317
26317
26317
26319
26319
26319
26319
26319
26319
26319
26319
26319
26319
26319
26319
26319
26319
26319
26319
26319
26319
26319
26480
26319
26299
26318
26318
26318
26321
26318
26318
26318
26318
26318
26318
26318
26318
26318
26318
26316
26316
26316
26316
26316
26316
26315
26315
26315
26315
26315
26315
26319
26361
26378
26385
26417
26462
26471
26471
26470
26473
26473
26473
26471
26471
26471
26471
26471
26471
26471
26471
26471
26471
26471
26471
26471
26471
26305
26305
26305
26305
26305
26305
26305
26305
26305
26305
26305
26305
26305
26305
26305
26305
26305
26305
26305
26305
26305
26305
26305
26305
26305
26235
26302
26303
26305
26305
26305
26305
26305
26305
26306
26306
26306
26306
26306
26306
26323
26342
26367
26364
26431
26444
26445
26445
26445
26445
26503
26532
26533
26533
26533
26533
26533
26532
26533
26533
26533
26533
26533
26533
26533
26533
26533
26533
26533
26533
26534
26534
26534
26535
26535
26535
26535
26535
26548
26569
26593
26593
26631
26640
26669
26685
26670
26707
26751
26762
26762
26763
26763
26763
26767
26767
26767
26773
26776
26776
26816
26869
26942
26963
26964
26966
26974
26980
26974
26974
26974
26974
26974
26974
26974
26974
26974
26974
26971
26971
26971
26971
26971
26971
26971
26971
26971
26971
26970
26970
26971
26970
26970
26970
26970
26970
26971
26971
26970
26970
26970
26971
26981
26980
26979
26979
26978
26978
26978
26978
26978
26994
27015
27018
27021
27046
27059
27025
27054
27015
27108
27072
27101
27109
27090
27062
27114
27114
27075
27111
27110
27114
27104
27112
27112
27107
27112
27112
27114
27114
27114
27113
27112
27113
27123
27162
27179
27153
27155
27241
27209
27250
27250
27248
27247
27248
27248
27248
27248
27248
27248
27248
27194
27244
27247
27247
27249
27247
27247
27247
27247
27247
27247
27247
27240
27240
27240
27240
27240
27240
27240
27240
27240
27240
27240
27240
27242
27242
27242
27242
27242
27242
27242
27242
27242
27242
27255
27274
27305
27314
27333
27342
27354
27363
27364
27382
27410
27431
27436
27468
27464
27453
27477
27491
27497
27526
27527
27527
27555
27583
27573
27585
27611
27623
27618
27621
27621
27621
27622
27623
27623
27681
27732
27736
27743
27744
27743
27744
27744
27744
27744
27744
27744
27746
27746
27746
27752
27752
27752
27751
27751
27751
27751
27751
27751
27751
27751
27751
27742
27742
27751
27763
27792
27833
27853
27865
27889
27909
27915
27932
27947
27947
27937
27944
27944
27946
27946
27946
27946
27947
27946
27940
27954
27954
27955
27954
27952
27973
28008
28009
28009
28012
28045
28045
28063
28046
28087
28084
28088
28088
28088
28098
28094
28095
28096
28096
28099
28099
28099
28099
28099
28099
28099
28102
28114
28143
28149
28131
28212
28244
28260
28260
28260
28266
28295
28285
28283
28306
28327
28309
28305
28327
28345
28407
28407
28407
28408
28393
28406
28406
28408
28408
28411
28410
28419
28441
28476
28473
28519
28519
28520
28553
28570
28561
28546
28583
28600
28582
28600
28598
28589
28598
28533
28580
28594
28594
28583
28587
28573
28560
28595
28600
28603
28601
28594
28598
28579
28539
28574
28578
28570
28600
28557
28594
28584
28571
28589
28597
28571
28566
28587
28587
28561
28593
28564
28602
28600
28599
28570
28599
28570
28594
28558
28570
28560
28586
28596
28595
28601
28598
28581
28567
28561
28521
28577
28598
28609
28607
28610
28598
28571
28541
28571
28604
28612
28612
28605
28605
28606
28607
28606
28605
28597
28613
28660
28697
28697
28645
28672
28687
28697
28715
28715
28715
28715
28715
28715
28737
28826
28847
28840
28855
28840
28851
28852
28852
28854
28854
28854
28854
28854
28844
28860
28872
28872
28870
28844
28810
28872
28871
28837
28835
28864
28869
28864
28830
28780
28826
28844
28845
28838
28835
28838
28837
28835
28838
28865
28863
28866
28866
28869
28883
28886
28887
28887
28887
28886
28865
28861
28881
28868
28876
28875
28870
28868
28868
28868
28863
28863
28858
28857
28852
28851
28856
28851
28839
28832
28860
28861
28841
28819
28842
28867
28872
28872
28875
28878
28878
28879
28880
28880
28880
28880
28880
28876
28876
28876
28876
28876
28875
28870
28860
28874
28875
28876
28875
28878
28878
28878
28878
28878
28878
28878
28878
28878
28869
28860
28862
28815
28814
28845
28865
28859
28877
28879
28879
28879
28870
28855
28856
28878
28882
28882
28879
28880
28839
28831
28826
28880
28879
28878
28879
28874
28874
28874
28875
28875
28875
28880
28880
28880
28880
28880
28880
28878
28878
28878
28878
28878
28878
28878
28878
28878
28881
28881
28881
28884
28884
28884
28884
28884
28884
28884
28884
28884
28884
28884
28884
28887
28887
28887
28887
28887
28887
28887
28816
28841
28877
28877
28878
28879
28879
28879
28878
28855
28855
28838
28837
28858
28853
28858
28858
28867
28883
28883
28883
28883
28883
28885
28885
28885
28895
28906
28906
28910
28915
28907
28914
28914
28914
28914
28914
28914
28913
28912
28912
28919
28919
28919
28919
28919
28919
28919
28919
28919
28919
28919
28919
28920
28920
28920
28920
28920
28920
28920
28920
28920
28920
28852
28903
28927
28924
28899
28922
28922
28927
28926
28917
28912
28923
28923
28918
28901
28873
28869
28877
28870
28896
28919
28903
28892
28886
28892
28914
28907
28910
28910
28910
28910
28910
28909
28902
28902
28898
28898
28896
28891
28891
28878
28877
28869
28869
28864
28867
28867
28871
28886
28906
28913
28913
28871
28878
28913
28913
28913
28913
28913
28913
28902
28902
28911
28897
28898
28900
28893
28889
28907
28879
28875
28878
28883
28882
28880
28879
28880
28881
28879
28880
28887
28885
28897
28870
28829
28881
28893
28851
28843
28853
28891
28902
28901
28888
28904
28909
28897
28836
28879
28823
28874
28868
28854
28892
28900
28900
28900
28900
28900
28896
28837
28830
28899
28909
28907
28897
28886
28907
28874
28858
28874
28906
28861
28897
28905
28910
28912
28820
28842
28897
28906
28897
28881
28877
28883
28892
28911
28877
28895
28882
28870
28874
28900
28849
28869
28886
28898
28898
28890
28890
28899
28868
28826
28867
28862
28885
28877
28862
28911
28915
28917
28914
28914
28914
28914
28914
28914
28914
28914
28914
28912
28879
28908
28906
28907
28907
28907
28907
28907
28909
28909
28909
28909
28870
28909
28878
28905
28905
28906
28906
28906
28906
28906
28906
28909
28909
28909
28909
28909
28909
28909
28909
28909
28909
28924
28958
28996
29016
29036
29044
29056
29067
29067
29076
29101
29121
29093
29126
29136
29141
29152
29194
29195
29194
29194
29207
29233
29253
29257
29257
29335
29335
29335
29335
29335
29335
29335
29338
29451
29582
29585
29592
29602
29602
29602
29599
29599
29599
29599
29599
29599
29599
29614
29632
29659
29727
29747
29764
29781
29804
29812
29833
29833
29833
29833
29852
29906
29913
29912
29912
29911
29924
29940
29973
29973
29964
30000
30016
30023
30023
30023
30041
30041
30041
30048
30058
30092
30112
30122
30165
30225
30238
30239
30238
30241
30247
30269
30289
30285
30274
30343
30349
30355
30355
30355
30355
30355
30356
30357
30358
30384
30433
30433
30432
30439
30439
30439
30439
30385
30420
30369
30395
30407
30412
30413
30398
30419
30430
30371
30410
30451
30448
30448
30447
30449
30437
30443
30377
30423
30447
30446
30431
30443
30444
30444
30444
30444
30438
30418
30439
30455
30434
30416
30418
30413
30452
30454
30454
30454
30454
30454
30442
30424
30433
30448
30449
30431
30425
30457
30449
30448
30454
30451
30455
30452
30456
30450
30453
30454
30454
30454
30455
30436
30395
30424
30413
30445
30431
30362
30363
30364
30372
30368
30364
30375
30441
30443
30429
30404
30401
30400
30375
30380
30366
30372
30368
30389
30410
30419
30420
30441
30441
30440
30435
30436
30490
30496
30445
30485
30460
30474
30490
30504
30504
30505
30510
30538
30541
30542
30542
30542
30542
30542
30540
30536
30512
30546
30547
30524
30514
30497
30520
30526
30524
30526
30521
30551
30544
30543
30547
30546
30542
30562
30565
30562
30514
30536
30562
30561
30565
30565
30565
30565
30565
30566
30566
30565
30566
30566
30567
30571
30571
30571
30548
30567
30532
30543
30556
30533
30555
30563
30547
30537
30508
30481
30535
30546
30546
30529
30509
30531
30517
30558
30559
30545
30546
30569
30569
30569
30569
30571
30570
30570
30570
30570
30570
30579
30582
30594
30638
30649
30659
30685
30684
30684
30677
30651
30681
30694
30700
30699
30699
30699
30699
30699
30699
30699
30699
30699
30699
30689
30688
30688
30688
30688
30690
30688
30688
30688
30688
30688
30688
30688
30687
30687
30687
30687
30687
30687
30687
30687
30687
30687
30687
30687
30686
30686
30686
30686
30686
30686
30686
30686
30686
30686
30686
30687
30686
30686
30686
30686
30686
30686
30686
30686
30686
30686
30686
30687
30686
30686
30686
30686
30686
30686
30686
30686
30686
30686
30686
30689
30688
30688
30688
30688
30688
30688
30688
30633
30660
30610
30616
30640
30652
30626
30633
30670
30603
30632
30660
30646
30643
30622
30601
30639
30602
30598
30619
30667
30627
30667
30665
30638
30674
30645
30613
30645
30653
30658
30638
30653
30678
30681
30680
30679
30687
30690
30683
30666
30645
30678
30654
30640
30679
30661
30662
30667
30652
30646
30631
30659
30654
30658
30662
30666
30658
30659
30654
30647
30649
30650
30656
30659
30651
30664
30679
30670
30673
30673
30673
30677
30677
30677
30675
30673
30673
30673
30668
30660
30654
30654
30648
30646
30652
30652
30642
30649
30656
30652
30661
30670
30670
30675
30680
30680
30672
30669
30677
30697
30610
30695
30694
30694
30694
30694
30694
30694
30694
30694
30694
30693
30693
30688
30683
30685
30685
30691
30687
30670
30684
30676
30683
30687
30687
30687
30687
30687
30687
30687
30687
30687
30687
30687
30687
30691
30691
30691
30691
30691
30691
30691
30691
30691
30691
30691
30691
30694
30694
30694
30683
30694
30694
30660
30693
30693
30694
30668
30695
30633
30672
30628
30676
30679
30657
30651
30650
30665
30668
30643
30646
30655
30680
30693
30658
30631
30678
30632
30649
30644
30625
30642
30629
30622
30617
30651
30662
30642
30674
30685
30670
30689
30696
30635
30665
30654
30673
30650
30618
30651
30641
30624
30643
30658
30659
30619
30625
30645
30687
30695
30677
30687
30696
30621
30626
30639
30636
30630
30613
30682
30687
30687
30689
30687
30638
30683
30665
30656
30655
30656
30664
30679
30674
30676
30672
30627
30651
30674
30644
30630
30694
30679
30681
30671
30675
30670
30668
30648
30653
30651
30651
30665
30632
30668
30644
30672
30634
30679
30678
30668
30679
30686
30682
30683
30668
30681
30661
30691
30673
30650
30653
30685
30625
30660
30668
30604
30676
30678
30640
30693
30647
30693
30693
30693
30693
30693
30693
30693
30693
30693
30693
30701
30701
30701
30701
30701
30701
30701
30686
30666
30658
30690
30667
30698
30697
30692
30690
30688
30686
30684
30684
30684
30694
30762
30836
30872
30861
31009
31048
31055
31084
31118
31186
31238
31280
31313
31336
31343
31392
31386
31343
31396
31398
31398
31398
31398
31398
31402
31418
31414
31437
31467
31453
31497
31501
31501
31523
31512
31577
31579
31530
31588
31591
31604
31670
31651
31655
31708
31745
31737
31757
31764
31756
31752
31735
31763
31771
31770
31770
31772
31771
31770
31770
31770
31770
31774
31813
31871
31921
31899
32007
32023
32042
32082
32154
32213
32280
32340
32291
32339
32339
32339
32338
32338
32345
32364
32389
32442
32432
32449
32484
32483
32499
32498
32613
32613
32614
32640
32654
32653
32654
32669
32685
32703
32727
32772
32790
32789
32789
32727
32789
32789
32789
32788
32788
32788
32787
32786
32786
32786
32786
32786
32786
32786
32786
32790
32790
32790
32790
32790
32790
32792
32792
32792
32791
32791
32790
32766
32773
32775
32776
32777
32776
32776
32779
32778
32784
32754
32807
32882
32912
32941
32985
33034
33016
33024
33023
33016
33039
33048
33049
33078
33078
33078
33077
33077
33077
33083
33113
33132
33157
33163
33189
33196
33171
33208
33206
33204
33204
33204
33201
33166
33151
33148
33144
33122
33144
33133
33141
33141
33137
33145
33141
33137
33143
33149
33140
33132
33143
33140
33136
33133
33134
33143
33144
33146
33139
33156
33158
33151
33143
33144
33145
33155
33180
33178
33157
33162
33181
33202
33202
33212
33212
33212
33212
33212
33212
33212
33211
33198
33197
33151
33161
33184
33147
33182
33205
33205
33205
33205
33189
33137
33141
33144
33173
33185
33203
33204
33204
33194
33188
33177
33176
33171
33181
33148
33159
33163
33183
33182
33139
33171
33159
33158
33181
33163
33130
33153
33151
33147
33135
33140
33153
33157
33174
33181
33186
33186
33187
33169
33158
33154
33156
33137
33136
33144
33144
33148
33149
33158
33161
33169
33169
33166
33168
33168
33170
33189
33203
33209
33204
33203
33202
33204
33201
33195
33197
33207
33207
33208
33208
33209
33208
33208
33208
33208
33208
33212
33211
33193
33184
33184
33195
33196
33197
33183
33182
33181
33180
33178
33181
33186
33197
33204
33204
33202
33202
33202
33202
33202
33192
33179
33176
33170
33164
33162
33161
33161
33161
33161
33162
33162
33161
33157
33163
33178
33190
33219
33208
33219
33219
33177
33173
33154
33216
33199
33196
33202
33195
33200
33204
33207
33206
33195
33198
33199
33194
33200
33152
33137
33170
33147
33141
33176
33176
33180
33189
33188
33188
33194
33194
33194
33194
33194
33194
33194
33194
33194
33194
33194
33194
33210
33210
33210
33210
33210
33210
33210
33210
33210
33210
33210
33210
33207
33209
33209
33212
33209
33209
33209
33209
33209
33209
33209
33209
33206
33208
33208
33208
33208
33208
33208
33208
33208
33208
33208
