0
0
0
0
0
0
0
0
0
0
0
525
798
1026
1056
534
989
414
834
1054
1055
1050
606
234
414
276
372
354
654
672
756
1150
815
634
231
1203
1095
1059
615
1026
282
354
354
582
282
1080
1178
570
866
755
714
577
1096
459
501
1148
725
666
1104
719
915
360
1053
102
396
433
763
827
939
483
1095
528
783
668
702
570
422
911
734
684
888
735
924
477
760
963
0
798
930
665
908
758
333
1030
240
788
1051
849
873
633
1229
1113
468
883
1108
828
831
561
612
618
282
667
888
823
800
1153
687
906
745
849
1162
1056
1050
798
552
0
618
1005
975
1076
1017
549
1151
883
649
564
384
810
824
914
429
850
567
354
759
486
1077
636
348
1041
675
465
1161
998
1025
1103
537
594
984
519
822
1177
1123
1059
1053
834
1050
540
1080
735
730
1083
1079
1090
393
1013
1115
1122
759
536
1098
1077
930
1074
1098
1112
375
1077
921
1056
1062
1068
1062
1050
601
540
552
882
921
192
426
392
570
504
1050
1056
1059
1059
1062
531
0
0
0
0
0
0
0
0
0
0
0
0
0
0
0
0
0
0
0
0
0
0
0
0
0
0
0
0
0
0
0
0
525
0
0
1050
513
756
942
906
918
444
1014
282
756
366
804
912
366
192
759
582
558
378
228
774
1134
1301
1432
1400
498
1089
1119
1136
1131
966
412
245
463
294
1094
472
610
863
0
1097
1092
1083
1056
990
1059
1053
1050
739
1070
635
1041
1070
430
356
354
606
489
363
927
1326
1423
1595
1590
1248
411
636
248
381
1090
753
874
1092
1059
192
1059
1096
1090
991
1065
1083
619
1155
1019
1059
1050
978
450
1054
96
495
495
1086
1089
804
1053
648
780
354
96
366
492
434
0
891
934
536
997
378
620
615
1129
1059
1050
453
990
432
330
276
222
222
396
978
1050
1050
696
906
851
354
564
555
828
361
390
390
99
222
279
276
0
372
930
1062
1062
1083
1083
1062
519
600
372
333
0
193
234
857
731
292
919
962
913
1012
1059
534
0
0
0
0
0
0
0
0
0
0
0
2
0
0
0
0
0
0
0
0
0
0
0
0
528
1122
1152
848
744
435
1079
618
805
788
600
558
277
279
559
1104
1344
1290
1320
1371
1206
1311
1398
1233
1323
1398
1293
1080
1056
1059
1056
390
1050
1074
378
414
521
450
711
102
846
623
459
1049
716
1093
1147
382
633
564
282
1133
768
591
735
816
978
865
414
1164
840
804
657
1104
1085
972
198
645
858
801
657
1026
1047
456
663
759
1200
1180
1059
1059
1062
1056
1050
1056
531
0
0
0
0
0
0
0
0
0
0
0
0
0
0
0
0
0
0
0
0
0
525
1050
1059
1059
1053
705
1050
414
357
226
786
603
225
237
828
1174
896
945
1197
1006
1196
1152
1020
1056
1065
1059
1056
1056
771
1052
966
1067
1067
235
658
414
96
289
524
601
530
317
512
1060
967
771
570
468
504
868
402
742
586
1061
1134
518
462
0
583
596
798
537
862
552
578
884
444
580
817
282
937
785
1122
1131
1088
525
0
0
0
0
0
0
0
0
0
0
0
0
0
0
0
570
1119
1126
1138
1140
686
508
252
612
123
484
1069
1342
996
1291
1320
1134
1053
1059
1062
1065
1070
984
1066
793
1072
454
768
894
859
810
450
842
277
234
282
444
96
282
396
483
99
101
231
645
195
636
192
510
96
810
192
555
893
1103
1063
848
1143
1068
860
290
794
1186
1388
617
104
302
569
498
704
286
99
531
454
730
114
643
549
1039
699
96
366
96
907
933
409
862
1135
594
858
1066
1077
1091
1102
1068
525
0
0
0
0
0
0
0
0
0
0
0
0
0
0
0
0
0
0
0
525
1056
1065
837
450
600
1081
1013
1025
1064
314
107
203
208
671
821
402
1161
1171
900
1143
594
400
1158
1305
1102
923
1138
1201
550
1171
1232
1208
169
1240
1140
1062
1084
1206
1151
407
1172
1224
1198
956
490
529
127
1150
1144
1231
423
487
1168
1097
1056
1050
594
330
1002
860
709
558
431
287
398
246
393
938
1166
1110
1062
1059
1017
977
441
588
432
96
732
756
972
963
409
965
699
922
1053
489
819
802
984
497
238
0
6
124
229
0
118
234
233
703
675
552
738
741
612
606
756
825
741
789
509
968
600
794
734
875
1053
1061
1061
1062
1074
1026
1053
1056
1053
813
636
774
786
1063
1059
1053
1050
525
0
0
0
0
0
0
0
0
0
0
0
0
0
0
0
0
0
0
0
0
0
0
0
0
0
0
0
0
0
0
0
0
0
0
0
0
0
0
0
0
600
1152
1071
1056
1068
537
0
0
0
0
0
0
0
0
0
0
0
0
0
0
0
0
0
0
0
0
0
0
0
0
0
0
0
0
0
0
0
0
528
1107
1140
730
961
539
1038
1050
883
1061
378
618
223
368
538
861
306
253
259
287
236
516
976
637
1078
584
360
1083
543
0
0
0
0
0
0
0
0
0
0
0
0
0
0
0
0
0
0
525
1050
1050
714
564
1056
1062
531
0
0
0
0
0
0
0
0
0
0
0
0
0
0
0
0
0
531
1080
1092
1074
1060
1050
1050
283
278
282
198
0
0
1069
1066
525
0
0
0
0
0
0
0
0
0
0
0
0
0
0
0
566
1185
1152
1055
1050
804
414
520
0
445
445
363
289
381
709
31
539
617
210
113
830
99
398
384
291
702
761
498
439
955
1075
1084
984
619
1055
843
759
117
881
276
415
326
123
124
499
643
634
501
1074
1073
105
1096
982
943
1090
762
198
1074
1035
998
1092
1050
702
579
1071
1213
924
1100
1191
1103
935
379
210
1122
1360
1269
731
1264
1283
1234
872
1131
1113
1101
1080
1096
562
127
121
450
395
648
0
1306
1182
1072
957
1326
1211
1082
724
1332
765
1125
1056
1091
1430
1180
1069
706
1101
1342
1138
1062
1045
1080
1273
611
1085
1076
1044
1260
1388
1114
1063
668
1248
1421
1133
1156
1087
1307
1075
1099
408
1256
446
1118
462
1355
666
686
1066
1103
268
383
1101
1058
1108
862
237
917
917
745
508
500
384
379
504
236
383
451
373
528
540
279
354
354
96
372
355
0
234
444
348
416
96
96
0
97
384
398
609
354
396
600
372
577
372
192
282
192
96
96
0
192
276
0
222
222
192
96
0
0
0
0
396
276
0
366
234
0
0
0
0
276
96
0
222
354
234
396
432
276
0
96
0
0
96
0
0
0
276
223
99
223
222
559
331
528
720
528
558
954
355
580
740
392
699
380
0
1053
571
354
504
504
576
581
433
278
0
0
354
222
99
277
372
222
234
236
794
704
720
354
234
96
96
384
331
330
96
192
276
0
0
276
0
354
222
414
498
972
1068
1075
528
0
0
0
0
0
0
0
0
0
0
0
0
0
0
0
0
0
0
0
0
0
0
0
0
0
0
0
0
0
0
0
0
0
0
0
0
0
0
0
0
0
0
0
0
0
0
0
0
0
0
0
0
0
0
0
0
0
0
0
0
0
0
0
0
0
0
0
0
0
0
0
0
525
1056
1059
1102
1010
489
845
892
624
257
1119
757
306
1040
382
1052
1131
465
1116
1153
265
1076
1137
550
1144
1063
1106
778
1096
1078
1100
1098
525
0
0
531
1158
1215
736
570
507
494
1175
1160
574
1126
1107
531
0
0
0
0
0
0
0
0
0
0
0
0
0
0
0
0
0
0
0
554
1075
1053
1053
414
1041
807
990
510
1053
1050
1038
1050
1050
780
1053
1053
702
1056
1020
1053
1059
531
0
0
0
0
0
0
0
0
0
0
0
0
534
1059
1053
1056
1053
1053
372
801
195
582
493
630
468
576
495
609
1044
984
750
714
1056
990
447
363
354
444
276
276
432
0
432
432
234
303
521
261
830
1098
858
1127
912
651
390
1028
1050
1050
1050
634
600
448
722
1074
537
0
0
0
0
0
3
0
0
0
0
0
0
0
0
0
537
1062
1050
1053
1041
648
648
375
373
330
384
832
639
921
415
762
1061
1130
1070
1053
1011
483
0
0
0
0
0
0
0
0
0
0
0
0
0
0
0
0
531
1059
1059
993
1077
660
570
495
366
248
0
105
465
854
793
733
350
0
1247
692
1085
1062
1053
1056
1068
1081
1070
1115
1157
601
660
128
321
783
1116
1050
525
0
0
0
0
0
2
0
0
0
0
0
0
0
525
1050
1059
1066
1056
636
870
612
354
540
222
372
414
633
430
1033
1033
669
351
1092
972
1015
96
810
1224
792
1044
618
222
960
615
826
871
864
717
516
510
1062
1238
1074
1074
565
506
781
1057
1118
1120
528
0
0
0
0
0
0
0
0
0
0
0
0
0
0
0
0
0
0
0
0
0
0
0
525
1056
1095
1089
1078
1086
702
450
222
360
234
354
96
870
939
1154
864
409
896
453
195
1151
687
793
456
1014
918
1068
1050
1053
1056
1071
1020
877
1181
1047
1109
1108
1080
1051
1058
1059
1062
1068
1102
1092
1082
1003
1068
1149
1003
1126
1077
1062
1059
1053
1050
1032
1087
1062
1053
1062
1062
1062
1062
1038
1056
1080
1077
1050
525
0
0
0
0
0
0
0
0
0
0
0
0
0
0
0
552
1078
1050
1002
974
720
1056
610
96
234
372
1138
1094
1088
372
559
808
278
770
902
462
534
850
605
867
733
635
610
742
975
431
638
564
624
1110
686
891
1097
606
429
532
875
897
707
637
791
1201
1070
1056
954
100
469
396
330
96
0
354
276
192
222
698
535
550
614
809
424
642
585
1122
726
874
1119
282
588
504
732
1022
976
964
369
1225
1014
279
276
1104
642
823
637
746
426
628
890
1037
864
617
979
393
350
1079
546
1165
1113
673
399
245
1089
657
853
1185
1111
1056
1063
1056
1053
1041
1059
828
492
1055
1053
1052
1050
1050
1059
1084
742
1109
1059
1059
1053
1038
954
1071
1077
1063
1143
510
1128
1056
564
942
1064
1070
501
1063
522
1014
369
482
547
0
785
859
433
636
964
1001
661
502
386
0
472
226
223
945
284
230
812
477
1129
915
1060
810
1026
655
1158
1139
1050
1077
1083
1093
1003
966
787
865
1098
596
1133
1162
1142
1106
1099
1085
468
492
282
354
978
912
1081
840
1032
611
909
507
279
986
1099
837
1053
1020
852
615
1058
1082
1071
1097
836
276
780
728
1075
1054
727
673
1062
1065
960
1056
702
1053
1064
722
1084
281
1065
504
471
924
594
1056
1050
996
641
363
237
222
354
0
354
354
222
0
638
435
777
334
739
1075
1050
1020
495
1062
1061
981
975
828
756
1050
999
492
1050
1050
1056
882
279
948
1029
279
961
1047
968
954
401
841
948
978
1056
1059
438
840
276
372
672
612
360
384
222
276
492
276
276
96
678
456
375
399
444
1065
1221
972
1082
1134
556
215
0
961
916
968
1075
635
1150
896
756
804
743
552
606
432
1153
1237
919
930
558
276
96
1174
361
907
249
1180
401
1075
405
354
523
284
282
240
997
1143
1120
786
612
1050
1050
1050
1050
378
375
357
600
330
702
432
396
354
372
354
234
372
282
432
558
558
1050
841
1065
1065
1056
850
1109
1177
631
1141
409
1085
1106
734
1138
1147
1082
1066
564
1073
1081
938
862
236
471
398
687
573
400
1135
1159
1122
1076
1058
396
1052
1055
1071
354
1105
333
293
633
424
465
123
110
393
203
251
1052
1190
640
670
567
397
589
937
484
99
382
204
1102
1059
1071
671
427
700
0
308
404
749
1108
1050
1038
957
630
1064
1101
1105
1089
528
309
1153
1112
1060
614
986
1107
1107
893
1134
1079
1074
1087
1150
413
1136
1103
890
979
590
1064
1062
1052
1002
543
572
510
484
951
1117
711
1094
1065
1058
203
998
1002
529
745
677
688
375
1075
1068
1054
1050
1083
1065
387
393
370
384
822
651
863
742
790
675
234
615
453
627
1094
1140
1083
1050
1028
0
476
651
385
720
999
380
410
469
359
374
0
0
0
1015
1051
702
790
843
391
0
1108
979
1056
558
504
358
1056
1058
1013
1053
1010
1050
1050
792
750
432
96
495
333
0
846
432
330
384
468
384
432
276
276
222
276
98
333
0
337
103
242
0
0
526
313
0
738
586
600
486
372
354
0
0
330
510
333
354
348
1
0
276
0
276
223
405
466
301
461
506
351
466
363
0
1
618
531
517
418
1059
1053
1050
525
0
0
0
0
0
0
0
0
0
0
0
0
0
0
0
0
0
0
0
0
0
0
0
0
0
0
0
0
0
0
0
0
0
0
0
0
0
0
0
0
0
0
0
0
0
0
0
0
0
0
0
0
0
0
0
0
0
0
0
0
0
0
0
0
525
1053
1053
1053
1056
1056
1056
1053
1050
480
396
360
348
469
226
1084
354
1017
730
1138
1146
747
1196
399
835
818
584
658
701
601
655
1108
626
779
1013
354
921
1141
490
899
414
1029
1066
930
579
561
384
1055
588
711
915
336
656
968
453
481
684
586
766
606
1024
870
438
616
870
781
1037
546
392
704
993
586
864
760
968
709
764
604
425
394
864
196
557
1064
1047
192
786
380
97
233
801
902
237
784
102
0
738
921
732
1050
1059
1062
507
597
972
1053
1059
1056
541
759
978
666
1020
990
648
567
541
330
506
618
694
234
1121
637
1219
625
396
1159
1127
927
648
497
1043
1091
810
230
770
900
821
1019
564
960
805
576
417
0
0
432
669
697
1108
482
615
856
543
750
851
872
739
938
566
395
623
668
1098
622
880
822
1154
1074
1067
1059
1053
1050
1050
1062
1068
1056
1050
1076
1122
1099
1054
774
813
762
1050
529
222
1020
1050
355
614
249
227
0
0
287
473
1099
1065
534
0
0
0
0
0
0
0
0
0
0
0
0
0
534
1083
1074
1053
1053
600
414
594
709
528
276
417
492
533
975
813
984
445
865
291
340
395
467
0
941
391
667
120
111
493
389
0
251
249
375
379
696
623
439
361
656
222
414
558
564
1056
1056
926
1053
369
0
354
630
297
875
811
1076
871
308
963
468
282
1120
521
1033
0
1142
810
992
1101
477
1057
1054
924
654
600
1292
1189
1050
405
414
354
857
665
978
684
563
419
1110
780
591
732
1096
1116
1051
567
378
225
786
296
788
906
848
1075
1065
1073
1090
1099
816
1104
832
1087
760
1084
1101
950
1079
1085
1070
1006
1056
1056
1059
1062
1074
1088
1130
1074
1062
1076
1090
1109
1074
918
1054
1093
1061
1053
1053
1108
1119
1085
1076
1059
1107
1123
1071
1056
504
392
576
492
486
576
354
832
790
949
947
427
1035
1073
474
1098
582
1058
498
630
507
773
835
1114
418
410
546
864
1094
695
687
1166
843
1064
1062
1056
1062
1164
395
1119
1050
526
0
0
0
0
0
0
0
0
0
0
0
0
0
0
0
525
1056
1056
765
1008
1050
1053
702
492
612
99
561
1056
1302
1784
1918
2088
2247
1773
1586
1776
985
981
1632
1557
1222
720
1314
96
1203
639
1068
1053
1050
1050
525
0
0
0
0
0
0
0
0
0
0
0
0
0
0
0
0
0
0
0
0
0
0
0
0
0
0
0
0
0
0
0
0
0
0
0
0
0
0
0
0
0
0
0
5000
869
525
1093
1092
1056
1073
1164
1189
867
8861
9457
10452
10810
9908
9833
10781
10521
7316
9151
6697
9132
7110
6374
6411
5415
9186
5005
16
0
222
6867
0
3920
0
1073
1074
1056
1050
1083
1098
1123
420
1203
1139
1062
1062
1050
1050
1085
1031
1100
1059
1089
1094
1106
1071
133
1131
1062
1070
1011
288
933
1119
1056
1053
1053
1056
585
504
564
1050
1053
1059
1095
1095
1101
1106
1119
546
113
271
1152
1148
1076
1062
1027
369
396
600
558
564
354
396
564
1068
1068
1059
1059
1056
1059
1035
708
1044
1114
1008
1147
1077
605
1102
414
1134
1134
1026
1038
578
1050
1062
1062
978
1035
1032
807
1059
1059
387
354
0
585
501
0
768
436
510
511
430
392
624
857
588
276
540
276
276
223
564
511
816
866
657
1065
892
1088
1093
1080
1064
1059
1056
528
0
0
0
0
0
0
0
0
0
0
0
0
875
0
0
0
0
0
7
0
0
0
0
0
0
0
0
0
0
0
0
0
0
0
0
0
0
0
0
0
0
0
0
0
0
0
0
0
0
0
0
0
0
0
0
0
0
0
0
0
0
0
0
0
0
0
0
0
0
0
0
0
0
0
0
531
1056
1052
1052
1058
1187
1206
1097
609
372
450
348
372
372
768
786
510
1110
1056
756
1050
470
504
390
366
510
432
96
387
639
522
613
1027
1068
555
732
117
1023
687
864
1035
939
827
518
1062
828
1053
504
474
354
234
606
397
726
1173
930
732
740
453
237
514
855
801
561
372
728
1052
1032
1089
288
402
414
381
252
667
732
801
919
1096
1053
1050
1050
1056
1056
1062
1065
723
570
786
876
468
468
222
192
1053
1056
492
192
0
0
276
222
510
1050
702
276
192
453
279
0
96
234
276
282
1053
1056
1059
1056
1053
1056
1054
1014
222
1050
480
528
444
555
619
99
0
0
366
282
198
1155
1206
1362
1135
965
1174
1145
1073
1107
1123
1070
1059
1047
834
504
354
369
513
97
532
1195
1219
1254
1155
1071
1053
1053
1086
1086
1055
1066
1059
816
1053
1056
877
273
429
479
262
115
0
241
759
1216
1281
1218
1216
1320
1219
1304
1260
1324
1307
1376
1415
1467
1369
1379
1197
1283
1337
1399
1333
1355
1142
1169
1109
1093
1125
1095
1050
1053
942
1053
834
486
606
372
396
99
1140
1179
1323
1338
1272
1317
1308
1341
1245
1371
1272
1287
1314
1305
1302
1395
1311
1299
1335
1278
1251
1248
1161
1038
1029
1068
1062
1101
1101
1050
1056
1056
990
792
375
279
850
432
564
540
276
354
354
222
420
495
279
228
99
543
882
330
0
978
540
720
1051
492
192
954
1056
1056
1050
1050
1053
1059
1062
1056
972
354
1050
1050
1050
1050
1050
1050
1038
1050
1058
96
1052
1050
1050
801
1002
1059
1050
1050
1038
1050
1020
801
1053
1056
1051
1050
1056
1056
1056
1063
1059
1100
1097
1059
1062
1061
1139
1179
650
1123
1063
1162
1139
1105
1100
1138
1112
1055
911
972
1044
1056
1038
1050
1067
856
719
702
487
863
533
724
507
757
879
1089
1078
1058
1055
699
900
714
544
388
0
1067
1056
1064
1062
984
1053
627
582
726
414
454
580
424
1126
1105
1055
1010
991
238
814
1070
712
531
1098
502
981
517
1116
401
1101
550
804
387
1089
654
1014
396
912
361
798
923
381
1042
1009
635
961
816
906
972
1148
1134
1065
1065
354
564
1059
1074
1068
1026
951
1040
714
1020
1086
687
1058
635
917
628
742
440
1028
731
860
371
711
393
761
896
660
1109
1082
1109
1120
1068
972
234
281
846
636
354
864
366
594
747
1038
1050
1110
1113
1055
558
1053
1050
1056
1059
1059
948
1059
1065
1056
1083
1086
1053
1050
1050
1052
1056
1056
1056
1053
1056
507
750
1050
789
1053
96
282
0
432
0
276
984
444
912
720
909
1125
552
930
1059
1086
994
201
658
608
552
819
723
921
857
813
786
699
761
645
595
858
1125
768
1053
1055
656
705
366
987
1137
428
609
720
684
987
690
414
775
531
573
1074
828
658
606
603
756
417
978
1062
906
594
843
525
924
958
483
930
1227
1056
702
591
720
717
861
897
434
843
753
624
633
493
557
1125
561
435
1077
1185
1080
1014
804
606
489
606
1026
1011
274
577
843
612
345
891
699
545
1068
1074
1035
783
396
1056
1059
1056
1056
948
1062
1056
642
1050
720
1011
726
1038
372
1110
937
462
627
837
396
494
442
714
697
945
456
1036
676
572
1105
400
760
703
622
408
384
382
1078
414
399
384
750
639
948
417
1049
974
980
926
840
696
348
726
774
396
372
372
96
492
414
672
687
290
0
489
407
879
1033
528
798
897
603
1050
723
954
291
381
1046
434
887
893
312
396
489
658
798
111
1174
1118
963
1123
1071
552
447
450
702
198
987
528
967
591
984
942
1126
993
1092
801
885
234
1077
1158
1143
300
234
781
1010
835
363
918
285
1057
885
510
0
925
1157
1200
1073
1065
1059
1050
1050
1050
1056
1008
1053
1059
1067
1062
1068
1069
831
99
1054
579
390
224
222
0
96
222
423
459
879
1065
1050
1051
1051
1005
885
608
469
1057
1056
450
234
846
237
452
96
330
192
372
0
222
222
222
222
354
279
378
309
645
399
624
382
998
1050
1059
1059
1089
808
566
1074
1056
1059
334
1063
1062
1129
509
239
1112
1050
1044
750
492
276
1050
1050
720
1068
554
1083
1060
1009
1084
1108
531
117
743
447
639
717
612
468
360
0
363
105
242
975
801
96
1050
1068
1134
1132
1162
1179
414
530
1077
1053
950
417
1104
1123
591
1092
1063
1104
744
1086
870
1098
1119
378
1095
981
381
369
0
525
0
399
399
240
378
399
108
533
111
0
246
1153
946
1013
769
510
528
733
1078
791
1057
836
615
674
396
1036
1044
360
1021
396
1032
768
474
300
257
303
244
493
798
957
1056
900
870
608
882
456
544
992
615
558
96
372
256
0
468
714
243
378
357
222
486
354
99
452
591
1083
1086
1079
1074
1065
1050
1050
1077
1079
1061
1110
1114
817
276
1020
1073
387
495
746
1068
1107
1086
1122
1089
852
251
993
362
266
457
976
352
277
330
468
739
437
336
282
0
0
0
276
222
0
96
0
0
0
222
0
0
0
0
0
0
276
0
222
96
222
354
276
96
276
0
0
192
0
222
96
588
666
510
588
510
492
339
209
1010
1051
1053
1053
1051
1074
1089
429
493
1044
1050
606
702
414
225
495
468
276
222
222
0
279
0
222
276
96
0
0
330
432
282
222
276
396
396
354
276
0
222
222
396
0
354
222
450
396
492
276
222
396
0
222
276
222
276
222
96
222
372
1050
1059
1062
1053
1083
1101
1086
300
462
588
1053
516
1095
378
647
895
1119
1041
1053
930
565
1050
1072
1094
1121
1053
1050
837
0
1053
1023
1110
556
1118
219
1162
1104
1038
786
1053
915
1068
1135
234
1097
960
864
604
1065
803
782
978
856
888
807
375
262
264
317
400
0
0
471
1079
908
981
765
372
0
501
1054
1081
837
534
486
0
0
0
258
0
0
0
246
238
974
1087
859
734
810
636
414
402
238
374
251
3
108
443
366
278
396
223
358
237
402
352
559
402
372
402
530
552
588
660
902
693
783
821
829
832
798
504
468
366
366
348
444
468
1051
331
1055
1059
1059
1059
576
564
1050
279
354
813
435
444
1056
1056
1056
1065
1059
1053
981
1050
1053
1056
1053
1050
372
1061
1014
1047
1050
1056
1032
1053
918
1050
1020
1050
1053
405
606
657
196
1095
948
1239
630
726
750
924
666
1146
478
614
656
505
806
279
693
864
525
654
1053
876
963
789
1101
513
1089
957
339
993
879
327
1225
414
579
1059
432
641
805
794
777
1139
696
987
564
761
879
1080
964
643
1151
1057
1056
349
573
1044
606
489
372
504
355
0
234
372
528
222
96
96
96
276
276
96
0
96
222
96
0
96
96
0
0
96
0
222
96
96
222
0
0
432
276
192
96
192
222
222
0
222
234
193
698
722
1059
1062
1056
1053
801
1017
1056
786
1050
1056
750
1050
963
1050
1059
894
672
576
404
1089
518
720
708
1032
1136
753
981
1044
1088
693
585
621
1077
804
785
801
744
648
102
1187
321
919
1098
990
356
669
852
838
1151
528
447
1106
630
1098
1056
996
570
609
1008
1074
369
848
1105
669
978
1171
471
702
453
1098
435
858
879
240
683
932
885
396
949
936
388
780
675
696
1010
657
570
962
720
945
657
1056
546
564
1087
723
696
1149
614
1166
1107
645
1149
1062
1053
354
1050
1002
894
954
954
934
1127
1069
576
354
829
1001
627
888
857
1056
1041
1077
978
1068
1059
1065
1068
852
1068
1068
1059
1065
1059
1053
708
865
576
558
330
384
510
588
222
1140
1163
1082
815
588
282
773
828
390
556
1025
653
670
927
756
594
366
813
861
939
1203
612
894
1215
1089
1069
768
758
264
988
117
878
852
429
903
966
873
917
881
1056
552
633
868
627
660
708
348
669
438
954
621
731
979
878
1143
1137
1164
117
225
565
345
945
1119
1050
705
1051
1056
1056
1050
630
414
510
798
894
1059
1035
606
564
582
972
600
600
354
558
415
358
372
234
354
354
414
354
354
222
234
222
222
0
396
936
582
558
654
486
372
468
222
222
1053
1047
1050
1050
888
1077
1074
1059
990
528
396
222
0
0
354
276
480
1053
657
1017
1053
1053
1059
1059
849
936
510
330
432
276
1032
432
702
468
384
282
0
222
96
96
276
222
0
0
0
0
276
222
222
0
0
96
0
0
0
0
222
96
96
0
276
396
96
330
330
222
396
0
222
0
0
222
96
192
96
96
99
237
194
282
0
0
0
96
384
96
96
396
432
384
702
1095
1089
1050
1111
1128
540
0
0
0
0
0
0
0
0
0
0
0
0
0
0
0
0
0
546
1076
1059
1116
1149
551
1133
1147
1101
1086
1104
1142
1114
1059
972
1098
1104
819
1123
1114
1123
1133
1061
705
1050
673
761
1043
863
228
1039
1050
1070
1089
993
644
359
223
222
0
400
358
0
0
222
450
225
194
387
282
402
426
276
519
557
463
409
387
405
384
561
276
98
96
277
615
474
608
481
264
840
544
1212
1141
1089
1075
1079
1079
1059
1059
1092
1095
1098
1080
1029
1071
1089
1079
1070
1107
1108
1077
1056
531
0
0
0
0
0
0
0
0
0
0
0
0
0
0
0
0
0
0
0
0
0
0
0
0
0
0
0
0
0
0
0
0
0
0
0
0
0
0
0
0
0
0
0
0
483
1008
1071
1074
1053
1056
572
1029
1059
1068
1068
1059
1059
1056
1050
1050
1050
798
1056
1059
1053
795
1053
1041
1050
798
354
924
606
873
985
1139
1021
1112
1121
1017
396
96
494
96
330
366
540
504
630
372
222
510
384
276
396
432
276
450
276
849
222
0
1050
1059
1059
525
0
0
0
0
0
0
0
0
0
0
0
0
0
0
0
0
0
0
608
1129
1056
1060
1050
1020
1059
999
1050
1056
1056
1041
801
654
510
1087
583
1140
880
1168
1042
807
396
564
492
1307
1198
1062
1056
936
738
384
830
1059
1059
1056
1062
1065
1056
1056
1056
1050
1053
1059
778
1057
1058
446
1047
579
432
558
282
1041
878
1123
0
601
377
1151
860
588
1195
667
1076
1050
966
354
453
240
699
276
795
617
396
1113
1111
1197
852
976
1067
1068
1089
1068
1050
990
1059
1059
1056
1053
1044
1059
1050
561
1054
1056
1056
1051
956
1050
1022
636
402
276
504
533
706
1058
588
1059
1029
650
1050
678
511
330
490
384
554
193
0
99
366
1
330
196
962
80
1080
290
979
720
1049
822
847
1373
1145
701
1092
1096
643
1115
594
1114
1013
1052
1050
1087
1090
639
1065
924
954
1033
0
543
238
456
736
541
1068
772
694
727
1310
1117
1098
1063
1055
1050
1053
1053
1050
1056
1056
720
1050
1132
1139
1059
996
1065
1068
1053
1056
1056
1050
1056
1056
1014
1050
420
1056
429
1053
1053
1053
1059
870
1053
1059
594
1023
867
492
195
0
0
720
396
531
1058
1151
747
932
1100
733
313
1089
351
747
999
924
914
1140
385
517
916
710
623
1178
853
437
1158
838
943
450
1151
1112
1069
1059
657
228
229
636
1063
1401
1420
1058
1056
1062
1062
648
1059
582
374
356
608
1053
606
666
1056
1062
1056
906
1052
793
1014
402
633
801
279
420
96
558
1149
922
1017
1042
1161
453
746
1075
310
793
1081
519
1067
1050
1053
1052
704
882
1061
696
1055
1064
205
1017
513
607
589
1175
984
1050
334
858
1022
611
382
675
1163
224
374
363
373
882
733
841
557
1061
1062
915
591
276
384
282
284
1038
691
935
766
843
1126
1074
786
432
0
771
737
623
556
1163
657
828
638
614
1111
1248
604
1060
1056
1033
1006
279
486
771
870
444
772
1013
1211
966
1038
876
561
1133
779
1004
406
1193
1119
1078
1077
1060
1076
1066
1151
1195
1038
1056
1104
1134
779
1125
1102
1083
1065
608
988
1079
1120
1149
1173
1011
1124
1088
1101
1088
762
643
829
1083
1109
1125
1102
1090
868
1142
1124
1099
1060
1064
1142
1119
1128
1131
1137
1162
1151
1135
1101
707
350
372
612
531
523
679
885
866
995
542
0
778
1077
946
1119
501
856
756
498
691
238
399
959
719
447
1177
1406
1258
1056
1101
1146
1136
1097
1075
406
595
1038
450
888
1161
1289
1192
1087
1108
1094
1090
1063
918
542
766
718
612
925
552
875
914
996
1059
1110
1208
1164
1067
1140
1188
1118
804
1085
1150
1249
1200
1067
533
515
653
514
930
248
0
505
287
259
0
303
551
371
355
224
0
236
619
262
654
490
386
300
665
251
421
456
425
0
375
120
320
309
466
256
989
797
600
234
568
697
1088
547
638
268
786
705
632
285
239
834
276
770
277
1051
396
366
396
612
979
1071
691
1095
928
414
0
276
372
504
636
276
354
507
483
942
588
1121
1118
1190
672
597
1139
1128
1093
698
510
1056
1084
573
515
1118
1078
1062
435
1050
1090
852
1184
1094
0
612
426
390
234
330
276
0
396
281
330
558
222
558
608
456
333
282
354
492
595
708
781
528
536
396
276
276
432
450
372
192
192
96
222
354
798
831
987
780
489
609
1016
600
744
1009
1095
1131
1097
1053
713
1058
1059
1053
743
739
753
761
1012
842
1150
1107
1078
671
867
1020
414
420
279
5
282
564
629
928
790
608
1068
1072
1074
1050
1053
1053
726
987
451
374
570
960
276
498
516
282
615
392
354
330
276
0
0
96
222
354
576
1011
1053
1059
1062
1056
1050
1071
1100
1080
1068
788
626
0
582
603
1062
1098
1080
224
618
1106
450
561
504
362
1129
1023
759
614
311
372
386
240
372
0
237
0
243
0
298
0
243
0
246
261
0
324
0
264
0
267
280
0
113
442
401
383
510
1062
1131
1119
1059
1055
1052
1056
1056
1079
830
1072
883
378
5
668
1149
606
1010
456
310
723
0
696
512
0
241
0
422
711
212
633
693
915
991
837
913
682
880
1123
1076
1059
1072
1061
937
1021
1065
1161
1200
1167
1117
1055
893
1077
903
1053
747
1050
1065
956
929
1000
880
717
929
1041
1036
917
826
677
851
915
995
1091
1061
1055
1084
955
679
812
983
935
988
1128
1089
745
1034
838
742
429
862
908
1129
1062
1071
726
705
627
0
615
1078
1142
1132
1089
864
777
482
1032
1059
1077
1077
1050
1059
1059
1053
1053
1053
1053
1056
1057
1107
1099
1051
96
798
960
744
966
1056
1059
1023
1050
1107
1069
1146
1142
1062
1062
1062
1059
939
1065
1062
675
1050
614
486
354
354
222
222
414
276
1132
1207
1025
995
901
604
296
1087
606
576
830
1080
1112
1044
459
616
1159
1138
991
396
543
716
975
1098
796
1180
1292
1053
1053
1038
414
222
537
1099
1545
1578
1091
1058
786
1050
1053
1055
1050
608
1044
813
828
366
1149
1076
943
1151
1117
514
762
1187
458
1034
1050
975
234
1159
1126
987
1002
711
468
567
802
935
921
530
1207
1117
1050
434
0
1174
612
569
923
329
1049
876
1048
1007
1270
1078
741
567
860
283
914
949
718
933
1299
1067
1042
1020
828
433
561
567
222
711
1183
1286
1050
1050
1051
1054
1059
1059
1160
1173
1155
1151
978
366
0
727
1114
567
1192
1211
1126
1065
1050
1050
1059
1088
1090
1150
1161
1077
1050
1027
1080
1056
1050
1050
1050
1058
1090
1077
1052
1109
1174
525
421
1129
915
727
1027
1051
1056
859
632
581
1159
524
1131
648
1093
1021
649
608
737
819
0
1056
568
1061
1054
786
1051
607
1075
1172
1185
1137
1091
1091
973
416
393
391
261
602
834
1142
1056
1074
1128
1182
658
1117
1166
630
423
450
669
627
591
363
299
96
609
414
1116
1409
1085
1110
1122
1007
524
1022
827
716
379
1071
1232
1104
1059
1056
615
1053
1053
1050
1102
1150
1099
997
649
267
644
876
301
471
800
1185
418
577
1158
1032
739
886
1113
753
414
1109
1165
1131
513
978
225
977
454
607
602
416
606
654
414
0
958
496
376
1094
1096
1079
1120
368
511
893
1111
1121
395
911
1219
1147
746
386
724
668
1137
1038
1167
1058
1107
1149
1089
1050
576
279
644
372
234
222
276
96
0
597
551
1243
901
1150
964
599
696
825
812
1137
404
1057
643
567
361
354
372
894
894
954
1050
1050
936
276
780
792
711
1026
1056
1050
1050
1053
1056
492
780
417
396
372
354
486
372
222
354
234
222
354
354
978
834
846
372
354
222
222
0
0
0
445
354
708
360
828
373
415
373
223
354
223
0
354
0
402
354
480
354
396
276
222
432
558
1056
1056
660
870
1032
828
828
1050
195
1050
1152
1176
1131
1244
1142
1093
941
828
1069
1154
1187
1110
1127
1198
340
1202
1184
1243
854
1116
1128
1146
1160
656
1130
1115
1134
1196
1132
905
303
1165
1173
1137
930
408
446
459
712
1081
1094
1190
1174
1086
1142
1126
1085
662
648
729
393
1206
1199
465
243
125
243
127
244
302
301
253
0
121
116
278
369
397
355
115
0
0
235
0
0
295
118
0
0
129
317
115
265
119
113
367
266
359
245
538
120
464
416
0
243
620
517
733
947
1122
1096
1133
1121
1056
942
756
918
417
399
276
432
375
358
702
843
378
381
438
816
816
1118
1124
1097
996
979
708
780
486
354
276
354
630
1008
702
600
558
576
528
432
720
414
561
531
372
560
760
435
612
1050
1050
1053
1070
1061
1047
1077
1073
708
441
1069
1123
1122
1145
1167
1128
1053
927
436
110
408
292
1079
1144
1150
1140
1094
656
683
1132
1171
1201
605
1090
651
416
259
373
1024
1143
1116
1092
1101
390
391
619
1097
1144
821
923
761
1030
1181
995
847
1019
592
536
779
879
1077
1119
1080
1106
1111
1085
1147
1207
1220
1018
1170
1131
1169
1075
1053
1052
1054
1101
1113
1082
353
240
439
960
464
517
432
1075
1208
761
740
1147
927
1152
1083
1109
1027
854
1090
1103
1092
926
394
480
1052
1093
904
1126
1112
1150
1135
1062
1071
1067
966
1064
1094
835
1083
1079
1049
1133
1151
1155
1101
1104
1114
1073
1131
1140
1053
1098
1090
1086
558
0
0
0
0
0
0
0
0
0
0
0
0
0
0
0
525
1073
1116
697
1010
799
1082
630
661
378
485
282
458
205
102
658
1268
1299
1137
1235
1443
828
213
905
1077
1278
1226
916
1120
453
620
903
980
1050
1041
1053
396
567
276
284
489
702
1165
713
410
1023
1206
813
417
1041
964
1042
105
1097
608
405
743
1153
615
240
1175
1335
1167
1117
1078
1013
1113
1121
1101
1059
678
849
927
1047
841
600
722
488
751
1174
1245
1161
1267
1267
488
645
1216
1304
1266
1278
1179
1116
1104
672
528
453
471
621
894
1126
943
475
951
1173
396
996
1148
1259
627
515
998
609
774
846
1106
492
986
1208
1179
1095
1062
1059
1098
1103
528
0
0
0
0
0
0
0
0
0
0
0
0
0
0
0
0
0
0
0
525
1056
1062
1056
876
1054
907
579
517
588
283
96
0
655
798
974
1220
781
1098
1116
898
1199
1180
845
1135
1128
835
1155
1083
1050
282
426
582
600
576
96
582
1144
660
948
480
807
1035
1142
1117
1053
1050
1050
1056
903
623
574
208
287
674
435
438
683
447
714
563
107
964
661
403
542
475
943
681
660
1077
779
895
1031
387
1053
795
381
535
436
770
549
1183
492
948
576
1128
1089
882
798
1050
1053
1053
1056
1056
633
606
642
597
198
1147
1158
1113
1058
727
924
966
1050
1050
761
957
818
1107
1000
562
837
1002
1053
1027
615
267
928
642
1120
655
263
0
1142
216
1143
934
705
852
756
609
1112
870
886
267
1148
1115
441
296
864
429
381
250
384
635
278
0
0
459
306
371
0
269
410
216
117
132
0
268
0
268
273
653
499
581
504
402
0
297
102
0
0
499
414
234
234
0
0
0
0
96
96
282
733
366
321
252
133
0
0
285
247
246
372
247
246
447
134
318
0
237
0
0
0
0
129
132
120
300
288
258
102
0
0
0
251
248
306
455
595
989
1132
1089
1077
1080
1056
1109
1135
1056
1042
1066
1094
1070
467
369
501
368
354
1074
583
237
365
859
1185
1260
1221
1139
1132
1106
1059
1050
583
348
609
1053
354
288
288
0
96
0
96
276
354
0
0
6
222
234
504
0
222
193
96
576
396
450
606
558
984
1038
1062
1062
1053
1056
1053
525
0
0
0
0
0
0
0
0
0
0
0
0
0
0
