232 31
10 226
13 12
19 21
141 220
20 20
1 1
16 16
18 17
16 20
18 11
20 6
4 6
21 11
4 7
21 4
6 14
24 21
44 25
25 13
27 24
42 28
11 9
30 26
31 25
19 8
42 28
24 19
24 55
33 51
13 35
11 28
11 26
14 45
11 23
10 24
8 34
12 27
11 29
13 30
9 31
68 43
68 15
25 23
24 16
40 22
6 4
19 14
24 13
30 33
15 13
23 14
21 19
29 18
15 15
20 14
38 17
5 4
22 8
8 8
44 21
24 13
31 14
11 10
50 35
19 11
21 8
27 14
9 10
58 40
21 9
18 11
30 11
9 11
37 18
9 195
4 9
3 12
79 17
75 41
46 31
17 13
21 7
56 32
31 15
19 16
10 11
89 4
15 17
1 1
7 3
131 6
28 13
31 12
10 4
18 7
20 21
23 17
29 31
1 2
28 11
24 20
11 5
12 14
5 13
1 2
1 1
1 4
1 1
1 1
4 19
3 11
1 2
1 1
1 1
11 25
9 11
33 21
2 2
13 8
1 1
4 10
2 5
31 54
4 22
1 2
1 1
43 31
12 10
70 14
13 23
27 14
35 19
42 13
19 16
19 9
32 21
31 27
20 13
39 16
29 12
23 21
38 272
19 15
12 5
26 21
10 3
24 14
89 15
24 16
15 22
38 22
32 25
19 6
38 20
14 10
24 9
21 27
32 20
35 10
24 23
23 7
28 247
28 13
17 10
15 12
12 9
43 24
131 42
17 17
13 14
80 13
20 22
28 21
36 23
34 14
17 14
20 9
30 14
17 4
25 9
24 27
36 19
5 14
34 25
35 11
17 17
18 8
37 14
48 72
52 17
48 28
29 17
26 26
10 15
78 20
22 21
24 20
24 11
20 16
28 19
30 25
15 7
26 13
35 46
4 12
36 43
16 5
37 20
27 11
29 30
31 13
5 8
28 13
5 15
14 14
6 18
101 16
18 17
31 12
37 22
40 18
19 19
19 6
48 33
87 19
4 4
16 4
8 3
1 1
3 2
5 3
28 14
7 7
26 11
16 10
21 31
32 18
9 10
33 11
10 3
25 9
23 18
33 15
22 15
13 226
2 6
8 51
15 6
10 12
6 12
101 15
18 16
26 15
28 12
24 21
56 6
2 1
3 7
46 243
84 46
37 17
24 10
32 21
109 21
33 14
26 7
15 17
28 16
31 13
19 17
28 135
34 172
118 86
104 101
58 181
174 21
25 14
23 15
79 85
70 69
1 1
2 2
1 1
1 3
24 69
19 67
25 16
16 22
62 118
37 6
80 40
80 13
97 15
90 14
104 77
12 3
48 6
5 1
29 6
44 20
1 1
3 4
10 65
7 38
15 128
75 18
22 15
24 25
42 36
30 20
44 30
30 12
22 21
11 15
70 15
65 17
78 46
82 29
65 10
98 18
73 30
28 25
27 20
27 16
40 39
32 18
26 11
35 12
27 9
15 16
7 16
7 15
