146 101
63 65
157 87
44 44
17 149
29 165
138 258
60 54
124 169
8 12
36 69
72 51
38 55
57 67
110 178
48 30
51 54
168 131
188 115
48 49
164 95
38 38
22 196
287 334
52 16
54 45
188 267
64 44
46 44
37 38
168 141
69 49
181 102
50 63
187 104
38 40
18 203
314 359
73 52
129 139
78 59
43 45
70 49
181 152
30 40
154 46
185 84
80 16
124 76
191 141
17 13
64 72
184 109
37 38
105 188
72 57
33 47
62 67
170 158
35 38
86 13
125 95
203 106
20 56
114 89
71 64
39 43
42 207
461 296
118 23
143 79
57 57
97 64
131 78
2 2
37 40
152 120
50 66
157 103
45 44
186 202
42 47
301 260
116 75
