0
0
0
0
0
0
0
0
0
0
0
0
0
0
0
0
0
0
0
0
0
0
0
0
0
0
0
0
0
0
0
0
0
0
0
0
0
0
0
0
0
0
0
0
0
0
0
0
0
0
0
0
0
0
0
0
0
0
0
16
19
0
0
0
0
0
0
0
0
0
0
0
0
0
63
114
135
128
126
153
206
284
289
339
393
467
466
475
475
549
555
556
589
653
713
729
793
904
953
1009
1003
1005
1016
1015
1012
1013
1013
1013
1017
1045
1118
1126
1130
1155
1208
1267
1266
1330
1392
1428
1429
1430
1466
1487
1537
1555
1556
1636
1656
1684
1736
1751
1751
1800
1815
1837
1902
1962
1992
1992
2021
2021
2020
2020
2031
2031
2031
2031
2031
2113
2113
2119
2165
2183
2184
2201
2244
2284
2299
2320
2320
2347
2379
2406
2453
2536
2542
2553
2635
2673
2662
2669
2712
2720
2751
2765
2807
2829
2830
2890
2989
2993
2993
2993
2993
2994
2993
2993
2993
2993
2993
2993
2996
2996
2996
2996
2996
2996
2996
2996
2996
2996
2996
2996
2998
2998
2998
2998
2998
2998
2998
2998
2998
2998
2998
2998
2997
2997
2997
2998
2998
2998
2998
2998
2998
3001
3001
2999
3015
3015
3015
3015
3015
3015
3015
3015
3015
3015
3015
3015
3003
3003
3003
3003
3003
3003
3007
3004
3004
3004
3004
3004
3000
3003
3001
3006
3006
3006
3006
3006
3006
3007
3005
3006
3012
3012
3012
3012
3012
3012
3011
3012
3012
3011
3011
3011
3011
3010
3010
3010
3010
3010
3010
3010
3010
3013
3013
3013
3015
3015
3015
3015
3015
3015
3015
3015
3015
3015
3015
3015
2993
2993
2993
2993
2993
2993
2993
2993
2993
2993
2993
2993
2997
2997
2997
2997
2997
2997
2997
2997
2997
2997
2997
2997
2996
2996
2996
2996
2996
2996
2996
2996
2996
2996
2996
2996
2996
2996
2996
2996
2996
2996
2996
2996
2996
2998
2998
2997
3014
3014
3014
3014
3014
3014
3014
3014
3014
3014
3014
3013
3004
3004
3002
3002
3002
3002
3002
3002
3002
3005
3003
3004
3004
3005
3005
3000
3007
3006
3006
3006
3006
3007
3005
3005
3019
3019
3019
3019
3019
3019
3016
3015
3015
3015
3016
3016
3011
3011
3011
3011
3011
3011
3011
3011
3011
3008
3008
3008
2996
2996
2996
2996
2996
2996
2996
2996
2996
2996
2996
2996
2996
2996
2996
2996
2996
2996
2996
2996
2996
2996
2996
2996
2996
2996
2996
2996
2996
2996
2996
2996
2996
2996
2996
2996
2996
2996
2996
2996
2996
2996
2996
2996
2996
2996
2996
2996
2995
2995
2995
2995
3011
3028
3053
3053
3079
3106
3138
3155
3195
3215
3244
3297
3323
3402
3435
3492
3513
3513
3511
3511
3509
3510
3509
3509
3509
3509
3509
3509
3509
3509
3509
3509
3509
3509
3509
3509
3514
3534
3535
3541
3566
3567
3565
3571
3617
3628
3637
3684
3705
3718
3750
3755
3757
3796
3800
3803
3836
3868
3865
3869
3884
3919
3927
3932
3938
3969
3972
3976
3975
4010
4031
4035
4039
4046
4062
4086
4095
4103
4105
4119
4143
4144
4144
4173
4201
4216
4228
4255
4271
4306
4320
4341
4351
4351
4353
4349
4349
4349
4353
4353
4360
4358
4359
4359
4348
4348
4348
4348
4348
4348
4350
4350
4350
4350
4350
4350
4341
4341
4341
4349
4355
4359
4361
4364
4367
4367
4366
4370
4372
4372
4372
4372
4372
4372
4372
4372
4372
4372
4372
4372
4370
4370
4370
4370
4370
4370
4370
4370
4370
4370
4370
4365
4365
4416
4461
4473
4470
4468
4495
4529
4530
4530
4529
4530
4527
4527
4528
4593
4636
4638
4633
4646
4671
4695
4697
4696
4690
4690
4690
4692
4745
4779
4777
4777
4802
4850
4851
4853
4849
4849
4849
4849
4867
4923
4929
4934
4934
4943
4969
4981
4980
4980
4980
4980
5041
5092
5093
5090
5091
5130
5151
5150
5157
5155
5153
5158
5154
5154
5154
5153
5153
5149
5155
5154
5157
5151
5152
5156
5157
5152
5152
5155
5149
5159
5159
5158
5160
5160
5160
5160
5160
5158
5159
5160
5160
5161
5160
5160
5162
5162
5162
5162
5162
5162
5162
5162
5162
5162
5162
5162
5163
5163
5163
5163
5163
5163
5163
5163
5163
5163
5163
5163
5163
5163
5163
5171
5191
5198
5212
5212
5213
5213
5213
5213
5213
5213
5213
5198
5198
5198
5200
5200
5200
5200
5200
5200
5202
5202
5332
5202
5202
5202
5209
5215
5215
5216
5216
5215
5211
5209
5212
5211
5212
5214
5219
5221
5223
5227
5226
5228
5233
5233
5233
5233
5233
5233
5233
5233
5233
5242
5254
5257
5260
5267
5267
5266
5266
5266
5266
5266
5266
5266
5266
5266
5264
5264
5269
5276
5282
5287
5298
5300
5304
5302
5302
5302
5299
5299
5299
5299
5299
5299
5299
5299
5299
5310
5323
5327
5333
5345
5347
5348
5348
5348
5348
5348
5348
5351
5355
5359
5378
5378
5376
5376
5376
5376
5376
5376
5376
5376
5376
5376
5377
5388
5399
5417
5421
5422
5425
5426
5426
5426
5426
5426
5427
5427
5427
5427
5427
5427
5425
5426
5426
5426
5426
5426
5432
5431
5433
5433
5428
5433
5434
5434
5434
5433
5434
5434
5433
5433
5433
5433
5433
5433
5433
5433
5433
5433
5433
5433
5435
5435
5435
5435
5435
5435
5435
5435
5435
5435
5435
5435
5435
5435
5435
5435
5435
5435
5435
5435
5435
5435
5435
5435
5436
5436
5428
5439
5439
5439
5438
5438
5438
5438
5438
5438
5434
5434
5434
5434
5434
5434
5434
5434
5434
5434
5434
5434
5432
5432
5432
5432
5432
5432
5432
5432
5432
5432
5432
5432
5429
5429
5429
5429
5431
5434
5434
5434
5434
5434
5434
5434
5443
5451
5457
5462
5462
5462
5462
5463
5463
5463
5463
5466
5471
5474
5474
5474
5474
5474
5472
5472
5472
5472
5472
5474
5486
5489
5489
5489
5489
5489
5489
5489
5489
5489
5489
5489
5493
5493
5492
5492
5492
5492
5493
5493
5493
5492
5493
5492
5498
5495
5497
5497
5493
5492
5495
5496
5491
5490
5499
5497
5500
5500
5500
5500
5502
5502
5498
5497
5497
5494
5493
5495
5494
5493
5494
5493
5493
5493
5495
5495
5497
5494
5492
5488
5490
5490
5492
5492
5492
5495
5493
5493
5500
5493
5495
5494
5498
5499
5499
5498
5499
5499
5500
5500
5500
5500
5499
5499
5494
5492
5492
5494
5494
5494
5493
5493
5495
5494
5495
5494
5493
5493
5494
5494
5494
5494
5494
5494
5495
5495
5495
5492
5492
5491
5493
5494
5494
5489
5492
5494
5491
5491
5492
5492
5493
5494
5495
5495
5494
5495
5494
5494
5493
5495
5495
5493
5489
5488
5487
5487
5490
5490
5490
5489
5490
5487
5487
5488
5489
5490
5491
5490
5490
5491
5491
5490
5486
5492
5487
5486
5490
5490
5491
5493
5493
5493
5493
5493
5493
5493
5493
5493
5491
5491
5491
5491
5491
5490
5491
5491
5491
5491
5491
5490
5487
5490
5490
5490
5489
5489
5489
5487
5487
5488
5490
5490
5495
5494
5494
5495
5495
5495
5493
5493
5494
5494
5492
5493
5495
5494
5494
5493
5493
5493
5492
5493
5492
5490
5492
5493
5493
5493
5494
5491
5493
5493
5493
5494
5494
5495
5494
5493
5496
5496
5496
5493
5495
5496
5495
5492
5492
5492
5495
5492
5495
5494
5492
5492
5489
5489
5490
5495
5490
5494
5490
5495
5491
5486
5487
5492
5489
5489
5490
5490
5490
5491
5492
5491
5492
5492
5492
5492
5492
5492
5492
5492
5492
5492
5492
5492
5493
5492
5490
5491
5492
5494
5491
5490
5490
5484
5494
5494
5496
5497
5497
5497
5497
5497
5496
5496
5496
5496
5496
5496
5495
5495
5495
5495
5495
5495
5495
5495
5495
5493
5495
5495
5495
5495
5492
5496
5495
5494
5498
5498
5498
5498
5498
5498
5491
5491
5491
5491
5491
5491
5491
5491
5492
5492
5492
5492
5493
5493
5489
5493
5493
5493
5494
5494
5494
5494
5494
5494
5495
5495
5495
5495
5495
5495
5495
5495
5495
5480
5480
5480
5482
5482
5482
5482
5482
5482
5482
5482
5482
5482
5482
5482
5483
5483
5483
5483
5483
5483
5483
5496
5496
5496
5496
5496
5498
5498
5498
5498
5498
5498
5499
5500
5500
5500
5500
5500
5504
5503
5503
5503
5503
5503
5503
5503
5503
5503
5503
5503
5501
5496
5497
5497
5497
5498
5499
5499
5499
5501
5500
5499
5494
5495
5495
5494
5500
5500
5501
5523
5523
5524
5526
5527
5528
5530
5535
5535
5537
5537
5537
5538
5538
5538
5538
5538
5539
5560
5561
5561
5563
5568
5564
5570
5571
5571
5574
5572
5586
5586
5586
5583
5583
5586
5588
5587
5587
5587
5587
5587
5596
5596
5596
5596
5596
5596
5595
5595
5622
5622
5615
5621
5615
5615
5615
5615
5615
5615
5615
5615
5615
5615
5665
5696
5695
5722
5723
5727
5730
5731
5731
5730
5730
5729
5729
5731
5735
5735
5735
5735
5735
5735
5735
5735
5735
5735
5735
5735
5733
5734
5730
5729
5733
5733
5735
5735
5735
5735
5735
5735
5731
5731
5731
5731
5731
5731
5731
5731
5731
5730
5730
5731
5738
5739
5738
5737
5738
5739
5737
5738
5738
5737
5736
5737
5737
5737
5737
5737
5737
5737
5737
5737
5737
5737
5736
5737
5736
5736
5736
5737
5738
5738
5738
5737
5738
5735
5735
5736
5737
5736
5737
5737
5738
5738
5738
5738
5738
5738
5738
5738
5735
5735
5735
5735
5735
5735
5736
5736
5736
5736
5736
5736
5735
5735
5735
5735
5735
5735
5735
5735
5735
5735
5735
5733
5736
5730
5728
5729
5733
5734
5736
5736
5736
5736
5736
5736
5734
5734
5732
5733
5733
5732
5733
5733
5733
5734
5734
5733
5726
5729
5736
5736
5736
5735
5732
5736
5737
5738
5738
5737
5745
5744
5744
5744
5744
5740
5743
5747
5744
5743
5744
5744
5742
5742
5742
5736
5739
5738
5741
5747
5747
5746
5746
5746
5748
5748
5748
5750
5733
5733
5733
5733
5733
5733
5733
5733
5729
5729
5729
5729
5729
5729
5729
5729
5729
5729
5729
5729
5729
5742
5742
5742
5742
5742
5742
5742
5742
5742
5742
5742
5737
5777
5807
5812
5811
5814
5830
5847
5851
5852
5852
5852
5854
5854
5878
5885
5908
5931
5928
5929
5950
5992
6018
6019
6023
6029
6067
6094
6133
6184
6183
6203
6211
6245
6261
6262
6255
6255
6255
6255
6255
6255
6255
6255
6255
6255
6262
6284
6318
6329
6333
6342
6341
6342
6341
6341
6341
6341
6341
6341
6336
6336
6336
6336
6336
6336
6336
6336
6336
6336
6336
6336
6337
6337
6337
6337
6337
6337
6337
6337
6337
6337
6337
6337
6338
6338
6338
6338
6338
6338
6338
6338
6338
6338
6338
6338
6335
6335
6336
6336
6334
6334
6333
6333
6334
6334
6334
6334
6336
6335
6334
6334
6334
6335
6335
6335
6335
6334
6334
6334
6332
6332
6333
6334
6334
6333
6334
6334
6334
6335
6334
6334
6334
6334
6334
6334
6334
6334
6334
6334
6334
6334
6329
6334
6332
6333
6329
6332
6332
6335
6335
6335
6335
6335
6335
6335
6335
6335
6335
6335
6335
6335
6335
6335
6335
6335
6335
6335
6335
6335
6335
6335
6335
6335
6335
6335
6335
6335
6335
6335
6339
6339
6339
6336
6340
6341
6340
6340
6340
6340
6340
6340
6339
6339
6336
6336
6336
6339
6335
6337
6338
6336
6340
6338
6335
6335
6335
6335
6335
6335
6336
6336
6336
6336
6336
6336
6334
6337
6337
6337
6331
6333
6334
6336
6335
6335
6337
6336
6336
6334
6333
6335
6335
6335
6335
6335
6335
6335
6335
6336
6337
6338
6338
6338
6338
6338
6338
6338
6338
6337
6337
6337
6332
6333
6333
6324
6327
6329
6327
6327
6323
6332
6331
6328
6328
6330
6329
6333
6337
6334
6335
6335
6335
6334
6334
6333
6336
6336
6335
6331
6333
6330
6329
6327
6329
6329
6328
6327
6326
6330
6331
6331
6320
6327
6330
6322
6332
6332
6332
6331
6334
6332
6332
6332
6332
6333
6328
6334
6335
6335
6335
6335
6337
6338
6337
6338
6323
6323
6323
6323
6323
6321
6321
6321
6320
6320
6320
6320
6320
6320
6320
6320
6320
6320
6320
6320
6321
6321
6321
6321
6321
6321
6321
6321
6321
6321
6321
6321
6321
6321
6321
6321
6321
6321
6321
6321
6321
6321
6321
6321
6321
6321
6321
6321
6321
6321
6321
6321
6321
6321
6321
6321
6321
6321
6321
6321
6321
6321
6321
6321
6321
6321
6321
6321
6320
6320
6320
6320
6320
6320
6320
6320
6320
6320
6333
6333
6333
6336
6337
6337
6337
6337
6337
6337
6337
6337
6337
6337
6336
6336
6336
6334
6334
6335
6334
6334
6334
6334
6334
6334
6335
6335
6335
6335
6335
6335
6335
6335
6335
6335
6360
6388
6450
6488
6508
6508
6509
6509
6509
6520
6527
6526
6526
6536
6605
6680
6702
6702
6727
6732
6744
6777
6774
6775
6802
6809
6853
6869
6880
6916
6927
6939
6942
6962
6991
7026
7064
7101
7104
7135
7173
7179
7207
7211
7224
7241
7261
7281
7279
7282
7302
7308
7310
7321
7368
7394
7411
7442
7458
7495
7533
7549
7584
7587
7587
7611
7641
7650
7674
7726
7763
7814
7827
7827
7840
7848
7847
7854
7861
7861
7861
7861
7861
7861
7861
7869
7888
7926
7946
7962
7962
7985
8035
8042
8053
8081
8126
8126
8133
8144
8177
8199
8218
8233
8255
8276
8274
8372
8406
8407
8469
8467
8467
8467
8467
8467
8470
8470
8455
8455
8455
8455
8447
8447
8447
8447
8447
8447
8447
8447
8447
8447
8447
8447
8446
8446
8446
8446
8446
8446
8446
8446
8446
8446
8446
8446
8446
8446
8446
8446
8446
8446
8446
8446
8446
8459
8459
8459
8460
8460
8460
8460
8460
8460
8460
8460
8460
8460
8460
8476
8493
8493
8493
8494
8527
8549
8607
8609
8613
8641
8644
8655
8675
8676
8682
8701
8734
8748
8769
8768
8769
8796
8800
8801
8839
8875
8900
8930
8975
8966
8969
8995
8996
8995
9006
9004
9012
9012
9011
9014
9015
9014
9024
9061
9062
9106
9124
9143
9141
9146
9146
9178
9189
9217
9240
9257
9289
9336
9357
9363
9407
9425
9432
9434
9439
9441
9441
9441
9441
9441
9441
9442
9433
9436
9428
9438
9436
9441
9440
9440
9441
9442
9446
9428
9437
9437
9437
9437
9437
9437
9437
9437
9437
9437
9437
9437
9436
9436
9436
9436
9436
9436
9436
9436
9436
9436
9436
9436
9450
9450
9450
9450
9450
9450
9450
9450
9450
9450
9450
9451
9477
9476
9478
9476
9499
9501
9530
9543
9579
9582
9580
9601
9654
9681
9683
9691
9691
9691
9724
9736
9766
9788
9788
9795
9812
9863
9873
9877
9877
9883
9913
9938
9979
9979
10027
10081
10097
10142
10141
10143
10147
10139
10143
10144
10144
10147
10147
10144
10145
10147
10145
10145
10145
10145
10145
10139
10144
10142
10144
10144
10149
10149
10149
10149
10147
10147
10147
10146
10146
10147
10148
10148
10143
10150
10152
10152
10150
10146
10142
10148
10143
10149
10146
10149
10144
10145
10145
10144
10146
10146
10145
10145
10146
10145
10145
10143
10146
10145
10146
10144
10145
10147
10147
10147
10147
10146
10143
10144
10134
10142
10147
10148
10148
10139
10140
10137
10138
10139
10139
10140
10146
10149
10150
10146
10139
10138
10140
10142
10146
10146
10146
10145
10154
10149
10155
10154
10148
10152
10151
10151
10149
10148
10148
10143
10153
10153
10153
10153
10153
10153
10153
10153
10153
10153
10281
10286
10293
10294
10294
10324
10370
10399
10448
10558
10560
10563
10562
10599
10675
10685
10684
10684
10682
10682
10678
10680
10680
10679
10678
10681
10688
10688
10687
10687
10685
10684
10686
10681
10683
10686
10686
10686
10686
10686
10686
10686
10686
10686
10686
10686
10686
10686
10686
10686
10684
10684
10684
10684
10684
10684
10684
10564
10564
10564
10564
10564
10562
10562
10562
10289
10289
10289
10289
10289
10289
10152
10152
10152
10152
10152
10152
10152
10152
10151
10152
10152
10152
10152
10152
10152
10144
10145
10138
10145
10147
10147
10145
10144
10144
10144
10148
10148
10144
10142
10145
10145
10136
10142
10148
10138
10138
10135
10135
10142
10144
10142
10143
10143
10145
10147
10142
10147
10147
10150
10150
10149
10151
10151
10152
10152
10136
10136
10136
10136
10136
10136
10136
10136
10138
10138
10138
10136
10136
10136
10136
10136
10136
10136
10136
10136
10141
10141
10141
10141
10141
10141
10141
10141
10141
10141
10141
10141
10141
10141
10141
10141
10141
10141
10141
10141
10141
10141
10141
10141
10141
10141
10141
10141
10141
10141
10141
10141
10141
10141
10141
10141
10136
10136
10136
10136
10136
10136
10136
10136
10136
10136
10136
10136
10153
10152
10152
10152
10152
10152
10152
10152
10152
10152
10152
10152
10152
10152
10152
10152
10152
10152
10152
10152
10152
10152
10152
10152
10156
10165
10165
10185
10211
10225
10246
10264
10295
10310
10331
10362
10393
10412
10427
10467
10491
10521
10547
10576
10600
10637
10672
10711
10738
10761
10792
10827
10851
10874
10893
10925
10948
10974
11008
11029
11046
11054
11055
11058
11058
11058
11058
11058
11064
11071
11078
11084
11101
11107
11119
11126
11133
11144
11150
11159
11174
11174
11181
11180
11178
11178
11176
11175
11175
11176
11174
11173
11176
11178
11177
11178
11177
11177
11177
11177
11177
11178
11175
11180
11197
11215
11230
11246
11255
11269
11284
11296
11320
11333
11347
11366
11381
11401
11411
11426
11448
11465
11477
11488
11516
11545
11545
11576
11589
11596
11620
11631
11633
11632
11634
11634
11635
11631
11632
11632
11632
11632
11631
11634
11637
11637
11638
11638
11638
11638
11639
11650
11663
11688
11715
11737
11774
11798
11822
11851
11873
11901
11922
11946
11974
11991
12004
12026
12029
12059
12083
12102
12124
12139
12150
12150
12153
12159
12158
12158
12159
12161
12159
12156
12159
12158
12160
12157
12156
12158
12152
12157
12154
12154
12154
12153
12154
12154
12155
12154
12153
12153
12151
12152
12152
12206
12209
12211
12255
12262
12261
12305
12314
12319
12359
12371
12381
12399
12399
12414
12430
12432
12460
12482
12484
12510
12526
12526
12557
12559
12566
12575
12590
12613
12614
12613
12629
12631
12642
12653
12655
12678
12684
12684
12703
12703
12715
12731
12755
12769
12778
12817
12826
12850
12851
12866
12872
12872
12873
12868
12869
12872
12869
12872
12881
12874
12879
12880
12879
12879
12898
12898
12875
12881
12881
12881
12882
12883
12879
12872
12876
12878
12880
12881
12881
12880
12880
12880
12881
12881
12881
12882
12882
12879
12881
12881
12877
12877
12874
12873
12883
12882
12882
12884
12884
12884
12884
12884
12884
12884
12884
12884
12880
12878
12879
12878
12880
12880
12880
12879
12876
12873
12875
12876
12881
12882
12882
12882
12882
12880
12882
12883
12884
12884
12885
12880
12884
12882
12885
12883
12883
12884
12883
12885
12884
12885
12883
12882
12886
12886
12879
12880
12881
12875
12875
12875
12876
12875
12872
12873
12883
12884
12880
12880
12874
12877
12869
12875
12874
12871
12871
12871
12877
12875
12875
12872
12875
12879
12875
12877
12878
12878
12877
12877
12883
12883
12883
12883
12883
12877
12882
12878
12882
12877
12878
12879
12885
12889
12889
12889
12887
12879
12886
12885
12886
12883
12882
12883
12881
12878
12882
12882
12880
12881
12876
12883
12878
12876
12877
12881
12879
12879
12882
12886
12865
12865
12865
12865
12865
12865
12865
12865
12869
12869
12869
12869
12869
12869
12869
12882
12882
12882
12874
12880
12877
12878
12877
12877
12877
12877
12878
12877
12876
12877
12879
12880
12876
12918
12945
12953
12953
12953
12955
12954
12955
12953
12954
12953
12959
12953
12960
12961
12962
12961
12960
12953
12953
12951
12957
12956
12954
12950
12948
12953
12956
12876
12876
12877
12870
12869
12873
12875
12879
12880
12880
12880
12889
12903
12916
12916
12920
12914
12914
12925
12932
12955
12963
12955
12955
12964
12962
12968
12970
12964
12960
12956
12967
12961
12965
12964
12961
12962
12964
12964
12964
12965
12964
12962
12964
12964
12964
12963
12960
12958
12955
12953
12958
12957
12957
12956
12959
12958
12963
12962
12961
12963
12961
12961
12961
12961
12963
12968
12980
12991
13005
13008
13008
13007
13006
13006
13006
13006
13021
13020
13022
13023
13043
13044
13043
13075
13066
13068
13068
13072
13076
13077
13080
13080
13080
13080
13080
13080
13080
13080
13080
13080
13080
13080
13080
13080
13080
13080
13080
13080
13080
13080
13080
13080
13080
13080
13080
13080
13080
13080
13080
13080
13080
13080
13080
13080
13080
13080
13079
13079
13079
13079
13079
13079
13079
13079
13079
13079
13079
13079
13079
13079
13079
13079
13079
13079
13079
13079
13079
13079
13079
13079
13079
13079
13079
13074
13080
13079
13079
13079
13079
13079
13078
13078
13081
13078
13083
13084
13081
13075
13078
13082
13075
13079
13080
13081
13085
13084
13083
13077
13075
13078
13081
13082
13082
13082
13082
13083
13084
13078
13085
13079
13077
13078
13079
13079
13087
13087
13087
13087
13088
13088
13083
13073
13073
13079
13078
13084
13087
13083
13084
13085
13088
13088
13083
13084
13080
13083
13080
13080
13077
13081
13080
13076
13089
13090
13088
13082
13083
13081
13085
13075
13074
13080
13075
13079
13078
13075
13074
13081
13078
13077
13083
13083
13080
13080
13083
13076
13072
13070
13073
13076
13074
13072
13072
13073
13072
13075
13076
13075
13077
13072
13059
13059
13059
13070
13073
13073
13073
13080
13079
13065
13067
13067
13067
13067
13067
13067
13067
13067
13067
13054
13048
13066
13064
13013
12888
12302
11698
10990
10226
9327
9068
8899
8675
8489
8473
8448
8305
8153
7965
7666
7673
7678
7675
7681
7690
7674
7683
7683
7683
7683
7683
7683
7691
7690
7691
7692
7692
7692
7727
7727
7727
7727
7727
7727
7727
7727
7727
7729
7736
7736
7721
7720
7720
7720
7720
7720
7720
7720
7720
7720
7720
7722
7769
7818
7822
7861
7890
7890
7918
7919
7936
7944
7944
7952
7974
8016
8072
8113
8113
8156
8158
8174
8190
8191
8188
8205
8219
8240
8248
8267
8306
8312
8331
8342
8371
8377
8408
8438
8456
8481
8525
8545
8578
8581
8581
8596
8618
8637
8654
8653
8672
8695
8698
8709
8740
8764
8786
8787
8808
8824
8856
8875
8897
8905
8902
8919
8954
8963
8998
9074
9119
9188
9205
9207
9212
9212
9227
9230
9231
9231
9231
9231
9231
9231
9231
9309
9332
9370
9377
9381
9479
9493
9494
9526
9546
9601
9590
9597
9606
9659
9670
9670
9722
9745
9746
9750
9782
9780
9802
9801
9799
9799
9788
9787
9787
9787
9787
9787
9787
9787
9787
9787
9780
9805
9818
9818
9818
9818
9818
9818
9818
9818
9818
9818
9819
9819
9819
9819
9819
9819
9819
9819
9819
9819
9819
9819
9822
9822
9822
9822
9822
9822
9822
9822
9822
9822
9822
9822
9820
9820
9820
9839
9853
9925
9962
9964
9969
9998
9998
10018
10046
10043
10044
10073
10090
10121
10155
10184
10220
10245
10278
10298
10304
10302
10315
10316
10316
10319
10307
10304
10303
10301
10310
10305
10300
10300
10305
10306
10306
10306
10306
10306
10306
10306
10306
10304
10306
10306
10304
10306
10307
10055
10055
10055
10055
10055
10055
10054
10053
10053
10053
10053
10070
10083
10085
10112
10141
10144
10152
10155
10169
10207
10210
10210
10230
10283
10326
10340
10379
10429
10443
10448
10469
10465
10474
10480
10483
10484
10489
10490
10490
10490
10517
10540
10570
10572
10571
10614
10647
10683
10672
10684
10733
10746
10756
10778
10794
10825
10848
10862
10863
10874
10892
10921
10926
10948
10980
11006
11065
11093
11146
11165
11155
11159
11159
11159
11157
11157
11157
11157
11168
11186
11186
11197
11231
11234
11277
11325
11322
11323
11342
11386
11437
11440
11440
11440
11471
11488
11503
11543
11550
11567
11609
11632
11665
11668
11677
11698
11718
11786
11832
11869
11869
11955
11982
11982
11971
11979
11979
11977
11981
11981
11979
11976
11979
11979
11979
11978
11984
11983
11983
11983
11983
11983
11983
11983
11983
11981
11981
11981
11980
11980
11980
11980
11980
11980
11980
11980
11986
11985
11985
11985
11983
11983
11983
11983
11983
11983
11983
11983
11983
12023
12141
12140
12137
12137
12137
12138
12142
12142
12175
12302
12326
12329
12334
12328
12333
12355
12470
12486
12487
12487
12489
12488
12528
12672
12721
12718
12731
12731
12731
12731
12770
12857
12883
12880
12884
12997
13102
13106
13130
13130
13132
13194
13195
13234
13233
13235
13227
13231
13234
13236
13311
13330
13329
13330
13419
13453
13450
13451
13451
13451
13451
13451
13457
13457
13458
13456
13457
13457
13457
13457
13457
13458
13456
13453
13452
13454
13456
13456
13456
13458
13456
13458
13458
13458
13458
13458
13459
13458
13451
13455
13456
13446
13453
13454
13456
13452
13451
13454
13461
13461
13461
13337
13336
13337
13336
13233
13234
13234
13128
13127
13133
13133
13133
12906
12906
12906
12906
12753
12753
12753
12753
12511
12510
12510
12510
12510
12510
12354
12354
12354
12354
12354
12354
12151
12150
12150
12150
12150
11991
11991
11991
11991
11991
11991
11991
11991
11987
11984
11983
11985
11989
11987
11987
11987
11978
11987
11987
11987
11983
11983
11983
11983
11980
11978
11982
11981
11980
11977
11977
11982
11985
11985
11985
11985
11985
11978
11979
11982
11985
11985
11986
11984
11986
11983
11978
11980
11985
11985
11980
11978
11985
11987
11987
11987
11984
11984
11984
11983
11980
11984
11982
11982
11982
11982
11982
11982
11985
11985
11985
11985
11985
11985
11985
11984
11984
11985
11985
11986
11982
11982
11982
11982
11982
11981
11974
11973
11979
11979
11979
11979
11979
11979
11979
11979
11971
11977
11979
11979
11979
11972
11973
11972
11979
11980
11980
11981
11975
11977
11980
11977
11975
11989
11986
11977
11974
11973
11974
11973
11975
11981
11976
11976
11975
11973
11978
11977
11983
11983
11983
11983
11982
11979
11976
11976
11980
11980
11979
11983
11980
11980
11980
11980
11980
11980
11980
11980
11980
11980
11980
11980
11982
11982
11982
11982
11982
11982
11982
11982
11982
11982
11982
11982
11982
11982
11978
11975
11977
11979
11980
11979
11978
11976
11976
11975
11974
11979
11976
11978
11979
11978
11979
11979
11979
11981
11977
11974
11980
11980
11978
11977
11977
11982
11982
11981
11978
11980
11981
11976
11981
11982
11983
11984
11983
11983
11983
11983
11983
11983
11983
11983
11983
11983
11982
11981
11978
11981
11981
11980
11976
11983
11980
11980
11983
11983
11983
11982
11982
11982
11982
11982
11982
11982
11988
11988
11985
11985
11979
11986
11981
11984
11988
11989
11988
11989
11987
11982
11990
11990
11989
11990
11990
11983
11992
11993
11991
11994
11994
11994
11990
12002
11985
11985
11985
11985
11985
11985
11985
11985
11985
11985
11988
11988
11988
11988
11988
11988
11988
11988
11988
11988
11988
11988
11988
11988
11988
11989
11989
11989
11989
11989
11989
11989
11989
11989
11987
11987
11987
11987
11987
11987
11987
11987
11987
11987
11987
11987
11987
11987
11987
11987
11987
11987
11987
11987
11987
11987
11987
11987
11987
11987
11987
11987
11987
11987
11987
11987
11987
11987
11987
11987
11987
11987
11987
11987
11987
11987
11987
11987
11987
11987
11987
11987
11987
11987
11987
11992
11992
11993
11993
11993
11993
11993
11993
11993
11992
11992
11992
11992
11992
11992
11992
11992
11992
11992
11992
11992
11992
11992
11992
11992
11992
11992
11992
11992
11992
11993
11993
11993
11993
11993
11993
11993
11993
11993
11993
11993
11993
11993
11998
12008
12017
12025
12037
12041
12042
12069
12089
12102
12116
12135
12152
12171
12182
12200
12214
12231
12253
12270
12286
12302
12320
12337
12369
12383
12410
12433
12468
12497
12529
12560
12577
12598
12627
12655
12674
12704
12742
12759
12778
12807
12828
12845
12868
12896
12916
12936
12946
12961
13011
13022
13043
13067
13076
13096
13109
13123
13128
13134
13132
13134
13140
13141
13140
13140
13139
13140
13139
13139
13139
13139
13139
13139
13139
13139
13139
13139
13139
13139
13139
13139
13139
13139
13139
13139
13133
13133
13133
13133
13133
13133
13132
13127
13133
13131
13131
13131
13133
13133
13133
13133
13133
13133
13133
13133
13133
13134
13134
13134
13134
13134
13134
13134
13134
13134
13134
13134
13134
13134
13134
13134
13137
13137
13137
13137
13148
13190
13218
13233
13232
13234
13234
13265
13274
13313
13302
13305
13305
13305
13305
13305
13305
13305
13305
13325
13368
13388
13415
13416
13416
13424
13427
13434
13447
13497
13548
13570
13604
13624
13630
13632
13646
13662
13663
13669
13691
13721
13729
13743
13790
13796
13823
13831
13862
13884
13910
13910
13978
14021
14026
14024
14050
14050
14050
14073
14092
14120
14147
14149
14156
14192
14195
14221
14248
14248
14310
14316
14325
14357
14389
14417
14439
14487
14520
14539
14555
14598
14614
14670
14723
14766
14830
14823
14824
14826
14826
14834
14838
14839
14839
14839
14839
14839
14853
14882
14907
14935
14953
14970
14995
15028
15058
15071
15096
15097
15100
15112
15126
15145
15145
15152
15181
15210
15210
15216
15229
15247
15268
15290
15304
15320
15326
15334
15362
15403
15433
15455
15460
15459
15458
15461
15461
15461
15461
15461
15465
15465
15465
15465
15465
15465
15466
15466
15466
15466
15466
15466
15462
15462
15462
15462
15462
15462
15462
15462
15462
15462
15462
15462
15452
15458
15457
15451
15451
15454
15456
15456
15456
15456
15456
15456
15454
15454
15454
15454
15454
15454
15454
15454
15460
15462
15510
15606
15621
15622
15621
15626
15650
15663
15694
15696
15680
15685
15681
15679
15688
15688
15720
15769
15768
15761
15768
15764
15757
15758
15758
15759
15843
15882
15885
15883
15882
15887
15901
15950
15958
15938
15943
15943
15936
15937
15935
15948
15971
16024
16023
16017
16028
16026
16027
16024
16015
16027
16013
16023
16020
16022
16023
16028
16023
16025
16024
16021
16026
16022
16027
16021
16028
16028
16027
16022
16023
16017
16015
16022
16020
16022
16011
16025
16021
16024
16019
16010
16010
16012
16012
16012
16006
16008
16007
16007
16007
16007
16007
16007
16003
16009
16017
16009
16017
16017
16017
16017
16017
16017
16017
16014
16015
16015
16015
16015
16013
16013
16013
16013
16013
16013
16013
16013
16013
16013
16028
16067
16092
16125
16136
16145
16177
16241
16244
16254
16279
16278
16278
16278
16278
16307
16351
16365
16392
16392
16393
16395
16395
16395
16420
16459
16474
16504
16541
16537
16548
16562
16562
16569
16596
16639
16682
16711
16729
16733
16740
16774
16776
16789
16816
16829
16843
16868
16900
16916
16931
16935
16934
16937
16937
16936
16936
16935
16936
16936
16936
16936
16939
16951
16944
16943
16943
16937
16942
16942
16941
16941
16941
16941
16937
16937
16937
16937
16937
16937
16935
16974
17016
17055
17056
17047
17047
17109
17129
17129
17128
17157
17199
17220
17229
17242
17287
17314
17336
17365
17378
17405
17466
17479
17494
17493
17519
17567
17595
17623
17665
17690
17687
17689
17690
17690
17690
17690
17690
17690
17690
17690
17683
17683
17694
17687
17686
17686
17686
17686
17686
17686
17686
17686
17685
17685
17685
17685
17686
17687
17683
17684
17684
17684
17684
17684
17674
17674
17674
17674
17674
17674
17674
17674
17704
17673
17673
17673
17676
17676
17676
17676
17676
17676
17676
17676
17676
17676
17676
17676
17678
17678
17678
17678
17678
17678
17678
17678
17684
17734
17754
17792
17823
17831
17845
17844
17855
17855
17856
17873
17918
17944
17966
17975
17979
17977
18008
18006
18007
18028
18058
18063
18063
18096
18116
18133
18143
18146
18174
18197
18208
18237
18244
18281
18310
18322
18343
18347
18380
18405
18410
18428
18430
18444
18467
18465
18479
18518
18539
18552
18546
18569
18579
18617
18639
18655
18653
18681
18721
18731
18767
18793
18834
18890
18893
18896
18903
18904
18904
18910
18928
18920
18918
18917
18903
18903
18903
18909
18920
18941
18966
18971
18978
18990
19012
19016
19034
19049
19050
19050
19061
19086
19099
19101
19101
19097
19128
19133
19156
19159
19160
19166
19189
19217
19220
19244
19253
19251
19283
19325
19358
19407
19411
19417
19417
19418
19418
19418
19418
19418
19418
19418
19419
19419
19419
19420
19419
19416
19415
19415
19416
19417
19417
19417
19414
19414
19414
19414
19414
19416
19411
19411
19411
19411
19411
19411
19414
19414
19414
19415
19415
19415
19415
19415
19415
19415
19415
19415
19424
19424
19424
19424
19424
19424
19424
19424
19424
19424
19424
19424
19421
19421
19421
19421
19421
19421
19421
19421
19421
19421
19421
19421
19421
19421
19421
19421
19421
19421
19445
19475
19508
19511
19532
19550
19593
19621
19612
19615
19631
19633
19635
19633
19633
19661
19684
19696
19709
19708
19708
19708
19708
19720
19743
19769
19771
19814
19812
19813
19819
19834
19835
19835
19835
19835
19835
19853
19873
19895
19929
19947
19953
19966
19981
19983
19982
19984
19999
20014
20022
20059
20086
20114
20118
20153
20162
20201
20224
20239
20269
20290
20290
20289
20291
20298
20335
20341
20358
20360
20360
20390
20391
20395
20410
20427
20429
20447
20466
20481
20501
20526
20529
20527
20549
20568
20582
20624
20654
20686
20706
20710
20710
20710
20712
20730
20732
20730
20732
20732
20732
20732
20736
20736
20746
20764
20786
20806
20809
20841
20888
20896
20898
20905
20938
20949
20966
21010
21058
21071
21109
21146
21148
21187
21225
21241
21309
21339
21376
21390
21383
21391
21381
21384
21394
21391
21392
21395
21405
21406
21408
21401
21410
21424
21407
21421
21418
21421
21418
21415
21403
21403
21408
21406
21406
21410
21411
21411
21409
21409
21412
21415
21383
21383
21383
21383
21383
21383
21383
21383
21383
21383
21383
21383
21380
21376
21378
21377
21377
21377
21377
21375
21377
21376
21376
21375
21374
21374
21375
21374
21371
21372
21373
21375
21376
21375
21397
21417
21436
21462
21472
21493
21513
21529
21549
21569
21590
21627
21646
21665
21691
21712
21721
21745
21759
21770
21778
21783
21787
21799
21800
21803
21803
21804
21801
21811
21813
21814
21815
21817
21817
21819
21821
21823
21817
21818
21818
21817
21817
21817
21817
21815
21817
21818
21817
21814
21820
21827
21833
21838
21841
21847
21855
21873
21885
21896
21907
21924
21944
21952
21956
21970
21983
21988
21998
22009
22011
22013
22012
22012
22007
22006
22007
22007
22006
22006
22006
22006
22006
22006
22006
22006
22007
22007
21822
21822
21821
21823
21821
21821
21814
21813
21813
21813
21812
21812
21382
21381
21381
21381
21381
21381
21381
21381
21381
21381
21386
21386
21386
21386
21386
21386
21386
21386
21386
21386
21386
21387
21378
21378
21379
21377
21380
21377
21361
21379
21371
21373
21383
21382
21386
21385
21384
21384
21384
21388
21387
21383
21386
21386
21383
21382
21387
21385
21388
21388
21387
21389
21383
21387
21388
21389
21390
21390
21378
21377
21383
21371
21374
21379
21388
21389
21390
21391
21393
21395
21400
21420
21432
21447
21467
21486
21499
21511
21534
21550
21576
21588
21616
21640
21663
21664
21692
21707
21726
21739
21754
21767
21780
21794
21793
21794
21809
21821
21833
21837
21837
21852
21860
21868
21875
21869
21877
21886
21883
21895
21905
21905
21907
21907
21907
21907
21907
21907
21907
21907
21908
21908
21908
21908
21908
21908
21908
21908
21908
21908
21909
21909
21909
21909
21909
21909
21910
21909
21909
21909
21909
21909
21907
21907
21907
21907
21907
21907
21907
21907
21907
21907
21907
21908
21916
21915
21915
21916
21916
21915
21913
21912
21913
21912
21913
21916
21916
21917
21917
21917
21917
21917
21917
21916
21919
21919
21921
21912
21916
21916
21916
21918
21918
21918
21918
21918
21915
21915
21918
21918
21909
21909
21909
21909
21907
21906
21907
21908
21909
21909
21909
21909
21913
21912
21912
21912
21912
21912
21912
21909
21909
21915
21909
21908
21914
21913
21920
21920
21916
21918
21920
21916
21919
21916
21919
21920
21917
21917
21928
21920
21923
21923
21923
21923
21923
21923
21923
21923
21921
21921
21921
21920
21916
21921
21921
21919
21915
21918
21935
21935
21927
21926
21924
21923
21929
21936
21947
21930
21930
21939
21931
21932
21943
21944
21944
21928
21928
21926
21944
21928
21925
21939
21939
21932
21924
21938
21922
21927
21928
21931
21930
21930
21930
21929
21929
21930
21925
21921
21921
21922
21930
21924
21945
21929
21928
21919
21928
21928
21916
21927
21922
21929
21928
21928
21928
21928
21928
21928
21929
21927
21927
21927
21927
21927
21927
21926
21924
21924
21924
21924
21924
21924
21922
21922
21921
21921
21921
21921
21921
21921
21921
21921
21917
21920
21918
21933
21927
21935
21935
21929
21929
21931
21930
21930
21923
21925
21922
21922
21922
21922
21922
21922
21922
21922
21920
21918
21923
21922
21923
21922
21923
21923
21923
21923
21923
21923
21923
21923
21923
21923
21922
21922
21922
21922
21922
21922
21921
21921
21921
21922
21919
21922
21915
21915
21913
21915
21914
21915
21915
21913
21914
21912
21913
21915
21911
21913
21913
21913
21912
21913
21912
21913
21912
21914
21914
21912
21915
21915
21913
21916
21916
21914
21910
21911
21913
21916
21916
21916
21917
21917
21917
21916
21916
21916
21915
21915
21914
21915
21915
21914
21912
21913
21913
21913
21913
21913
21913
21913
21913
21913
21912
21909
21909
21912
21910
21909
21909
21914
21914
21913
21913
21913
21913
21913
21912
21912
21912
21909
21909
21906
21909
21911
21910
21909
21909
21910
21912
21912
21910
21907
21906
21914
21911
21906
21911
21915
21903
21911
21911
21908
21908
21911
21911
21911
21911
21911
21911
21911
21911
21911
21922
21922
21922
21922
21922
21922
21921
21920
21919
21920
21919
21921
21918
21918
21917
21918
21918
21919
21918
21916
21916
21915
21915
21916
21912
21912
21911
21911
21911
21911
21920
21916
21913
21914
21915
21915
21917
21917
21929
21932
21932
21933
21934
21933
21934
21937
21939
21934
21933
21930
21930
21932
21930
21936
21933
21934
21934
21933
21933
21918
21916
21915
21915
21917
21911
21913
21921
21919
21916
21918
21916
21917
21918
21918
21912
21909
21916
21916
21916
21910
21916
21917
21918
21919
21920
21920
21920
21920
21920
21920
21920
21920
21921
21920
21920
21920
21918
21918
21918
21918
21918
21918
21918
21918
21918
21918
21918
21918
21917
21917
21917
21917
21917
21917
21917
21917
21917
21917
21917
21917
21920
21920
21920
21920
21920
21920
21920
21920
21920
21920
21920
21920
21921
21921
21921
21921
21921
21921
21921
21921
21921
21921
21921
21921
21914
21934
21933
21921
21919
21928
21929
21929
21922
21920
21921
21924
21920
21920
21920
21919
21919
21918
21919
21916
21933
21932
21931
21921
21921
21921
21924
21924
21922
21924
21932
21932
21942
21941
21938
21937
21926
21927
21927
21919
21924
21925
21927
21927
21927
21927
21926
21927
21921
21920
21922
21922
21922
21921
21921
21921
21921
21919
21922
21913
21912
21920
21915
21914
21913
21916
21920
21920
21920
21919
21921
21933
21933
21931
21925
21934
21921
21926
21926
21927
21927
21929
21927
21926
21924
21925
21924
21924
21926
21918
21919
21919
21920
21919
21918
21927
21924
21924
21924
21923
21920
21927
21925
21925
21914
21923
21908
21922
21936
21929
21931
21934
21935
21936
21936
21938
21937
21932
21931
21928
21931
21932
21916
21915
21924
21925
21926
21926
21917
21921
21921
21925
21909
21909
21909
21913
21931
21932
21933
21935
21941
21948
21955
21951
21961
21968
21970
21981
21986
21993
21997
22000
22013
22018
22031
22040
22046
22043
22048
22048
22053
22056
22063
22072
22076
22081
22088
22095
22098
22113
22107
22105
22105
22106
22113
22112
22108
22108
22108
22107
22114
22127
22112
22112
22112
22112
22112
22112
22112
22112
22112
22112
22095
22095
22095
22095
22095
22095
22095
22095
22095
22100
22100
22100
22097
22093
22094
22096
22096
22096
22096
22096
22096
22096
22096
22096
22096
22096
22097
22097
22096
22098
22100
22093
22098
22099
22100
22105
22128
22127
22128
22127
22128
22127
22128
22127
22128
22126
22126
22126
22116
22113
22117
22112
22113
22113
22114
22113
22114
22114
22114
22114
22101
22101
22101
22101
22101
22101
22101
22101
22101
22101
22101
22101
22100
22100
22100
22100
22100
22100
22100
22100
22100
22100
22100
22100
22099
22099
22099
22099
22099
22099
22099
22099
22099
22099
22099
22099
22100
22100
22100
22100
22100
22100
22100
22100
22100
22100
22100
22100
22100
22100
22100
22100
22100
22100
22100
22100
22100
22096
22097
22096
22101
22098
22098
22100
22097
22102
22104
22104
22102
22101
22103
22104
22100
22101
22101
22099
22099
22100
22100
22100
22100
22100
22100
22100
22100
22100
22100
22100
22100
22100
22100
22100
22100
22132
22195
22225
22226
22227
22228
22233
22233
22254
22255
22256
22255
22257
22256
22255
22256
22256
22257
22250
22239
22249
22253
22252
22249
22251
22251
22250
22260
22258
22258
22258
22257
22260
22259
22259
22259
22259
22257
22257
22260
22260
22260
22260
22260
22290
22287
22292
22290
22294
22301
22310
22308
22309
22305
22305
22306
22306
22303
22303
22305
22304
22302
22303
22304
22309
22301
22301
22304
22303
22311
22309
22316
22344
22344
22346
22342
22350
22354
22355
22360
22359
22360
22360
22357
22361
22364
22366
22364
22364
22368
22367
22368
22368
22368
22368
22368
22368
22368
22387
22387
22385
22386
22385
22398
22407
22403
22402
22401
22399
22403
22401
22409
22408
22409
22408
22407
22408
22410
22405
22407
22413
22411
22408
22404
22406
22406
22401
22398
22408
22400
22400
22410
22407
22409
22409
22404
22404
22405
22401
22403
22403
22399
22400
22402
22405
22403
22399
22396
22396
22394
22395
22396
22396
22396
22394
22394
22388
22388
22390
22394
22395
22394
22395
22398
22398
22402
22399
22397
22397
22398
22399
22408
22408
22408
22407
22409
22408
22404
22406
22408
22406
22405
22405
22424
22431
22427
22427
22433
22434
22433
22433
22432
22437
22434
22432
22432
22430
22431
22433
22433
22434
22430
22430
22435
22434
22433
22434
22425
22418
22421
22422
22419
22418
22418
22420
22418
22417
22416
22420
22421
22428
22429
22431
22429
22427
22430
22429
22434
22435
22431
22432
22427
22438
22439
22432
22434
22432
22431
22432
22432
22430
22433
22433
22415
22413
22409
22411
22405
22408
22415
22414
22413
22414
22412
22412
22413
22409
22409
22411
22412
22412
22411
22410
22411
22405
22404
22410
22403
22400
22405
22411
22411
22412
22414
22410
22415
22409
22409
22419
22415
22412
22419
22422
22425
22422
22422
22423
22423
22423
22424
22422
22418
22424
22422
22416
22421
22422
22424
22423
22424
22424
22424
22424
22420
22421
22421
22434
22436
22436
22424
22427
22425
22433
22433
22434
22434
22432
22435
22433
22435
22438
22441
22442
22447
22447
22446
22448
22433
22433
22433
22433
22433
22433
22433
22431
22430
22432
22433
22433
22430
22431
22426
22426
22427
22422
22430
22428
22431
22432
22431
22430
22430
22430
22432
22431
22428
22430
22434
22434
22428
22426
22422
22429
22397
22395
22390
22390
22393
22389
22394
22397
22397
22393
22394
22393
22404
22399
22401
22403
22402
22402
22403
22404
22404
22402
22402
22407
22404
22397
22406
22404
22415
22418
22415
22417
22419
22422
22414
22409
22426
22428
22428
22413
22422
22419
22421
22421
22423
22424
22424
22421
22413
22407
22406
22410
22413
22412
22412
22404
22411
22405
22405
22407
22404
22410
22411
22410
22412
22412
22415
22412
22411
22414
22412
22412
22413
22413
22416
22416
22416
22415
22415
22414
22414
22413
22415
22411
22408
22409
22415
22414
22418
22417
22416
22417
22417
22415
22411
22415
22417
22415
22414
22415
22412
22407
22417
22412
22418
22420
22414
22416
22406
22408
22408
22408
22410
22410
22413
22411
22411
22411
22411
22411
22419
22435
22464
22480
22503
22511
22527
22545
22569
22587
22614
22643
22654
22676
22692
22713
22739
22752
22780
22806
22829
22850
22871
22877
22911
22911
22911
22912
22910
22925
22914
22912
22908
22920
22916
22924
22905
22915
22913
22905
22914
22917
22897
22905
22911
22912
22903
22908
22895
22895
22885
22891
22889
22884
22895
22896
22898
22897
22886
22888
22898
22899
22899
22894
22898
22890
22890
22890
22893
22894
22894
22894
22902
22902
22902
22901
22899
22899
22895
22899
22900
22893
22900
22893
22896
22899
22889
22893
22898
22897
22896
22895
22886
22891
22891
22894
22898
22894
22897
22888
22888
22892
22893
22896
22888
22894
22888
22894
22901
22904
22901
22900
22902
22903
22904
22904
22904
22904
22903
22903
22899
22898
22902
22899
22904
22905
22899
22904
22903
22905
22906
22907
22903
22899
22904
22906
22903
22904
22906
22906
22906
22905
22905
22905
22914
22915
22915
22915
22915
22915
22915
22915
22915
22915
22915
22915
22914
22914
22914
22915
22915
22915
22915
22911
22915
22916
22919
22912
22911
22911
22911
22915
22917
22918
22919
22922
22920
22920
22918
22916
22917
22917
22918
22917
22914
22910
22914
22915
22915
22908
22912
22912
22906
22906
22906
22905
22906
22907
22906
22902
22904
22902
22898
22905
22898
22899
22896
22896
22895
22897
22893
22895
22895
22897
22899
22897
22898
22898
22898
22894
22895
22892
22893
22895
22899
22897
22902
22900
22902
22908
22906
22906
22907
22907
22909
22910
22910
22910
22910
22910
22901
22901
22901
22901
22901
22901
22901
22901
22901
22902
22902
22902
22905
22905
22905
22905
22905
22905
22905
22905
22905
22905
22905
22905
22904
22904
22904
22904
22904
22904
22904
22904
22904
22904
22904
22904
22903
22903
22903
22903
22903
22903
22903
22903
22903
22903
22903
22903
22903
22903
22903
22903
22903
22903
22903
22903
22903
22903
22903
22903
22903
22903
22903
22903
22903
22903
22903
22903
22903
22903
22903
22903
22903
22903
22903
22903
22903
22903
22903
22903
22903
22903
22903
22903
22900
22900
22900
22900
22900
22900
22900
22900
22901
22900
22900
22900
22897
22897
22897
22897
22897
22897
22897
22897
22897
22897
22897
22897
22897
22897
22902
22902
22902
22902
22902
22902
22902
22902
22902
22902
22899
22899
22899
22899
22899
22900
22945
23011
23035
23041
23048
23045
23056
23056
23068
23100
23148
23141
23144
23144
23144
23144
23144
23144
23142
23142
23142
23142
23142
23142
23142
23142
23148
23158
23223
23276
23274
23276
23278
23279
23284
23283
23307
23327
23340
23340
23340
23340
23348
23348
23348
23348
23356
23357
23368
23368
23368
23368
23368
23368
23365
23365
23365
23365
23365
23365
23365
23365
23365
23365
23365
23365
23373
23373
23373
23373
23373
23373
23373
23373
23373
23373
23373
23373
23373
23373
23373
23373
23373
23373
23373
23373
23373
23373
23373
23373
23374
23375
23375
23372
23374
23374
23374
23373
23374
23374
23374
23373
23373
23373
23373
23373
23373
23373
23374
23374
23374
23374
23368
23385
23374
23374
23374
23374
23374
23374
23374
23374
23371
23375
23375
23375
23364
23364
23364
23364
23364
23425
23473
23475
23475
23482
23490
23501
23501
23514
23515
23535
23571
23565
23565
23565
23565
23565
23565
23565
23557
23557
23557
23558
23558
23558
23558
23558
23558
23558
23573
23627
23680
23680
23681
23688
23688
23697
23702
23709
23719
23748
23750
23743
23747
23745
23750
23755
23756
23756
23755
23751
23758
23760
23760
23760
23771
23771
23771
23771
23771
23771
23771
23770
23770
23768
23765
23764
23771
23773
23771
23772
23773
23773
23773
23772
23771
23765
23765
23765
23771
23770
23771
23764
23767
23765
23766
23770
23770
23767
23767
23767
23772
23768
23769
23770
23773
23800
23859
23883
23889
23889
23886
23884
23909
23903
23953
23941
23938
23937
23935
23932
23926
23931
23940
23940
23932
23932
23932
23932
23932
23933
23932
23932
23932
23932
23929
23928
23929
23926
23932
23932
23931
23933
23935
23936
23933
23932
23945
23939
23935
23934
23934
23933
23933
23933
23933
23930
23932
23932
23932
23932
23937
23937
23937
23937
23937
23937
23937
23936
23936
23936
23936
23936
23946
23946
23946
23946
23946
23946
23946
23946
23946
23946
23946
23946
23943
23943
23943
23943
23943
23943
23943
23943
23943
23943
23943
23943
23941
23941
23951
23968
23984
23998
24016
24036
24061
24079
24093
24115
24128
24129
24131
24129
24130
24132
24132
24132
24135
24138
24149
24155
24178
24174
24179
24182
24183
24183
24183
24183
24183
24183
24183
24183
24180
24180
24178
24169
24179
24176
24178
24177
24175
24182
24182
24182
24180
24180
24180
24180
24180
24180
24177
24178
24179
24181
24178
24178
24177
24177
24177
24177
24177
24177
24177
24176
24176
24177
24177
24176
24176
24183
24177
24184
24184
24184
24184
24186
24181
24176
24179
24183
24171
24169
24178
24168
24165
24168
24171
24173
24174
24175
24172
24171
24178
24171
24185
24176
24175
24175
24180
24177
24175
24176
24177
24175
24176
24177
24182
24180
24177
24177
24169
24177
24184
24182
24178
24177
24177
24178
24180
24179
24181
24181
24179
24179
24177
24176
24179
24179
24180
24180
24181
24180
24178
24180
24180
24181
24181
24182
24178
24181
24183
24183
24182
24179
24178
24179
24179
24179
24180
24180
24182
24179
24178
24181
24177
24178
24179
24174
24174
24176
24189
24185
24184
24178
24183
24183
24182
24182
24183
24179
24175
24175
24181
24181
24180
24180
24179
24179
24179
24177
24178
24177
24176
24177
24177
24176
24176
24176
24176
24176
24171
24177
24172
24174
24173
24177
24179
24178
24180
24178
24172
24178
24174
24174
24175
24172
24177
24179
24179
24179
24178
24178
24181
24181
24182
24182
24181
24181
24180
24181
24179
24178
24179
24179
24182
24182
24182
24182
24183
24181
24180
24180
24182
24182
24183
24174
24177
24178
24178
24177
24180
24178
24174
24171
24180
24188
24178
24169
24177
24183
24175
24180
24177
24182
24181
24181
24181
24181
24181
24181
24174
24171
24173
24173
24173
24170
24171
24171
24171
24171
24171
24171
24175
24175
24175
24175
24175
24175
24175
24175
24175
24162
24034
23728
22973
21484
20362
20353
18910
17278
16615
16673
16682
16683
16559
16575
16832
16832
16825
16832
16828
16828
16828
16828
16828
16828
16828
16828
16821
16821
16821
16813
16812
16812
16812
16817
16817
16818
16817
16817
16832
16832
16832
16832
16832
16832
16832
16832
16832
16832
16832
16832
16834
16834
16834
16834
16834
16834
16834
16834
16834
16834
16834
16834
16834
16834
16834
16834
16834
16834
16834
16834
16834
16834
16834
16834
16835
16835
16835
16835
16835
16835
16835
16828
16828
16828
16828
16828
16829
16829
16829
16829
16829
16829
16829
16829
16829
16829
16829
16836
16838
16836
16836
16836
16836
16836
16836
16836
16836
16836
16836
16836
16836
16836
16836
16836
16836
16836
16836
16836
16836
16836
16838
16852
16866
16877
16887
16906
16922
16930
16944
16954
16968
16973
16996
17003
17020
17029
17041
17052
17061
17079
17101
17114
17128
17139
17144
17161
17183
17191
17192
17194
17194
17194
17194
17194
17194
17194
17194
17193
17198
17198
17198
17198
17198
17198
17197
17197
17197
17197
17197
17197
17195
17195
17195
17195
17195
17195
17195
17202
17203
17203
17203
17206
17206
17206
17215
17199
17199
17199
17199
17199
17199
17199
17199
17199
17207
17207
17207
17207
17207
17207
17207
17207
17207
17207
17207
17207
17208
17208
17208
17208
17207
17202
17208
17208
17208
17204
17202
17207
17201
17203
17199
17198
17205
17201
17203
17206
17205
17203
17201
17202
17204
17204
17202
17213
17219
17241
17255
17263
17273
17283
17296
17290
17295
17296
17296
17296
17306
17303
17297
17298
17300
17299
17300
17301
17298
17298
17298
17298
17298
17298
17298
17204
17204
17200
17200
17203
17200
17201
17203
17201
17200
17200
17202
17223
17228
17231
17230
17250
17270
17257
17257
17290
17298
17283
17314
17324
17330
17346
17346
17346
17363
17364
17385
17383
17384
17385
17423
17423
17423
17427
17435
17423
17420
17428
17429
17430
17436
17442
17446
17446
17447
17453
17445
17440
17445
17442
17451
17447
17451
17453
17456
17445
17446
17445
17445
17444
17446
17448
17451
17457
17450
17450
17450
17450
17457
17446
17448
17449
17451
17451
17451
17451
17451
17451
17451
17451
17451
17451
17451
17451
17454
17454
17454
17454
17454
17454
17454
17454
17454
17454
17454
17454
17452
17452
17452
17452
17452
17452
17452
17452
17452
17452
17452
17452
17452
17452
17452
17452
17452
17452
17465
17485
17501
17539
17558
17590
17606
17632
17653
17670
17700
17731
17750
17771
17801
17828
17853
17888
17931
17971
17989
18032
18065
18106
18132
18170
18222
18257
18284
18321
18352
18380
18406
18455
18496
18496
18521
18556
18572
18596
18596
18622
18639
18663
18672
18688
18696
18701
18700
18700
18700
18699
18700
18700
18702
18702
18702
18700
18702
18703
18702
18702
18749
18751
18752
18759
18794
18799
18800
18836
18878
18884
18895
18932
18943
18951
18995
19007
19008
19041
19054
19053
19086
19103
19100
19120
19129
19134
19164
19169
19173
19180
19177
19175
19178
19178
19178
19178
19171
19170
19170
19170
19174
19174
19174
19174
19174
19174
19174
19174
19174
19174
19174
19181
19177
19177
19177
19177
19177
19177
19177
19177
19177
19177
19177
19177
19176
19176
19176
19177
19181
19184
19184
19184
19184
19184
19184
19184
19185
19185
19185
19185
19190
19187
19189
19193
19193
19193
19193
19193
19197
19199
19210
19210
19210
19210
19210
19210
19210
19210
19209
19221
19222
19214
19212
19214
19214
19214
19214
19214
19213
19213
19210
19211
19212
19213
19212
19212
19212
19212
19212
19211
19212
19213
19213
19212
19214
19214
19213
19215
19216
19216
19215
19216
19216
19215
19216
19215
19213
19213
19212
19213
19213
19213
19213
19213
19213
19213
19213
19213
19218
19218
19218
19218
19218
19218
19218
19218
19218
19218
19218
19218
19218
19218
19218
19218
19218
19218
19218
19218
19218
19218
19218
19218
19218
19218
19218
19218
19218
19218
19218
19218
19218
19218
19218
19218
19218
19218
19218
19218
19218
19218
19218
19218
19218
19218
19218
19218
19221
19221
19220
19220
19220
19220
19220
19218
19218
19218
19218
19218
19220
19220
19222
19222
19222
19222
19222
19222
19222
19222
19222
19222
19219
19219
19219
19219
19219
19219
19219
19219
19219
19219
19219
19219
19219
19219
19219
19219
19219
19219
19219
19219
19219
19219
19219
19221
19221
19221
19221
19221
19221
19221
19221
19221
19221
19221
19221
19221
19221
19221
19221
19221
19221
19221
19221
19221
19221
19220
19222
19220
19203
19207
19211
19212
19211
19209
19202
19207
19209
19214
19215
19212
19209
19208
19203
19208
19210
19209
19211
19209
19210
19210
19210
19210
19213
19213
19213
19213
19213
19213
19213
19213
19213
19213
19212
19212
19214
19214
19212
19213
19212
19212
19211
19214
19214
19215
19215
19215
19213
19213
19213
19213
19213
19213
19213
19213
19213
19213
19213
19213
19214
19214
19214
19214
19214
19214
19214
19214
19214
19214
19214
19214
19213
19213
19213
19213
19213
19212
19212
19214
19213
19213
19213
19213
19214
19214
19214
19214
19214
19214
19214
19214
19214
19214
19214
19214
19213
19213
19213
19213
19213
19213
19213
19213
19213
19213
19213
19213
19213
19213
19213
19213
19213
19213
19210
19212
19211
19209
19212
19212
19212
19212
19212
19212
19212
19212
19212
19212
19212
19212
19212
19212
19213
19213
19213
19213
19213
19213
19211
19207
19211
19212
19205
19212
19210
19210
19220
19220
19208
19214
19214
19214
19214
19214
19209
19203
19207
19207
19215
19214
19207
19213
19214
19212
19213
19208
19213
19213
19216
19216
19216
19216
19216
19216
19216
19216
19216
19216
19216
19216
19213
19213
19213
19213
19213
19214
19214
19214
19214
19214
19214
19214
19214
19214
19214
19214
19214
19214
19214
19214
19216
19216
19216
19216
19215
19215
19215
19215
19215
19215
19215
19215
19215
19215
19215
19215
19212
19213
19214
19211
19216
19215
19215
19215
19215
19215
19215
19215
19211
19205
19214
19212
19212
19212
19212
19212
19212
19212
19213
19212
19214
19214
19214
19214
19214
19214
19214
19214
19214
19214
19214
19214
19214
19214
19214
19214
19214
19214
19214
19214
19214
19214
19214
19214
19212
19212
19212
19212
19212
19212
19212
19212
19212
19212
19212
19212
19213
19213
19213
19213
19213
19213
19213
19213
19213
19213
19213
19213
19213
19213
19213
19213
19213
19213
19213
19213
19213
19213
19213
19211
19207
19209
19215
19216
19216
19216
19216
19216
19215
19220
19220
19218
19220
19204
19204
19204
19204
19202
19202
19201
19208
19204
19209
19210
19212
19212
19205
19205
19205
19205
19205
19205
19205
19205
19205
19205
19205
19205
19205
19205
19205
19205
19205
19205
19219
19214
19212
19212
19212
19212
19212
19212
19212
19212
19211
19211
19211
19211
19211
19211
19214
19214
19214
19214
19214
19214
19214
19214
19214
19214
19214
19214
19213
19213
19213
19213
19213
19213
19213
19213
19213
19213
19213
19213
19214
19214
19214
19214
19214
19214
19214
19214
19214
19214
19214
19214
19215
19215
19215
19215
19215
19215
19215
19215
19215
19215
19215
19215
19215
19215
19215
19215
19215
19215
19215
19215
19215
19215
19215
19215
19215
19215
19215
19215
19215
19215
19215
19215
19215
19215
19215
19215
19215
19215
19215
19215
19215
19217
19217
19216
19222
19218
19217
19211
19213
19214
19209
19214
19209
19214
19210
19212
19212
19213
19213
19212
19207
19209
19209
19211
19211
19211
19211
19211
19211
19211
19210
19210
19213
19213
19213
19213
19213
19213
19213
19213
19212
19227
19231
19237
19240
19240
19247
19255
19251
19250
19251
19252
19236
19239
19248
19248
19243
19243
19246
19254
19259
19257
19264
19272
19273
19288
19283
19283
19283
19283
19283
19283
19283
19283
19283
19283
19283
19283
19283
19282
19276
19278
19280
19279
19276
19281
19279
19275
19277
19281
19272
19276
19279
19286
19285
19285
19287
19282
19278
19280
19282
19281
19280
19281
19282
19280
19278
19280
19285
19288
19274
19281
19276
19279
19275
19276
19279
19279
19279
19281
19282
19277
19286
19292
19294
19294
19294
19280
19282
19282
19282
19280
19282
19287
19283
19276
19279
19283
19290
19278
19282
19280
19284
19283
19277
19278
19276
19277
19295
19286
19286
19289
19275
19285
19286
19280
19278
19281
19279
19279
19279
19279
19279
19279
19281
19287
19280
19274
19277
19277
19276
19280
19280
19279
19279
19280
19285
19285
19285
19285
19285
19285
19285
19285
19284
19285
19286
19282
19290
19288
19279
19286
19287
19290
19291
19287
19290
19286
19287
19285
19283
19282
19285
19280
19288
19295
19296
19301
19306
19313
19303
19305
19302
19300
19302
19302
19297
19303
19302
19312
19298
19309
19302
19297
19300
19300
19300
19300
19300
19300
19300
19300
19299
19304
19304
19304
19306
19306
19306
19306
19306
19306
19306
19306
19306
19306
19306
19306
19305
19305
19305
19305
19305
19310
19324
19332
19344
19352
19355
19355
19355
19356
19355
19355
19355
19355
19355
19360
19372
19372
19384
19391
19393
19393
19393
19393
19393
19393
19393
19393
19393
19393
19393
19393
19397
19397
19397
19405
19415
19422
19429
19430
19439
19441
19439
19442
19439
19437
19440
19440
19439
19441
19440
19440
19440
19440
19440
19440
19439
19439
19439
19439
19439
19439
19439
19439
19438
19438
19437
19434
19434
19437
19434
19435
19439
19440
19439
19438
19439
19436
19436
19439
19439
19439
19438
19439
19439
19439
19436
19437
19434
19434
19434
19437
19440
19440
19440
19438
19437
19437
19437
19437
19438
19440
19441
19440
19441
19441
19441
19442
19438
19441
19443
19442
19442
19442
19442
19440
19446
19446
19446
19446
19446
19446
19446
19446
19446
19445
19445
19445
19447
19447
19445
19445
19447
19448
19446
19446
19446
19444
19444
19443
19442
19443
19441
19441
19441
19439
19440
19441
19440
19441
19441
19442
19436
19435
19442
19436
19437
19436
19436
19434
19434
19435
19434
19436
19441
19438
19438
19439
19437
19442
19443
19441
19442
19441
19442
19442
19441
19440
19439
19441
19440
19438
19441
19441
19441
19442
19435
19441
19434
19435
19438
19440
19439
19439
19439
19439
19439
19439
19439
19439
19440
19440
19440
19440
19440
19440
19441
19441
19441
19441
19441
19441
19442
19442
19442
19442
19442
19442
19442
19442
19442
19442
19442
19440
19436
19434
19438
19434
19438
19437
19438
19438
19438
19438
19438
19438
19439
19439
19439
19439
19439
19439
19433
19437
19439
19439
19438
19439
19440
19440
19440
19440
19440
19440
19440
19440
19440
19440
19440
19440
19446
19446
19441
19442
19443
19443
19443
19442
19445
19444
19444
19444
19444
19444
19444
19444
19439
19443
19443
19443
19439
19438
19443
19442
19442
19442
19440
19445
19445
19445
19445
19445
19444
19441
19442
19444
19440
19440
19440
19440
19442
19441
19443
19443
19444
19444
19444
19444
19444
19444
19444
19443
19443
19443
19443
19443
19443
19443
19443
19443
19439
19438
19438
19439
19433
19438
19439
19439
19439
19439
19439
19439
19442
19442
19442
19442
19442
19441
19441
19442
19441
19440
19440
19440
19438
19438
19438
19438
19438
19438
19438
19438
19438
19438
19438
19438
19439
19439
19439
19439
19439
19439
19439
19439
19439
19439
19439
19439
19439
19439
19439
19438
19438
19438
19438
19438
19438
19438
19438
19438
19442
19442
19442
19442
19442
19442
19442
19442
19442
19442
19442
19442
19442
19442
19442
19442
19442
19442
19442
19442
19442
19442
19442
19442
19442
19442
19442
19442
19442
19442
19442
19442
19442
19442
19442
19442
19442
19442
19442
19442
19442
19442
19442
19442
19442
19442
19442
19442
19442
19442
19442
19442
19442
19442
19442
19442
19442
19442
19442
19442
19442
19442
19442
19442
19442
19442
19442
19442
19442
19442
19442
19442
19442
19442
19442
19442
19442
19442
19442
19442
19442
19442
19442
19442
19442
19442
19442
19442
19442
19442
19442
19442
19442
19442
19442
19442
19440
19440
19440
19440
19440
19440
19440
19440
19440
19440
19440
19440
19440
19440
19440
19440
19440
19440
19440
19440
19440
19440
19440
19440
19454
19434
19434
19434
19434
19434
19434
19434
19434
19434
19434
19434
19434
19434
19434
19434
