59	62
74	88
89	106
108	132
133	139
140	141
144	145
149	150
151	160
161	182
185	187
192	193
204	205
219	220
225	226
228	229
246	248
253	256
261	265
271	272
285	286
288	289
312	313
345	346
348	349
369	372
376	378
381	383
384	385
394	395
460	463
464	477
481	483
496	542
543	553
554	556
558	559
560	563
570	571
579	585
587	589
613	621
623	625
627	637
639	643
644	649
652	656
657	661
664	677
682	690
693	694
696	697
702	704
705	707
708	709
720	721
735	739
740	741
750	751
756	757
758	760
762	764
765	766
770	781
789	794
806	814
825	832
837	841
852	860
864	865
871	872
876	879
881	883
886	887
900	901
924	925
927	928
964	966
972	976
979	980
983	986
995	998
1008	1009
1014	1015
1018	1023
1026	1033
1036	1037
1043	1048
1050	1051
1052	1057
1061	1063
1064	1070
1072	1073
1074	1075
1083	1084
1088	1093
1100	1101
1106	1108
1110	1113
1116	1119
1121	1123
1125	1126
1132	1133
1136	1138
1140	1144
1149	1153
1155	1156
1170	1171
1177	1178
1185	1187
1188	1190
1196	1197
1199	1202
1207	1212
1214	1217
1219	1220
1221	1225
1228	1232
1234	1239
1242	1253
1257	1261
1272	1280
1282	1283
1284	1286
1306	1307
1311	1315
1328	1329
1332	1333
1335	1336
1338	1339
1344	1345
1356	1357
1368	1369
1375	1376
1380	1381
1386	1388
1392	1394
1406	1407
1409	1411
1413	1418
1420	1421
1422	1424
1425	1431
1432	1433
1435	1436
1440	1443
1444	1449
1450	1453
1457	1460
1464	1465
1472	1473
1475	1477
1486	1494
1499	1501
1513	1517
1518	1519
1535	1544
1547	1548
1559	1561
1563	1565
1568	1570
1572	1575
1576	1577
1590	1591
1608	1615
1623	1624
1626	1627
1629	1630
1633	1635
1639	1642
1644	1646
1650	1655
1660	1664
1668	1669
1671	1673
1693	1694
1705	1714
1716	1717
1718	1741
1750	1759
1776	1777
1788	1789
1802	1803
1808	1809
1812	1815
1817	1818
1826	1828
1830	1831
1833	1835
1847	1852
1853	1854
1884	1885
1888	1891
1901	1909
1914	1915
1921	1922
1925	1929
1930	1932
1935	1936
1943	1946
1957	1958
1960	1963
1965	1968
1971	1975
1980	1981
1984	1989
1993	1995
1997	2001
2004	2006
2009	2013
2016	2021
2040	2041
2098	2099
2101	2103
2117	2119
2124	2125
2134	2139
2140	2141
2143	2146
2147	2151
2152	2198
2199	2207
2208	2213
2219	2224
2225	2231
2232	2246
2250	2251
2289	2290
2292	2293
2303	2305
2307	2341
2343	2354
2355	2370
2375	2383
2385	2389
2412	2413
2423	2440
2442	2446
2447	2452
2453	2457
2458	2468
2472	2475
2480	2483
2484	2485
2493	2495
2497	2499
2503	2510
2512	2513
2516	2518
2520	2526
2531	2536
2538	2542
2544	2553
2556	2563
2568	2569
2578	2582
2583	2595
2599	2600
2603	2605
2610	2614
2658	2659
2665	2669
2674	2675
2678	2679
2681	2684
2687	2691
2692	2696
2697	2698
2700	2701
2702	2703
2712	2713
2724	2725
2772	2774
2796	2798
2799	2836
2840	2853
2854	2857
2861	2869
2873	2898
2899	2907
2908	2911
2915	2917
2918	2919
2922	2947
2948	2951
2953	2965
2968	2969
2970	2973
2975	2976
2977	2990
2991	2999
3000	3015
3016	3017
3018	3029
3030	3041
3042	3043
3045	3046
3048	3056
3060	3061
3063	3064
3066	3067
3072	3074
3075	3076
3086	3089
3094	3098
3102	3105
3106	3112
3115	3121
3123	3126
3128	3135
3137	3142
3144	3146
3148	3153
3156	3157
3162	3170
3174	3183
3185	3193
3195	3197
3204	3205
3211	3212
3215	3219
3222	3232
3234	3248
3250	3258
3262	3266
3268	3271
3272	3274
3275	3280
3281	3295
3297	3301
3308	3310
3312	3319
3322	3328
3334	3344
3346	3349
3412	3414
3420	3440
3443	3451
3452	3453
3456	3457
3461	3469
3471	3475
3477	3499
3502	3510
3513	3519
3521	3523
3525	3529
3539	3565
3570	3574
3576	3577
3585	3587
3599	3605
3606	3610
3611	3616
3617	3642
3643	3673
3674	3677
3683	3699
3700	3709
3721	3723
3732	3733
3744	3745
3759	3766
3767	3784
3785	3793
3795	3796
3804	3805
3807	3810
3820	3831
3832	3848
3850	3882
3888	3890
3891	3902
3904	3920
3921	3923
3925	3926
3928	3929
3932	3933
3936	3938
3956	3958
3969	3973
3975	3977
3978	3989
3990	3997
4000	4009
4010	4028
4032	4033
4034	4037
4041	4047
4049	4052
4056	4069
4073	4077
4080	4081
4119	4122
4125	4126
4134	4138
4140	4141
4146	4149
4150	4157
4160	4162
4169	4171
4176	4177
4185	4186
4187	4189
4196	4197
4205	4207
4210	4214
4215	4231
4234	4237
4244	4245
4247	4249
4260	4261
4276	4282
4285	4291
4293	4297
4301	4302
4305	4313
4325	4326
4329	4331
4342	4343
4347	4357
4359	4360
4362	4366
4369	4371
4380	4381
4395	4396
4455	4456
4457	4458
4485	4486
4498	4563
4565	4567
4592	4594
4596	4597
4605	4606
4620	4621
4624	4630
4631	4636
4643	4648
4649	4675
4676	4681
4683	4693
4694	4714
4715	4718
4722	4738
4739	4742
4743	4760
4764	4765
4770	4771
4789	4792
4794	4795
4808	4825
4826	4834
4836	4847
4849	4877
4880	4892
4897	4899
4905	4909
4916	4917
4930	4942
4945	4949
4950	4952
4954	4962
4963	4984
4988	4989
4992	4996
4998	4999
5011	5016
5017	5019
5021	5045
5054	5057
5068	5072
5084	5086
5088	5089
5100	5101
5108	5117
5118	5132
5133	5178
5179	5185
5187	5199
5200	5204
5206	5224
5225	5226
5232	5233
5235	5239
5241	5242
5249	5251
5256	5257
5259	5260
5268	5269
5298	5312
5313	5318
5321	5331
5335	5360
5362	5368
5369	5390
5392	5397
5400	5401
5402	5449
5453	5455
5458	5461
5474	5476
5480	5482
5486	5520
5521	5528
5529	5534
5540	5567
5570	5571
5580	5581
5585	5587
5604	5605
5615	5617
5620	5631
5633	5637
5640	5643
5645	5651
5654	5694
5695	5705
5706	5707
5714	5715
5724	5725
5730	5732
5747	5750
5756	5760
5761	5762
5768	5769
5770	5773
5775	5776
5782	5783
5790	5793
5796	5798
5805	5811
5813	5821
5822	5825
5837	5838
5841	5843
5848	5852
5855	5858
5862	5866
5869	5875
5879	5882
5884	5891
5893	5897
5902	5904
5927	5932
5935	5937
5939	5941
5950	5955
5973	5977
5979	5982
5984	5990
5993	5998
6000	6001
6003	6004
6007	6010
6012	6013
6021	6022
6025	6026
6037	6040
6041	6042
6054	6058
6060	6061
6065	6072
6075	6076
6084	6085
6093	6097
6099	6100
6101	6104
6107	6109
6114	6119
6122	6124
6125	6134
6137	6140
6147	6157
6160	6161
6164	6169
6176	6178
6204	6205
6216	6217
6229	6235
6238	6241
6246	6252
6254	6255
6257	6259
6260	6266
6268	6271
6275	6279
6286	6295
6298	6300
6303	6306
6309	6315
6318	6319
6320	6325
6329	6331
6333	6342
6343	6355
6357	6358
6359	6361
6363	6387
6388	6400
6402	6405
6408	6411
6429	6430
6434	6436
6446	6447
6449	6466
6470	6473
6476	6477
6516	6517
6538	6542
6545	6547
6550	6554
6557	6558
6573	6580
6581	6589
6593	6598
6600	6602
6605	6607
6612	6613
6617	6627
6632	6639
6642	6646
6647	6655
6657	6661
6662	6665
6671	6672
6674	6698
6701	6703
6704	6707
6710	6713
6715	6721
6723	6725
6731	6737
6738	6741
6743	6745
6748	6755
6756	6759
6760	6763
6765	6768
6770	6772
6773	6775
6776	6786
6791	6812
6814	6815
6819	6827
6831	6833
6836	6844
6845	6850
6851	6858
6862	6873
6877	6878
6879	6881
6883	6886
6887	6888
6890	6897
6899	6901
6909	6911
6913	6915
6918	6924
6926	6931
6935	6939
6942	6944
6946	6953
6955	6956
6959	6974
6976	6979
6980	6982
6987	6990
6992	6994
6997	7001
7002	7007
7010	7011
7018	7028
7031	7046
7048	7049
7050	7052
7056	7081
7083	7105
7107	7118
7120	7122
7124	7126
7128	7129
7135	7150
7152	7156
7158	7171
7178	7195
7200	7202
7215	7216
7220	7225
7227	7233
7236	7237
7238	7244
7246	7247
7252	7263
7265	7268
7270	7273
7276	7287
7290	7292
7305	7306
7308	7309
7388	7390
7406	7407
7421	7429
7430	7435
7448	7461
7464	7465
7468	7471
7488	7489
7512	7514
7516	7517
7520	7521
7530	7531
7535	7537
7545	7546
7553	7556
7557	7560
7561	7566
7575	7576
7582	7585
7586	7588
7589	7601
7604	7606
7608	7609
7620	7625
7632	7640
7644	7653
7656	7667
7673	7675
7680	7683
7685	7694
7700	7701
7704	7705
7716	7717
7742	7758
7760	7769
7780	7786
7795	7799
7809	7810
7813	7816
7819	7841
7845	7853
7855	7860
7862	7865
7870	7871
7872	7873
7874	7878
7881	7885
7889	7890
7892	7893
7894	7902
7904	7909
7912	7915
7924	7928
7935	7947
7950	7952
7956	7957
7958	7959
7963	7967
7968	7969
7972	7975
7978	7982
7984	7999
8006	8007
8010	8011
8016	8017
8035	8041
8043	8045
8059	8060
8061	8063
8064	8065
8076	8077
8100	8101
8112	8113
8123	8126
8146	8176
8184	8185
8203	8205
8207	8208
8210	8212
8220	8221
8232	8233
8238	8239
8243	8257
8259	8270
8272	8281
8291	8297
8299	8306
8307	8314
8316	8323
8325	8335
8336	8350
8352	8357
8360	8365
8376	8377
8406	8441
8442	8446
8447	8455
8458	8459
8460	8461
8464	8467
8468	8501
8508	8509
8519	8521
8535	8538
8544	8545
8548	8552
8556	8559
8567	8572
8579	8583
8588	8590
8592	8593
8595	8597
8599	8600
8602	8605
8607	8608
8616	8617
8664	8665
8676	8677
8678	8679
8711	8712
8734	8757
8760	8761
8772	8773
8775	8777
8779	8780
8781	8782
8796	8797
8815	8817
8820	8821
8851	8855
8868	8869
8876	8881
8882	8883
8885	8886
8892	8893
8894	8903
8904	8905
8921	8922
8936	8937
8953	8958
8966	8968
8974	8977
9012	9013
9037	9040
9045	9046
9048	9050
9056	9061
9080	9083
9096	9097
9120	9121
9132	9133
9173	9174
9176	9188
9193	9194
9195	9196
9204	9205
9213	9217
9218	9227
9230	9239
9253	9267
9268	9289
9291	9297
9300	9301
9304	9322
9325	9331
9336	9341
9343	9344
9347	9349
9357	9387
9389	9397
9405	9406
9408	9409
9425	9431
9433	9435
9439	9441
9442	9445
9456	9457
9459	9471
9473	9475
9493	9502
9507	9508
9511	9513
9515	9517
9524	9529
9531	9536
9540	9541
9552	9553
9556	9559
9565	9567
9570	9574
9575	9582
9585	9590
9593	9599
9603	9607
9609	9617
9624	9625
9630	9631
9636	9637
9650	9655
9660	9661
9667	9669
9671	9673
9684	9685
9687	9689
9692	9694
9701	9702
9706	9708
9711	9712
9718	9721
9724	9727
9728	9729
9747	9751
9756	9757
9763	9766
9780	9781
9804	9805
9924	9926
