0
0
0
0
0
0
0
0
0
0
0
0
0
0
0
0
0
0
0
0
0
0
0
0
0
0
0
0
0
0
0
0
0
0
0
0
0
0
0
0
0
0
0
0
0
0
0
0
0
0
0
0
0
0
0
0
0
0
12588
28182
31635
32853
32907
32319
29580
32682
33033
32511
33228
33186
32769
32769
276
54193
48034
31979
28825
35994
38435
49022
66150
35152
46786
54616
64140
33050
32437
34366
63908
51998
33787
41765
54999
55612
43981
57790
76554
57588
48469
31808
36057
37363
34020
37327
55340
34755
32985
33648
41469
53480
35702
31437
41233
50252
54964
34773
55560
60292
51487
61850
34914
43461
43816
51608
34871
2813
57318
43081
47112
53828
42499
3189
48113
41773
66416
54572
56640
49355
3190
42329
35559
34183
32889
32418
32781
31923
31881
288
63377
53089
33313
48170
41051
34679
41445
48890
50021
42072
38392
33348
39711
41590
46328
53472
83135
36916
40810
62058
40970
29465
29971
47925
37582
46606
31250
48816
41513
25577
60019
105998
32348
34129
33085
32878
32904
33126
33309
32766
35085
35745
1114
273
201
676
11615
107
0
0
0
0
0
0
0
0
0
0
0
0
0
2056
0
0
0
0
0
243
33132
32505
34824
34594
25271
20757
33872
32538
48791
37119
44524
31716
23959
32766
35801
33231
23721
1427
32498
20334
621
33377
35075
67157
33402
32358
32541
633
34346
34402
43173
1547
35555
33392
490
32136
44116
53459
59340
37650
24737
32611
32979
44202
45007
44777
33750
35670
1691
33474
36931
1742
3808
66724
24520
26979
38799
37252
35601
34618
25287
32647
2976
22433
32523
23631
32664
2611
67160
46169
24584
4091
35320
24094
22298
631
34035
32769
39502
34220
33307
32919
33135
67063
33305
32681
32424
26511
34169
34818
30125
35328
33335
33042
27240
32988
32814
32631
35453
33544
32612
32820
32382
32571
32367
20313
32901
29322
32742
33102
33162
32742
32880
33546
32928
32721
32658
32929
32736
32883
32577
32715
32700
32628
32898
34161
34966
24351
78571
46166
2402
23757
33276
33371
32652
32739
23547
396
32607
20857
37503
22656
36901
67432
2986
35494
34010
22400
36044
24354
23637
26501
46440
40875
34260
28504
36443
1264
71513
60074
7022
34083
383
35343
36781
34245
35360
23648
35647
35604
33994
24075
32856
71456
33362
4430
33746
34544
32491
32628
32592
32862
32598
32661
32436
32574
32748
32487
68637
33275
32967
33105
32904
32703
32742
32448
30033
32739
32790
32802
16581
0
0
0
0
0
0
0
0
0
0
0
0
0
0
0
0
0
0
0
0
0
0
0
0
0
0
0
16338
32694
30138
32521
33003
35829
33130
32883
23766
32670
33302
21600
21279
416
21347
37449
35157
33833
2237
36030
42548
32172
40229
41211
35580
38176
43513
35250
53287
41839
46628
33478
35870
1815
40315
63562
34194
33313
32832
32388
29607
33045
32625
32910
32484
32448
32847
32454
32847
32976
65680
34814
38389
29174
31851
37448
36691
33931
35168
43960
37755
35608
44154
40822
39944
96120
32828
33473
43650
31932
28134
40353
44805
34654
34052
38029
47991
32587
34622
35815
79301
35155
31925
33132
37954
40706
30166
30721
36101
39928
40087
36911
31533
30862
40542
72929
38071
31496
37808
39265
33777
33801
37862
41912
47292
38869
37656
33014
34256
34222
70844
34134
33139
28083
33238
35578
32375
31204
33913
32663
32544
693
32457
32292
33069
45885
24155
20715
759
591
20844
32643
32922
33144
28878
24890
33668
33614
33638
21271
25596
30009
30783
33518
32822
32632
32348
32562
33384
33070
28844
33418
32769
32523
30321
31452
33017
25322
32523
32688
32649
32745
23340
23946
32816
21416
30470
20704
46922
48348
41009
29046
19633
36121
44199
34286
2071
34079
32474
32811
32848
33836
56798
43597
33567
42128
33771
40872
40717
35478
34393
29825
29579
32397
30609
45187
39635
31604
977
41835
57606
32432
32190
33623
32604
20884
32849
37464
47663
28060
31097
31129
32328
38484
34984
43863
21475
32812
23849
56762
52909
34742
30666
29169
40111
40586
30406
32780
35014
33254
51786
32349
749
32676
34188
33117
30781
31593
33324
2190
33141
27064
30892
30759
30472
13254
29554
29456
30655
34363
33475
33553
33526
32890
29910
33721
32738
32903
32514
33816
38406
33610
32664
32883
32916
32793
32790
32268
32448
32349
31950
31257
29589
32652
32700
36409
33067
21035
32745
32883
32781
32439
32481
32322
32721
32646
20742
447
417
21093
43525
39773
33655
35328
33877
34332
33060
32403
29577
33320
32860
63
16317
48
890
1936
120
0
0
0
0
0
0
34339
34163
0
564
14274
30110
34401
34968
33909
33469
30816
27905
30299
31739
1201
20334
34052
31749
34234
30773
33176
32288
39969
33566
32451
29652
29901
32961
20709
692
23907
36266
37630
34639
1199
35865
33831
42684
33464
252
33117
30015
32778
32523
702
32646
32940
22073
34533
35281
34560
24627
31051
33194
33662
33492
33365
32157
32553
32694
29802
32922
32370
32550
498
20676
34155
38612
38285
36104
34132
35530
34250
34603
33445
32919
32520
32850
135
34042
34775
36153
42895
34606
34013
34259
33176
32316
32637
32715
32355
20610
372
20973
34842
38284
37282
45064
2798
33446
33804
34249
33226
32912
32988
32172
32934
33201
32391
29859
32460
32743
37999
24250
32571
20865
33318
32923
33815
21243
20891
35077
33080
33096
34367
33549
33319
35629
33263
32678
20772
32439
32703
32676
32145
23623
33091
32738
30320
32768
33601
33431
40907
33566
23760
32571
32121
26820
24069
32781
774
20835
24072
24108
33072
21201
300
34869
33130
20685
32709
32520
32463
32742
23607
32971
33301
33361
28283
27569
33649
33997
5151
33268
32841
32895
33027
32850
32754
333
32790
32724
33102
32829
33369
33722
34161
37853
33284
32939
33240
33491
33699
33375
33164
33152
32976
33015
32520
31947
32379
33127
41965
33625
33489
28319
3476
34295
34088
33147
32805
32538
32586
32820
36325
35591
35799
35219
33513
29993
33095
33136
32651
20376
30201
25106
34309
33491
33652
33277
32920
32019
36975
33145
32703
32862
21183
34170
37247
34261
33619
33557
32999
32007
32067
32274
32906
37212
33679
34321
33639
502
33445
32915
29855
33237
32817
33747
33251
1391
33164
33417
52746
34503
32194
2497
30791
32237
31690
31232
32781
18728
31611
34461
2101
33946
34840
46844
33693
32875
33775
32105
32317
34693
26408
23725
23051
22778
23042
28000
1262
33702
43983
34634
21765
31419
31011
29558
1490
30216
21916
922
1012
16632
21695
1274
21337
35275
30126
23240
32974
33616
21046
32867
25098
997
34561
21814
1118
33807
22004
33526
49501
32198
921
31232
23705
32922
33863
1151
22898
22973
22759
34425
873
734
22777
38056
33943
32931
1240
32753
34359
1003
34647
34572
33825
31192
34335
33501
32082
31271
26341
16409
28969
1309
17941
17916
30789
34424
22917
32616
22597
22947
20088
1297
33328
40684
32144
33163
32749
22709
31860
1531
34514
33970
33372
22678
23036
27258
32211
18400
7492
30072
20663
1672
21896
32471
1862
21621
30124
31377
31646
21765
33529
1207
23062
8551
33605
831
21834
33464
24953
34113
34007
33071
32884
32650
32785
32786
32567
21863
36775
32963
32801
33726
31026
31916
29621
31367
22953
33918
33112
33117
33339
33757
34636
12437
34497
24359
22662
23285
1303
21928
33219
1492
23475
20807
33421
934
31701
30822
24272
21566
23035
20411
31304
31189
1335
19421
22818
33605
32782
21437
34967
33026
32284
35359
33187
21747
33108
24770
1656
22271
34596
23986
32100
21215
22154
25096
32530
23495
8283
31119
1105
685
30751
31825
19723
22423
20509
1476
31869
29220
19079
31985
31251
38347
18549
25800
32220
30227
22503
30049
25011
1370
29464
22062
21213
32497
32739
32788
40909
34127
33204
32789
30285
32543
20785
33213
33073
29822
29627
32424
33325
27298
30537
34971
33014
33651
29492
21379
23404
30047
30090
33501
33496
33598
33755
33175
32834
34170
40854
33375
31063
33670
33270
33342
32989
33519
32999
33113
32754
32594
33131
34379
33821
47299
32386
33622
33508
33567
33216
32846
31531
30506
33107
33314
32699
33251
32766
33563
39418
33601
32892
32512
32924
31623
33558
33513
35456
33553
33261
32735
32245
27675
31461
38847
34130
32855
34126
34577
32816
34140
33588
454
32835
33148
32767
32780
355
33188
45529
33802
0
16353
0
0
0
0
0
0
0
0
0
0
0
1191
153
0
0
0
0
0
0
0
0
16711
32985
33463
33053
33488
34464
33279
32691
32703
32997
33449
33711
33099
33366
32992
32948
33135
33160
33693
33333
35285
33413
33124
32917
33734
32996
33238
33028
33037
33106
33458
33793
281
33171
21232
29352
35044
24988
22346
21842
25516
33729
30629
33818
34448
35823
33142
34091
39511
34115
38498
35120
33871
29941
31660
31564
34551
34153
30631
34957
33990
32336
33546
33690
33856
41825
40070
33841
34350
36141
32160
32055
31756
33758
33862
35853
32435
34867
34695
35849
16507
33878
32974
34517
34184
33222
32935
34255
33454
33108
33435
32980
696
33007
33266
54750
1311
38703
35226
31158
31017
35119
33355
32691
29445
32970
32880
32610
32895
1904
42073
48100
41784
1565
42390
27954
34925
34127
34127
32748
33671
31706
33685
32754
33974
41813
30751
30492
29995
32438
32979
32822
26710
24232
32995
32726
32972
22136
34435
32961
33838
33088
34030
32905
30835
23926
32748
32952
29795
29301
32947
29883
29825
29875
33503
47108
34081
33254
23833
21388
32756
21139
21656
33337
21092
33121
21845
33446
32297
32896
35500
33354
33071
32830
33070
33142
23955
33090
32706
33238
32670
33180
34164
33392
32691
37834
32790
33491
33833
33705
32768
415
32690
29808
24138
33348
32811
819
32454
33717
41163
34603
33448
21151
33183
338
32929
32523
26459
32287
32460
23598
20698
32842
33053
35735
32954
30009
29979
32604
32581
32580
32799
32673
32994
24204
32590
465
32756
33096
35068
21306
33538
33051
31649
22363
21316
30413
23735
31897
33409
33063
32981
30099
33151
32989
33729
33473
33837
33269
33833
33255
32898
32718
33320
33365
34751
29737
27846
33772
38011
34225
33242
30825
31806
34004
31161
33741
29812
32463
32941
33672
33689
33306
34221
39458
31859
34065
22162
32632
1221
30322
33707
34970
32934
27961
30445
27665
30108
35966
42840
33623
32856
32611
33087
33162
33305
16425
0
0
0
0
0
0
0
4247
269
0
0
0
0
0
0
0
0
0
0
0
16532
32873
43940
34396
33352
32977
32654
31989
32265
23697
750
20658
45073
45416
35048
32702
34145
36536
34358
25030
34725
33306
33197
32784
32881
40286
34943
36912
40675
31626
32994
38092
54696
33025
30617
32648
35081
45146
39723
46897
46441
33129
39147
38062
42417
35773
38227
48701
33679
23966
24469
33243
29804
32598
29640
32355
32559
34555
40489
46054
34163
32541
53643
35657
33402
33593
32936
32152
29451
26997
32703
21120
33138
33072
33003
32706
33038
39928
33484
32445
32478
32487
30021
32883
32685
32751
32862
32403
33223
32790
32063
32573
36607
30309
32892
32769
32613
29541
846
32802
623
20763
20991
33048
33821
33128
32582
42512
31424
33531
33031
32828
32547
21954
33282
33699
1421
33576
21893
22125
22408
21850
35475
33841
34022
1271
33936
21552
21838
834
210
709
21309
22554
33621
842
20990
35039
33726
22150
34146
34367
34516
33901
400
34116
33106
30700
31322
33008
33188
33484
40696
30446
29299
33765
33021
30904
27876
900
30506
33489
32943
33087
33200
24054
23264
38407
34231
33338
21147
32819
24010
23919
33029
32841
33060
26825
23766
132
29451
32856
30244
33523
32393
32380
652
27270
29800
33172
30274
32746
32838
33355
30958
31568
33881
39088
33266
32847
32892
32100
32488
33270
32977
32249
28120
926
30349
30318
30932
33245
30089
33047
32860
1027
33008
33968
33866
33343
32892
31924
1388
32584
33470
33746
33528
46830
33992
33289
34230
31440
30926
34086
33890
33167
33828
32960
33733
32967
34525
34423
37954
33551
32559
33303
32784
33417
33441
33114
30354
33723
34001
33228
26238
33708
23220
26035
32829
24379
27427
24266
32946
32552
31560
32799
27332
16544
24218
21361
24679
27092
33292
34816
20404
29662
27440
18635
25919
29837
33553
33227
33657
32881
33409
33464
34202
42509
34536
22161
28980
24213
32531
31349
29209
27885
16106
28980
28448
26037
24742
31983
25810
28446
27567
32736
29495
28659
33029
1339
29907
33260
30146
34006
32489
1062
26162
32064
30319
33995
33177
997
32502
33394
32115
31583
1037
16526
87
443
160
1049
11159
922
12
0
0
0
0
0
0
0
0
0
0
0
0
3433
155
0
0
0
0
0
0
0
0
0
0
0
0
0
112
112
0
0
0
0
0
0
0
0
0
0
0
0
0
112
112
0
0
0
0
0
0
0
0
0
0
0
0
0
6084
976
12
0
0
0
0
0
0
0
0
0
0
16803
34127
36298
32171
33805
32874
33532
33000
32607
32403
32517
32226
26855
32771
32406
32988
33288
39300
33875
32991
32916
32619
32490
32484
87
32685
32625
32310
228
33061
33060
32121
34525
32600
33006
32463
40733
40523
56709
45317
38386
35120
24561
33743
32933
35138
33627
81040
35137
33110
58202
55322
39165
2516
41811
32691
37847
44726
32567
29718
39936
38536
59292
38982
33434
41594
35927
31371
29135
39922
43464
40295
39667
46360
29619
36282
52789
46941
37564
34796
38598
37176
36032
37227
25155
26181
33337
32106
32835
35390
42048
43857
48405
35784
38927
44180
49350
39717
40816
29453
34820
38881
40781
31335
40746
51084
47081
113230
34438
35677
35412
35787
34134
34949
36055
33742
32695
29764
32456
32253
29628
36399
55472
47923
39729
38509
33276
43089
50615
32095
35728
42859
49237
32587
29152
33054
41647
55310
39738
36128
37772
42374
2217
64262
44308
2709
55267
35836
34036
2060
507
2855
34013
2154
16729
0
0
0
0
0
0
0
0
0
0
0
0
6257
396
0
0
0
0
0
0
0
0
0
0
0
0
0
176
176
0
0
0
0
0
0
0
16350
32682
33029
32916
32922
33057
35057
30017
33649
32768
32754
32414
32945
32409
36658
32514
33988
32891
33229
39964
37542
63211
33064
30480
40100
34403
35932
38350
34670
36101
39442
39620
37806
40490
31636
36427
47983
34954
22014
42158
44159
40613
41484
42542
32194
28389
37856
35162
34317
36650
36917
48454
31872
1615
32148
33442
34112
35253
43660
1123
42361
34959
37380
35566
37290
3759
53603
34714
34216
34062
36886
40098
45875
37277
31468
44250
35514
36289
29103
24041
30683
56565
34656
33285
32949
34530
33486
30358
31980
29439
31050
33925
33180
34393
32818
35951
47755
29523
12648
0
0
0
0
0
0
0
0
0
0
0
0
5993
64
0
0
0
0
0
0
0
0
0
0
16272
32849
32859
33169
33396
32372
32364
33045
32436
21074
32882
32666
36989
34626
28057
22014
39812
25614
53095
36809
40317
31340
34425
36708
42316
40676
23227
30434
34467
34153
41803
35313
41647
46236
31254
35818
36768
48313
21911
34275
30833
36292
41192
39706
46027
2947
46757
46974
56726
46691
4108
32866
34098
34156
31364
33255
30886
2050
34375
30517
26139
33828
27662
63910
35001
33055
33790
32052
30911
32370
33356
33444
33189
34520
35011
34480
33700
34252
51596
21671
33210
33234
33464
33673
31405
30079
33401
33212
30693
31998
26173
28385
31883
38993
29882
33518
31259
32634
32884
30676
33462
21610
24432
24486
33718
31038
33435
33413
37430
22039
34361
33220
21805
34076
34122
33624
30116
21545
32973
33430
27735
23706
32941
55436
34954
29403
26534
27183
26785
21007
16716
29650
30388
31705
34192
32677
29145
4558
45269
31708
29806
34752
35602
34268
32444
32769
32226
32727
33415
32738
34272
34875
34840
46317
32731
29920
30545
35580
33684
271
33507
32619
32286
32316
32265
411
74464
35960
49669
32338
1124
44113
40404
38996
48641
70031
34935
34912
695
43585
52521
34363
37557
78310
34484
33101
31003
28213
33661
31664
30965
28900
34729
1582
35005
31243
33788
30568
39381
31466
29798
32775
33803
33220
32717
30688
33413
29968
32717
33140
32633
30051
33816
38919
33072
32655
32891
278
32853
32964
30156
29916
33632
72907
26994
32529
271
33093
5652
21296
21005
94399
20781
20811
32727
498
1053
69280
20613
32829
32766
32559
32769
42061
35114
34049
32727
33526
33629
33174
33151
33496
28961
30507
24597
23908
27074
30206
39817
23111
21173
2378
26928
26799
25991
27403
19608
2846
26912
27852
20854
28991
2914
37585
1442
24813
3146
18847
25881
20701
27545
29095
27833
26916
28405
34051
34674
32564
56223
35268
33125
32945
17236
0
0
0
0
0
0
0
0
0
176
9300
168
0
0
0
0
0
0
0
0
0
0
0
0
0
500
64
0
0
0
0
0
0
0
0
0
0
0
0
0
64
64
0
0
0
0
0
0
0
0
0
0
0
0
0
11880
1206
12
0
0
0
0
0
0
0
0
0
16418
32733
32880
34231
33164
32871
32739
29787
33030
32418
32625
32664
20712
32553
33063
32655
32778
21120
21887
24488
21081
204
20922
291
34322
35766
1205
37299
31587
32050
36492
37838
41304
44559
36902
39702
41775
39344
38619
48518
42182
42136
40982
35502
37973
44100
47369
53789
70340
42306
39947
45714
43471
41225
40044
40880
33924
35799
41373
41172
36037
34454
38453
57355
34957
34573
34130
32232
28117
34171
35675
34281
35226
35462
35084
35961
31974
33478
49534
36383
34370
31509
31418
34834
33648
34151
33146
32077
33357
34455
34422
29694
33035
44832
21809
22029
21017
1586
606
850
21429
33051
32256
28205
33555
36647
39021
39703
70902
38997
37068
37217
37474
35618
38212
39516
40431
39700
37627
39263
39543
37551
35802
48346
32417
37834
2278
41423
37395
37305
43296
36064
30867
34210
35188
33911
30941
35795
48967
31138
22433
1798
30445
32271
32727
1795
33012
1696
325
646
33949
38461
36567
82263
40784
37677
40716
40364
39165
41455
41717
43823
41302
41746
43773
39906
39435
41765
58112
39176
41258
40034
36362
31870
34043
2940
35897
36290
34510
35450
34480
34462
36939
59449
28707
31634
33949
31402
29034
28598
31648
33516
34884
34420
34233
31440
32064
34147
52992
31687
31686
24191
30979
31647
32441
50901
32223
32107
45780
34588
25740
45745
39238
85649
45621
32142
29704
34133
30610
33071
37993
30629
42235
42492
3834
40650
33165
40445
63105
32855
35638
37469
37830
42064
3206
34803
36934
33645
33756
32432
32046
41675
39088
27117
41202
29270
34258
35588
37823
36596
32157
39022
37949
35640
3330
38864
37064
38527
59995
34643
30502
33379
33542
33341
35280
32678
29980
32739
35347
34700
33555
32117
36015
107763
35500
31373
32988
33305
32949
27312
27985
33470
34869
34282
34512
34695
34275
36638
58233
34094
33350
34079
33442
33410
30136
33655
32619
33794
33715
30993
33760
33719
34407
57331
33800
32926
32773
32697
33246
32595
32677
29591
29980
31436
31284
31706
34969
34132
46126
32253
28372
30245
29266
30956
21639
31106
30378
2433
32460
32080
31665
21688
32567
79830
33206
31116
30714
29613
32691
33095
31124
32049
32932
34229
33671
32917
32846
31792
41018
30912
33967
30556
29229
29427
30400
1664
30388
2164
28927
1817
28773
30928
32055
40253
26555
27258
28723
30913
34722
33123
1848
1232
20515
30718
1807
24464
30907
21373
27869
32508
34648
30073
30174
33291
33568
33156
33371
32879
32658
27354
29641
31585
33371
55226
34516
34867
33840
32927
33319
31711
33675
30597
30453
22250
32315
33437
21430
29423
43919
30906
30060
34721
32366
32383
29822
30248
31414
30759
28771
31504
34033
35529
34895
45206
17481
0
0
0
0
0
0
0
0
0
0
0
0
0
25675
17768
32502
33423
30460
29031
34221
28455
33918
23492
21781
1369
31563
19551
34525
13217
23308
34899
33974
42576
42215
36364
2589
1710
32903
21681
32597
33754
30700
31817
18174
28829
31287
33478
33501
33872
32973
30666
27032
21320
27741
31306
30675
29976
29131
41427
28402
58319
2334
33198
33741
21155
29678
20541
32780
34989
35240
1936
41455
38667
62618
3259
17760
32071
23584
29023
29562
37954
34469
33610
31660
34327
30141
28316
35260
62531
32929
29468
31326
34657
30051
34801
34241
34750
31225
33881
30904
34414
31335
33315
60572
34471
33333
33513
31693
28989
28797
27994
27997
27380
26830
28043
27158
28847
34303
59610
34968
35347
32361
1435
34556
31950
2578
35547
38728
39343
39009
22263
19363
2751
68348
21408
21235
31626
29352
32142
29923
15437
30962
21937
2193
37786
29542
29226
4541
44155
31135
34788
33726
982
32836
32376
23508
26463
32514
32574
32649
26637
29592
34486
46396
30426
24009
32799
20808
20718
32880
32694
32781
33495
32790
32607
32718
33176
32523
50590
34042
32823
26985
32553
32742
32685
32739
33205
32919
32733
32619
29733
29802
32976
33361
33286
32880
32838
32742
33253
33014
32944
33252
32500
33117
30288
32841
32664
29868
21133
33395
32976
32889
32996
34205
30314
29138
34657
32924
33155
1036
30388
33461
33499
42878
31806
31821
32991
33020
29767
22818
30396
28153
26762
33569
33090
30777
29916
39228
51493
27893
25221
32865
35792
1415
33480
33886
33881
35439
30832
30747
31478
22493
15393
30620
970
30822
33520
33874
34112
33960
1645
32345
27068
2091
26189
26854
30430
35222
43535
34728
34299
1312
34757
31295
29014
33758
33141
29930
28471
19838
26606
15593
27046
44592
35055
34036
31019
2735
25161
24928
28994
24735
27869
30379
30518
30091
29164
18994
54727
30217
2533
31335
34411
32429
20890
31545
22294
23125
28299
29084
23915
20238
29328
10318
30041
32790
33651
34315
33795
34076
33152
16384
647
495
16224
32924
33803
36096
48911
33750
16430
0
0
0
0
0
0
0
0
5685
6297830
106071
8177463
8050439
8367655
8465158
8455411
7790907
7592921
7051054
6411559
5632047
5704085
5604451
5490977
5371720
5115292
5115401
5020652
4939476
4946642
68104
16934
6972
18210
29401
12666
0
0
0
0
0
42546
201471
12719
2027
409
0
0
0
0
0
0
0
0
0
0
0
114179
18448
33169
37934
34784
1087
32937
32589
32389
32081
34694
35253
35683
24403
33366
156243
52018
34170
41864
45887
2201
39921
33939
38361
31243
1762
35114
40913
49498
54297
50606
1509
48956
34260
40194
38869
2542
32268
34161
27602
40322
33401
35560
44450
36795
50390
36831
41897
35733
41279
39113
41667
40953
46877
40101
35724
30360
32391
39882
44111
52203
31255
32363
35611
35373
30361
35698
39430
39230
32028
27000
32337
38199
40957
40558
74036
31257
32422
31951
37176
36972
45077
61776
49631
57234
37416
36421
34493
2039
43343
55164
33894
32754
32385
24004
32445
32391
522
56751
41454
45546
30050
34771
67257
35608
51455
42862
40708
43126
33473
37989
37680
50889
21450
2034
50089
41920
5319
4976
46731
45476
31189
3644
1613
1039
31194
33979
33477
33028
33059
32130
23625
32520
23931
35468
95710
37352
34098
34041
34031
29946
32979
32460
32235
32526
32700
32721
32403
29760
33190
40174
32859
23616
32415
32277
29808
32515
29640
33408
32859
32907
32627
32687
33093
33163
33525
33005
32679
32439
32744
33084
32220
21656
21371
39282
38546
58580
48011
31814
30573
46448
28058
41810
42902
27795
29348
40634
35741
41818
49224
43086
47895
40690
44583
40628
95078
34832
31436
26045
15151
26287
30924
30996
26814
18046
32173
32150
1483
675
32377
42012
33628
33477
33252
33514
33871
33604
33282
33963
32544
33136
31277
31057
1383
146771
35472
32832
32830
32587
20927
34382
33090
33965
33827
21618
40483
38349
36318
40859
43635
32862
32590
32513
39890
47830
33736
31837
41391
55491
51914
39269
47047
50122
32774
22621
57701
28578
30865
36818
35938
34456
32509
35591
33148
32997
41124
41163
44594
34585
35451
65185
45848
33911
26684
28417
52040
35923
36093
41854
39720
45255
38239
40112
3513
39849
54778
46342
38575
38353
43352
43746
54883
43972
50817
31598
32383
33197
34020
32563
37181
64159
25067
33233
36388
37965
33207
36371
45757
34426
45978
53537
31472
31775
40728
48480
59901
34323
34077
916
42206
33647
38426
48059
35346
34867
43351
39347
42972
34985
38390
58255
42400
56132
49576
35263
2710
64903
44622
30993
2882
31967
36601
33892
33820
37767
54003
31612
31101
34168
33117
33542
33478
17527
386
134
114
0
0
0
1251
33639
589
138
113
0
0
0
0
0
0
0
17652
33652
33293
33183
38781
33729
33228
30945
32724
32679
32877
33485
527
46108
68249
34000
31796
30879
32985
38373
32630
29625
44615
72007
41825
33779
32691
31485
29690
39535
69810
39472
34797
37463
48922
33621
44423
78407
48773
31802
32564
33809
33420
32887
39557
53229
37243
33899
27764
108810
66979
35075
34241
33803
34499
50063
2627
44720
35142
34917
30839
28670
30621
38368
76752
35118
33360
32358
59969
44774
35126
33838
32377
32849
32619
20295
32880
33196
35166
50730
32558
33698
33118
1206
33576
33845
32472
32069
2291
31168
32794
35917
37281
35171
66336
30942
2270
33507
33307
30491
30973
33669
29876
27825
31478
30870
27220
26332
2022
32394
28902
30298
29701
29859
32540
72889
21175
33291
34197
52258
21986
33533
53358
2776
43819
757
756
71462
716
32733
21354
46579
87
657
21035
105712
536
32489
538
5694
551
81059
33606
32943
29517
32855
34022
94554
33269
24346
32823
21818
73230
32469
43369
33542
32787
32562
32737
32983
33487
31870
27141
29614
32096
34721
31237
34534
23707
41288
34921
32716
195
32659
30206
33540
32706
27400
31619
35824
35855
33567
1993
33623
46169
32780
32866
32358
32916
32114
30660
33567
35403
34897
30690
33817
33459
32450
28795
44842
30792
34747
35612
33767
32730
34866
35109
33658
33584
34165
33895
34156
33008
36803
81208
33599
32410
30222
33421
33126
495
32399
32766
32378
32742
33364
33174
33445
33165
50928
33481
32893
33530
33082
32781
33919
26219
33044
28304
29075
31348
33886
33377
33452
31256
21439
33630
30594
29824
27356
32688
28438
34179
33384
30189
29063
32234
26499
27943
46303
31743
31223
34307
20346
20814
26313
19763
23907
30235
25595
1569
29818
30638
32378
61839
32108
22251
22742
23668
34542
34876
34120
31063
2511
33096
32530
26920
2220
31245
46955
31636
31594
32921
33611
33419
33731
33772
24069
32784
23687
605
32775
32934
33482
41094
32958
33488
33342
754
33498
21727
33469
32682
32671
32697
32568
30064
35005
29938
51028
32756
27898
34311
33025
20431
30214
1884
21451
28829
30766
22981
33007
33599
33426
38219
33692
33708
21362
32731
28721
26952
20712
29278
31659
34612
32657
1663
28784
34714
38199
22194
30948
30643
34033
30515
33525
30289
32941
21206
23735
20735
33068
33828
33967
37604
350
33286
33761
31419
30523
34119
33971
30187
29561
17672
422
174
8
1495
19961
556
107
0
0
0
0
16870
33412
32491
2029
29310
27167
35537
32820
47609
33191
33084
33272
34072
32971
32622
1201
32994
33274
34121
30415
28669
33447
36615
56049
33456
33403
32868
29205
12731
0
0
0
0
0
0
0
0
174
10610
74
0
0
0
0
0
0
0
0
0
0
0
0
0
29219
579
124
138
109
0
0
0
0
0
0
0
0
0
0
37
0
0
0
0
0
0
0
0
0
0
0
0
0
0
0
0
0
0
0
0
0
0
0
0
0
0
0
0
0
0
0
0
0
0
0
0
0
0
0
0
0
0
0
0
20245
34120
33016
32917
33316
32902
32822
32777
30206
33344
32967
30081
32877
29591
33083
34446
33594
33204
33099
33132
32520
32868
32934
29766
30078
29598
32619
32334
32511
32637
21446
20904
33183
32658
23907
20706
32622
32922
651
204
33006
33000
36021
39380
38721
47001
38357
37362
33603
2015
38516
38790
39546
38605
42020
39745
41881
38925
39758
42837
54118
43105
40745
41194
37381
33629
34078
40505
39148
48712
45727
47679
48980
44591
50682
69477
41224
45850
38375
36511
40640
45743
41351
38559
43096
44555
43619
44888
45654
45178
69967
34384
35565
38298
35973
40875
43101
37765
41256
39045
38496
35554
34381
35011
36915
87459
35085
30860
34346
33655
30238
33586
33976
32841
27029
33538
33419
33034
32622
21287
17384
32903
32472
32463
20745
23703
32736
32775
32242
32253
32781
32310
32523
32927
32745
42748
30728
29492
17393
258
168
123
0
0
0
0
0
0
0
431
6739
264
0
16362
32748
32739
32727
32649
32394
32790
32823
32847
32469
32742
32733
55398
34639
33409
33216
36726
49536
42330
38897
34752
26453
31378
41347
28791
38908
32808
40671
33892
33273
32808
32466
32235
33316
21347
39559
50268
42242
41481
34568
21768
33098
40500
35983
36548
51041
50032
31397
46923
38305
34918
27449
40063
38460
31005
33047
44416
53889
31475
36957
49073
38126
40229
36631
44140
39620
43954
2409
56517
47495
35917
4785
64541
35036
33267
43064
35213
39636
32666
31951
36502
44127
35167
33671
37114
3209
48130
47247
37024
42529
41813
44083
38413
52509
46268
39194
38622
45738
38191
52892
54492
47706
66397
32116
35771
33898
33675
35774
36447
34685
32931
32722
32791
32582
34098
43247
44590
70547
37493
37295
39568
42738
47263
39071
43679
33303
33123
39238
39077
39865
31482
38086
57017
40814
32673
32486
37624
36152
40561
36942
34389
35755
33121
34233
40003
46315
47493
53622
32697
34539
32233
32748
34485
34862
33805
30788
32496
29110
32205
32397
29445
33427
45587
32719
23208
23494
32922
549
256
21015
33
32869
32842
34326
34141
32646
32400
21890
34413
33151
32477
31110
1992
33086
29827
30452
32674
34089
33080
617
33075
33700
38966
21445
32861
32471
20939
20843
21129
33282
34606
33651
52319
72858
39101
33635
33811
28879
37263
33085
40703
30082
28050
31613
23648
32430
25829
31392
42041
48033
30246
33613
39520
27812
32664
35367
23429
35220
69378
50895
32905
31467
30162
30374
38127
44798
34381
57381
34377
33798
32947
19259
22137
34555
40749
41358
31366
33184
34202
31617
19858
32188
45689
32087
29153
33796
32223
30599
33701
33661
31740
33844
31727
30233
31569
31914
32746
46788
31365
32944
33545
31842
28030
32802
36972
31188
28658
33812
31995
33103
29432
37009
66408
33647
2713
34938
34816
35162
34352
34506
1322
33219
33489
33419
32673
33878
35253
85183
33969
30619
31425
1769
33966
33651
33241
32756
32795
16269
0
0
0
1936
37952
35915
33060
32811
32643
32755
32664
32157
29607
20589
37313
46428
41533
36606
39150
44594
43584
58842
29833
27968
41586
35100
33594
32924
34477
41937
45814
35971
45791
38560
72628
35201
32344
23967
37420
41016
32693
41777
40843
32006
33551
36777
33485
34773
42512
57890
43095
47509
40476
34549
35293
42092
33696
36981
42227
37236
36357
37021
46224
41056
47006
32892
34456
35667
33925
34069
33840
32141
32634
33522
32745
32829
32095
31967
31819
45801
33780
31734
30687
34334
33438
32443
700
32301
32547
32778
32426
32922
32508
33005
22094
44412
46270
42838
1712
35655
21840
53359
39028
2615
28516
33537
36433
41040
36578
48364
49132
45918
44173
46713
39510
40228
54030
38740
42490
23257
41514
47530
41893
42672
63127
38349
31457
33701
35190
34219
32536
32487
32811
32602
32949
33361
29814
34148
38085
52894
35024
32877
32331
32507
34633
34375
32592
32229
32652
32595
33687
32238
32012
34214
52130
1276
124
138
109
193
0
0
0
0
0
0
0
0
11148
14137
0
0
16845
33411
33085
32590
33203
32847
32719
32633
32595
32595
33186
33156
35373
33310
32913
32631
26448
20898
32658
32787
35023
46849
44441
48669
46937
32947
34901
12980
34902
34462
27301
36373
48167
34155
36103
35940
33913
35949
43696
34120
32676
41661
78640
35527
3057
43440
40540
40192
2309
34066
44707
41275
39051
42780
36254
46026
45051
57840
43546
38176
41276
39607
34861
34180
30595
33549
32646
33742
35530
42735
41970
34900
47050
38722
39626
44793
41834
38881
38644
42578
41840
32931
46306
46846
46285
55385
36277
69336
38328
36511
33883
36911
33722
31153
35314
33474
32934
32569
30664
33311
37045
44009
62501
32735
32114
36882
40877
26974
37999
37814
24039
32061
33934
42267
39520
35072
34724
52729
47562
37787
35631
36750
35204
38869
41648
46653
23535
38635
36276
35994
43286
51249
66201
49017
31262
33467
36233
33505
0
33009
33014
32974
255
28545
29838
33348
36768
75848
36832
34988
34650
34313
33836
32832
33314
33470
33677
32951
33182
33087
32844
34043
51553
30902
32709
32896
32687
32892
32610
32590
32681
21609
32671
32761
29954
33197
32747
41014
32964
33004
32737
33209
33010
33025
29796
32913
32352
29718
32497
32313
32390
33216
36423
33234
32679
23190
32745
32730
32097
29253
32631
32610
32424
32085
32490
32247
32451
53859
21947
24802
41379
42508
42822
34109
40271
41304
47826
48260
31927
25447
38302
37612
42652
33728
21733
42929
40815
34101
35226
34469
32950
30558
32738
35630
42073
43117
21449
55022
30613
34527
37508
36571
35564
33300
32356
24856
27840
38429
42498
43011
16681
40467
16153
38900
39118
35281
30428
33135
36729
40877
36478
43227
43947
46233
3772
48024
38768
67576
36576
38409
44002
38919
36474
33932
35551
38827
43110
37113
40314
33666
32421
40281
52887
36114
38962
40505
23943
37380
40005
38379
43985
37445
32235
36074
41124
39242
38326
69698
45035
50020
34581
34304
35390
35449
34675
43243
38557
34523
32464
34080
36815
36547
79556
35401
37257
39035
36707
41172
33998
50405
50907
35915
34605
38980
40168
36977
42720
74095
54342
40846
47958
46630
36098
43238
51854
44556
57333
47079
45386
40693
35801
38603
69662
18955
35112
36915
32811
36364
34778
32978
32530
29747
32632
33932
32046
33050
31719
69204
32879
32431
31427
4381
35668
36279
34378
34205
35590
36019
30000
32098
33565
38257
105343
34686
33418
32760
33466
32798
33042
33314
33309
413
32828
33510
33457
28218
34208
54540
33990
32606
33026
32365
31467
31871
1673
31612
31132
24483
36209
1971
24389
2265
29032
35418
33983
33967
35542
41596
43060
46325
38502
39958
39479
42487
43189
44297
46951
65008
39253
38064
33173
36654
36199
37729
38632
38905
37690
37257
36666
34931
33733
34318
88351
24533
33840
32853
33132
35526
35315
34188
34229
33391
30439
25689
33944
22329
25705
53817
36340
23469
974
24461
21121
24599
35007
33111
34556
36000
36707
37667
36533
37985
56376
37977
35581
39761
40862
42061
39741
37500
35133
36230
31945
30713
31012
33236
36377
22317
34315
32354
33058
33311
32715
33355
515
32646
32589
32963
32516
32638
23805
33426
74831
24035
136694
37723
22384
22474
33946
1324
28975
1685
27609
33559
34727
37875
235819
56208
397
20660
30547
30824
33041
33100
30351
29892
32481
32445
32286
32373
32622
32644
43568
32925
33021
32791
33298
33915
34284
33733
34801
22613
33350
36333
34329
32317
22208
71122
34697
25525
35292
34305
33064
33168
23352
33463
1015
33683
32770
1540
31809
23593
39257
31837
31504
1954
25263
35596
31810
21802
23165
1318
23012
24357
21067
1984
25152
31811
21177
27640
21194
33618
35370
34093
24269
37083
37122
39893
40096
40934
40126
40893
52449
38510
40756
39273
44463
37877
45096
43171
39798
2335
39407
35039
35139
41783
44152
80725
40456
39998
39767
37189
41906
40529
37119
33650
3257
37594
38273
38032
38787
38643
47139
34340
32450
33793
38168
3648
33734
32835
30774
33964
33533
33938
33254
32743
34548
46892
33207
32496
32520
32808
32268
32871
32262
20991
20889
32883
32454
32220
729
32184
37307
708
20766
20766
20721
105
33186
21138
32526
32793
34081
33788
33286
30091
32704
63523
34732
33674
34216
34007
32868
34180
22789
33837
33094
32992
34158
32219
25522
37206
42089
33898
34442
873
33706
33671
31893
33358
35497
34404
35321
34379
30760
33898
35571
50091
30712
32875
33225
33068
35560
22894
32814
30836
33325
629
32942
33044
32871
32002
44008
33570
29755
32711
32811
33008
33398
33754
20642
34185
35247
30274
22012
34757
23316
64035
33098
29594
28150
18482
29970
35265
31443
30550
33689
30977
25511
29117
32658
36545
40913
1170
27855
28545
29996
34028
33734
33540
33194
33194
32644
32989
33135
26785
37918
50278
31611
30526
27169
31975
30273
31332
29123
1563
29484
32743
23801
23233
32202
30894
62643
33890
31442
26854
32756
20820
33138
32908
32759
32789
32227
30077
31020
26980
31037
34041
24466
26312
27458
21354
29681
24873
32306
34304
33608
32862
33186
32962
33172
33442
28022
31431
30399
22782
28463
16896
25045
21662
27711
26651
30398
24528
30484
17338
20792
38162
33597
21442
1788
33812
26258
35288
33147
33605
33293
33909
33519
33615
33134
33066
50788
34599
21222
33201
32911
33408
33425
162
32999
33046
22951
34437
33207
32712
32683
35754
30881
30167
33077
33323
29072
30138
22421
29417
1944
16006
2142
1427
28226
31943
37715
33366
33194
33247
25344
34682
33253
33230
34103
32044
32267
22329
33856
32846
33807
40071
32862
33081
27827
537
34191
21277
704
21293
21119
590
33293
33274
28812
23510
59117
33908
25390
33705
33652
35347
34844
33449
33733
34000
32757
32993
23061
33440
30167
33567
32670
33587
32636
33549
34621
34204
25265
21684
848
923
24417
21670
1084
33537
35657
34780
33260
32336
23052
34099
30743
3747
33473
31102
24956
34052
21237
33252
33820
36312
32703
597
32498
1238
32088
34869
35191
33211
1158
31205
32700
33961
33323
24677
63317
31317
1137
33823
33996
31580
31469
33286
32328
31611
21175
30956
33284
21668
33221
10503
21595
21297
33415
472
30321
33651
27332
29645
31979
27976
22270
22120
24633
34057
39274
33688
33744
33398
32073
28239
28942
17796
26906
16138
24824
24871
29581
37364
2329
61751
22318
32886
33109
32721
33444
33216
24390
33081
421
33270
33284
33388
32855
21230
39859
24290
33749
34091
33807
22549
22724
706
33703
527
568
34349
33625
32061
23662
36322
879
29160
19123
28624
32763
32574
32349
1556
26920
27530
22509
32343
26244
3160
11685
465
29598
20587
2548
16588
24675
25630
26085
16258
14051
27198
22682
27109
13998
42854
27514
25926
16939
20639
663
18948
21608
27004
28470
30396
21758
34166
29535
27501
39424
33023
33228
33566
31869
31629
24041
34207
30774
26802
26302
2272
30590
30045
30182
9010
32200
30107
32837
26393
2602
34420
35138
33060
983
33440
33701
33309
33183
1720
8942
687
38
0
0
0
0
0
0
0
0
0
0
0
0
18572
1588
35169
34008
20578
29703
32919
32850
32493
32502
33856
33790
29889
29994
32703
23355
20805
32505
32920
32541
33173
33163
32598
33799
21865
32358
26712
32616
32873
34023
34779
33250
33285
31330
29846
1317
33975
35651
29757
25127
2722
29699
32698
30245
34678
50806
1261
37864
36493
33699
32893
33813
29048
27904
27502
28239
30853
35106
2630
32777
68656
35023
27244
20853
21539
25588
31335
31517
24451
29267
23744
28193
32224
30680
35390
45266
21802
1061
279
24502
21978
34635
24767
31050
34282
21596
33831
24488
35206
35590
42742
35060
31974
1278
32734
34131
29113
24460
32366
28276
3327
32875
34132
34680
32843
38868
32652
34295
32121
30887
33485
33938
30928
33451
33482
32773
31530
31586
35330
36635
50945
32745
32392
31180
3485
701
97
1169
32820
34255
33483
33064
32804
29416
36576
49406
25267
32644
32831
32204
31544
38263
33193
33219
35110
36525
3285
33853
32801
37832
59235
34533
34584
21537
32657
23314
22296
18729
21982
1883
450
19100
25966
1175
30856
50921
1379
543
28303
35603
36952
36265
35639
35912
37185
38578
36386
38078
36574
40687
55537
36583
35983
32446
31178
34998
36291
37186
39001
38231
2322
39870
36251
37487
36731
61791
38767
36648
39821
35325
36800
36242
36712
33343
30644
23179
31771
33710
35410
34594
53190
34670
33021
32925
29259
12630
0
0
0
0
0
0
0
0
0
49594
1254
124
138
109
0
0
0
0
16509
32706
32853
33318
29228
31530
38746
35234
30640
32715
32562
32415
32685
32911
33084
32798
33301
32673
1013
34313
36462
47684
32183
32959
35435
34031
35333
36841
34931
34036
1413
34450
23180
33850
33908
35289
57770
35872
33940
32903
38224
33370
32426
31778
33466
25107
33724
21854
33695
35132
36873
74954
22552
33379
30111
33945
34011
32554
32526
32158
32596
32673
33270
32604
22042
33847
41573
30355
33264
32535
32684
32327
32764
32991
32943
32820
24237
32748
594
297
33096
21251
20901
234
32908
20644
32926
32938
32475
32523
32184
20437
20333
33934
35389
33343
56494
22116
33735
21676
33549
34179
33913
33047
32895
1236
21774
33990
21574
35496
35160
37829
33390
580
33524
34339
33847
33368
36470
33628
31261
31348
31012
34833
34598
35019
46353
490
33575
32464
149
32757
32493
29853
32245
32649
20331
795
162
32604
32967
41142
33464
2063
44733
53659
42339
23814
33022
33223
30731
2112
36655
34413
33560
35828
63291
33856
34396
33640
34380
33684
33103
30232
29647
35485
34112
32346
34324
28583
34947
47676
34164
32942
33567
33996
33168
34349
33776
34980
31947
34675
33553
32839
564
22661
47089
34498
38979
33758
34505
22765
36010
35641
35596
35790
34815
34774
30625
34432
35325
41926
33179
35148
35802
31414
21188
19030
33135
29749
32373
21968
18933
30850
34078
36297
78094
3160
34587
35354
36160
30909
34639
33836
34587
33975
33863
32469
29693
33348
35608
55264
33670
33349
34513
35071
34547
32887
21300
21357
21843
1619
36957
33092
31927
33412
20152
33223
32805
33216
1675
30960
26231
33338
32959
34054
34445
21884
33099
34061
26063
36170
30457
28459
31853
35056
30434
29170
33130
2668
32436
26004
29747
31749
27529
29014
65900
31731
1766
22364
33862
31647
33758
24849
32722
27540
31066
33247
33792
23263
33360
41732
34077
20803
20885
35358
34120
34008
27478
22144
24255
22562
23467
26111
22601
1652
37215
32461
32415
32243
33417
33232
35774
36176
35931
32087
33822
36168
35203
37630
36035
87497
33432
34371
33968
34294
31773
31944
32906
36035
29037
27484
34463
34601
31200
36092
74386
35704
35962
34233
34422
34470
34297
33542
29980
33979
31024
27878
34353
30165
3253
67813
31152
32253
34732
35047
32698
2167
35031
36165
33786
34228
35385
33295
32989
39234
70520
30823
33580
32591
34502
34450
33889
36453
35804
33574
34530
4032
34585
36211
31380
97274
21874
21707
28535
24420
30138
31981
32704
33424
33079
30120
32943
34355
319
37303
51397
33737
33302
1064
28205
30611
33619
32254
34827
33086
1712
32753
26401
30650
33691
50998
30806
34176
35400
35325
2418
34938
33602
32588
32448
2154
36438
38655
33880
41135
64345
35906
37084
36671
33743
33605
31383
34039
33676
34091
34928
35126
32185
31684
39792
94485
32519
34583
32524
34551
31630
33567
33353
34680
35034
35193
36372
34166
30434
34979
75879
34866
33075
32283
29780
32659
34523
34321
35669
37386
35486
34485
34019
33489
37028
66578
35900
32820
33492
32640
32510
33952
33364
33802
34822
35240
1513
33442
33160
32274
45408
30070
27998
30369
25773
33016
33633
33054
24299
35168
34601
33299
33813
22542
33366
74751
35551
26934
30699
24356
27024
23586
21150
27084
19393
27781
30529
31798
34002
33288
38506
32220
30940
32190
35304
34627
36745
35757
32225
31956
34294
34403
33807
31836
37121
54975
28842
30854
30038
33153
34052
35031
34974
32936
31794
35724
32648
33808
39834
41120
100638
30299
34114
35763
34137
31970
34337
34784
32782
31214
27684
29048
27189
28617
26265
62067
30729
25544
29770
22388
22783
30516
32639
35951
35594
32036
22325
23455
32219
32359
45693
34289
1074
33527
34012
33788
1307
33845
33930
1313
33691
21631
34095
33696
34701
39000
28939
30180
33212
35031
33595
34238
35293
35346
32954
31121
32963
36552
34554
34747
92745
33334
32089
32793
33450
33705
35843
35615
33230
37475
35659
34047
34200
30501
39127
64036
35100
33640
33210
21372
21816
33177
34455
32971
32579
33771
31995
33274
37405
39815
64778
34278
38151
34632
36860
36049
33723
38016
35715
37123
36924
37413
40597
37918
42654
89196
36455
35283
35143
35386
33566
26716
24775
32649
28919
29931
31774
30676
29301
32052
121540
32463
29386
32364
31430
31379
38717
34856
33009
36112
35163
31868
29497
30519
33929
76290
35355
34667
36750
35303
29130
29995
30775
31306
29287
29459
30679
27347
2714
30759
53604
32298
32659
33278
34616
34133
34656
32577
1715
30471
30881
31705
29484
31910
33066
39250
34839
31140
29668
31652
33844
32862
34124
32578
29062
2786
31474
32059
33446
33901
82792
2629
32656
33228
34291
30964
30027
31278
30477
30787
32947
32835
33107
33788
35269
46959
818
34293
25666
36056
2013
33411
31127
27738
29337
32088
34836
34543
33354
33713
55085
35518
35134
26684
30893
34135
35018
34375
32246
31619
33426
32858
34846
36876
34776
80792
36055
35521
30907
30909
30567
33511
22028
32966
32831
33036
33652
33332
32973
1644
49917
34257
35059
30452
32016
31075
34656
35697
36153
26012
3278
32476
33679
31455
35650
61222
36735
34569
1505
35420
34484
28470
20771
1731
32010
31259
31040
31871
34919
34193
35445
19980
32486
34156
34156
27404
30845
30346
31756
34173
32704
32211
33062
31461
33793
83074
24847
34422
32186
23512
32519
32820
25089
33453
34882
36712
24564
25256
1678
37660
41253
22380
32815
31619
30354
35375
35686
35836
35056
31191
31092
36269
26506
34367
33440
53141
33791
32604
32506
29769
32622
32697
31566
32217
32415
32586
26355
23862
32637
20926
35457
32983
32817
32556
20961
20912
32889
24222
33210
32286
23769
32355
32445
26757
20988
44226
33986
24710
33496
32986
32940
32352
32634
20670
32415
32691
32493
32601
32832
32721
32941
32829
33175
457
32766
21033
32760
111
29193
32136
32304
288
32772
32667
20799
33201
24117
32844
24186
396
96
32871
32901
32835
24015
20967
32934
33030
33174
21264
24264
32958
24192
32829
20769
32478
32691
21331
27781
32649
32883
32610
32448
32547
32574
37833
34293
33984
33809
32449
29556
32739
32358
32760
32538
32598
32482
16296
0
0
97
0
0
0
0
0
0
0
0
0
0
16551
32976
29685
32982
34874
34550
32523
32079
29817
32361
32328
29793
32490
29388
32775
31760
47555
54389
38500
24294
34556
32059
31232
1215
34772
45721
40032
34548
32538
34206
32655
32605
33336
34083
36403
33683
486
32412
32190
32766
33045
33231
35021
35352
55231
47648
1417
21246
33652
24705
31708
32936
39810
35178
38505
35281
33348
24645
21012
32756
32991
24266
35174
25890
42872
33865
32875
29856
29938
33077
33410
32415
20235
444
32187
32309
32987
32691
33218
59862
34293
32341
27090
30006
32883
32178
23586
26793
29562
20628
32583
20922
26724
32646
21337
32832
32298
29973
32457
32283
30216
1469
30138
29997
33537
32913
34416
34148
33435
32734
31638
24896
21331
21529
20878
21541
1364
33169
33248
30714
33590
34354
33950
33012
36288
33099
32952
32941
32874
30807
31905
34135
33424
33238
33860
33565
33540
33775
32943
49806
34804
32783
34898
2058
30303
23821
27450
52655
43448
32775
1452
31888
35222
23758
9863
36748
31547
35706
37201
34076
34766
34919
33365
32574
32754
30580
27706
32523
33940
30331
35069
2216
32940
33156
33976
34006
37066
45523
47030
32268
29056
31136
2687
35551
42340
33404
38504
38301
33641
29449
27852
27179
27790
34882
22921
1284
2315
34472
33402
60063
31294
32518
32796
32581
33093
33194
32829
29797
30456
33649
1047
33000
33818
22526
35587
21659
32590
30094
22336
33495
33172
33707
35025
32965
33042
32289
32108
35614
36498
34690
30671
29695
30098
31610
3416
33434
31649
18715
23879
23021
3546
3189
37031
45313
81492
44808
36701
33566
31272
19715
38403
23184
40368
34478
34895
32803
32692
30884
33363
42522
33466
33623
33679
33300
32699
33527
33292
33685
34510
33294
32599
33637
33543
35289
42975
30274
30568
35133
22919
34174
35133
34581
33476
34968
30927
30032
35657
33914
23983
33630
33139
35859
35436
31319
31803
33090
32945
32589
32562
32517
32850
32810
30009
30796
68805
34664
32863
33306
32395
32960
33514
888
33566
33469
33249
22067
22481
34106
33743
38374
33036
33276
32589
32622
32973
32841
20868
32580
32886
33097
20964
21009
23925
32832
34269
32832
35766
37625
34804
34380
39540
35730
38117
38557
39067
37272
26494
1917
23400
44062
21529
21098
36369
34399
35157
22180
35327
32192
38563
29835
32528
30790
34964
35129
63811
25293
33675
30854
33444
1457
32619
31771
32160
30236
31093
33371
32870
35707
35371
56900
32969
1596
33997
33996
33268
33525
33900
33265
26404
31262
29169
33986
32126
3448
54312
34580
33399
32668
32709
32979
33716
33794
33421
29882
25790
34959
30853
32762
35740
50582
35658
34308
33593
34339
32871
32649
28855
28617
32964
2533
31268
28916
31506
33129
71945
20025
30629
32276
32478
30078
32365
30627
25341
28259
31341
31661
32397
34477
24168
41600
35419
32885
32096
26250
34547
34052
33122
2541
28672
27949
33592
36607
32641
31832
40170
32210
34839
32503
29264
33551
31111
25163
35219
33240
31287
33038
35298
33060
32499
28971
34152
31499
21935
23554
1264
34349
34135
32998
35121
20096
20325
31963
31022
23979
26199
924
30521
915
32000
31912
32553
33539
33768
23451
31024
33934
2928
34550
32701
38582
30141
33136
33268
23113
23510
25606
36522
35614
34079
2773
31185
2028
32089
2261
42034
22294
32905
33614
33318
32508
2446
21241
1867
31160
1559
1368
32095
2646
23636
54185
22976
19272
30748
31152
24219
26681
33860
34103
30748
29227
34239
33650
36303
34079
42553
30296
32527
33493
24805
34494
33551
31897
35089
34039
22265
34078
25670
27976
33876
28787
33008
34720
37173
37138
1316
33306
34691
33710
26102
34953
36654
22520
34339
32494
38171
21410
33448
27074
29049
25505
33245
31549
32095
29015
29828
28339
31838
35807
34015
71688
32514
31176
37346
35446
24353
33740
33320
32918
1348
31048
31588
34153
33516
17941
20089
549
0
0
0
0
0
0
0
0
0
0
0
0
184
322919
17880586
19367572
18986523
16576386
13385910
75432
15321434
14287714
13671025
10692820
10706580
89599
10693546
100867
656015
56591
34680
30441
17408
130
0
0
0
0
0
0
0
0
729
432733
1054
0
39
16416
32685
32640
32688
32733
32622
32436
32454
26535
33039
32322
35889
33598
33159
32490
32595
32214
32190
32502
32646
32634
32502
32478
20805
87
32727
33650
34379
33378
33949
28097
33754
33630
33737
30130
32124
32418
32527
33335
33169
22392
48480
33736
32906
41250
33006
32793
32658
16317
0
0
0
0
0
0
0
309
87
0
51
0
0
0
0
16269
32409
32412
32733
32526
231
32691
32940
33288
0
30225
33114
29826
276
32364
29778
32691
32673
32286
32403
32196
20610
20682
33021
37554
37560
33900
31149
35031
36540
36402
38808
36864
35127
30288
38670
37491
46249
38113
37416
34410
30648
37620
42741
38304
37590
38568
36438
35373
40767
35997
32457
42720
33966
29628
32148
32715
23313
26574
33318
32805
32154
33150
33987
32766
32637
34134
39744
32799
32604
32016
129
32778
21093
20820
705
42
339
33153
21357
35187
33414
3792
31773
32769
33555
32436
28689
12798
0
0
0
0
0
0
0
489
22282
34384
26847
29568
408
32760
32688
177
33153
32814
32853
32871
429
33297
32463
36297
32886
31776
32520
33921
33840
31581
34647
33159
33192
31776
31620
21021
30057
32475
35952
31419
21774
25581
20013
21789
20598
30423
22626
29811
27483
34461
38841
35178
37230
39408
28936
27684
29277
23409
2303
32161
28618
26960
27975
25266
34662
30471
33816
33074
46509
31144
32808
33132
32922
23805
33351
69753
34041
31182
30279
29016
30447
28155
29526
36099
18663
28989
29628
37089
29973
29384
17380
32498
37103
33629
22861
36569
31779
25012
43665
30539
21397
33574
33906
21393
38063
37705
33539
33783
37007
24797
47526
3139
22307
35336
33699
29343
30301
32031
34622
33624
33296
32459
33838
2756
34951
34304
32970
34964
45740
34313
32138
31023
33900
2504
29267
32130
34812
22539
34947
34290
33251
34139
32213
39587
32644
34580
29783
34259
31158
28619
33559
34402
33219
32748
32278
33425
33293
35353
42871
33105
32889
32691
32934
32574
32379
32676
32661
32757
32985
32892
32517
29391
32493
31428
31000
23850
32901
20925
33126
32796
32925
32697
28332
26082
32376
26919
26889
32667
33306
24054
32928
21132
32706
32784
36567
38349
34893
38265
39624
46521
38193
42681
39114
45069
44415
44178
41802
42243
40653
37980
42639
48792
51699
46782
38268
51720
48645
43524
53220
39543
50613
47544
44037
50346
48300
42060
45354
56334
42822
1062
38583
42657
46794
67092
1288
41340
41937
41091
36480
40185
36306
31437
34077
34236
33108
33324
32535
36378
50247
33366
30240
33564
34365
33885
27420
1242
52356
31599
32913
36375
47628
32754
31038
59073
48759
31794
38769
44217
28749
37200
51411
32184
35262
45888
33582
34662
44979
41004
44652
40185
31773
34485
45981
35097
34047
32625
32688
32490
34494
33555
32757
32970
19893
27897
1165
96
39
0
0
0
0
0
0
0
0
0
0
16912
42286
33950
34051
33147
32937
33100
33233
33081
24524
33054
33353
21378
645
33344
22074
26897
22296
35363
33603
33168
32839
32952
32715
28893
20571
32709
33260
21987
23539
37823
55496
34890
34226
32939
32847
24162
516
24825
32847
33405
33300
639
32595
32259
21323
10661
33088
28147
2639
28468
34428
33937
33775
33382
1123
1005
33496
34287
31597
32741
41302
32305
33383
21403
33228
33497
33357
27158
33572
30329
32787
32818
28220
23856
21193
7647
21014
24504
33608
33449
33672
21627
300
21896
33542
33506
33777
32460
23435
32811
42136
34432
33114
33039
32574
32625
21189
24243
21345
21240
21090
33099
579
32679
33087
33860
21288
21054
21195
32823
32460
32682
23910
33030
32559
32706
26649
32472
32656
33188
21350
33161
20682
32596
32827
32511
32976
33042
32781
20659
20664
21224
21159
21276
831
2950
21047
366
21038
486
321
33285
33120
33112
558
32900
33300
33033
798
32893
38238
34258
33424
897
20414
664
32636
32682
32853
26884
32949
32640
33024
32850
32637
34196
33288
32952
24588
33165
32904
33135
33183
27195
21330
30324
32577
23787
32862
29970
2621
33276
33090
32985
32478
32577
32388
20691
33129
33381
32556
32301
32892
32160
30012
32838
33270
33162
32610
32500
30226
32754
32331
29268
32421
32658
33028
32765
32896
33012
42371
35215
32823
33141
33261
33243
30858
29997
32703
35700
34863
34200
32427
29310
35145
52440
33765
32829
33240
32391
29430
29835
27744
25362
32952
34422
33918
33432
32712
36489
55068
33651
29082
32658
32271
32646
32088
29481
32955
32913
29784
34018
33911
1130
33436
49597
33223
1995
31455
32556
33927
33825
32859
33078
285
31221
32271
32748
30360
33852
27417
32757
29472
33138
32673
32760
32418
32205
33096
20715
654
32472
20454
32715
32544
33885
20673
32706
32835
20673
32319
32727
32994
33639
32310
31728
33417
33456
33186
33909
33741
33198
26904
32850
32844
32316
23430
32337
32598
32793
32790
32664
32457
32511
24051
32876
22291
33012
33165
32598
32418
32460
31956
32367
32118
32502
32775
32367
30073
32839
33605
33847
33531
34865
34178
32716
33155
32897
32329
32826
32637
20926
21236
33225
32710
32134
33111
33202
32955
33177
32559
33044
33096
29913
31998
30330
20523
30694
32475
33469
35394
30966
26504
28416
30145
31780
2175
33481
33901
1442
31772
26476
26496
2297
19295
46294
30790
30238
33090
32862
32882
21996
31689
33888
33846
1107
33033
33642
27542
34071
8966
32496
33008
32766
33267
33307
32004
20505
540
32441
33304
33917
33432
32880
20868
35939
33189
32671
20904
33063
32737
30295
33119
33328
20985
32853
32628
32928
32448
32637
35559
33219
33138
32772
29502
33099
32730
32688
32283
32088
32583
30066
28611
33009
33990
45268
28501
33741
31464
34014
33342
32817
32871
33285
33597
30972
29364
34365
33906
35166
42528
33411
33157
32396
33607
34008
33608
32385
32617
29772
32541
32727
32949
33132
33379
37964
33645
32697
29817
32622
33081
32442
32088
32820
29058
20589
1201
815
32804
33775
32546
22060
351
33138
26859
23598
87
32886
32481
32826
32475
21264
32796
32844
32700
27042
32880
32763
32451
696
690
32760
32745
32910
32781
33156
33201
32790
23436
29502
33180
32901
29997
33066
33696
32694
31269
30198
31602
36222
33336
27750
33510
32889
35550
44308
28276
20222
32633
32494
33046
21493
30458
30525
1382
31968
32139
29779
32043
36267
57770
34467
16365
291
52
0
0
0
0
0
0
0
0
0
162
5807
159
96
51
669
13754
29718
34001
32901
32961
32493
31188
32640
20949
24678
25633
21306
33424
32698
32524
32593
32007
31866
23538
31914
29250
32706
32733
32820
23844
35908
33175
165
33256
32310
32718
32722
32576
32642
21003
32770
32226
20619
23737
32846
17040
33814
33045
32906
201
29834
20901
861
45
640
20799
32838
32673
32955
33047
24486
32346
23727
591
21082
21050
32880
375
27026
32978
20324
432
23340
23605
32862
33311
32991
32808
32436
32316
32472
23688
20910
32703
32424
26820
32772
32739
32832
32829
33450
32829
32727
32478
32592
32838
33750
33471
33312
33819
34176
30502
30281
33759
35570
51760
34820
34479
35051
33896
33009
34994
30629
34310
34485
34832
32015
34933
34380
34108
30918
1165
96
506
34717
1125
21869
21676
1171
21966
633
123
79
0
834
7547
828
33952
37117
25024
35943
34581
23848
35867
30091
29399
20864
3108
18260
30246
40924
32969
2194
18451
20195
34871
26384
26926
36344
26193
37676
36852
36865
36368
36204
43500
33623
23841
23988
921
249
402
20808
32871
32886
33690
29608
29484
33473
34282
41001
32883
33795
29911
32820
31126
28388
28401
29078
31268
32277
33612
32906
33266
33519
39498
34971
31976
33105
34668
33506
30549
31278
30043
33356
32384
30084
31053
33178
34729
49486
32689
31364
22740
2184
31696
31219
33442
35493
31402
30199
31733
21392
33249
33819
41886
33444
33857
34250
31693
29290
28868
28484
26451
30304
33484
29441
27539
20976
32761
39038
26457
25562
24362
13941
28902
29219
27549
30147
30050
26346
29003
32007
35420
24054
13519
34253
32898
33340
159
32619
33257
31676
31248
31852
25287
2224
33947
36459
36313
60314
1843
32517
32895
26646
32823
32421
29466
32694
23754
32991
32745
32458
34151
35434
45267
26843
24474
29016
31897
28594
19094
25669
28123
20736
18455
15052
18956
16900
28048
31043
21853
21866
30354
29778
24577
29650
27485
28674
32376
35845
35046
34684
31935
33526
45537
32266
32774
23744
34720
34046
31827
33998
30474
32610
29967
30016
33174
32433
35363
59468
28145
32979
20733
462
33066
32982
32970
21120
21051
33069
33090
480
33048
513
30242
21274
780
498
21033
33519
37030
35277
35393
33554
32836
33729
33661
33188
33936
37471
21150
33120
27615
34278
37372
923
37971
35512
32358
1772
33297
33234
33103
2735
44716
34019
33096
33231
24510
21519
21429
33540
33741
34794
36215
35437
36980
35037
37552
38681
32353
32715
31455
29844
31653
36264
31716
26112
33297
30224
21165
33219
21030
33820
31676
33288
32553
33237
23283
32598
32217
33099
21591
675
34692
35052
1191
28038
32505
37954
32751
33210
32646
30576
33423
32199
24489
30924
21423
32727
2019
23910
33648
1662
38471
18689
29238
1344
735
29916
1137
31593
1341
31557
21852
1152
420
732
33801
8562
903
22506
1170
36132
34830
21747
31434
30294
25731
30150
34242
34545
23076
32715
32697
21609
1572
22080
33204
32880
32166
1503
20088
20376
33015
32352
32754
32349
26607
29433
21357
1665
31929
19665
32790
23397
32046
29913
18954
30612
29343
20718
27822
30231
40738
30317
22974
30522
29991
28533
31158
30252
32874
32421
33456
32652
30621
29424
28371
9972
27723
27894
22689
27909
30324
20880
29466
28200
25842
21615
34443
32454
28686
31998
39513
32022
30492
30483
20871
31413
31995
21684
21990
34404
29757
29856
29925
30663
34401
41838
32838
33039
21216
32631
861
33192
32634
702
23577
660
20844
32547
20514
32844
41585
34172
32706
33168
21174
21318
33087
21501
33012
23760
32607
32817
32796
32343
26487
28854
21393
34800
35718
32853
32424
32484
32799
34437
34140
29769
32640
32841
32631
35955
41523
555
33620
33069
33051
1019
31208
27914
31653
1206
32884
33234
33296
32969
34680
48401
33875
32801
32849
32736
32568
23583
32867
32764
752
29655
26583
32340
33660
33314
25345
22015
33391
21108
24368
21754
21858
33715
24721
32990
31633
30901
32837
32909
31002
28928
31385
29721
29322
21936
30039
32140
33289
24895
34020
21697
22558
34073
31902
30919
27830
19965
234
19398
25204
34215
34681
33524
21828
34099
865
888
34402
898
22177
56458
34952
33020
2037
20418
563
32658
33490
33510
34125
33032
1631
33501
32880
30350
31400
33430
33012
30117
32475
24093
32754
32733
32943
33387
33241
33430
32047
33299
34176
37573
33135
32667
32928
32724
32769
32664
32547
756
32286
32616
32883
32661
21063
24108
3648
32916
711
21009
26943
32862
32826
21159
33042
33078
21171
21255
21207
252
33246
41556
25211
32925
20697
20847
20973
438
33141
21093
24063
23727
32730
32937
32544
32706
2187
20562
32652
32439
32946
20703
32568
20505
23502
522
32526
552
20880
32775
123
33036
32991
32805
32520
32637
20868
32652
20577
522
32796
32901
20781
32208
32421
32622
32715
20943
29469
32733
32319
33000
32229
32376
32151
32562
32328
32715
30108
29865
26559
49467
34792
32991
33039
32634
32676
32694
32790
32556
32796
32514
32487
32892
32784
23400
33312
24243
32931
29988
32700
32937
29991
32733
32535
32775
32631
31590
32373
441
20628
32779
33174
32814
20784
20787
20826
32703
243
321
24015
20892
736
21869
33167
34330
257026
34812
33316
21182
33013
32700
660
29809
32830
32856
32856
23760
32787
32655
32652
32721
33237
32478
32700
33111
32721
32613
33147
33609
32613
15786
0
0
0
0
222
159
0
69
0
16
0
513
1521
470
