59	62
74	88
89	106
108	132
133	139
140	141
144	145
149	150
151	160
161	182
185	187
192	193
204	205
225	226
228	229
384	385
461	463
464	477
496	542
543	553
554	556
560	563
582	585
587	589
613	621
627	637
640	643
644	649
652	656
657	661
664	677
693	694
696	697
705	707
708	709
720	721
735	739
740	741
758	760
828	832
837	841
853	860
864	865
876	879
882	883
900	901
924	925
927	928
972	976
979	980
983	986
996	998
1008	1009
1020	1023
1030	1033
1036	1037
1392	1394
1423	1424
1425	1431
1432	1433
1435	1436
1440	1443
1444	1449
1450	1453
1458	1460
1464	1465
1472	1473
1486	1494
1500	1501
1536	1544
1644	1646
1651	1655
1668	1669
1671	1673
1705	1714
1716	1717
1718	1741
1751	1759
2134	2139
2140	2141
2143	2146
2147	2151
2152	2198
2199	2207
2208	2213
2219	2224
2225	2231
2232	2246
2250	2251
2303	2305
2307	2341
2343	2354
2355	2370
2375	2383
2386	2389
2412	2413
2423	2440
2442	2446
2447	2452
2453	2457
2458	2468
2484	2485
2497	2499
2556	2563
2578	2582
2583	2595
2604	2605
2819	2836
2840	2853
2854	2857
2876	2898
2899	2907
2908	2911
2916	2917
2918	2919
2922	2947
2948	2951
2953	2965
2977	2990
2991	2999
3000	3015
3016	3017
3018	3029
3030	3041
3042	3043
3229	3232
3234	3248
3278	3280
3281	3295
3324	3328
3334	3344
3346	3349
3420	3440
3452	3453
3456	3457
3480	3499
4006	4009
4010	4028
4032	4033
4034	4037
4056	4069
4653	4675
4676	4681
4683	4693
4694	4714
4715	4718
4722	4738
4739	4742
4743	4760
4764	4765
4770	4771
4810	4825
4826	4834
4836	4847
4852	4877
4931	4942
4945	4949
4950	4952
4954	4962
4963	4984
4992	4996
5011	5016
5017	5019
5021	5045
5054	5057
5084	5086
5109	5117
5118	5132
5133	5178
5179	5185
5189	5199
5200	5204
5206	5224
5225	5226
5232	5233
5235	5239
5268	5269
5298	5312
5313	5318
5321	5331
5335	5360
5362	5368
5369	5390
5392	5397
5400	5401
5402	5449
5496	5520
5521	5528
5529	5534
5545	5567
6381	6387
6388	6400
6408	6411
6456	6466
6573	6580
6581	6589
6600	6602
6617	6627
6642	6646
6647	6655
6657	6661
6662	6665
6671	6672
6676	6698
6756	6759
6760	6763
6765	6768
6805	6812
6894	6897
6899	6901
7058	7081
7083	7105
7422	7429
7430	7435
7449	7461
7464	7465
7468	7471
7488	7489
7512	7514
7535	7537
7553	7556
7557	7560
7561	7566
7582	7585
7586	7588
7589	7601
7604	7606
7608	7609
7621	7625
7649	7653
7656	7667
7743	7758
7760	7769
7815	7816
7819	7841
7904	7909
