0
0
0
0
0
0
0
0
0
0
0
0
0
0
0
1179762
1185585
1173534
1179948
1173324
1177365
1173354
1182657
1174068
1181508
1173816
1177299
1177572
1173687
1174197
117762
74064
66027
63507
32193
12846
5085
8601
7836
3999
1818
4332
156471
54171
165003
61551
38874
15384
6006
12036
11700
5049
3120
7086
4161
2508
1797
4038
28542
26793
5976
10590
5742
2430
1659
3567
1821
843
834
1800
1689
864
864
1689
1653
819
831
1677
3495
1896
261
1175988
1171605
1178148
1175298
1181994
1172811
1177578
1173048
1182429
1172991
1182963
1174461
1175508
1179819
1186182
0
0
0
0
0
0
0
0
0
0
0
0
0
0
0
0
0
0
0
0
0
0
0
0
0
0
0
0
0
0
1190592
1190592
1190592
1190592
1190592
1190592
1190592
1190592
1190592
1183443
1180152
1181049
1175487
1175850
1167042
733095
715533
838644
620955
799875
480390
409818
426099
467502
390912
213360
390657
564546
459921
427899
321033
470184
394092
633135
500853
499857
391257
452766
498834
402336
596718
418014
664401
660138
454185
585147
509595
470157
209424
433413
487413
323811
725406
580836
534381
402612
558594
456144
302985
475473
441579
344157
527169
350499
485853
481701
503946
529674
530079
265194
512811
413103
501537
410877
481830
620604
428526
515955
396198
393480
505377
333297
424620
913203
1043445
1003194
703023
862464
638613
642219
381627
294807
533235
520170
310122
492219
352803
510393
403548
476094
544869
735444
508200
497484
427545
538203
473115
485604
399591
477981
492756
470484
327072
641454
826839
884691
570690
548508
736551
724854
734844
705243
803856
683520
800145
667710
544446
570075
493056
310380
430800
332097
461187
422067
480156
549942
516105
429084
479877
519924
774558
508947
411210
634731
426204
436068
517116
477219
446067
522291
459855
489339
513873
848058
819735
917034
778938
739425
885570
741438
568530
349758
374331
390915
436707
566361
416856
477132
542412
476181
524787
651366
422880
576168
418191
494562
476454
398913
467850
444198
517491
498462
613620
492660
516324
429087
475494
527997
515949
485802
430680
524745
623901
620988
802299
910527
965622
851151
979113
696948
739122
620346
373389
476454
500964
487320
428028
477324
636243
571440
488442
507597
403452
545205
546966
331005
534345
550215
694782
678711
545232
570222
671571
387309
504420
574038
500490
481077
658902
558192
565596
583452
559566
743511
592374
687720
557598
495576
451359
554961
525210
489888
369087
416703
490518
631311
664821
463398
580725
380640
473130
574623
465861
352803
398655
464805
700107
413526
585393
468648
422094
413184
598860
471048
567462
332322
874779
896883
936411
997197
972186
907602
1091976
1089579
1156794
912885
714225
648750
644277
716511
609216
632367
630762
583479
469686
421344
360414
301701
355824
368223
127740
193986
331992
438375
498756
620970
686529
693582
655227
762642
689445
709776
766269
716346
792438
722013
666585
656796
535200
786027
769518
668628
439212
106791
161103
41667
41193
57948
23850
38082
42573
35742
63438
66288
56277
49308
37380
82077
58320
82125
55113
37065
56133
47001
34395
145395
74781
39576
77088
40785
99357
174996
90609
172071
66123
65448
156372
502737
672894
814755
832089
979191
1069089
946107
906747
731649
819489
975999
923139
927243
711213
630186
488121
394950
435876
393414
304086
384273
462279
446928
518685
512826
527718
502380
500715
509598
426669
425034
442443
537252
695979
743382
1087857
1055907
927975
1069233
1111110
804699
675372
644190
914871
922962
335847
558048
630909
569064
545496
630621
420999
330876
441585
571794
499482
572601
248316
134937
145770
98892
185001
381753
556947
574737
688113
699879
681846
931548
928944
626223
698817
960897
619620
764826
683589
613998
694188
770514
685341
885675
791577
723483
904563
1006458
788181
1030047
1060143
805425
512406
453600
825333
741246
657003
581793
674787
365316
215493
195501
128103
246261
452787
627933
672354
692112
599640
710442
559680
453489
539208
587199
881415
741957
891495
929703
597915
678063
507417
711387
745185
547452
352917
522114
592491
558234
589023
520896
455619
588519
605778
603801
692070
519411
415110
403089
504912
394239
553680
653463
305556
314325
255051
168450
260487
428643
536958
561330
693027
828894
654828
544701
602073
487500
520575
537573
775698
568566
473460
437703
272625
184794
299259
446772
552561
532422
397299
459981
526116
616800
678873
657003
808473
532314
485961
483348
467562
468972
436200
939306
992094
243927
151824
998589
954549
688287
833130
905790
1017699
681954
1031337
1039170
600087
383835
428193
331929
364926
528957
394563
382368
435666
470028
878976
915921
953688
1028436
813663
929523
1023198
781614
858891
781371
738066
885396
888540
372669
227589
404346
453783
538665
748818
580332
730134
709494
133551
194982
199047
144321
179340
258219
267204
359937
561837
534000
579909
612855
643314
684417
732342
1061169
1022133
525912
515613
558954
583665
539481
760893
540915
855279
775638
603288
550632
403422
435249
494541
606828
629934
655875
743043
848688
960270
969507
970926
742779
874863
679314
616596
640323
654438
1009950
683739
699303
824757
979596
736860
818532
795408
786474
676497
997938
970098
523869
1111230
1160292
692133
900465
658776
821880
778467
744933
466158
590178
569565
433602
557280
872139
713727
672372
826044
1003392
254523
229404
163599
803994
790446
533964
710106
624474
657297
540399
121947
227247
136011
108954
52917
140712
51669
59052
35844
30408
21462
66414
206994
59169
85119
66561
60129
232509
1108470
892803
576843
714990
723579
679647
724707
963462
739581
781368
629271
643803
683208
938682
983094
496083
495228
422847
596094
669873
421098
412227
545490
340497
429225
354999
356217
479388
301353
360654
201654
335061
288777
384123
437181
275130
113043
113271
104559
125802
208689
1041132
986892
605538
504177
526401
598104
592191
640572
612831
671382
648543
633627
908445
898878
546012
569394
597726
576591
653247
611898
511161
917175
1060332
723972
971649
720822
852513
710226
784596
763023
683481
743124
596373
404547
501057
747294
466779
408972
397557
464178
500109
353265
628959
526320
803343
270030
696672
636765
393690
331950
351936
343200
385770
375531
367092
358911
388044
330279
391245
725406
644205
443763
501015
473154
594690
548304
434766
459138
547476
319740
401664
476787
250839
295059
250917
218802
248661
208422
182157
198735
667707
666597
721788
468240
634035
617784
352275
479679
520407
460632
437208
404283
414303
506697
286485
430158
428268
341874
341802
405645
405930
475140
358911
573126
435777
538689
414735
299634
394056
305196
431208
451602
325722
407364
399252
401040
336222
305898
336861
616134
609216
944187
863961
427749
550527
444513
453486
462186
484839
607239
466323
491550
307056
555609
409212
447579
611727
500856
503226
517572
912438
879069
441492
769836
891045
512745
362349
297435
161202
152622
416835
380292
323520
356160
315798
216120
275292
203616
212631
216369
222843
215859
202659
390543
194808
93387
854592
809106
512922
583815
478914
660786
493212
436662
499152
394713
422688
614958
459699
443745
408024
373323
490479
454683
518112
382011
392604
373680
340755
445290
309405
307788
285501
333852
240297
261372
295677
257661
227175
218667
181275
151812
125076
150000
196608
160401
272451
235848
230448
335595
442473
352854
234489
346893
302067
351891
526326
667416
435027
367110
398988
372759
387249
512898
447918
489813
410763
523596
436830
366924
706089
800661
307515
234099
214824
233745
357918
305553
472167
255579
251223
219591
281640
240525
518349
380133
327282
322035
290793
599277
581559
300918
450759
488127
360549
433050
446694
471789
741219
662007
380385
492540
702657
578997
436686
626487
468957
626964
644100
689037
619665
432132
586647
528084
623892
695733
568818
652482
553392
536832
501318
754038
775929
603186
578553
618684
632208
550137
503946
697020
765522
819258
623916
603873
235995
299472
339174
259716
327006
225072
251970
189579
150900
176244
172092
228987
255642
312384
300276
483312
374745
338163
467817
524346
421365
402084
443271
924654
657777
441765
530064
883428
848181
240642
128148
141768
232128
161499
128454
92082
95088
126513
144288
300060
108141
165903
74466
134268
183279
172107
89289
73935
162813
588096
814269
975396
792648
986871
944184
963087
1004628
1073328
747726
642720
674559
637578
400788
261711
248577
359928
526578
852177
1016394
606600
803364
769746
532167
655092
481776
616749
575175
396957
457164
800313
615948
566337
521943
725541
632409
638742
501375
242964
293625
509985
294738
350505
253212
302571
335355
166911
290658
488661
625578
898950
900915
971370
989565
1090338
1161669
526584
119550
190821
61497
285306
187668
183384
96702
65979
181491
150939
147414
71856
171720
142242
101037
96582
72543
133503
119214
129141
124626
61092
104538
86958
126099
117060
49692
105258
79566
118518
96918
60564
119610
109554
105714
110523
49074
122223
81051
95148
91437
50496
106026
85587
147606
24138
139101
130695
132855
114456
34941
97656
82185
105576
79653
18255
90501
79614
87738
71733
31974
142125
148293
182193
91767
58041
434415
353103
766653
1004076
1120368
1123860
994842
1039140
911487
714054
679434
749430
618522
450924
422112
441318
236574
277011
199542
248766
229809
272511
135462
148320
297849
250818
229365
387438
441315
492924
307995
456996
541053
226839
437634
335259
498714
472758
332931
472869
416997
553935
727533
418119
541746
305307
479406
525150
557874
320052
600615
477732
432888
564033
234402
520068
456774
434448
475884
274551
645609
485109
382158
518133
431616
567462
709503
479289
407391
288309
279831
346983
512229
475920
467598
465231
446211
577512
484524
483408
479202
154014
324621
477246
737124
934803
998565
947457
829236
603237
610110
982950
1041168
1062411
1088976
1013844
491331
304734
196707
223023
338439
234543
256218
174162
193542
159330
119862
184029
136587
232800
125418
203667
151848
147780
166119
140835
192942
121236
196269
177144
77379
129165
133626
173580
123705
96636
168627
194973
205227
142602
109797
192540
140847
145692
143490
80088
158367
129273
136230
109716
113355
243477
230865
254976
219471
321336
284943
292812
276006
246657
304605
313587
151335
183561
114675
150999
86604
134580
98220
88530
184572
117666
170862
92835
53307
103725
96738
240819
147531
88968
215697
154602
194049
295053
385671
648345
885582
852864
813363
887712
804558
812814
692052
431826
438009
373557
413547
378138
296652
328407
307431
288330
278997
158619
271131
247071
357480
313986
316965
431127
191016
293193
404559
204393
316035
300465
326445
330453
406374
357171
353409
423435
344832
329529
279819
357192
265089
164361
439026
468333
375921
408753
332436
476715
385893
290040
368469
387111
388176
318696
331392
405618
403461
343014
380502
459912
374091
315516
488478
378210
324345
278469
393282
354177
262314
382257
442131
446643
404613
345528
521631
298527
772287
830274
880032
777357
722493
871776
734568
963786
969207
855522
655356
109164
155274
141765
90477
189609
131106
119103
88794
76377
210168
227148
394560
359874
489723
540630
451068
384417
277188
344124
301707
209337
278793
221163
289407
298329
313563
265359
171924
346620
349602
318297
245712
296361
339393
228750
184023
266496
277146
242622
285123
280173
194979
207552
278193
238725
267672
163041
291906
232797
407538
285021
171714
273225
265155
228183
268722
183453
328437
220932
280113
258096
211113
263844
290307
296169
259896
220185
254286
355254
443124
404676
393300
520239
469206
338553
111843
89964
230142
219588
339984
84699
152220
105921
122010
120639
68466
140586
90315
108261
91137
47400
102540
75618
157455
128457
90204
259209
650382
883482
981567
768303
903486
924240
738048
702681
633510
577803
499305
571671
389115
424851
365223
314025
448995
402438
415542
383415
503403
356409
296874
502932
365475
380331
348813
386157
356367
281178
333504
310497
506148
512271
324699
426351
386223
359259
440457
329610
417522
495714
368010
513177
458181
393366
465438
618177
484635
493614
425460
287016
212403
311427
220257
504141
246939
435579
368289
421389
282129
261711
479682
284754
347313
456972
452655
468972
324927
518043
431565
341973
431922
359439
317901
289551
389115
481713
441639
265485
327888
377487
278385
336108
308745
488418
610737
763212
700938
612864
953508
1054332
832710
570735
176631
174924
246942
106116
193410
114111
92640
142110
141132
143997
147672
41358
180645
143121
161154
119397
40821
197238
170334
140328
36171
173460
176901
151236
126636
67398
139374
76821
79968
80724
63396
106725
76287
103335
93069
52983
112992
100038
162426
120573
44589
95469
82011
86292
87465
18309
400464
76983
82503
21555
97695
165516
109668
156756
29676
142230
80106
137325
105603
93531
138741
107835
200880
165699
92124
131178
100359
130128
120561
33855
157998
90525
74379
70230
30603
65991
43674
58464
52041
46491
119298
123687
127134
134958
132630
117657
92385
76959
55194
182394
772341
939807
848622
807507
785151
617805
535092
437442
333051
350670
313644
248388
282057
261954
345069
297000
174873
166992
124278
169782
157104
234012
156996
265065
329403
440487
308262
281493
362049
344673
324762
282054
163380
219504
192795
303414
354171
421032
589647
460383
479352
347931
209532
349074
264684
385548
371586
353895
272214
343938
365874
371901
323841
289440
322542
381636
356922
242592
407775
389580
350496
127716
347949
415041
309075
285255
223767
305082
359877
367266
451263
381369
449451
493536
410133
314745
245499
267093
293034
254784
211515
268734
340041
402060
279162
259380
272151
389562
358554
355377
237327
292599
284517
332826
369672
358488
338790
283677
400497
269931
322635
326982
339153
241728
330021
242574
351213
329475
352143
268668
229491
352032
308637
378873
360117
352575
301116
343278
308829
458955
497904
626799
459381
702312
617058
973206
1011129
607461
231051
106236
204087
123738
75633
117162
135999
118851
68058
84270
112758
74541
107322
76830
104883
140457
53775
158304
110106
103299
88971
44307
190293
127101
105891
108477
310803
698400
785079
622962
721164
671571
586353
624039
496572
606558
396726
306453
316935
260484
225483
328707
292290
207597
295443
559251
462501
367059
305235
367860
298077
384753
351885
371703
250452
109263
412251
385311
338196
376161
383640
312129
353205
484827
308583
434034
359700
379656
365148
220911
314271
356460
276384
230718
242304
362259
254319
241986
593529
253854
351798
298482
267741
440580
240882
352794
291003
369444
396900
228675
359373
348363
394278
312975
312708
420735
390180
513513
324690
390738
344811
334056
288342
328272
317220
388170
292413
324543
175908
322797
278304
342537
316062
276456
346452
368598
295365
398856
394755
443118
360876
434643
289491
308451
309834
340638
352083
234339
303105
285573
240693
223719
158673
291237
235218
276729
255405
204657
251295
312675
286002
323367
258279
340497
301173
319371
343230
310245
361335
366837
404643
324720
255468
282402
295965
272544
333378
208224
292821
305340
302631
179088
367668
330093
323640
348240
55977
370497
409020
476283
562275
418161
433512
604749
945354
965853
947514
800661
225528
138954
426054
101817
272898
75597
68004
79809
48981
64866
42762
59049
55650
57465
148893
122526
118083
102756
197505
140328
154194
118560
272313
613383
903348
782685
693624
530613
572169
452199
374139
406317
447309
451629
386079
464373
404736
367140
354555
456846
358368
472134
413706
542958
303714
422157
597510
435954
488250
490488
401334
338373
693165
565905
585294
526056
469722
600216
639765
794922
703620
632622
789102
548844
588432
480627
387597
631716
586662
497100
460863
387156
350892
345195
369150
265650
190215
297672
248025
430686
362946
333003
324315
352593
373800
229371
356829
246078
402102
391077
218097
386982
392784
320379
342000
256806
227772
332199
224742
247917
221532
317184
305250
345495
348279
280107
334800
371397
400971
266130
158919
235347
269913
366405
215424
402624
351627
325041
300210
287805
241491
312810
325005
316671
220467
502377
386346
318261
389040
416052
501795
421656
539238
615603
471381
624177
589443
617676
373059
302520
281625
209577
184704
322296
259638
320094
297825
300591
225012
311739
527535
291972
370953
232578
343434
319230
305559
266757
300561
304296
296814
267570
318933
296232
342978
274953
321399
411096
216096
289686
285690
320691
292269
161832
328251
261459
227370
276723
239586
274467
278517
349539
230487
269037
287169
258183
358851
314490
294885
300567
343245
257907
297585
305913
293673
345696
279114
276615
429996
456363
495540
424863
287622
622491
603891
702528
485868
103986
258840
200298
170259
87231
224817
188070
121422
103836
54705
122940
89427
112755
104571
63762
110319
72135
94845
87198
62859
149052
86253
97758
89916
45660
99711
68604
78882
81621
48588
87387
60513
69375
60504
34554
130182
87855
147204
105570
234777
196017
354738
597060
839604
929718
752814
831819
732789
844515
724302
657672
664320
666897
553614
658380
449163
475524
454311
526707
550584
642717
970416
766899
802206
787923
852129
513078
400623
409128
444669
468210
507495
228441
424467
580704
347040
248586
356775
446712
508953
293580
269256
378429
446838
570591
379116
411075
309669
479724
391311
459645
505011
550518
312294
373422
601776
603720
472473
480270
430722
408768
660285
428730
568719
559125
444834
472644
600153
393663
488181
418305
466431
596442
388161
485757
408987
396219
533352
281031
511758
370695
382392
577302
387582
432105
358398
412752
613746
296481
334734
310761
451017
508188
361068
291216
235005
288618
573996
271419
352881
441201
463656
354882
340485
474432
319209
387072
384813
311277
369954
302970
511527
661179
672090
659880
555576
638031
988083
1036407
1140336
948312
560442
148173
176283
144099
64626
97926
95409
107103
63549
168564
235755
249897
165996
174630
233886
125679
115251
102741
49173
100467
58935
61746
67767
43269
102585
60666
83022
160179
161289
210468
143133
85056
410676
33429
63012
49746
59610
77466
41547
293001
134874
145158
83154
159504
113988
142362
145206
79641
160704
129930
140643
145176
117909
173862
181812
175263
131163
55968
170316
145179
121659
130413
72567
135672
88818
93534
79437
57726
114147
155646
127752
132087
70203
160590
116943
182871
50262
177321
158772
122934
124275
26823
94923
94314
169194
108474
29064
113736
121425
103434
107430
36360
113646
71715
118878
76023
47082
97674
88203
140727
141303
64845
129360
93441
114963
115461
81282
202449
167883
153141
79617
210576
181248
120879
206436
65613
144753
78282
78738
76917
47082
95415
73797
94731
96894
43650
109125
83310
98037
150564
63222
209271
123255
126138
82929
83157
330417
202095
203676
152766
608640
226206
183351
111858
136596
156453
96573
116058
123132
41847
104445
106401
118497
99918
79407
204909
175650
158019
131268
110187
158181
150039
192750
152232
219609
209949
156069
174654
210189
185259
238617
237603
415053
597876
774168
856521
705933
587334
504123
509367
644958
686877
664326
613299
580035
684561
786129
992865
983493
966771
933615
872949
826995
861225
650463
724224
794691
971883
568242
681357
698904
643041
539427
381504
655539
518652
349200
518373
720873
381123
300315
247101
160611
272634
330333
404688
574548
362799
461805
348276
358677
310377
610587
853962
733809
954288
995871
921213
841488
578712
640500
634755
694659
705327
454848
739881
914469
633576
751554
679197
552108
526086
513339
363846
436401
435189
331839
457260
441675
459525
292302
300651
347265
414729
406176
328005
285780
523209
426102
277869
432366
326463
321030
573600
469371
334812
295068
281607
437556
438801
273687
481032
382191
408990
466635
250947
513114
438909
366621
512832
479448
487590
442284
365451
503016
422328
415194
392013
460479
516828
234639
505197
354405
560757
495018
398769
352929
405354
388884
399375
445488
459489
377226
386553
368616
412737
407676
404136
676731
882993
656370
857712
678246
590745
469674
395571
319536
292947
334149
423801
357822
373059
284634
465651
354444
327363
532608
504927
477234
469908
484131
443085
449856
491697
334707
540513
577677
530676
443127
523953
357258
369615
524799
374586
400692
485340
360948
374283
331047
397077
345612
357393
476433
329550
436335
569466
780279
665400
486852
391449
354642
310491
267975
366042
397044
471045
536673
460293
342915
431397
415050
456063
315693
443499
457644
466623
379866
449652
434307
369165
418812
376512
404709
213621
534309
467475
430557
349686
361554
411735
316371
424023
398271
404001
443865
484989
682962
622923
648459
1011870
963126
706068
206934
261717
247308
288606
122766
282372
196752
209496
183666
50835
114057
102369
201678
150513
52608
134172
105573
109980
82650
74634
213192
206508
152445
93378
33453
97338
67059
124050
75441
60840
312657
105903
97122
39435
73008
60507
61695
70011
31986
76722
55059
69396
345225
82983
146598
463695
167001
162696
120195
212334
190683
175188
151863
96885
193623
135519
153915
183624
110043
197337
126582
140142
152262
95130
158814
158349
204570
96672
200226
171843
162114
145731
184623
210051
160023
176226
156822
151362
225315
197958
288690
266892
148392
255282
199365
101166
82632
133920
171777
129204
132099
162945
99585
130974
113601
130638
126828
105459
246897
297537
425121
424389
425910
399021
303189
362805
315291
391392
359229
348219
230907
251580
305373
295845
247764
231129
176631
300279
263160
222927
257871
124854
190848
166737
214089
214257
159354
162735
179898
180504
191991
103269
241443
232773
179190
96477
212778
238362
219753
204363
104058
233349
140679
156069
157695
146763
183210
210435
202575
217338
189411
224709
230295
183468
156711
87276
202272
211890
198300
168939
133299
235971
267717
278580
148263
239508
180990
303894
250506
133362
196887
215919
206574
204144
194691
266628
219567
396789
282333
159171
276861
300891
198546
226413
201051
229833
167895
167253
190086
165846
254151
259620
297792
341670
261711
338232
177126
229248
140904
270921
217269
166236
214818
116649
220209
195201
250326
239913
133893
227892
185241
223008
206859
89475
187452
182382
203970
156978
98346
204828
171630
212127
213609
154107
209667
182979
150942
146124
90159
253902
246018
236778
148977
363828
332688
219894
181878
200010
206520
197778
211593
149661
132936
148806
170100
181674
177972
161904
181863
197961
184362
252243
169029
191721
159612
201654
226308
120057
255672
220050
175344
162642
125616
203304
162846
215496
136059
195423
185076
197781
310653
274527
372669
329115
324738
207360
134205
236676
114879
150441
137544
61461
146112
80319
53721
72765
48819
90000
74163
120930
150579
36588
165198
139005
148359
430665
110019
96507
68925
88689
192966
228159
147153
171717
115527
77094
122487
80643
94050
78729
93564
104763
242799
144984
149448
54699
121884
102450
114534
132108
48429
128196
109830
137442
142449
59016
202176
255771
205773
40218
91116
88803
103728
123801
16434
111303
115395
148614
97929
25203
113607
132816
133704
105975
32514
111420
54858
67836
73926
42153
118920
79161
100929
102360
39366
105783
99480
174255
100221
26403
172824
176016
144300
21138
173919
198189
89295
93501
58752
147459
79614
85734
141603
59421
142617
87261
108213
106401
36624
106728
83178
96837
96612
43335
102876
86451
108045
121962
37974
123546
96504
81330
61101
24438
93021
81135
94587
30375
241089
353997
430755
487833
403380
466221
460986
488886
352626
290025
338553
270963
302109
326007
177015
321702
414960
486180
465483
436374
532101
461550
446379
433299
369618
395301
315027
371364
280269
262713
301845
115209
228261
226863
328515
279378
252438
266658
280737
399288
481023
434070
575634
546177
554934
485304
482901
637065
491163
690012
479364
403470
265023
214455
347964
315699
258585
228405
174744
292482
333984
374907
276483
359568
391605
353838
346218
213564
404508
336318
363591
276204
501150
783210
450018
480087
375990
281232
316458
272406
272193
281136
204984
267858
316560
359757
326142
189312
264321
354663
320604
361746
354630
393555
393387
368346
269532
364665
341349
403746
317694
249627
259959
294099
319695
305514
199464
352293
385380
387687
297384
498291
727701
729699
707001
619560
359679
481476
396981
299064
299661
385473
397845
229152
485328
416229
310422
235299
396831
265791
413436
316314
459366
807618
823617
609933
866142
771120
674499
551640
382383
360537
273000
361245
350175
236994
296940
576312
373524
311394
260019
312669
277353
310353
254670
91971
223551
154548
202848
144330
137901
235140
216540
500544
475470
545709
548361
539820
525987
331980
276777
449436
525156
634443
414840
316335
263238
261420
269976
178038
239667
231936
170259
226497
400671
303627
326448
425004
404760
398151
520026
385797
250479
91008
144219
114813
358692
476637
513321
526638
400908
532467
500655
468759
493422
340557
335871
339291
344016
552903
499005
528180
446916
418170
509514
304851
309585
286995
251541
214491
200178
234096
326661
187989
300495
223257
367719
262047
348096
412557
339333
282504
224730
231939
258816
284811
266577
213726
368577
242544
258036
296202
359103
366915
316440
284937
285570
240771
281265
317301
329853
291579
238461
250959
324066
245805
319671
340743
335967
334176
313659
152361
280350
278910
273288
309594
478701
616836
418020
397692
354366
272292
336975
301905
293892
348759
264486
265899
338259
275124
229143
307386
316371
288993
277266
299019
286350
348552
298992
322416
384120
510261
556242
291723
329421
255438
335448
241236
247977
300267
164331
322881
224022
266055
207645
200772
246144
384144
332265
409368
302685
272673
289887
174195
189603
116328
297525
275850
362883
481932
291621
314499
264375
319194
327768
277239
323259
293550
341349
249327
365685
338259
300564
312807
231810
368133
336711
493902
661965
688824
783342
812568
825792
452856
83178
256530
115968
124485
106278
159741
143898
86421
96585
91488
93522
221022
125451
131358
100362
133620
113025
82725
100362
73503
172995
105708
114216
124050
54783
120624
95259
100917
91137
44496
117519
96306
147906
114024
75234
176055
104568
105408
106500
52749
97893
82230
99963
119406
89898
130722
97971
197133
65307
211638
233607
164019
104118
488034
128955
120270
162681
155610
146352
233424
207075
246747
224883
218610
313767
273249
350709
255297
198783
298176
261168
354741
314799
212622
232878
268701
272316
234165
215466
334572
349227
346851
189300
265419
242661
175413
238962
176541
224772
227826
194454
270561
222747
231333
197367
175071
171975
99030
117450
145818
406167
296964
128691
279063
300387
253554
240885
208686
307848
257112
518856
147336
223167
169116
148488
213312
263298
295293
229218
238824
240096
152886
216156
152223
238944
196803
186201
256932
229725
271311
300654
260745
393276
392028
412554
449910
506115
517950
301815
147033
182877
80595
281178
185826
112794
52593
243141
273558
182250
167151
161769
247929
168321
251979
404646
469896
486108
422586
471297
491484
412440
275733
451254
410415
357156
376188
265146
208446
178473
176781
215886
202161
199704
159672
178527
250506
298467
210375
213342
127434
139692
83799
110253
136779
125301
209823
152319
145398
191427
76161
149610
151557
170802
132249
70839
144414
135834
105156
119634
73407
183474
131409
138069
127467
71532
202092
171456
211233
204867
116979
254100
197979
203745
136248
248376
221247
138702
160737
58851
126918
137475
175683
141153
85086
172509
157401
160365
133575
96231
164835
115701
93057
102597
144636
286773
209379
91761
128808
108489
138696
109857
136401
168252
92121
153120
433893
239541
49074
225750
220074
145539
123633
74202
148881
175404
154773
164664
93315
173253
139290
189237
171054
99762
146541
126561
144603
165174
89544
153036
144168
156171
132081
81327
267513
310092
278457
72756
237528
246903
122550
122673
79635
169464
144378
133275
141894
104505
147963
134628
147933
257910
124977
202416
165726
125361
197901
101085
198855
202224
183993
192129
65550
138714
470835
118704
129318
52023
141327
104385
135771
26667
144165
218892
188034
443190
539130
538881
467559
533346
562491
452892
366861
281301
369021
545451
551154
586755
501597
471978
318807
115737
162567
192015
408603
318105
234024
371604
576858
471084
267996
249000
340767
437952
507036
479784
372009
319761
123501
87192
72846
200946
198312
375684
569517
247788
160896
141936
182859
178119
127071
178410
170004
108663
156144
99561
209715
161568
182382
140898
465903
462330
277167
207972
215799
127812
438978
317055
191163
89025
134313
433728
142395
180048
317751
482229
462378
439143
482181
436131
477477
167463
423312
221946
247887
551748
516552
335610
149043
442050
452310
178473
258780
274239
201942
331323
530295
552351
381669
411738
345339
437727
377874
105522
179916
188052
157338
167946
103767
481053
481269
384159
459897
523830
417972
388479
519567
361821
181962
196137
138639
227337
279894
209856
142449
81270
153891
78024
39657
115497
105084
245814
40908
149772
189327
90288
55617
31857
103521
93147
88962
92742
172878
477381
599037
871368
949878
836658
806931
792300
771714
713490
721506
707607
508329
436851
270513
363252
452622
293850
459957
562197
546225
480045
316179
553566
581958
402309
428526
321426
431808
321675
362166
419718
269667
422670
448020
509661
532170
618234
846006
851811
690078
785028
933786
741810
519357
493524
562380
576444
541107
465114
720120
415233
346662
297903
651222
304272
289986
308700
143109
141684
150774
163458
99228
132018
594645
320097
276345
250125
131070
219663
226767
285798
188232
242211
339594
273594
351930
312216
224274
401481
283428
350445
290190
256800
396492
391296
426306
309906
366744
307896
303126
303435
263250
430716
360273
329694
278280
347505
280233
334542
277587
326178
650508
335832
237609
266487
256332
264570
435891
450255
470478
461877
314097
394671
290727
211158
399093
264939
324594
272313
554856
137070
267918
268719
325839
266682
216141
247695
260634
272010
283299
200700
307872
209361
217734
233478
262065
277539
304194
332973
285798
214002
225729
209244
236271
245628
333831
394848
417402
812373
762693
443643
875700
804663
633534
189789
293361
248064
244959
159216
118170
213135
189453
235965
309165
196386
294960
216954
267222
228186
174555
238752
259803
265998
296535
186564
253383
183525
239457
185268
254271
228300
243366
195462
234633
185142
219096
227412
204261
517977
173613
174228
202434
176394
141621
273759
292302
494856
573894
842127
589062
369330
708621
569256
566880
787086
560664
139638
114009
159846
184578
98604
113559
106938
103632
100341
77274
106386
129249
151131
254007
474240
642726
503871
501078
521634
417285
444015
259491
393600
340635
286602
306279
257604
287070
189615
165285
237903
163848
191202
235752
166410
177840
108225
231210
201267
230625
272622
100233
343608
388134
383343
168789
341922
358761
335364
265785
244245
304452
243936
286782
282708
237207
286425
308166
424542
423654
484434
617922
398775
566118
432900
356394
366798
280311
226326
195303
117720
149142
142575
175782
141366
108720
213960
159270
305868
119625
242379
317589
232659
245505
174882
201747
198024
260046
297201
281751
394584
341946
296088
351582
289872
317919
299730
289032
284568
219231
271950
261789
213621
224421
195807
259296
263652
233985
282585
186060
224346
185568
345006
132840
305703
264042
483804
419412
159732
215379
213030
244911
154188
170904
220836
168264
311061
475440
189426
291099
266421
252267
220470
177357
231381
155715
282723
211764
214176
260817
187545
229821
297924
114432
311253
628989
266244
163929
214878
177498
190047
175677
123105
224205
244485
194343
181149
215874
242700
227292
220089
251775
172476
239121
218967
191067
256347
156858
210240
320322
308067
300291
259260
333912
390507
304845
237102
365895
427089
412938
337479
315813
349311
254829
267297
276717
152844
249570
241290
243585
225807
168513
264996
264072
305784
212022
179724
241683
201933
177654
206256
210981
267915
233766
329451
240036
166341
295515
252150
316314
319386
274743
182013
223869
255099
180102
226026
218049
210663
178668
158535
182775
273735
417468
457740
435558
644742
646803
839928
800976
753474
862089
702390
92949
157854
82464
111708
83133
61287
97569
47436
72672
64830
248961
45231
158289
153135
122856
134589
35001
156606
216885
586854
439374
420372
550386
466110
440511
376572
283416
353304
376374
594312
342621
276591
385017
406788
517962
531237
446115
402540
312159
428259
464190
456936
435525
384435
518358
258237
198510
280287
332988
266985
282351
349827
372387
392946
397299
384564
459786
460575
440577
496629
360054
470997
338295
328788
360873
258069
255981
255681
305994
280296
236319
262863
234672
282450
238086
297930
450342
261447
209649
204708
328704
251976
255399
217074
265365
280188
207150
247947
269679
212064
216444
147069
186342
168897
99555
171972
197745
256071
200688
196311
285435
251355
258873
258861
205905
422481
330813
378156
237021
337560
234990
237105
234999
267741
219984
213489
194646
250146
154986
245052
220776
199281
249606
175038
216612
240273
204372
235314
204642
270849
193020
176721
183702
207480
212037
196935
213876
220389
163521
199032
221193
321171
196749
296559
234942
197277
165381
132735
188829
244656
194157
187854
219447
399300
271641
193608
262437
304005
482676
454725
417363
127851
515823
94914
422670
145866
76722
55476
111027
79614
156360
116760
85947
265383
145299
322659
130659
201396
167052
279390
389274
357234
479328
374964
421089
460023
328215
366408
315063
345516
268905
240603
403410
423354
524037
518700
409536
630762
524418
433692
242256
203400
377490
460932
560961
545379
404946
447855
435300
477315
248892
288420
272160
359658
214266
310494
400314
412626
461529
482775
380925
431841
284241
348351
357321
264093
337530
214617
289410
254217
184794
252675
243147
265170
222336
170949
333111
285345
234675
198543
198300
277461
192987
204375
117339
183909
179379
140511
207777
169158
187233
176925
131115
199245
192690
182079
190437
239070
224169
156291
176637
203022
145686
195843
139185
209235
162207
166182
169254
174162
187197
188262
283692
150480
310338
255264
158940
163782
125163
156954
127869
152169
145494
126144
187017
211140
159756
186093
179973
399441
188034
155799
167934
160440
191568
172251
213729
155952
144555
540627
361368
328359
265680
193902
360084
316059
341106
277314
252249
198660
185376
232143
157881
217956
223875
248766
200412
136026
232722
244143
184854
217374
142353
234486
204750
144723
158472
185595
179457
164061
191322
231978
128676
204990
184767
224790
196395
120471
197157
216777
245694
100251
236226
325833
317496
311859
248040
286191
258801
391977
314898
272937
422460
267693
254832
253506
186702
303513
174633
239370
181266
144396
195795
148872
206274
226635
128958
218067
215079
293343
160128
325587
306672
225849
321174
121146
170112
169956
181350
162096
133200
198249
220080
215952
198690
143031
214965
171747
184446
253491
144528
248538
200112
190362
210240
123504
179826
174021
204360
188592
119337
182403
188052
210054
140967
236130
290319
179181
164412
120591
162351
139734
577650
140574
75033
157026
111723
160095
112551
106911
165852
221616
304794
319563
226659
206007
191571
157434
174912
122598
226458
227019
240831
225453
368607
374439
166440
339921
171141
360852
196761
155166
139839
112524
126291
81618
101169
116070
68094
156603
99117
99867
193326
98370
212229
196005
185364
193467
66114
164856
103512
172641
206271
183384
269001
240609
240456
270729
206226
253440
235026
366471
170340
225171
196578
200250
122598
137934
266754
327027
314427
276351
112326
223140
220989
282267
282099
204138
261150
189075
191412
150213
194532
240525
196485
237312
162399
190521
263403
252996
305838
182157
264777
360102
220161
234657
147360
215127
194916
229098
196767
149235
194367
197487
196875
195633
176067
237582
169209
200610
226584
226797
185898
191157
187380
193152
138081
174354
183951
173997
154872
78648
171216
155244
240357
120966
219687
329979
283812
195252
125478
155805
114768
132459
162309
135471
230022
276462
228669
252234
189405
194502
199437
161463
161001
101421
188943
315159
340998
337893
100170
151824
116964
133134
117642
93744
186381
148188
155370
496578
240066
146592
185484
168927
120456
181956
192033
147747
152769
100836
173574
170004
118449
155589
159564
182313
163962
144417
176580
90879
145467
170781
230496
259092
164799
311481
256071
234099
241422
145491
173811
141111
271689
37953
183885
136746
83586
103371
51738
73476
52911
70719
89928
44517
113454
95034
92418
88419
20052
82215
106743
94890
91275
38817
86478
61392
70320
69438
52920
101955
65262
78585
88761
38613
202419
179685
176931
225039
189777
138579
164625
294102
299703
411540
340854
289083
433707
404667
431865
370389
310350
350319
342762
344433
227427
265845
324963
291627
352302
329442
226068
239424
636663
383055
381846
386628
265533
324237
271725
303663
275970
228756
225111
176427
220548
247890
229641
244191
212052
246576
209019
231837
308853
269376
236097
328422
352119
520098
418872
500481
391383
328536
579387
439590
510312
416244
218271
175905
198786
473919
194790
404805
470088
419802
644709
291732
351369
243471
221970
317292
191373
269379
302352
282528
284118
229083
286182
358995
374700
350403
263898
363987
399747
373521
474717
424311
522009
354777
254523
163065
113094
237183
247731
201606
124743
224235
337455
132108
109293
67383
181869
126669
111792
108690
105924
154530
117744
130146
167256
115980
113412
120201
153744
113655
48954
129663
148890
135969
117798
55530
117648
100602
103920
103230
112881
245655
219222
229125
111732
189948
118989
124602
124065
127800
130590
101262
111027
157320
84636
166731
154134
139902
139476
73188
146991
158544
119400
129288
95733
159414
111969
91482
105522
95382
213186
165915
245703
66750
225939
229083
122466
148518
94647
101784
87579
110397
91848
58644
118806
154620
118218
116664
59508
95040
75153
85557
98433
74517
155193
117699
144291
147645
73953
130419
131913
141528
106401
91872
155583
219393
181077
83583
200415
234768
162066
200724
178179
206496
208629
432840
304875
136350
296703
365199
416139
571050
715098
809412
791145
443361
593451
540897
715092
659886
464148
541323
384039
456747
403944
498810
410955
297972
381348
415227
439644
386445
448434
419136
485733
505014
395751
516273
382605
257154
211767
220689
385842
174312
185391
190074
234750
255591
240870
336228
452142
433854
625443
537681
787650
651216
531459
694959
563655
276078
353148
560625
828411
624768
488193
355236
450867
511746
319572
368247
371217
356007
372087
318726
482661
526662
626076
615951
861816
760986
639993
457110
566115
491130
440487
644934
583188
418671
253485
163857
296958
322434
218274
356547
278586
395682
382566
277278
232233
245799
275571
238812
185013
185784
121047
178254
208932
178488
179250
185133
265968
179706
218169
234819
213021
199137
171972
205863
280935
170877
256593
185766
254784
146025
178557
249861
312549
276063
401007
284682
461964
238251
216801
202344
213429
181245
193047
196137
247194
225681
489150
234255
322905
202968
241932
135801
319737
228180
195927
293871
331920
226275
213276
145404
304833
186591
207006
184920
185505
244047
223398
320454
172290
333534
324411
227163
340536
201060
229500
182454
271233
239724
219063
392235
412239
380595
171294
165183
350541
255327
250101
314004
190764
309174
234201
289305
268596
218373
239298
220293
267762
199104
182052
259641
213840
218955
131949
241107
407394
281778
240204
117504
230265
211845
198954
191145
251358
271032
249342
224835
265116
225579
237699
142551
216636
216699
162285
205665
241404
166308
219531
151587
226596
198720
195054
308238
329676
426012
623052
678639
535437
564261
563049
626898
417564
177339
226764
115248
69984
54216
52470
58272
48903
51078
67185
47040
56631
55908
74379
62349
15966
67644
66492
110241
232353
512793
894774
925464
924036
824484
825669
661596
488937
420849
424728
571194
366363
238686
398664
333213
331410
389394
434658
387732
359238
507441
506628
428298
309060
332145
496935
494172
442929
446250
427551
552876
548040
741567
882546
779961
752151
844527
616008
186282
257628
133461
110973
103656
330129
118296
83883
78120
77664
101583
126897
109275
119328
150873
45843
74385
73578
139560
91014
41574
104712
124380
111111
96837
67335
121629
78120
56052
60417
46941
219672
198879
233364
12198
529920
111117
93378
114057
45654
96183
70689
121608
110697
42924
80442
64527
84981
92502
39258
90261
79191
87021
70155
33093
83985
131376
204702
182625
93096
129132
173037
192261
229959
158658
252492
249990
337986
147282
192195
189789
315771
294885
140691
154476
170922
150651
132366
58251
174885
152136
109734
135735
138156
247698
212997
232968
295464
122487
188916
178116
216801
230661
186849
317916
265089
263529
134253
151317
143619
81753
138906
155979
155952
147441
173295
149421
476838
140373
186549
170961
145920
132717
166665
110964
134583
151179
410958
263397
177546
182553
175098
161139
206289
197625
186216
225018
215103
294384
273282
347835
162831
249522
257274
210726
191370
121233
278595
151878
141882
151113
170136
162210
123399
145548
184923
148713
182553
179829
169278
152541
94014
152226
181992
151215
154824
94641
198903
151350
131820
166794
97191
320589
238434
265041
121692
234447
230598
165498
224667
160461
139347
127254
157725
94536
106656
163614
206538
160599
161922
89727
172587
156543
132801
140403
108783
183213
170781
172152
174297
167805
303642
277932
240042
222057
130302
179760
180063
326745
105159
306762
319266
163755
229770
121092
143223
131421
224739
143916
73101
130395
137901
138336
117045
72207
154749
160839
133806
144372
101877
218328
155718
181854
176568
101469
285222
217200
244098
108768
163728
128040
138957
153651
98076
132687
154707
198936
169119
96831
156069
237102
400242
292749
75261
128763
138135
139686
141741
66477
119187
121341
151344
439572
67185
150720
113895
104247
119064
101637
141192
109980
304083
96087
271011
275481
129492
134229
121809
127596
117432
134781
103410
77628
106938
95700
97506
87390
61530
107289
86787
132759
117087
115305
163338
295701
905166
1028091
951459
1021608
864858
979263
935268
413988
596412
474306
519096
440454
583458
514212
330285
387858
499947
598878
720051
381285
382341
474900
474606
319464
334338
375369
269622
413976
394059
386694
400926
480561
334872
359790
481641
550986
245124
399411
293334
359637
352356
354717
444909
408678
512601
563544
603321
418065
347892
492177
498480
629526
794646
915837
917856
630243
980436
955086
798852
826056
289704
488139
454155
528207
451503
380949
384375
575358
648639
643536
640866
676554
638751
687636
379680
174474
249885
178683
287265
313572
435702
816333
907143
869880
731973
930861
741231
613365
702696
646209
517869
327114
685386
223257
220263
283104
288159
286185
281499
240030
283323
276834
676770
295089
373209
406917
289491
384393
264909
425622
239859
296397
226902
270090
385959
329349
224727
365835
251475
273531
260040
390399
256818
294594
283980
318273
287493
270207
298704
495756
338253
377715
300498
295743
294687
249156
361902
312384
286677
395763
360459
878061
941226
923721
894762
899847
955485
931662
932274
862875
870660
1031952
905904
704871
547008
357447
180492
67701
241917
135948
169749
131379
148665
136068
119241
173934
217101
125775
187656
129570
136956
136362
67299
111675
80052
268161
74394
259131
254418
99723
161100
105288
238572
134838
107841
98124
28371
77622
96960
69168
66537
45249
114741
83508
85962
103794
41292
75570
67158
82719
86784
31824
69396
69993
77118
77958
39858
273231
163869
156771
58533
209715
201132
105240
139320
147906
65127
43368
40791
54429
37020
66648
55473
64239
45309
25368
52485
