399672
399672
399672
399672
399672
399672
399672
399672
399672
399672
399672
399672
399672
399672
399672
399672
399672
399672
399672
399672
399672
399672
399672
399672
399672
399672
399672
399672
392083
294349
164387
163821
163539
163306
163176
163066
163043
163034
163103
163026
163030
163025
163049
162072
162179
162381
162468
162316
162333
162325
162423
162345
162341
162341
162361
162334
162331
162332
162359
162250
162358
162342
162401
162377
162383
162377
162391
162392
162390
162392
162387
162392
162390
162392
162387
162392
162390
162392
162387
162378
162380
162380
292232
391660
399672
399672
399672
399672
399672
399672
399672
399672
399672
399672
399672
399672
399672
399672
399672
399672
399672
399672
399672
399672
399672
399672
399672
399672
399672
399672
399672
399672
399672
399672
399672
399672
399672
399672
399672
399672
399672
399672
399672
399672
399672
399672
399672
399672
399672
399672
399672
399672
399672
399672
399672
399672
399672
399672
300331
230654
198865
194184
191055
188307
185652
183597
180594
180606
180495
180496
180200
179719
179685
179284
178230
177375
176840
176939
177129
178150
178822
177742
176922
176800
177308
177695
177253
176528
175968
178114
179257
178165
177526
177305
177154
177187
177609
178035
177900
179537
179440
178870
178855
178487
178258
178375
179221
178363
178843
179713
179094
178268
179699
180206
180321
179145
178993
181394
180167
178553
178863
180125
182292
181607
180438
180115
180417
180633
180406
182358
184745
192243
208745
206156
198000
195881
194349
194480
194219
193396
192718
192646
191001
191392
190657
190142
191319
192210
191726
190288
189580
188662
187357
187190
189482
190359
190583
189566
188811
188656
191221
193342
191476
189746
190132
202245
206007
194900
193831
193398
198647
190352
188795
187779
187207
187103
186478
186468
186335
185776
185897
187293
186760
185636
185142
185699
186082
184829
184268
184300
183213
182989
184287
184320
183427
182691
182723
183787
183308
183265
188542
189804
198746
206033
202760
189121
187850
186032
185456
185505
184816
184245
184506
185395
185743
185051
184225
183408
184952
184079
182944
183645
184100
182677
182185
183641
183612
183100
182647
183277
181930
181419
181778
181688
182093
182283
181471
181610
182436
181715
182590
188322
194689
206909
208698
193240
191918
191000
190309
190422
189834
188866
188336
188285
189569
189855
189880
188836
188094
188335
189490
190062
189847
189335
188867
189894
191172
190600
190187
188777
188678
188410
187347
188260
188061
189101
188523
187912
188185
189085
187755
187848
189025
188180
187298
186692
187759
188017
186994
186867
187306
187937
187184
188500
187561
186489
186803
187367
186200
185694
185808
186201
186353
187768
187762
186590
186302
186462
186910
185528
184904
185224
185516
193341
200110
215160
223619
227668
244292
262535
233647
189224
161114
121087
124223
139164
144133
140097
136457
131176
127767
127032
126049
125548
126429
126751
126043
126124
126125
126334
127214
131341
134613
139452
142421
143466
146532
147871
149334
150696
151625
153319
154417
155145
155868
154818
164408
130486
45213
8354
8343
8331
8341
8343
8355
8341
8328
8340
8338
8339
8341
8341
8328
8328
8328
8326
8327
8328
8330
8338
8334
8339
8321
8299
8314
8283
8331
8333
8333
8329
8360
8328
9069
12348
64659
114134
161197
191002
224139
246243
240420
238921
238033
232208
215846
222333
179425
145859
132459
130699
129248
129074
130248
130855
131691
133164
134754
137324
138804
141053
143333
144831
146739
146918
147180
148140
146093
156468
172547
223393
202654
200803
230309
169824
154152
143296
132592
201682
57210
51537
105483
116150
124811
129891
78820
70034
72843
85973
121361
117729
10871
13368
9759
10013
14014
30523
67083
97490
110529
131707
143925
147131
205791
185173
182651
182021
199188
197615
197894
200608
198853
199545
196573
201097
195588
196183
195979
195554
207974
206218
189414
201985
180900
178575
177299
164005
155793
147040
143594
38222
28328
26055
25453
28993
47026
79791
110042
131472
144321
145767
146995
155243
153669
152799
150786
194440
192912
207807
165285
157502
164826
167171
191245
172896
171693
170913
167068
162484
157004
149115
145648
148517
158313
165224
161526
149619
145896
145872
144717
141845
140074
135760
31019
42375
40399
39171
40544
49932
71283
100315
118606
141016
183099
178532
175682
169704
167510
166772
161344
110187
94704
76292
64189
57057
56783
66533
92454
115155
125481
122951
127893
135553
145396
124320
28491
164723
162806
160396
157810
163113
156681
154271
203686
28917
28834
28927
210105
186896
184411
186189
173797
195429
193553
223228
140908
152617
150434
146236
147128
145686
156498
158824
157237
156894
156833
174061
111886
207950
203145
203114
207953
193637
185284
177445
171657
163097
208682
85246
80921
82618
101263
86282
119369
173654
172121
165571
36160
36061
35817
35499
35954
37463
44795
56738
73118
102270
117201
125770
134081
142099
152054
34292
215307
183859
176657
171115
165636
169692
175793
182128
179584
151053
118748
94152
83938
87585
96559
112621
120267
130930
142676
166106
195823
208432
212460
217380
218318
214323
208802
210628
212026
213963
214565
212028
211540
213887
214048
213295
209787
213755
211057
209919
221280
215014
215370
260861
196686
191949
185597
178885
180991
183742
167123
166037
166266
163353
162848
162257
197310
194361
198534
216546
70214
38353
38373
38403
179004
169578
167875
152710
158855
74900
38679
38611
38619
38603
38580
38568
38580
38576
38581
38567
38556
38548
38511
38509
38502
38514
38518
38503
38492
198793
183926
183664
183342
183804
184978
185714
186882
177245
174626
173580
171417
168672
223690
144064
142458
139717
137363
150843
124535
122627
120115
109930
108130
105301
102727
99783
95968
94406
90892
90139
88454
85421
101455
41438
52684
50626
49042
46829
45761
39468
252234
184251
180778
180983
181637
179361
182654
184689
186599
186278
190227
193214
228969
191098
188524
186518
185525
184833
182465
181794
180904
215925
198060
193298
163520
178060
163187
166916
155294
146215
139202
179247
173271
173951
174810
149342
147880
149851
151532
143292
149087
147999
164964
165778
40238
40259
148941
128828
127907
127088
126179
125429
122273
121917
123371
126035
128965
126351
121852
163216
150796
149659
144805
141862
149000
134952
132575
139108
108743
106002
101095
81304
81470
78140
78335
77638
73041
70963
68517
65923
152230
85815
152137
155556
158338
141047
141621
137778
132734
129462
124344
121165
119601
119285
119148
121393
121958
123981
125058
128112
129150
131698
133681
133985
135988
135310
131972
133044
133838
133957
132085
130063
129355
127606
126036
125592
127394
127717
128839
129859
151062
206155
185553
184072
182869
183072
183973
184153
182574
174850
176427
179248
179215
174871
175676
176112
180129
178097
176728
176973
175144
175752
175981
202204
73869
74728
42010
42009
42013
42030
86841
86679
82538
77616
72162
71207
67905
68575
67014
64121
51740
62895
48865
42260
42234
42344
196729
179307
178120
172229
169705
160422
157201
156324
152954
151564
149441
132404
129728
125338
133342
136752
132972
125977
103856
104416
101304
96093
96174
90872
88544
86084
82912
83779
82549
80644
74634
76257
74127
75406
69825
69094
68309
70437
73532
67463
85140
80373
84152
92126
115130
109585
109531
116853
115118
121552
123606
149503
147796
149268
150326
149712
147053
146675
145844
152421
152058
157034
158473
157246
140371
87080
85214
86440
87942
88676
100790
95750
100527
101172
99922
100006
101677
100565
117488
110216
108448
112102
110270
138802
121485
119970
124404
128207
126626
126260
129737
123621
167564
141451
141800
141155
157129
155155
152782
157120
157722
159384
162390
174516
165622
166568
169740
166941
168775
172931
172416
177239
175207
175142
176963
195579
183527
183647
180698
173108
167006
168165
169282
158006
208881
159584
112414
52120
52125
72730
91249
86719
86394
86959
73910
75756
74600
75692
76121
76300
82436
91982
98368
114992
106014
109796
127327
139066
131645
135963
140658
192925
185665
184383
182284
109295
52796
52627
52554
52605
52574
52616
52568
52663
52569
52643
52556
52644
52521
52525
52501
52511
52489
52397
52451
52407
56897
123246
194300
240797
248650
272910
281751
258600
245427
218398
215754
214214
213396
212344
212537
212527
212632
212712
213694
221168
228460
228805
225830
219196
216742
215290
217476
217017
216538
216090
215618
214541
214488
214109
214192
214235
214325
213965
213618
213730
213707
213338
213480
213105
213219
213179
213329
213326
213574
214777
219608
231545
229933
231349
273481
282843
77177
52278
52254
52089
52081
52029
52041
52080
52096
52087
52016
52127
52015
52032
52080
51994
52038
51965
51963
51972
51962
51952
51936
51942
51942
51903
51971
51936
51961
51952
51915
51963
51916
51926
51924
51894
51941
51898
51929
51952
51901
51958
51924
51944
51933
51918
51997
51985
51920
51993
51993
52008
51987
52022
51990
52009
51994
51994
52006
52021
52018
52019
52018
52048
52007
52028
52011
52005
58131
82420
181255
243198
289065
276559
252463
228620
218836
215134
213978
213162
212545
211971
211781
211429
211472
211445
211357
211546
211889
211990
212158
212295
212917
212910
213027
213062
213384
213388
213514
213685
213772
213680
213829
213933
213913
213907
213627
213871
213947
214432
214124
213626
213721
213901
214095
213651
214030
214042
214684
214441
214247
214192
214329
214928
214613
214657
214331
214606
215686
215490
215316
215010
214784
215533
216580
216897
216348
216031
215965
216064
215471
214899
214603
214989
215288
216289
214977
214490
214253
214369
214209
215714
221585
231604
232923
233244
229244
229601
232687
233191
237435
289881
250573
104005
70717
63215
68592
72301
79006
77848
77464
77768
77986
78264
78457
78390
78414
78671
78765
78613
78586
78355
77946
77505
77244
77305
76780
76514
76471
76264
76034
75399
75327
74814
74896
76286
77264
77387
77415
77408
77311
76876
76610
76555
76845
76969
76993
76905
76259
75990
77131
80805
85911
95207
87672
79903
93680
99267
85555
52294
52338
52260
52284
52370
52290
52358
52309
52341
52410
52301
52383
52293
52269
52333
52285
52396
52249
52289
52381
53711
59431
76426
101465
145693
215299
221610
218303
220052
212499
198157
193990
192759
192063
192163
191277
190101
190417
190227
189583
189117
189206
189012
188957
188876
188197
187715
187464
186677
186644
186612
187217
187002
186809
186577
186340
186189
186212
185766
185604
185489
185601
185227
185055
184689
184665
184768
185148
185105
184638
183969
183862
184099
183243
182871
183477
183394
182780
182359
182290
182473
181925
181530
181721
180828
180623
180561
181961
181555
181160
180820
180448
179879
179963
180662
182641
180970
179828
179401
179798
180003
197366
215188
227024
226487
222516
220006
221139
238697
205311
125841
53119
52869
52729
52837
52826
52764
52807
52743
52787
52765
54500
70409
89099
94528
101043
115795
121264
122870
122991
123406
123691
123673
123402
122969
122508
121234
120629
119545
119354
118580
117663
116862
116700
115935
115388
115238
115347
115688
115534
115676
115947
116422
116691
117063
117567
118153
118630
118992
119881
120248
121479
122228
122427
123064
124114
124494
124915
125284
126818
126475
126262
126382
126133
125154
125811
125712
125733
125536
124647
126846
137413
140450
133016
109404
64443
52982
53047
53036
52876
53018
52882
52897
52999
52885
52990
52922
52940
53042
52916
53040
52935
52937
53004
52930
53004
52935
52946
55841
137022
196648
238908
239155
233929
221921
221047
217525
214526
213145
211940
210859
210471
210159
209643
209695
210296
210017
209421
209580
210174
209895
209930
210621
210347
210298
210713
210423
210576
210498
210452
210587
212659
212781
212577
210642
210486
210061
209532
209508
210347
211513
210920
209361
209033
208520
210770
213841
211853
210606
209685
209345
209247
208910
208931
210262
210057
209562
210157
210368
210255
210144
211399
211037
210519
211795
212338
211049
211498
211107
211054
211139
211620
211372
211371
211236
211015
211253
211140
210781
210798
210696
210633
210009
210482
210044
216719
215395
212480
211099
220960
182904
77078
53326
53367
53344
53269
53308
53273
53349
53343
53228
53353
53250
53377
53353
53227
53360
53259
53367
53358
53229
53406
53226
53260
53427
53183
53363
53200
53186
53285
53182
53262
53170
53188
53239
53186
53237
53176
53181
53204
53152
53185
53133
53121
53218
53118
53212
53125
53148
53143
53031
53160
53158
53039
53191
53080
53207
53212
53087
53216
53183
53234
53234
53111
53214
53069
53151
53144
53068
53145
53041
53136
53111
53010
53152
53025
53150
53151
53087
53140
53126
53137
53133
52972
53131
52961
52974
53114
52964
53029
52967
52999
52991
162564
218469
215942
198146
189188
186882
186530
186408
186190
185771
185570
185237
185095
184826
184569
184177
184143
184100
184170
183905
183973
183935
183995
183945
183801
183554
183408
183169
183012
182645
182295
182225
182149
182177
182188
182543
183319
185320
184677
184141
183916
183717
183672
184087
184203
183226
182860
182159
182448
183175
182174
181685
182253
181968
181661
182688
183306
183002
182508
182123
181880
181868
182286
182944
183189
183522
183710
183655
183031
183437
184056
184027
182478
179277
180594
180122
180132
180196
180304
180122
180263
179943
179804
179353
179007
179106
179262
179362
180041
180123
180550
180729
180632
180023
179808
180004
179719
179527
179298
179332
180100
179250
178547
178609
179352
179327
178833
178217
179307
179205
179156
180045
179544
179066
180202
181276
180768
179759
179782
180988
186115
186997
188045
196643
214350
216154
107556
53559
53328
53270
53249
53205
53276
53180
53188
53186
53195
53227
53188
53209
53187
53176
53198
53187
53183
53188
53190
53183
53174
53208
53207
53176
53179
53205
62596
119698
163247
175504
185302
192931
187973
188487
189643
189917
189352
189182
189651
189458
189487
189282
189152
188965
188958
188048
187635
187412
187112
186789
186696
187348
187635
188001
188090
187992
187370
186800
186945
187034
186775
186447
185927
184439
184114
184068
183200
182136
181291
181148
180464
178882
178578
178388
177838
177494
177259
177062
176778
176850
177351
177511
177680
178426
178717
179135
179265
179840
180522
180750
181133
181404
181897
181959
182534
182920
182979
181381
180974
181999
182168
182344
182667
183074
183304
182950
183145
183241
183334
183547
183626
183789
183327
182938
183313
183396
182834
180676
177580
175133
175652
175635
175582
175554
175736
176125
176232
176164
176308
176635
176683
176617
176354
176077
176367
176370
176561
176632
176545
175634
175589
175890
175651
175321
175441
175236
174961
175099
175326
175091
175298
175278
175034
175172
175670
175488
174068
174146
174872
175358
175540
175366
173993
174257
175604
176098
176118
175658
172315
167058
164575
167776
164436
166022
176384
171706
144870
54142
54013
53999
53798
53796
53763
53822
53782
53853
53853
53851
53849
53828
53888
53884
53736
53904
53727
53755
53887
53739
53775
54465
75398
133856
206960
209941
203547
202162
202526
202322
201751
202091
202060
201581
201807
202325
202163
202104
202053
202683
202723
202270
202322
202564
202300
202474
203811
203537
203058
203402
202893
202844
201210
198594
195480
191349
191834
199132
200730
198916
190513
190963
179798
169926
161872
160120
164770
172195
173892
170454
169870
170099
170134
170776
170408
170638
170685
170622
170801
170685
170667
170474
170176
169633
169705
169422
168906
168469
168394
168129
167929
167618
168380
168275
168709
168559
168724
168407
168473
168471
168286
167869
167732
167579
167401
167081
166873
166722
165888
165733
165709
165473
165487
165271
165235
164565
163406
163237
163316
163341
163107
162865
162509
162347
161970
160572
159908
159815
159475
159135
163380
163443
173812
185416
187432
169989
158079
154687
154082
153707
153626
153478
153430
152992
152982
152618
152316
151885
151846
151559
151483
151350
151505
151220
150617
150130
149714
149424
149284
148597
148230
147762
147714
147273
146855
146656
146526
146423
146416
146473
146664
146740
146863
147008
147395
147644
148000
148472
148861
148966
149137
149844
150012
150203
150330
150492
151325
151501
151563
151229
151376
151125
151281
151150
150892
151346
151106
150626
153440
154074
151001
148889
146990
145574
150051
86542
54320
54298
54067
54235
54089
54106
54323
54089
54099
54086
54108
54134
54069
54140
54124
54162
54203
54135
54204
54133
54158
54192
54128
54204
54131
54166
54184
54127
54152
54129
54153
54165
54125
54163
54122
54149
54196
54123
54140
54140
54126
54142
85356
132047
190926
224023
229912
234663
231619
220142
217182
216529
215581
215309
215397
214890
214428
213535
211836
209616
210215
216432
230148
232794
226673
220028
216668
216952
216755
216544
216172
215869
215447
215178
215254
217466
216825
216751
216342
216136
215360
215180
215350
215697
215820
218201
217749
217466
217513
216887
216627
217436
218011
219278
219051
218674
217552
216192
215733
215669
215969
216296
219008
218574
217868
217061
217563
218751
219078
218951
218099
218015
218962
219866
219465
218795
218325
219048
220638
220581
219856
219726
219777
221423
220896
220463
220117
220829
220741
220688
220235
220211
220315
220607
220759
220767
220784
220636
221127
221231
220812
220489
220499
220023
220298
221177
220866
220561
220496
220292
220136
219966
222170
223953
221550
216959
215974
218346
237750
257281
211600
82654
54465
54320
54355
54277
54272
54330
54244
54309
54312
54254
54357
54328
54403
54436
54407
54508
54444
54510
54523
54519
54548
54514
54582
54581
54549
54590
54553
54582
54599
54568
54591
54571
54630
54638
54654
54646
54661
54654
54635
54644
54674
54564
54575
54632
54546
54627
54568
54572
54638
54552
54662
54542
54517
54586
54480
54541
54465
54516
54556
54439
54553
54463
54450
54459
54416
54469
54420
54414
54479
54405
54534
54434
54435
54531
54436
54547
54538
54450
54558
54493
54600
54594
54513
54606
54469
54597
54598
54494
54592
54483
54592
54591
54535
54573
54510
54566
54562
54456
54558
54412
54525
54507
54415
54516
54408
54506
54500
54411
54538
54420
54455
54549
54467
54554
54484
54492
54570
54478
54544
54491
54509
54555
54475
54591
54498
54501
54580
54494
54595
54499
54513
54554
54486
54546
54476
54498
54469
54463
54373
54357
54233
54059
54028
54023
53993
53921
54006
53927
53963
53968
53901
53981
53911
54508
58241
61980
63511
63733
63541
64549
67288
71831
78422
79446
77931
75537
75430
78150
82063
88040
90958
91768
108041
135772
162799
183733
187826
194058
191011
188532
196967
190737
186895
184878
188234
195203
207323
236396
241275
227321
227590
229633
221704
217195
214203
211548
208502
209840
209773
210642
207700
205471
204842
204092
202081
201335
200829
200116
200020
199119
198800
198452
198526
198162
198776
199212
200076
199367
199016
198543
198061
198630
201471
212601
218646
222891
224557
222344
212648
211542
211376
208733
203097
199613
199238
198669
201432
200524
199128
198095
197897
197712
197750
197848
197762
197883
198239
198367
198546
198456
198367
197951
197715
197995
197455
197203
197797
197533
197189
196990
196635
196741
196815
196437
196173
195628
196092
196577
195894
195297
195694
195163
194972
194232
194259
194968
194999
194855
195982
195148
194755
194276
194061
193403
193841
194095
193603
192963
192643
192362
192937
192536
192106
191552
192029
191795
191567
191365
192119
191730
191643
191287
190912
191316
191430
191103
190855
189915
190836
194773
199791
203315
204286
201654
201167
200908
200889
201014
200798
200458
200164
199066
199022
199192
198652
198718
198786
198312
197296
196665
196924
197870
197737
197691
198389
198198
197529
196972
196645
195992
196684
196259
195964
196483
196405
196383
196113
195946
195310
196139
195938
194963
195294
195595
195134
195849
196263
194976
195348
194952
194972
195336
195263
195400
195000
194256
194082
194080
194404
194077
193444
194533
194285
193570
193961
193930
193743
194322
194273
193773
192504
192919
193324
193330
193613
193670
193744
193058
192636
193372
193441
192247
192437
192986
192942
192604
196742
199283
200494
190767
133945
57513
57373
57548
57358
57443
57456
57400
57510
57457
57536
57527
57483
57517
57518
57595
57598
57525
57618
57508
57596
57605
57488
57548
57485
57533
57534
57473
57530
57453
57524
57497
57290
57486
57292
57305
57371
57286
57406
57294
57290
57353
57296
57359
57140
57164
57398
58849
59174
62517
65393
65988
66864
66044
64050
63015
62469
62895
62874
63217
63708
64001
63550
63892
65560
66189
66846
67420
68277
69960
73277
75319
75943
75593
75591
75878
75810
75442
75239
74960
73827
72550
71251
70680
70540
70447
70443
70473
70446
70349
69706
70139
70361
70595
70740
71115
71507
70116
68040
66596
68960
74916
97840
115968
120477
109075
106811
110932
107938
98853
87742
78535
82207
92921
94985
88537
85227
82490
84418
89132
94238
95944
98953
99066
98703
98212
96382
96933
97764
97553
98463
98891
99418
99115
98031
97101
97115
97458
97936
98582
98320
99084
99313
98700
98829
98023
98364
98488
98438
97650
97643
97273
96293
99089
99182
99854
99963
99900
98774
98141
98852
99044
99055
99473
99898
99588
99479
99530
98345
98911
99637
99492
98483
97722
98422
98746
97310
95452
97322
98049
98573
98717
98575
98188
98698
98810
98502
98359
97679
97408
98535
98579
96720
95745
94665
95120
99063
102988
102610
102964
103001
103210
103394
103335
103219
103434
103919
103664
103761
103718
102989
102716
102794
103234
103403
103352
103394
103433
102299
102384
102542
103275
103113
103692
103763
103338
103216
103067
102716
103087
103109
102721
102496
102275
102241
101938
102375
102644
102957
103433
103196
102226
101710
102175
102358
102083
102263
102891
102707
102336
101985
102196
102557
102491
102819
102761
102415
102920
103773
103514
103006
102663
103340
102465
102108
102860
103331
102792
102448
101995
101990
102222
100784
98746
83709
61020
60167
60189
60195
60288
60252
60302
60332
60349
60313
60329
60371
60331
60342
60386
60339
60411
60401
60383
60461
60410
60470
60465
60431
60462
60484
60461
60461
60441
60431
60474
60407
60438
60434
60411
60406
60414
60443
60406
60344
60311
60278
60279
60307
60264
60283
60249
60273
60314
60230
60301
60226
60238
60337
60205
60314
60313
60248
60318
60215
60296
60306
60201
60306
60260
60275
60264
60255
60269
60268
60262
60264
60232
60241
60207
60271
60252
60256
60265
60218
60278
60290
60225
60294
60246
60287
60272
60224
60300
60228
60253
60277
60238
60272
60225
60227
60174
60174
60180
60182
60206
60194
60190
60190
60182
60190
60201
60179
60159
60160
60185
60160
60148
60125
60143
60144
60118
60122
60127
60120
60114
60157
60102
60110
60122
69477
86655
111711
124250
125219
128124
130750
134421
135845
136651
136821
136672
136554
136269
136412
136559
135302
135227
134501
134249
133809
133286
132528
132149
132043
132478
132586
132583
132500
132524
132768
132667
131887
131617
132595
132462
132405
132295
132310
133155
137543
143300
140561
136987
131528
135193
140849
149876
152668
152618
152520
153024
152548
152825
153298
153342
153340
153167
153299
153431
153626
152588
151875
153201
153437
153459
152042
151613
151067
150609
151071
150893
155410
161207
162459
159491
158880
158962
159151
159617
159743
159837
160064
160530
160697
159191
160072
160767
159921
158970
159340
159198
159052
159713
159807
158578
160036
160131
159562
159310
159518
159533
158194
159413
159967
159181
158458
158112
158329
159622
158254
156242
166422
179216
174583
167681
166927
167082
167471
167223
165951
166184
168069
167772
166227
164381
164538
164626
166781
166250
166659
165521
164738
185180
210664
216361
191731
145262
126474
112436
105129
103257
104340
110059
113654
115114
115249
114074
112214
114463
115299
112800
112329
113272
113339
113397
113571
113890
114156
114347
114567
114377
113710
115111
117485
121178
125139
128327
132415
133596
133648
131123
126905
120799
120066
120146
121235
121289
121847
121689
120695
121009
121102
121203
121331
121045
122365
126453
137344
131518
112793
69417
63743
63121
63032
63535
97841
121374
132740
137632
139985
146542
144903
144320
145145
143988
142548
145308
147984
144899
146248
141253
140613
141275
139245
138427
137972
137676
138173
138298
138164
138484
138384
138647
139160
138328
138214
138433
138581
138628
138389
138493
138341
137572
138244
138435
138118
137976
138044
138597
138688
138270
138262
138389
138687
139180
139517
139800
139480
139196
139215
139762
140082
139923
140187
140598
140319
139805
139414
140531
140608
140870
140529
139974
139490
139489
143552
153736
155764
154615
154448
154693
154083
153887
154769
154962
154634
154283
155047
155247
154651
154583
155351
155359
154810
155434
155467
155279
154536
154528
153222
148045
146693
146944
146669
146513
146363
145932
145789
147111
147144
147092
147490
147286
146850
147324
147468
146972
146830
146472
146887
146939
146894
146645
146491
146337
146512
146811
147478
148388
148656
148620
148619
148786
149807
149888
149870
150017
149119
149447
149997
149651
149642
150365
150202
150114
150784
152424
157279
170789
185628
177668
112524
65624
65602
65532
65554
65571
65593
65582
65531
65598
65545
65552
65543
65456
65579
65458
65466
65529
65431
65485
65456
65458
65443
65433
65425
65373
65371
65355
65350
65391
65359
65369
65361
65356
65367
65352
65354
65307
65341
65361
65331
65336
65344
65330
65348
65324
65332
65287
65298
65238
65242
67277
69730
71681
72382
72903
75182
77786
80879
82193
83947
89403
92810
97450
99032
101176
104823
101618
107361
105747
101883
106448
106296
112250
116116
114726
114816
114066
114066
114345
114136
113451
114404
116403
117099
118597
120743
120251
117151
116895
116988
119298
120234
115928
114611
113716
113552
113652
113997
113996
113888
114053
113946
113571
113419
112997
112002
110671
109326
108604
107840
107311
106643
106255
105494
105153
104814
105812
109664
112076
112271
111648
111989
112427
112379
112304
112430
112247
112263
112225
111210
113292
117767
124736
126839
127799
136381
139361
131156
79302
66064
66017
66027
66040
65951
66069
65952
65935
75481
84369
81956
78593
78076
78133
78136
78063
78399
78566
79011
79723
79817
81042
81440
81339
81794
82041
82369
82746
82510
82737
84575
65833
65682
73472
84193
84711
80797
75974
74499
76249
73654
73433
74290
73902
75143
75488
75811
75717
74677
75408
75827
75867
75391
74410
74021
73736
73109
73616
73773
73427
73315
74096
75982
73836
70348
69530
69813
77369
82629
76435
74240
77313
77125
75709
77237
80377
77787
76870
77800
76874
77032
77378
77670
77767
77082
76682
77771
78196
77798
78008
78021
76742
76392
76574
76851
76894
77056
77161
77181
76727
75688
75267
75763
75838
76252
76871
76363
76836
77599
77386
77958
77854
76716
77782
77623
78214
78585
79580
79775
79878
79944
78529
79713
79768
80029
78446
78907
80405
80190
78751
78870
79197
79565
79851
79868
78575
78742
79727
80231
79510
77964
78301
79848
80421
78788
78102
78945
79384
79578
80436
80595
81287
83228
80631
76149
66870
66824
66945
66950
66908
66985
67033
67082
67065
67072
67136
67197
67168
67164
67163
67197
67159
67152
67210
67225
67222
119224
152595
145790
136249
128053
126445
125455
124687
124305
123887
122331
120928
119401
118874
118310
117836
117782
117924
117990
118419
117568
116099
116590
118504
118794
118902
117946
116355
115339
118290
114154
99347
68403
67419
68320
70506
74073
75713
75535
76461
76728
76825
77064
77273
78019
77274
73962
67246
67710
69605
69327
69229
71427
72808
73592
73913
73727
74190
73856
73680
75174
74133
74605
74746
74848
75904
76367
76513
75779
74561
76195
78961
81181
82583
84886
87346
86849
84583
83465
82264
81605
80728
81137
80761
79911
80464
82287
98825
104970
104561
99030
97125
96512
96399
96292
96018
95668
95555
95736
95774
97791
98555
97814
97690
97974
98752
98671
98951
99679
99874
100067
100332
100619
100520
100461
100472
102393
98892
69066
67423
67431
67401
67433
67428
67377
67393
67243
67243
67368
67230
67319
67229
67216
67322
67228
67520
68860
78842
112743
135178
182804
221973
251795
248216
240243
234691
231040
228040
225351
224287
224056
223932
223718
223388
223328
223263
221923
219434
218118
218268
220225
221914
222032
221838
221972
222473
222588
222270
222011
222036
222641
222624
222726
223055
220285
220605
233247
237960
216999
193349
185568
188966
192194
213693
220156
217585
215246
213632
213263
213218
213565
212512
212461
212624
212508
212490
212509
212476
212503
212471
212429
212002
211957
211927
211905
211905
211854
211831
211859
211860
211602
211719
211770
212018
211504
211355
211166
211061
210710
210159
210425
209951
209669
208797
208597
208660
208500
208586
208393
208032
207349
207135
206920
206926
206881
206650
206607
206028
205422
204943
204901
204841
204898
205270
205074
204627
205158
204559
201029
200362
199765
199700
199517
199283
198484
198281
198222
196945
196969
197213
196995
196534
196242
196616
196640
195759
196055
196097
195872
195564
195176
195531
195628
195092
194151
193451
193944
193671
193653
193149
193336
193756
193519
193936
197469
198979
211044
217474
213601
184020
177798
175474
175047
174594
174455
174271
174331
174320
174234
173113
174000
174800
174431
173313
173008
172670
171428
172626
172771
170804
169833
169939
170819
169978
168863
169822
168891
167457
166987
168283
167672
166866
168083
167274
166962
166489
165082
165344
165480
165695
165152
164730
164227
165958
175012
179396
183176
181664
178191
177366
173952
166917
90507
70033
70139
69946
69897
69945
69876
69970
69918
69907
69954
69897
69956
69887
69886
77187
119840
151691
166776
175902
170632
167960
165316
165258
165913
164758
164726
164890
164838
165209
165054
165064
165229
165182
165280
165664
165626
165610
165667
165652
165686
165829
165956
165926
165598
165403
165159
165041
164362
163457
164036
164520
164741
165091
164012
163883
164834
165473
166222
165987
166795
168215
177836
181462
179287
166427
164917
164768
164814
165270
165465
165317
165480
165650
165341
165318
165475
165335
165142
165192
165082
165065
165397
166282
166230
165287
165497
166416
167525
168311
168931
168986
167280
168307
169494
171907
171298
167987
165970
166230
166058
166301
166373
166638
165524
166183
166990
167423
166267
166171
166178
166173
166094
165713
164466
164201
165086
165634
164864
164414
164485
162988
162138
161122
160978
160990
162295
162168
162153
160876
159994
159602
159894
159940
159041
158878
160017
159824
158030
157984
158105
159049
158752
157796
158563
158537
158112
157703
156504
157521
157788
156348
156058
156715
156674
156785
156908
155862
157052
157418
157232
156117
155972
155764
156088
156025
155690
154877
155303
155630
155194
153380
153083
152450
153236
155741
163225
163623
158388
158078
165300
169656
169231
167506
162358
162380
162515
162520
162532
162625
163001
162783
162170
162212
162438
162070
161276
161324
161370
160515
160229
160688
161087
160878
161302
161506
160229
160246
160064
158283
157680
157682
157648
158047
157653
157282
157473
157029
156720
156953
156813
156201
156017
156050
157018
158844
157556
158513
162373
177730
181531
182154
173240
130795
72158
72173
71890
71861
71806
71814
71813
71799
71797
71799
71787
71736
71736
71744
71731
71789
71721
72697
77754
90434
119983
134454
145318
161404
167668
170022
170314
170631
171419
171586
172332
171831
171355
170320
169583
160605
151305
143940
140735
141473
152877
163419
168618
169220
168994
169596
169380
169257
168452
168913
169333
169601
168992
169771
168378
162620
159144
155406
150651
147052
150833
157266
151435
145822
152001
151959
145227
144667
151148
154334
146738
144809
144872
144841
147242
149640
148978
146021
145441
146446
148267
146748
144658
144449
144274
143402
142783
143106
143239
142439
142838
143606
143223
143402
143446
143409
143705
143752
144000
143582
142503
141674
141165
141055
141230
141152
139960
139886
139581
139481
140386
139809
138984
139863
140082
140192
139059
139736
140424
139358
138726
139555
139534
139399
140014
139021
138798
139853
140425
139938
138976
138995
137960
138657
139315
139259
137716
136890
137205
137896
137468
136248
135803
136672
137196
136321
135392
136229
136646
135896
134844
134635
135259
135806
135049
135101
133894
132529
134083
134374
111239
73738
73472
73385
73411
73067
73116
73082
73068
73154
73085
73180
73123
73135
73172
73138
73280
73256
73256
73283
86807
121409
134231
145314
156276
157695
160469
162548
163995
164327
164430
164378
163493
161032
155712
150549
143712
139107
133914
128009
124725
124647
124303
130679
156807
165298
166347
164120
164165
164267
163884
163336
162659
163793
163551
163369
163676
162579
158864
143613
124315
114771
118512
122689
122893
129522
130025
127308
127230
131973
132887
129765
125666
124104
125821
127193
126886
127278
128133
126790
125472
125432
128239
127922
124835
124861
126210
130032
130223
124949
124300
124118
124201
124229
124261
124506
124624
124674
124407
124998
125088
124763
124565
124414
123849
124019
123796
123366
123181
123481
123218
122793
122946
123389
123327
122586
122269
121953
121430
121864
122193
121889
121148
120491
120418
120783
120476
120188
120663
120562
119334
119510
119787
119551
119616
119616
118953
118119
117897
118316
122864
123425
123890
124008
124091
123719
123616
123404
123277
123211
122913
122752
122641
122710
122667
122496
121929
122244
122428
121877
121485
121507
121379
121162
120571
119900
119843
119990
120069
119978
119494
119345
119183
119060
118792
118726
118296
117510
117371
117902
117859
117699
118270
118188
117798
116098
117458
115296
112736
114176
124217
123585
123839
120019
122105
121202
117814
115880
115266
114962
114918
115333
115510
115681
115802
116346
116293
115705
114106
113736
114128
114711
115139
114162
114639
115581
115482
114988
114415
114011
114187
114266
114590
113563
113104
112728
113063
113054
113203
113228
113337
112706
112190
112112
112393
112433
111805
111845
112333
111963
111657
111869
111683
110887
110679
110867
110956
110552
110360
110831
111044
110559
110547
110053
109898
109393
108931
109092
109318
108775
108884
109661
109112
108281
108339
108321
108907
109330
108876
107024
107203
106819
103991
92883
76519
76288
76508
76473
76457
76498
76559
76573
76639
76675
76653
76680
76668
76689
76752
76710
76667
76744
76674
76782
76794
76765
76793
76884
76930
76884
76901
76914
76965
76964
76925
82519
105221
109062
114047
115081
116178
118162
118581
118398
118226
118392
118442
118381
117812
114655
111951
107236
104892
104670
103868
105542
115452
117334
120219
121450
121837
122147
121937
120299
120055
120752
122290
122289
121262
112135
105567
105423
107372
108044
108744
110829
108574
107908
107366
108614
108869
108779
109149
109598
109808
108926
108167
107667
107036
106969
107086
105507
102737
103403
106033
105436
105075
105615
105936
106260
106318
105433
105325
105873
105913
105350
104758
105214
104502
103557
103729
104408
104374
104794
104809
103126
102739
103045
103407
103797
102999
103137
103536
103196
103036
102395
102959
103892
103346
102712
102721
102397
102203
102622
102765
102253
101864
101524
101884
101861
100698
98831
99105
99360
100357
100390
100252
99117
99351
99873
99585
98994
98377
98342
99291
98993
98499
98088
98340
98900
98612
99039
99551
98084
93324
90992
88592
87056
82073
78380
78430
78381
78378
78473
78466
78504
78499
78485
78537
78549
78585
78577
78622
78632
78633
78641
78657
78616
78651
78653
78655
78662
78656
78649
78659
78664
78664
78698
78670
78667
78704
78672
78698
78695
78690
78694
78724
78699
78709
78789
79275
84196
115068
121212
127378
133699
133775
142064
149595
152017
153478
151348
153099
157084
156207
155748
155845
156030
156176
156092
155782
155585
155784
156786
158143
155827
152660
150188
148710
148004
147563
147580
147366
147343
147139
147384
147454
147777
147900
148236
148927
149107
149858
151362
151615
151128
148705
145533
140390
135872
131068
127379
123037
116724
111693
104310
100660
98798
98807
98997
97531
104132
121382
139203
144823
145089
145093
145732
145653
145790
146176
146102
145823
145513
145506
145840
145598
145144
145759
147846
146869
148294
149232
144005
140188
142840
134524
101648
81759
80835
80204
81292
85385
83627
84012
84537
84852
85246
85557
85561
85947
85932
84818
85574
85925
86042
85118
84895
85279
85111
84391
85136
85572
85785
85199
84865
85932
85784
85595
85700
85601
85504
86090
85706
85219
84834
84701
85424
85643
85019
85436
86254
86202
84688
84013
84749
85916
86452
87283
86487
85614
85751
86397
87039
86452
85729
84073
83638
83822
85450
87212
87743
87947
88327
88509
88883
88635
88281
89012
89115
88790
88687
88840
88775
88107
88321
88914
87830
87673
88252
88148
88525
88734
88258
87564
87442
87653
88556
88804
87871
88063
89195
88837
88712
89136
87800
87369
87530
88289
88486
88442
89114
89106
87546
87696
88600
91172
94708
97383
96628
89624
87645
89614
100173
111758
126945
152264
180356
205802
226919
227653
223414
214480
202677
190421
189307
192851
190219
193012
188396
181587
180041
179400
180433
182959
183845
183675
183856
184054
186963
190620
191840
193380
193575
193509
193430
193228
192663
192586
192381
192339
192520
192602
192456
192626
193348
194813
196013
197405
194840
191547
188295
183963
179983
180063
179732
186449
198749
195330
192641
193801
192815
192080
191614
192704
193229
193214
192196
192714
194185
200960
205503
209280
206412
190109
182975
191379
197370
192963
190642
189126
185210
184010
183199
183366
183247
183118
182703
182662
182577
182023
181514
181651
181870
182271
182570
182090
181861
182097
182585
182556
182139
182813
182744
182259
182439
182680
182542
182640
182484
182205
181743
181909
181454
181283
180518
179515
180242
180202
179794
179701
179272
177795
176756
176778
176217
176739
176333
176307
175760
174739
174896
174969
174316
173951
174154
173848
173397
173574
173197
173140
172915
172452
171938
172331
171647
171355
170731
170980
171138
170205
169803
170321
170095
170014
169631
169153
169829
169604
168741
168179
168128
168498
167676
167277
168876
168072
169342
175425
179193
180574
180577
180853
180489
180212
179638
179349
178856
178267
178027
177932
177704
178202
177913
177518
176895
177441
177431
176812
176817
176705
176585
176574
176981
176718
176627
176428
176163
176129
175848
175336
174685
174466
174746
174245
173381
173276
172963
172781
172499
172473
172206
171989
171807
172171
172117
171983
172147
172481
171800
173151
172753
172736
172068
165451
156224
145737
135397
99183
85230
85036
84782
84752
84724
84714
84680
84663
84668
84653
84637
84614
84640
84628
84633
84638
84621
84650
84630
84667
94813
143757
215434
250375
231484
227289
226073
226366
225818
225321
225516
225162
225284
225284
225147
225132
224745
225160
225990
225975
226121
226178
225830
225467
225168
225214
226104
225625
225022
224189
224853
226553
228261
228390
238124
222882
204493
130145
85184
85097
84866
84838
84822
84858
84807
84831
84810
84860
84797
84779
84818
84808
84831
84817
84811
84791
84826
84798
84800
84803
84783
84763
84836
84773
84777
84781
84735
84784
84726
84705
84770
84762
84795
84801
84674
84609
84663
84588
84579
84594
84578
84656
84610
84583
84648
84595
84676
84620
84602
84672
84619
84615
84615
84590
84700
86009
94454
97004
94620
96705
104373
108136
108460
109658
115057
118712
116616
113239
113325
115712
117875
117720
118307
118355
117975
117788
118029
118046
117912
117854
117754
117618
116701
114269
112297
108364
105731
103716
101980
102100
107435
114204
119471
120630
120332
120870
121224
121321
121101
121149
121526
121639
121687
121827
122096
122144
121911
122057
121674
121436
121614
122082
122417
122416
122738
122494
122140
122239
122555
122801
122616
121974
121942
121040
121160
119989
118074
107854
93611
96094
98316
97669
102134
103451
104845
103793
102638
103002
103371
103814
104085
104588
103883
103048
102988
101928
102355
103049
102933
102087
101623
102525
102894
102632
103545
103683
102461
102663
101773
102607
103492
102689
102452
101086
100255
100853
101900
102103
101113
101827
102959
102609
101731
101730
102160
101377
101324
101750
100712
100292
100434
101520
101356
101529
100544
100242
97908
96555
96442
97202
99585
99538
96691
93820
90616
90160
97119
99452
96471
95223
103195
101202
99636
103144
101592
100560
101626
101057
100875
101472
102173
103535
103942
104177
104374
104513
104423
104170
103135
100849
100759
100858
100472
101990
104668
104517
104872
105314
105656
105104
104716
105265
105854
105903
103997
101842
101095
100376
99523
99841
99496
99129
99303
99639
100064
100112
99583
99892
100332
98922
98894
99587
99367
98402
98981
98745
98771
99141
99090
98715
98695
98633
98432
97788
97558
97561
98050
98246
98327
98920
98794
98000
98046
98123
98395
97793
97863
98454
97899
95908
94004
93638
93410
112266
177407
242974
278398
268494
249575
225083
218933
218559
216367
215493
215729
216070
216586
217080
217457
218466
219202
219946
222573
221777
220915
220575
219996
219603
219157
218816
218652
218550
218644
218857
219606
217332
217241
217244
218663
219775
219803
219450
219444
219651
219718
219590
219616
219704
220047
218371
216367
215232
215641
215775
216012
219567
225090
236348
245235
254840
216654
175900
152856
152557
154979
161376
158218
153576
147857
146383
145665
144457
143229
142022
140806
139793
138320
137019
137257
137242
137579
137880
141932
140979
139024
204431
226756
240538
239029
234968
227452
228104
223048
222327
221391
220894
219088
219073
219092
219014
219042
219019
219092
219107
219164
219144
218731
218399
218408
218522
218315
217764
217683
217338
217159
216863
216965
216812
216341
216260
216077
216043
216036
215937
215906
215248
215193
215021
214826
214556
214580
214381
214114
213406
213215
213035
213056
212872
212735
212638
212507
212541
212571
212112
212174
214945
217717
221186
226004
230589
235485
241755
240885
248858
267274
247804
199238
164139
118541
93452
88847
88812
88519
88530
88403
88479
88449
88401
88441
88481
88462
88411
88417
88403
88477
88486
88458
88440
88461
88435
88413
88477
88473
88520
88510
88561
88588
88663
88661
88655
88645
88666
88604
88648
88634
88652
88623
88628
88616
88641
88614
88645
88599
88641
88616
88614
88637
88642
88631
88649
88635
88709
88685
88708
88739
88768
88799
88796
88834
88907
88875
88907
88907
88923
88933
88921
88931
88961
88939
88941
88958
