69 16
40 11
24 17
38 30
4 12
21 19
30 41
12 11
69 76
11 10
22 19
3 10
42 31
28 36
10 7
70 76
60 11
25 14
13 13
16 10
19 10
16 12
67 93
3 12
65 10
21 14
27 34
20 10
15 13
99 100
15 11
60 10
19 2
32 57
16 12
13 12
19 9
17 17
70 89
14 15
55 16
17 13
3 10
12 11
12 14
18 12
13 15
23 24
24 20
16 10
39 43
25 21
4 13
9 1
1 1
94 60
22 13
35 30
24 19
35 23
53 60
35 30
24 5
27 18
86 83
10 9
5 4
60 99
22 4
24 16
18 20
28 15
20 16
2 8
15 9
7 9
24 3
26 17
21 19
22 23
7 14
20 3
27 14
15 14
31 17
3 7
2 8
43 39
28 18
3 8
37 21
3 82
2 7
41 27
26 3
30 16
14 12
1 1
1 4
8 19
30 53
22 22
2 9
15 12
15 11
5 66
3 15
19 14
17 12
12 18
14 19
27 28
46 27
18 16
14 9
72 35
9 12
24 19
4 5
45 23
8 13
54 35
3 11
47 30
17 18
36 17
83 45
13 13
28 4
27 18
5 3
2 11
50 26
92 36
6 5
15 16
13 3
9 13
5 12
16 5
18 11
4 16
17 3
21 16
17 17
3 10
39 23
3 17
27 27
15 15
18 14
21 16
4 12
15 14
16 9
15 17
32 26
95 3
89 5
14 281
21 377
22 355
18 317
