2687
2689
2691
2689
2688
2688
2687
2687
2687
2687
2687
2687
2684
2684
2684
2804
2803
2803
2803
2803
2803
2803
2803
2803
2808
2808
2808
2808
2808
2808
2810
2810
2810
2806
2802
2779
2689
2860
2689
2689
2689
2689
2689
2689
2689
2689
2689
2690
2692
2692
2692
2692
2692
2692
2692
2692
2691
2690
2690
2690
2687
2686
2686
2686
2687
2687
2687
2687
2687
2687
2687
2687
2690
2690
2690
2690
2690
2690
2690
2690
2690
2690
2690
2690
2688
2688
2688
2688
2688
2688
2688
2688
2688
2690
2690
2690
2690
2690
2690
2690
2690
2690
2691
2692
2691
2692
2692
2692
2688
2688
2688
2688
2688
2688
2688
2688
2688
2688
2688
2688
2688
2688
2688
2688
2688
2688
2688
2688
2688
2688
2688
2688
2688
2688
2688
2688
2688
2688
2688
2688
2688
2688
2688
2688
2688
2688
2688
2688
2688
2688
2688
2688
2688
2688
2688
2688
2688
2688
2688
2688
2688
2688
2688
2688
2691
2691
2691
2692
2711
2711
2711
2709
2709
2709
2709
2709
2709
2709
2709
2709
2687
2687
2687
2688
2688
2688
2688
2688
2688
2688
2688
2688
2691
2691
2691
2691
2691
2691
2691
2691
2691
2691
2691
2691
2684
2684
2684
2684
2684
2684
2684
2684
2684
2684
2684
2684
2684
2684
2684
2684
2684
2684
2684
2684
2684
2684
2684
2684
2689
2689
2689
2689
2689
2689
2689
2689
2688
2689
2689
2689
2685
2685
2685
2685
2685
2685
2685
2685
2685
2687
2687
2687
2692
2692
2692
2694
2692
2692
2692
2692
2692
2692
2692
2692
2688
2688
2688
2688
2688
2688
2688
2688
2688
2688
2688
2688
2690
2690
2690
2691
2691
2690
2689
2689
2689
2690
2690
2691
2684
2684
2685
2686
2686
2686
2686
2687
2687
2686
2686
2686
2685
2685
2685
2687
2686
2686
2686
2682
2685
2687
2686
2685
2683
2683
2682
2677
2685
2684
2685
2678
2678
2681
2684
2684
2674
2675
2676
2686
2685
2686
2686
2685
2687
2687
2686
2685
2704
2704
2704
2704
2704
2704
2704
2704
2703
2701
2701
2701
2695
2695
2695
2695
2695
2695
2695
2695
2695
2695
2695
2695
2694
2694
2694
2694
2695
2695
2695
2695
2695
2695
2695
2696
2695
2695
2696
2696
2696
2697
2697
2697
2697
2697
2696
2696
2696
2696
2696
2696
2696
2696
2696
2696
2696
2696
2696
2696
2694
2694
2694
2694
2694
2694
2693
2694
2694
2695
2695
2695
2687
2687
2687
2687
2687
2687
2687
2687
2687
2687
2690
2686
2686
2685
2689
2689
2689
2689
2689
2689
2689
2690
2689
2689
2693
2680
2692
2692
2692
2692
2692
2692
2692
2692
2692
2692
2693
2716
2719
2719
2725
2730
2731
2730
2730
2730
2730
2730
2724
2724
2724
2722
2724
2724
2724
2724
2680
2724
2724
2663
2733
2732
2732
2732
2732
2732
2732
2732
2742
2775
2815
2845
2880
2878
2916
2932
3010
3065
3098
3136
3191
3230
3231
3194
3245
3245
3244
3246
3244
3243
3242
3243
3248
3245
3262
3286
3321
3379
3417
3420
3420
3421
3424
3424
3424
3425
3446
3460
3475
3497
3484
3509
3517
3544
3546
3546
3570
3589
3600
3620
3658
3578
3618
3615
3665
3671
3668
3668
3671
3671
3688
3744
3738
3742
3749
3775
3775
3776
3776
3776
3781
3807
3844
3834
3834
3900
3905
3908
3947
3958
3969
3956
3986
3983
3992
3994
3991
3993
3993
3992
3994
3994
3993
3997
3992
3992
3993
3993
3984
3984
3984
3984
3984
3984
3984
3984
3984
3985
3985
3953
3987
3987
3987
3987
3986
3987
3988
3991
4015
4068
4119
4172
4186
4243
4316
4360
4415
4410
4511
4537
4529
4502
4517
4539
4514
4540
4540
4544
4544
4544
4544
4544
4544
4544
4544
4544
4556
4570
4574
4574
4579
4600
4603
4602
4603
4603
4603
4603
4611
4611
4611
4611
4611
4611
4612
4612
4632
4658
4728
4756
4757
4777
4778
4776
4787
4812
4834
4841
4854
4867
4865
4886
4894
4901
4901
4903
4912
4922
4943
4962
4975
4976
4976
4976
4975
4975
4980
5028
5013
5027
5025
5051
5051
5051
5051
5051
5054
5073
5081
5075
5103
5121
5136
5160
5174
5152
5174
5183
5186
5194
5194
5193
5194
5193
5193
5193
5193
5193
5193
5193
5192
5192
5192
5192
5192
5192
5192
5192
5192
5192
5192
5192
5189
5189
5189
5189
5189
5163
5184
5170
5135
5133
5146
5142
5168
5177
5181
5182
5182
5153
5182
5182
5182
5182
5182
5182
5201
5201
5201
5201
5201
5201
5203
5203
5203
5203
5203
5203
5202
5202
5202
5202
5202
5202
5202
5202
5202
5202
5202
5202
5201
5201
5201
5201
5201
5201
5201
5204
5201
5201
5201
5201
5200
5200
5200
5200
5200
5200
5200
5200
5200
5200
5200
5200
5200
5200
5200
5200
5200
5200
5200
5200
5200
5200
5200
5200
5194
5194
5194
5194
5194
5194
5194
5194
5194
5194
5194
5194
5194
5194
5194
5194
5194
5194
5194
5194
5194
5194
5194
5194
5194
5194
5199
5225
5252
5250
5255
5296
5307
5307
5321
5356
5360
5360
5360
5380
5409
5409
5431
5435
5450
5484
5479
5466
5509
5509
5509
5507
5508
5508
5508
5508
5508
5508
5508
5508
5511
5579
5586
5587
5587
5587
5589
5589
5589
5589
5603
5631
5643
5651
5667
5673
5697
5697
5708
5727
5754
5784
5773
5792
5790
5798
5842
5837
5843
5857
5865
5865
5863
5864
5864
5869
5907
5951
5955
5955
5956
5964
5980
5980
5986
5995
5999
5999
6000
6000
6000
6000
6000
6000
6000
6000
6004
6017
6023
6023
6017
6017
6017
6017
6017
6017
6017
6017
6017
6017
6017
6017
6019
6019
6019
6033
6051
6067
6090
6110
6128
6130
6136
6155
6167
6167
6169
6187
6201
6220
6227
6247
6230
6221
6207
6244
6287
6288
6288
6288
6288
6299
6343
6371
6352
6373
6332
6390
6406
6406
6406
6407
6406
6406
6406
6406
6406
6406
6406
6406
6410
6410
6410
6410
6410
6410
6409
6409
6409
6405
6409
6411
6406
6407
6387
6354
6390
6410
6394
6314
6404
6407
6408
6408
6405
6406
6397
6403
6393
6388
6366
6378
6360
6386
6377
6378
6368
6369
6393
6375
6375
6392
6392
6383
6388
6388
6388
6374
6377
6377
6377
6402
6420
6404
6407
6410
6435
6441
6440
6440
6441
6441
6441
6441
6441
6441
6440
6440
6440
6441
6427
6425
6438
6443
6443
6439
6444
6440
6435
6441
6449
6443
6443
6449
6449
6449
6449
6449
6450
6450
6450
6450
6450
6450
6450
6450
6461
6461
6461
6461
6461
6455
6453
6453
6451
6451
6451
6453
6451
6451
6448
6447
6482
6482
6483
6483
6483
6483
6483
6483
6480
6480
6480
6480
6479
6479
6478
6479
6480
6480
6480
6479
6484
6484
6484
6485
6485
6484
6462
6401
6438
6456
6437
6465
6451
6429
6418
6421
6470
6462
6453
6466
6463
6461
6469
6479
6476
6478
6477
6476
6471
6471
6473
6475
6474
6465
6471
6476
6477
6467
6478
6477
6475
6475
6475
6475
6475
6476
6473
6465
6465
6467
6467
6471
6471
6471
6480
6479
6464
6475
6481
6478
6460
6452
6452
6451
6451
6451
6450
6448
6446
6472
6465
6463
6471
6458
6465
6460
6457
6471
6470
6470
6455
6457
6461
6466
6467
6464
6472
6475
6474
6474
6472
6470
6461
6474
6466
6474
6459
6473
6473
6468
6469
6470
6451
6469
6469
6469
6469
6457
6454
6455
6454
6442
6436
6437
6433
6431
6435
6438
6425
6450
6463
6469
6474
6461
6472
6472
6468
6470
6470
6470
6467
6463
6479
6482
6482
6482
6482
6482
6482
6482
6482
6482
6482
6482
6482
6500
6520
6548
6561
6590
6623
6645
6671
6690
6703
6700
6720
6722
6722
6722
6723
6724
6723
6725
6739
6747
6768
6768
6769
6769
6769
6769
6769
6769
6768
6768
6768
6744
6770
6729
6767
6767
6767
6767
6767
6745
6769
6769
6768
6767
6768
6768
6767
6767
6767
6767
6781
6786
6786
6804
6810
6809
6809
6809
6813
6813
6813
6813
6813
6813
6813
6831
6833
6833
6833
6833
6835
6862
6896
6914
6927
6959
6965
6982
6993
7002
7016
7034
7054
7085
7089
7089
7090
7089
7109
7152
7145
7158
7157
7183
7188
7193
7192
7192
7191
7191
7191
7191
7191
7191
7191
7191
7191
7191
7191
7183
7186
7187
7187
7192
7158
7165
7188
7192
7192
7192
7192
7192
7192
7192
7192
7192
7192
7192
7192
7192
7182
7192
7192
7192
7192
7192
7192
7192
7192
7192
7192
7192
7193
7193
7193
7193
7193
7193
7194
7194
7194
7194
7194
7194
7193
7193
7193
7193
7193
7193
7193
7193
7193
7193
7193
7193
7192
7192
7192
7211
7233
7235
7228
7278
7294
7294
7294
7334
7344
7344
7344
7350
7366
7388
7391
7411
7411
7437
7453
7455
7455
7475
7476
7477
7477
7515
7554
7554
7554
7569
7592
7599
7628
7627
7633
7635
7670
7668
7669
7687
7710
7721
7741
7698
7719
7722
7777
7775
7775
7815
7826
7833
7826
7856
7843
7846
7880
7924
7919
7929
7929
7943
7961
7962
7971
7972
7970
7970
7971
7971
7988
8013
8037
8049
8074
8078
8088
8120
8128
8151
8175
8214
8199
8223
8223
8248
8286
8277
8292
8281
8311
8311
8319
8319
8319
8319
8320
8314
8315
8320
8316
8319
8319
8317
8312
8312
8312
8313
8314
8315
8313
8314
8315
8313
8315
8315
8308
8302
8303
8266
8266
8317
8311
8301
8310
8310
8310
8310
8316
8316
8316
8316
8316
8316
8316
8316
8316
8327
8345
8342
8354
8362
8374
8370
8370
8370
8370
8377
8393
8405
8430
8456
8453
8466
8470
8487
8494
8492
8498
8506
8514
8531
8537
8552
8553
8515
8499
8522
8566
8565
8564
8564
8589
8618
8606
8606
8615
8663
8660
8663
8662
8662
8662
8662
8662
8662
8662
8662
8666
8665
8666
8666
8666
8666
8666
8666
8666
8666
8704
8757
8731
8730
8743
8738
8745
8752
8751
8748
8760
8813
8860
8898
8963
8992
9032
9061
9094
9108
9143
9151
9157
9168
9207
9258
9261
9263
9271
9263
9263
9263
9263
9263
9263
9263
9263
9295
9341
9371
9430
9484
9547
9565
9570
9575
9578
9578
9578
9577
9587
9588
9588
9588
9588
9588
9588
9588
9588
9588
9588
9588
9588
9588
9588
9587
9587
9587
9587
9587
9587
9587
9587
9587
9578
9547
9588
9588
9586
9586
9587
9587
9587
9587
9587
9587
9589
9589
9589
9589
9588
9588
9589
9588
9585
9583
9578
9577
9577
9577
9577
9576
9583
9587
9585
9587
9584
9584
9583
9586
9585
9586
9587
9586
9586
9586
9585
9584
9586
9588
9586
9579
9588
9587
9589
9590
9596
9590
9590
9590
9589
9589
9590
9590
9588
9588
9588
9588
9588
9588
9588
9588
9588
9588
9588
9588
9588
9588
9588
9577
9581
9584
9583
9586
9586
9586
9586
9586
9583
9583
9583
9583
9583
9583
9583
9583
9583
9583
9583
9583
9590
9590
9590
9590
9590
9590
9590
9590
9577
9515
9591
9591
9592
9582
9551
9551
9541
9534
9534
9505
9503
9562
9527
9532
9545
9509
9512
9539
9488
9538
9542
9501
9535
9536
9499
9523
9518
9500
9519
9495
9496
9505
9490
9495
9494
9489
9489
9489
9490
9490
9490
9490
9490
9490
9490
9490
9490
9490
9490
9492
9489
9477
9489
9490
9490
9490
9490
9490
9490
9490
9490
9490
9488
9488
9450
9489
9478
9479
9487
9475
9475
9471
9468
9474
9491
9480
9478
9487
9471
9475
9480
9490
9490
9406
9427
9454
9460
9465
9490
9491
9491
9479
9479
9487
9492
9491
9490
9490
9491
9461
9492
9492
9492
9492
9492
9492
9492
9492
9492
9492
9491
9492
9492
9492
9492
9492
9492
9492
9492
9492
9492
9492
9491
9492
9492
9492
9492
9492
9492
9492
9492
9492
9492
9492
9491
9492
9492
9492
9492
9492
9492
9492
9483
9491
9491
9490
9445
9454
9483
9492
9493
9493
9493
9493
9493
9492
9492
9492
9493
9515
9545
9560
9573
9570
9569
9583
9607
9614
9615
9615
9611
9611
9611
9611
9611
9611
9611
9611
9611
9611
9611
9611
9611
9611
9611
9610
9610
9610
9610
9610
9610
9610
9610
9610
9613
9612
9612
9612
9611
9611
9612
9612
9551
9594
9569
9578
9577
9609
9608
9607
9604
9604
9607
9607
9592
9559
9602
9607
9600
9611
9611
9611
9611
9611
9611
9611
9611
9611
9611
9610
9614
9614
9614
9614
9614
9614
9614
9614
9614
9616
9616
9616
9613
9613
9613
9613
9613
9613
9615
9613
9613
9613
9613
9613
9620
9620
9620
9620
9620
9620
9638
9653
9655
9655
9688
9690
9687
9687
9687
9687
9687
9687
9687
9687
9687
9688
9688
9688
9679
9679
9679
9679
9679
9679
9679
9679
9679
9679
9679
9679
9679
9679
9679
9679
9679
9679
9679
9681
9679
9679
9679
9679
9671
9682
9682
9652
9677
9601
9649
9649
9678
9678
9672
9618
9681
9656
9632
9676
9680
9680
9677
9677
9677
9677
9677
9677
9684
9684
9684
9686
9691
9704
9718
9751
9796
9852
9873
9872
9876
9876
9876
9876
9876
9876
9876
9876
9876
9876
9876
9865
9832
9874
9874
9848
9813
9852
9871
9856
9871
9839
9830
9856
9877
9877
9877
9876
9875
9875
9875
9900
9902
9932
9980
10005
10005
10004
10005
10004
10005
10028
10043
10051
10062
10079
10078
10078
10084
10084
10084
10084
10084
10098
10124
10127
10130
10187
10187
10188
10195
10218
10240
10257
10280
10222
10280
10279
10278
10265
10213
10277
10251
10260
10273
10262
10225
10324
10376
10409
10455
10526
10547
10503
10612
10536
10561
10619
10619
10619
10619
10619
10619
10619
10619
10619
10615
10615
10615
10615
10615
10615
10616
10616
10616
10616
10616
10616
10624
10624
10624
10624
10624
10624
10624
10624
10624
10624
10624
10624
10624
10624
10624
10624
10624
10624
10624
10624
10624
10624
10624
10624
10623
10569
10620
10622
10618
10541
10607
10610
10614
10614
10612
10603
10618
10622
10593
10690
10783
10884
10957
10997
11036
11044
11044
11044
11055
11055
11055
11055
11055
11054
11075
11080
11077
11111
11111
11111
11121
11121
11121
11121
11130
11132
11161
11186
11243
11315
11357
11362
11363
11363
11363
11363
11363
11363
11334
11361
11362
11362
11363
11363
11362
11362
11362
11373
11408
11413
11413
11417
11475
11477
11477
11477
11489
11517
11544
11555
11568
11581
11581
11581
11581
11581
11581
11584
11611
11648
11625
11642
11702
11701
11701
11701
11721
11759
11774
11793
11795
11801
11811
11812
11812
11811
11811
11811
11811
11810
11810
11810
11815
11813
11806
11985
11812
11811
11811
11811
11811
11811
11811
11811
11810
11810
11810
11810
11810
11810
11810
11810
11810
11810
11810
11790
11810
11811
11811
11812
11812
11809
11793
11772
11778
11788
11777
11783
11808
11814
11807
11816
11816
11816
11815
11815
11815
11815
11815
11815
11801
11801
11801
11801
11801
11801
11801
11801
11801
11799
11799
11799
11801
11801
11801
11801
11801
11801
11801
11801
11801
11801
11801
11801
11801
11801
11801
11801
11801
11801
11801
11801
11801
11822
11850
11859
11847
11882
11920
11919
11919
11919
11969
11971
11971
11971
11971
11971
11979
11979
11979
11979
11979
11979
11980
11980
11980
11980
11980
11984
12007
12029
12023
12045
12069
12074
12100
12087
12110
12145
12150
12149
12151
12151
12151
12174
12231
12252
12254
12211
12260
12281
12284
12285
12289
12290
12290
12291
12291
12298
12321
12335
12371
12392
12392
12392
12422
12422
12420
12453
12452
12453
12453
12456
12467
12499
12535
12575
12569
12583
12583
12608
12607
12611
12623
12623
12623
12623
12623
12648
12669
12704
12735
12754
12755
12755
12755
12769
12785
12805
12801
12782
12834
12833
12834
12835
12821
12821
12834
12832
12803
12831
12827
12829
12835
12835
12829
12836
12835
12835
12835
12835
12835
12835
12835
12835
12832
12825
12809
12802
12796
12808
12821
12822
12802
12809
12828
12827
12838
12844
12844
12843
12843
12843
12841
12841
12835
12842
12842
12842
12845
12845
12845
12824
12827
12844
12844
12844
12791
12823
12830
12840
12838
12841
12843
12838
12788
12783
12830
12838
12813
12807
12786
12839
12827
12833
12839
12839
12839
12839
12839
12837
12835
12835
12837
12837
12843
12843
12843
12841
12841
12841
12840
12838
12830
12836
12836
12837
12846
12845
12845
12845
12845
12845
12842
12842
12842
12842
12841
12840
12844
12843
12843
12843
12843
12843
12843
12843
12842
12842
12842
12842
12845
12855
12888
12893
12912
12935
12946
12946
12982
13022
13022
13022
13025
13025
13025
13047
13072
13078
13088
13133
13132
13132
13143
13172
13195
13207
13228
13229
13228
13229
13229
13229
13229
13264
13313
13326
13334
13304
13340
13351
13350
13351
13353
13371
13374
13407
13432
13432
13440
13440
13451
13454
13463
13481
13481
13481
13481
13495
13513
13568
13607
13598
13628
13628
13633
13640
13644
13653
13654
13654
13654
13655
13672
13694
13699
13745
13792
13793
13793
13794
13794
13801
13810
13816
13842
13843
13842
13845
13846
13869
13848
13848
13848
13848
13848
13848
13850
13839
13845
13846
13846
13846
13843
13838
13844
13846
13844
13846
13844
13846
13845
13845
13844
13844
13844
13844
13844
13845
13845
13845
13845
13845
13844
13844
13838
13839
13843
13843
13843
13821
13817
13840
13794
13823
13842
13842
13848
13844
13840
13841
13839
13840
13839
13839
13844
13844
13850
13850
13849
13849
13849
13849
13849
13849
13849
13849
13845
13845
13845
13845
13845
13845
13845
13845
13845
13844
13843
13845
13848
13848
13848
13848
13848
13837
13827
13845
13845
13841
13847
13847
13846
13841
13843
13847
13842
13838
13839
13846
13846
13847
13846
13848
13835
13835
13844
13777
13843
13842
13842
13842
13842
13842
13842
13842
13842
13842
13842
13840
13840
13840
13840
13840
13856
13865
13867
13875
13891
13891
13891
13891
13891
13891
13850
13810
13875
13890
13891
13891
13886
13844
13846
13882
13882
13882
13882
13882
13881
13883
13883
13883
13886
13886
13886
13886
13886
13886
13886
13886
13886
13830
13885
13877
13871
13850
13857
13886
13886
13886
13885
13888
13886
13886
13886
13886
13884
13925
13937
13932
13930
13970
13981
13985
13985
13985
13985
13985
13988
13988
13988
13988
14000
13989
14023
14055
14142
14129
14163
14133
14165
14165
14165
14143
14167
14168
14168
14168
14124
14111
14134
14148
14156
14163
14167
14119
14111
14143
14172
14170
14170
14170
14170
14170
14174
14175
14175
14175
14175
14175
14175
14175
14175
14175
14175
14175
14174
14174
14174
14150
14153
14131
14145
14137
14124
14115
14118
14121
14124
14139
14145
14141
14114
14130
14122
14090
14130
14112
14075
14076
14109
14084
14072
14069
14087
14077
14077
14076
14076
14074
14074
14074
14065
14065
14065
14065
14065
14026
14060
14067
14067
14065
14066
14065
14062
14062
14062
14062
14062
14062
14062
14062
14062
14062
14062
14062
14064
14064
14064
14063
14063
14063
14063
14063
14063
14063
14063
14063
14037
14063
14063
14063
14063
14063
14065
14065
14065
14065
14065
14065
14066
14066
14066
14066
14066
14045
14063
14061
14061
14061
14053
14057
14062
14060
14059
14061
14117
14092
14154
14149
14146
14142
14248
14247
14248
14248
14320
14358
14364
14364
14364
14365
14365
14358
14364
14441
14549
14542
14549
14549
14553
14591
14602
14600
14598
14612
14627
14618
14640
14639
14639
14639
14639
14639
14640
14640
14640
14640
14648
14641
14635
14635
14635
14635
14635
14635
14626
14623
14636
14637
14637
14637
14641
14641
14641
14641
14641
14641
14641
14641
14641
14641
14632
14628
14572
14620
14641
14641
14641
14631
14608
14633
14586
14568
14630
14632
14636
14636
14636
14634
14634
14634
14634
14634
14634
14634
14634
14634
14636
14636
14636
14636
14636
14636
14566
14639
14638
14638
14638
14638
14640
14640
14640
14640
14640
14640
14640
14640
14640
14639
14639
14639
14650
14672
14673
14707
14740
14767
14790
14792
14748
14795
14795
14795
14794
14794
14794
14794
14806
14817
14841
14851
14852
14870
14895
14857
14874
14902
14903
14904
14904
14905
14904
14904
14904
14904
14904
14904
14906
14906
14906
14906
14906
14906
14907
14907
14898
14896
14897
14897
14897
14906
14905
14895
14842
14842
14863
14868
14871
14850
14852
14882
14899
14899
14898
14880
14846
14837
14830
14840
14857
14867
14854
14863
14862
14858
14835
14875
14894
14903
14904
14904
14903
14903
14905
14904
14909
14892
14901
14907
14896
14906
14905
14905
14905
14905
14905
14905
14910
14910
14910
14910
14910
14910
14909
14909
14909
14909
14909
14901
14908
14908
14908
14908
14908
14908
14908
14908
14908
14908
14916
14944
14936
14946
14925
14980
14979
14979
14979
14979
14984
15008
15020
15044
15101
15139
15149
15154
15185
15206
15220
15244
15252
15250
15250
15250
15255
15255
15255
15274
15345
15353
15357
15356
15356
15355
15355
15375
15406
15433
15437
15455
15462
15461
15462
15462
15462
15462
15489
15549
15554
15561
15562
15561
15561
15561
15561
15561
15561
15561
15561
15561
15564
15564
15564
15564
15564
15564
15564
15564
15564
15569
15564
15564
15560
15560
15560
15560
15560
15560
15559
15559
15551
15557
15557
15557
15555
15555
15556
15554
15554
15554
15554
15554
15560
15554
15554
15554
15563
15563
15563
15563
15563
15563
15563
15563
15563
15563
15563
15563
15566
15566
15566
15566
15544
15567
15564
15564
15568
15564
15564
15564
15564
15564
15564
15564
15564
15564
15564
15564
15564
15564
15564
15564
15565
15565
15551
15505
15567
15567
15567
15567
15567
15567
15567
15567
15566
15606
15609
15614
15621
15641
15642
15641
15641
15641
15641
15650
15644
15649
15673
15693
15727
15770
15790
15779
15823
15823
15825
15825
15827
15827
15827
15811
15781
15794
15759
15823
15826
15825
15824
15825
15828
15826
15827
15827
15827
15882
15987
15963
15986
16004
16004
16004
16007
16006
16006
16006
16023
16048
16129
16181
16235
16291
16347
16379
16431
16479
16520
16566
16606
16625
16639
16650
16673
16725
16772
16828
16810
16823
16823
16823
16823
16822
16824
16824
16824
16824
16850
16931
17046
17150
17252
17328
17303
17306
17292
17330
17322
17299
17322
17321
17319
17318
17307
17271
17299
17285
17314
17299
17313
17314
17311
17302
17297
17290
17297
17297
17293
17295
17295
17271
17267
17298
17296
17276
17298
17268
17267
17278
17285
17265
17292
17292
17293
17278
17294
17237
17301
17311
17311
17311
17312
17310
17313
17314
17314
17314
17306
17314
17312
17312
17312
17341
17312
17312
17312
17312
17312
17311
17311
17311
17315
17315
17315
