1	5
15	17
24	25
30	31
37	39
480	493
495	508
509	511
513	523
524	535
538	544
545	546
548	552
553	566
571	573
596	614
615	616
624	627
628	633
636	637
642	643
644	662
663	670
674	680
684	698
744	745
750	751
775	777
831	837
838	841
843	845
846	853
864	868
870	871
874	881
882	895
899	903
904	907
908	911
912	913
920	923
939	949
950	962
965	973
975	977
984	985
995	1007
1036	1043
1057	1058
1060	1066
1072	1073
1080	1081
1096	1097
1098	1099
1116	1117
1119	1120
1261	1274
1276	1283
1284	1285
1294	1297
1312	1314
1315	1318
1320	1321
1327	1329
1332	1347
1348	1359
1410	1411
1431	1437
1439	1441
1443	1448
1449	1452
1453	1456
1457	1459
1461	1480
1481	1492
1493	1499
1502	1516
1517	1523
1524	1525
1528	1534
1569	1576
1579	1603
1604	1607
1609	1613
1620	1623
1630	1660
1667	1677
1680	1682
1716	1717
1755	1758
1976	1979
2049	2050
2064	2065
2070	2073
2074	2077
2140	2149
2172	2173
2179	2184
2189	2195
2196	2197
2201	2206
2207	2236
2256	2257
2295	2302
2304	2305
2310	2314
2316	2317
2320	2329
2343	2346
2347	2350
2352	2358
2363	2370
2372	2380
2388	2394
2496	2509
2511	2522
2523	2524
2525	2530
2532	2533
2535	2538
2539	2546
2547	2551
2555	2561
2563	2573
2583	2585
2604	2606
2616	2617
2664	2666
2689	2695
2696	2698
2700	2701
2703	2709
2710	2718
2721	2735
2736	2737
2738	2742
2745	2751
2752	2757
2759	2766
2767	2768
2769	2779
2903	2905
2953	2960
2964	2965
2968	2977
2980	2982
2994	2996
3000	3002
3118	3121
3122	3125
3127	3128
3131	3135
3136	3146
3154	3157
3228	3238
3244	3256
3257	3259
3264	3265
3270	3271
3312	3319
3324	3325
3346	3353
3356	3370
3372	3373
3375	3380
3383	3391
3394	3400
3408	3409
3417	3419
3493	3500
3503	3513
3514	3515
3516	3517
3528	3531
3533	3538
3540	3542
3544	3566
3574	3603
3639	3641
