0
0
0
0
0
0
0
0
0
0
0
0
0
0
354
0
0
0
0
0
0
0
0
0
0
0
0
0
0
0
0
0
339
330
325
313
519
1044
1050
1053
1059
1067
1062
1050
1050
1056
1059
1053
1053
1047
1056
1002
756
444
480
480
414
96
0
612
1053
222
732
560
399
283
481
415
96
222
222
96
0
330
192
366
444
636
444
396
432
414
606
432
540
492
540
492
414
396
396
276
396
432
330
276
432
450
468
638
638
0
330
276
0
276
0
234
0
222
276
222
96
222
276
0
0
0
0
0
0
276
192
222
330
330
396
223
276
96
0
0
96
0
0
0
96
0
0
0
96
276
0
0
96
0
222
0
0
96
276
96
432
330
192
222
192
96
0
0
222
0
354
508
533
612
552
498
372
276
348
447
429
528
660
588
444
444
612
612
510
660
447
282
372
1052
99
282
807
354
0
702
403
601
606
354
609
564
396
279
354
354
0
276
432
330
354
222
222
0
222
222
354
601
571
354
357
276
97
97
0
223
0
0
0
0
276
384
276
96
1023
957
1041
357
558
222
786
1038
990
1056
798
849
906
1038
846
1008
1038
954
906
786
786
234
276
1053
1065
1062
1053
990
598
780
357
354
234
96
222
1014
702
894
954
1008
954
828
906
834
786
576
486
486
918
786
1044
918
1038
1050
919
1053
225
500
563
376
709
489
504
565
354
0
672
96
433
655
414
0
984
510
468
468
537
366
363
99
492
837
834
565
232
385
720
606
618
369
508
840
606
629
101
239
923
840
238
283
222
97
330
222
279
98
0
0
0
96
0
0
226
225
2
222
0
277
96
96
192
278
0
225
0
96
0
0
96
192
0
0
222
192
0
0
99
0
102
0
102
0
0
225
2
0
222
0
0
96
96
97
192
192
192
696
552
942
918
840
444
276
801
1053
1062
1062
1059
1062
1059
1059
1056
1050
1056
1032
894
1056
1062
1062
1056
1050
564
1050
1053
1059
1056
1053
837
1056
1068
1053
1056
1056
1023
1032
1050
1050
1050
474
969
1062
372
1050
1001
1079
1023
894
612
444
486
222
486
0
330
0
908
706
387
633
1056
1050
1050
1056
1062
1059
951
1056
957
1017
1059
1059
553
96
1053
1115
1120
1059
1111
1119
1059
1050
1008
744
654
828
354
981
1175
1205
1226
1194
1136
1191
1261
1296
1244
1132
1182
1203
1231
1065
1110
1106
606
582
978
528
738
510
357
498
288
536
1117
1074
1158
1152
1083
696
618
515
234
96
366
847
815
682
1166
1135
876
489
684
857
288
803
1022
514
730
876
1152
1045
401
1116
1058
978
531
654
386
827
1049
688
871
498
1163
1059
402
828
285
813
1007
1064
1079
0
1041
519
626
1031
405
847
512
934
1127
1120
1007
354
801
1053
1053
1056
1056
1056
1080
1074
525
0
0
0
0
0
0
0
0
0
0
0
0
531
1108
1104
1056
864
954
918
990
528
473
1147
1270
1264
1255
1049
1207
1336
1254
1300
1303
1222
1227
1069
1006
1123
1086
1084
1081
1056
1049
1050
444
612
510
234
432
276
96
566
596
653
415
973
917
453
696
576
1050
1044
1056
678
435
357
480
498
96
285
457
548
1062
1296
1105
860
1092
814
223
754
1115
953
534
646
825
405
1089
515
448
0
0
638
636
675
998
1115
1052
1050
468
936
282
687
1040
708
927
499
1174
957
559
600
386
858
743
970
701
889
696
840
876
591
857
560
1056
1077
1093
1056
1056
1068
1065
1050
1050
360
834
750
558
432
96
276
192
282
288
288
432
279
222
222
468
1050
1050
1050
1056
1056
1084
1091
1081
1124
643
719
1176
1133
1078
1059
1056
807
1089
1095
1065
1065
1059
1056
1053
1050
1053
525
0
0
0
0
0
0
0
0
0
0
0
0
0
0
0
0
0
0
0
0
0
0
0
0
0
537
1068
1062
1071
1065
1052
357
846
1052
1050
936
1053
1053
1053
378
1050
1053
1053
1050
1056
531
0
0
0
0
0
0
0
0
0
0
0
0
0
0
0
0
0
0
0
0
525
1050
960
1002
1053
1056
1056
1059
1062
1056
1050
943
1056
606
603
565
450
388
837
913
966
541
945
1072
792
1111
1096
1050
96
372
988
746
1057
607
400
671
826
717
532
1116
1056
504
709
543
0
281
373
225
278
653
357
1019
1167
913
798
786
609
234
576
414
468
711
1040
933
813
686
536
758
939
674
512
804
1131
1045
1086
492
757
830
757
371
1095
1095
362
403
227
200
920
1039
1187
1057
672
330
735
490
540
728
624
1058
636
1050
618
108
571
222
486
222
432
503
482
959
495
1053
1053
1053
1056
1056
642
1062
942
930
504
708
740
488
606
354
654
856
564
911
920
686
1102
386
794
539
698
279
625
909
684
536
696
920
1132
618
1182
1092
828
570
558
279
585
1068
897
1087
653
882
1086
1089
1062
1056
1053
1053
1020
1050
495
507
576
528
618
705
1053
1050
1062
1065
1053
600
672
1053
1062
966
1032
1051
1056
1089
914
1135
1091
1065
1036
1107
1057
1054
1057
1056
1056
1073
976
667
1092
647
433
408
897
1082
288
383
222
622
828
0
719
0
371
243
0
0
388
0
366
0
656
427
777
533
521
683
1080
1059
1053
993
750
276
96
1055
1055
601
0
696
599
817
293
614
426
0
233
367
878
370
949
998
854
373
373
366
0
0
276
961
357
0
0
0
276
570
1050
1050
1050
1053
1056
558
926
367
416
237
0
0
241
0
0
103
5
888
494
576
696
894
1056
924
1050
360
414
636
1050
927
921
637
229
1023
1055
1053
789
398
1053
1053
562
1062
1064
1106
1165
1175
1127
1108
902
498
607
359
483
938
1099
1131
983
604
407
430
633
364
234
364
231
230
0
1061
96
357
716
823
365
228
926
969
630
354
0
222
0
0
96
102
374
288
238
0
236
0
96
1022
1057
1046
1061
505
381
382
393
0
117
0
0
0
371
245
862
1067
1080
1068
1083
1049
516
948
825
355
488
634
246
877
869
982
1011
813
796
372
702
1049
1075
1099
611
922
1065
1071
1031
372
1052
974
436
1090
1092
1059
1062
723
1080
624
504
358
1079
543
523
423
117
257
296
529
559
380
992
1064
1072
1079
1034
918
573
1053
1053
1061
297
615
846
1050
1053
1029
1047
330
222
747
771
354
234
627
1050
1117
1172
618
1169
1149
1085
1119
997
695
312
402
546
330
415
360
437
447
470
936
1093
1087
1050
1050
834
759
99
96
612
498
1038
1053
1104
1111
1122
1112
1062
1059
1059
1058
1098
1095
636
828
434
969
372
96
96
0
432
868
599
749
1065
1081
1053
1050
702
702
276
0
420
225
456
195
909
1046
709
195
507
501
1019
1178
726
937
1151
695
415
1080
518
663
1046
431
1093
1065
568
698
97
901
995
486
999
98
1196
1096
1082
1053
1053
1053
1050
1053
1059
516
984
834
1056
1050
1050
1050
1052
1086
350
502
373
662
381
816
1067
1050
954
799
745
222
1050
1050
279
96
1050
918
1053
1078
1081
1056
1053
1061
534
0
0
0
0
0
0
0
0
0
0
0
0
0
0
0
0
0
0
0
0
528
1065
1062
1053
585
1053
637
828
372
276
375
489
378
860
743
1078
703
837
1082
675
279
1214
1077
558
0
720
666
1052
545
1024
0
1082
422
635
663
1142
1055
617
375
1193
1170
1053
552
1080
712
530
1127
1125
692
102
872
939
424
597
1135
491
639
1046
1149
852
1107
565
576
998
285
627
682
1104
763
404
1157
1171
939
1068
222
1045
751
706
1100
914
1053
552
600
384
1037
1130
880
789
1042
749
285
1125
687
543
861
1181
855
1094
450
1063
977
777
836
834
726
1089
1059
196
1026
276
924
791
234
1067
1068
1063
222
1059
226
855
1050
1050
1053
1058
1069
503
339
492
280
226
361
421
464
1151
1178
1129
1086
1072
1067
1056
1062
1062
1061
1055
589
845
590
354
432
222
396
658
599
521
507
992
1114
833
234
828
507
737
719
847
690
1142
800
1061
244
805
478
781
496
434
670
700
371
562
816
1121
688
1180
1107
534
432
432
955
927
771
991
948
1106
1074
1065
1050
1053
1059
1002
1056
1056
1056
1062
1053
1060
1060
597
285
639
638
195
373
277
1107
1083
1073
1096
1047
603
366
502
254
239
1053
1292
1244
1257
1295
1131
1204
1244
1226
1217
1175
746
500
719
1125
1091
1078
1064
1077
1077
834
1026
414
354
373
355
1106
1263
1282
1256
1334
1280
1305
653
1093
1072
1065
1059
1050
1050
1050
1050
1053
1062
1059
1056
1062
1050
834
357
900
1056
1050
1056
1059
420
354
495
375
330
1020
1008
420
555
740
999
911
621
387
720
1044
576
279
225
374
0
222
354
332
330
330
96
222
96
102
291
108
0
298
0
0
295
108
108
232
103
227
281
425
510
225
276
276
0
0
276
276
420
366
380
704
1028
1067
1057
1050
1056
1086
1080
588
591
453
192
192
0
96
288
384
192
0
96
276
354
237
222
1058
1059
672
1053
717
464
396
294
299
362
0
1056
1053
1063
534
0
0
0
0
0
0
0
0
0
0
0
0
0
0
0
0
0
0
0
566
1169
1133
633
276
1075
688
632
307
219
0
745
473
857
1157
1004
409
1170
1025
608
1081
1080
450
1090
1080
362
1085
1077
569
693
1060
1090
205
1075
1077
987
198
1059
1060
276
840
282
810
720
1050
702
786
1056
1059
1053
1050
1044
1056
1038
630
1053
1059
1059
898
225
278
801
102
999
855
1050
1110
1110
1075
1094
414
450
294
302
447
110
1083
1071
450
999
1064
1026
902
1078
1050
1129
655
621
300
1133
1090
1059
1065
1079
573
819
1065
1050
1057
991
1056
1101
1095
1056
531
0
0
0
0
0
0
0
1
0
0
0
0
0
0
0
0
0
0
0
0
0
0
0
0
0
0
0
0
0
0
0
0
0
0
0
0
0
0
525
1064
1065
1050
814
900
686
912
815
354
354
331
350
97
358
0
0
381
785
702
745
649
108
0
384
830
526
372
1050
1059
1059
1059
1053
1044
852
576
768
588
492
608
954
564
486
276
918
552
1015
1052
1053
1053
1050
1053
1059
1023
1053
1002
530
561
472
651
348
1107
1134
1043
379
0
1075
1052
1026
576
628
576
414
831
1151
802
666
846
588
840
1014
1050
774
639
607
396
225
396
222
0
96
510
432
498
666
630
1056
1062
1056
1056
1059
349
1056
1059
1056
1053
783
1065
1071
1056
1050
1050
192
918
486
354
276
374
279
918
321
1022
235
1052
1064
1056
1053
1053
1053
1053
360
1056
1062
1065
534
0
0
0
0
0
0
0
0
0
0
0
0
0
0
0
0
0
0
0
0
525
1065
1071
1062
1059
1059
1082
1076
1063
1119
1112
1107
1150
1134
1081
1053
1075
1117
1094
1063
968
1046
1073
1068
525
876
600
285
372
432
357
99
195
558
348
662
524
1132
1130
1165
1106
625
1052
1050
1056
582
1053
1053
1056
1062
987
1053
1050
1072
1143
1131
1064
1075
692
483
1087
1064
1063
1101
565
901
931
1051
372
355
234
372
96
1107
574
1002
1066
1183
1035
588
512
336
498
820
750
589
640
1108
1065
1065
876
588
222
222
414
874
704
1091
517
1090
903
99
909
849
925
606
1150
1136
1121
1062
1065
653
879
1119
1073
683
818
525
1111
1234
1339
1203
1136
1352
1313
1351
1254
1154
1168
1090
531
0
0
0
0
0
0
0
0
0
0
0
0
0
0
0
0
0
0
0
0
0
0
0
0
0
0
0
0
0
0
0
0
0
0
0
0
0
0
0
0
0
0
0
531
1101
1094
1070
1079
1104
1100
747
747
408
336
681
648
928
1194
1282
1343
1421
1414
1315
924
1068
1067
1067
930
966
558
492
828
354
802
628
411
1182
1059
846
785
1005
432
96
502
708
600
1051
1143
1171
1183
603
452
1053
1056
1056
1053
368
737
1089
1059
744
1055
495
510
906
699
599
1010
931
768
804
1240
1044
723
492
644
1095
1143
466
682
1096
1038
720
504
937
450
528
1101
1153
1008
468
1127
390
792
411
1121
881
848
708
313
992
1062
1056
1056
1053
1053
1050
528
529
372
1053
1068
1071
1076
1064
519
0
0
0
0
0
0
0
0
0
0
0
0
0
0
0
0
531
1056
1095
1101
1059
1053
960
1056
594
394
900
394
1136
810
295
1096
1079
1074
1071
1050
1044
984
541
414
354
468
564
396
774
1056
1053
1056
1059
528
0
528
1053
1050
1038
846
1053
357
750
1050
1053
1056
1059
642
1053
1053
573
696
702
828
1020
780
720
330
450
348
919
905
1121
464
883
1116
916
486
407
1252
1069
1050
222
1050
726
1032
876
966
1056
702
1057
1062
1056
1014
672
222
873
895
1158
838
541
662
790
936
809
1122
840
1068
984
607
892
432
1091
1115
1117
1087
664
1038
669
1054
1050
1064
1064
222
543
348
940
814
988
986
1174
1001
235
1166
677
633
951
1062
721
372
863
392
1059
1053
1210
1136
959
492
865
940
498
1116
1050
1051
357
705
1153
588
1189
1162
1169
1059
600
222
828
822
790
673
753
1186
1084
1065
1053
1098
1043
801
445
1091
1089
707
731
1061
1055
1066
951
1051
840
1029
747
576
354
354
984
657
752
758
424
702
766
705
110
1089
698
708
368
663
664
495
224
0
284
368
600
1065
1065
1050
1050
1050
0
1050
1086
355
1087
453
1055
1124
1079
1084
432
1074
1077
957
1070
1110
569
1161
982
1100
722
451
1163
1094
1095
758
1053
357
554
448
96
287
0
298
0
437
0
1064
1052
450
648
836
1070
1084
804
354
354
1050
1052
1059
1065
1062
1062
1062
1056
1056
990
1056
720
1059
1068
1059
1053
1059
1059
876
1053
1050
505
834
833
498
1102
1161
876
707
1103
1066
566
1209
539
1057
545
399
354
567
1154
1000
1114
666
1123
419
495
966
850
1148
592
1134
1059
732
618
414
564
198
1078
1144
1096
1063
705
1143
1117
930
437
349
1111
657
1154
1175
1056
978
492
845
506
613
699
1009
276
564
825
928
1151
1124
924
1105
450
744
429
795
833
1063
972
790
101
997
965
868
1218
1225
1064
909
681
572
801
783
414
846
1027
1053
1050
1050
600
81
0
0
0
0
0
525
1068
1068
1056
1059
1056
1063
589
508
236
230
985
245
1062
1059
1056
1056
1056
871
579
579
1020
330
930
1056
1056
1050
1059
1067
1081
792
373
356
1115
1151
1083
1090
1057
531
246
352
509
447
97
244
347
304
100
102
0
367
1061
1053
1050
1056
1062
1059
1056
1056
845
335
0
435
0
222
0
528
450
0
372
354
492
451
277
0
1057
924
835
1107
668
833
361
373
676
944
549
563
466
397
855
484
543
1025
569
720
906
627
0
1080
1115
1106
1050
942
834
1050
864
450
1053
1008
911
789
600
492
96
0
276
1076
1092
721
400
1067
1059
1065
1065
564
1056
1129
863
982
400
495
390
222
1088
1028
1082
1053
1050
1050
525
0
1
0
0
0
0
0
0
0
0
0
0
0
599
1129
1086
1107
584
1103
1065
1057
234
487
196
489
223
435
398
222
1028
273
662
299
1179
817
1066
450
1038
930
864
279
495
354
288
381
495
924
1081
1214
901
1078
1107
1100
468
1053
1113
1121
1062
1056
852
1114
460
1170
1148
1133
1101
1077
1109
1152
1166
583
0
0
0
0
0
1
0
0
0
0
0
0
0
528
528
0
0
0
0
0
540
1126
856
632
504
495
357
232
433
400
589
264
532
694
1021
587
957
1124
495
1096
966
628
1132
661
530
1096
532
770
1002
510
780
883
554
846
978
732
354
786
1089
1104
1073
0
0
526
0
0
0
0
0
0
0
0
0
0
0
0
0
0
0
0
0
0
0
0
0
0
0
0
534
1111
1103
525
0
0
0
0
0
0
0
0
0
0
0
525
1053
1056
1085
1092
780
884
638
1065
987
249
628
366
1062
1280
1249
1088
1062
594
1323
1339
236
103
223
1156
695
1035
1059
1065
1062
639
701
515
1358
1514
1073
1068
1058
969
1318
1216
1083
1087
1065
1205
1107
1079
1059
1068
1059
1050
1050
1052
1050
1059
1062
1077
1080
1059
1056
1053
1053
963
1053
1071
413
1031
277
366
1050
1050
1056
1062
1056
1038
732
414
937
500
981
456
1015
1129
1137
1007
1017
1050
1069
1135
1117
1126
1206
606
0
0
0
0
1
0
0
0
0
0
0
0
0
0
0
0
0
0
0
611
1139
1056
1062
1062
1056
1050
1050
1050
1056
1050
1053
1056
870
696
445
222
366
823
1000
699
1062
981
1155
1151
687
1036
1120
751
278
222
723
438
570
959
670
1042
733
192
702
796
877
1150
1089
1056
1055
1050
1056
420
402
1056
1056
1050
1056
816
354
882
948
786
432
432
354
925
391
243
0
297
569
0
811
717
825
698
442
135
950
370
747
385
99
410
313
441
509
407
399
423
321
488
324
260
199
1053
1032
541
930
276
469
775
356
374
96
1056
1084
1102
1070
1073
1070
525
0
0
0
0
0
0
0
0
0
0
0
0
0
0
0
0
537
1062
1056
1068
1020
978
1002
624
356
384
282
589
868
739
516
649
1121
1060
642
432
444
852
1150
1049
845
1077
948
927
267
878
1044
520
808
924
1068
975
828
756
624
330
990
1137
803
1054
192
432
637
372
948
766
1136
105
746
1061
680
486
444
433
284
1018
1120
879
463
1051
1056
1056
1056
1056
1056
1038
450
222
888
759
789
630
684
939
1050
1050
1053
1053
1071
1071
723
432
354
1056
1059
1053
1050
540
1059
1068
1059
660
456
986
1050
1026
747
690
936
774
357
569
1082
1056
1062
1056
222
375
0
237
97
396
96
222
372
376
529
1050
1050
276
660
1096
1112
1074
1062
1083
552
0
0
0
0
0
0
0
0
0
0
0
0
525
1050
1056
1056
1085
1134
1097
832
289
487
561
279
192
432
96
980
559
505
955
1137
1053
435
607
540
96
512
96
581
845
999
904
1186
1115
1147
1103
1051
1050
1059
1059
1056
1063
1092
1125
1132
1155
1108
1059
1059
612
675
818
533
720
474
384
1095
1241
1023
1127
1087
1062
720
96
234
0
558
1143
1239
1263
1213
1258
1251
1220
1149
1214
1227
1205
1162
1174
973
615
524
772
1088
1072
1086
1104
1081
1062
1059
1062
1020
960
798
384
1050
1137
1357
1469
1448
1433
1300
1093
1107
1100
1090
1070
1090
1082
1059
1053
1056
1096
1146
1128
1114
1100
1078
1077
1056
1050
1067
1070
877
828
1054
1066
1067
1053
1077
821
1072
1053
1091
1098
1086
838
323
1098
1088
1077
970
1056
1079
1072
1120
752
1083
495
754
580
283
618
582
1023
1059
1072
1073
1062
1056
1053
621
93
0
0
0
0
0
0
0
0
0
0
