0
0
0
0
0
0
0
0
0
0
0
0
0
0
354
0
0
0
0
0
0
0
0
0
0
0
0
0
0
0
0
0
336
339
315
310
519
1044
1050
1059
1072
1074
1068
1062
1059
1062
1068
1060
1053
1053
1059
1002
759
450
486
484
415
96
0
612
1053
228
736
561
402
288
486
417
99
222
222
96
0
330
192
366
444
636
444
396
432
414
606
432
542
492
540
492
414
396
396
276
396
432
330
276
435
453
468
639
642
0
333
276
0
276
0
234
0
222
276
222
96
222
276
0
0
0
0
0
0
276
192
222
330
330
396
225
276
96
0
0
96
0
0
0
96
0
0
0
96
276
0
0
96
0
222
0
0
96
276
96
432
330
192
222
192
96
0
0
222
0
356
513
537
612
552
499
372
279
350
447
429
528
663
591
447
446
614
613
510
663
450
282
382
1059
108
306
816
357
0
705
402
606
609
357
609
567
399
282
357
360
0
277
432
330
354
222
222
0
222
222
354
603
579
357
357
279
96
96
0
223
0
0
0
0
276
384
276
96
1023
957
1044
357
561
227
790
1038
990
1057
802
851
909
1047
853
1011
1039
958
906
789
789
245
276
1053
1065
1062
1053
990
600
791
364
357
237
96
222
1014
702
896
958
1012
958
830
906
834
786
576
486
486
918
786
1047
921
1042
1052
918
1054
232
504
567
379
712
494
507
570
360
0
675
103
436
659
414
0
984
510
468
468
543
372
357
105
493
837
837
571
239
387
727
615
619
370
508
843
610
630
103
245
929
843
242
289
225
106
337
235
282
105
0
0
0
98
0
0
237
234
0
227
0
282
98
104
199
286
0
228
0
107
0
0
105
193
0
0
228
203
0
0
102
0
102
0
102
4
0
240
0
0
224
0
0
96
99
105
192
193
192
696
552
942
918
840
444
276
803
1056
1071
1068
1059
1065
1065
1062
1065
1062
1065
1040
900
1063
1065
1065
1062
1062
572
1053
1059
1062
1056
1053
837
1059
1082
1065
1059
1059
1023
1032
1053
1053
1053
483
969
1062
378
1056
1001
1081
1023
894
612
444
492
225
486
0
330
0
912
707
389
636
1060
1053
1050
1059
1065
1059
954
1056
963
1023
1065
1067
579
104
1069
1122
1123
1062
1116
1122
1059
1050
1008
744
656
828
354
983
1182
1221
1240
1203
1144
1199
1275
1299
1245
1133
1179
1222
1236
1071
1111
1112
609
585
978
531
738
513
357
495
294
537
1128
1081
1161
1150
1083
696
618
510
234
96
366
848
814
685
1170
1135
880
497
693
861
294
803
1027
519
731
879
1157
1057
406
1121
1063
984
537
658
396
833
1061
704
869
505
1177
1068
405
828
288
814
1008
1068
1085
0
1042
523
629
1034
402
849
513
942
1133
1128
1013
354
801
1056
1056
1056
1062
1062
1080
1074
525
0
0
1
0
0
0
0
0
0
0
0
0
534
1116
1109
1062
871
960
918
990
531
474
1146
1280
1275
1263
1059
1216
1362
1270
1299
1316
1238
1232
1075
1014
1125
1087
1108
1085
1062
1053
1053
449
612
516
242
435
284
99
570
592
663
430
981
913
456
700
593
1060
1047
1056
683
431
360
483
498
96
288
453
552
1064
1307
1119
871
1098
825
240
765
1127
955
538
644
825
408
1095
527
453
0
0
651
647
686
1003
1116
1056
1056
471
940
282
687
1040
707
931
502
1172
957
564
605
387
863
743
966
699
892
709
842
880
594
860
565
1057
1080
1098
1066
1062
1068
1065
1053
1059
375
843
756
558
433
96
276
192
282
288
288
432
279
222
222
468
1050
1056
1056
1056
1059
1097
1102
1087
1137
655
728
1176
1136
1081
1065
1059
810
1090
1091
1071
1077
1068
1062
1065
1060
1062
534
0
0
0
0
0
0
0
0
0
0
0
0
0
0
0
0
0
0
0
0
0
0
0
0
0
537
1071
1065
1071
1068
1059
374
861
1056
1050
941
1059
1062
1065
387
1056
1062
1062
1050
1065
540
0
0
0
0
0
0
0
0
0
0
0
0
0
0
0
0
0
0
0
0
525
1050
960
1002
1059
1059
1059
1071
1071
1062
1059
951
1056
606
606
567
450
387
842
918
978
547
952
1080
800
1120
1105
1061
96
372
989
751
1060
615
402
677
834
722
537
1118
1057
510
711
545
0
292
381
231
295
668
369
1028
1179
919
799
786
609
240
577
420
468
712
1053
938
814
687
534
764
945
675
516
811
1130
1040
1092
498
759
827
763
386
1114
1107
375
419
248
218
931
1054
1186
1058
682
336
739
495
548
730
624
1062
641
1056
624
114
576
225
491
222
434
504
478
972
501
1060
1056
1056
1062
1062
645
1061
941
930
504
714
751
495
606
360
657
858
562
918
923
688
1107
388
796
543
700
276
628
903
687
534
695
918
1133
625
1187
1099
828
573
564
279
585
1069
899
1095
656
881
1091
1091
1071
1065
1056
1056
1020
1052
496
507
579
533
618
705
1053
1053
1065
1068
1062
606
672
1055
1070
971
1038
1055
1056
1093
920
1137
1104
1074
1037
1120
1055
1057
1069
1067
1059
1074
986
677
1102
647
436
405
901
1095
287
388
223
621
830
0
722
0
373
251
0
0
393
5
360
0
658
427
783
530
526
685
1086
1070
1065
999
750
276
96
1062
1062
606
0
699
604
820
308
623
428
0
237
390
878
380
950
993
850
375
372
375
0
0
280
962
361
0
0
0
286
570
1056
1060
1050
1059
1062
569
931
370
429
245
0
0
250
0
0
108
0
894
494
579
699
897
1062
938
1063
372
420
640
1051
933
921
636
233
1029
1056
1054
795
403
1053
1054
565
1069
1077
1120
1171
1193
1134
1113
917
502
612
374
515
978
1102
1139
988
612
408
437
650
387
241
366
230
233
0
1065
99
367
721
821
366
232
924
969
636
360
0
222
0
0
96
111
379
290
239
0
236
0
96
1026
1056
1049
1068
511
385
391
390
0
123
0
0
0
376
249
875
1079
1086
1072
1087
1053
521
961
835
360
497
644
262
886
876
1003
1015
820
798
375
704
1056
1080
1103
613
933
1073
1075
1031
372
1052
974
440
1095
1102
1062
1068
729
1087
629
504
359
1083
553
525
431
123
280
297
532
558
383
993
1071
1078
1081
1039
924
582
1056
1056
1061
313
624
850
1051
1056
1032
1047
333
222
749
772
357
234
625
1050
1116
1172
625
1171
1154
1096
1121
996
699
318
411
546
336
420
355
435
446
474
951
1099
1095
1056
1056
840
759
102
99
612
498
1041
1059
1109
1124
1133
1122
1062
1065
1071
1071
1096
1096
639
831
439
969
372
98
96
0
432
869
600
750
1082
1081
1056
1059
708
705
276
0
420
237
462
198
915
1050
717
204
519
504
1024
1196
735
937
1157
703
427
1090
525
675
1051
442
1095
1072
584
709
102
902
997
489
1003
108
1206
1101
1082
1063
1062
1056
1050
1056
1062
516
984
834
1059
1056
1056
1059
1053
1087
358
511
379
664
389
817
1068
1054
955
808
748
222
1051
1057
282
96
1053
924
1059
1079
1083
1056
1056
1072
537
0
0
0
0
0
0
0
0
0
0
0
0
0
0
0
0
0
0
0
0
537
1077
1068
1062
591
1056
642
828
372
276
374
486
372
860
746
1080
701
832
1085
680
282
1219
1091
558
0
717
665
1053
547
1033
0
1090
428
636
665
1139
1056
615
374
1199
1176
1056
559
1075
712
537
1132
1128
707
105
883
941
426
602
1145
497
645
1051
1153
853
1118
570
573
1008
284
634
695
1123
763
415
1165
1178
940
1074
228
1055
764
718
1100
917
1059
558
618
384
1037
1131
878
795
1040
749
290
1124
696
540
863
1178
855
1097
453
1064
984
779
840
839
732
1095
1066
200
1032
281
931
797
233
1062
1077
1066
222
1062
236
856
1059
1053
1059
1072
1079
501
350
495
278
235
372
422
465
1161
1185
1128
1086
1079
1085
1071
1065
1068
1082
1056
599
854
597
357
435
222
397
659
602
531
512
995
1110
837
234
832
510
738
727
854
697
1150
805
1065
250
807
474
780
498
435
671
702
374
566
819
1126
693
1181
1114
540
439
447
960
947
775
993
950
1111
1095
1071
1053
1059
1065
1002
1056
1059
1062
1071
1074
1056
1065
606
293
645
642
201
374
281
1110
1090
1077
1099
1057
616
369
505
261
247
1062
1299
1245
1248
1298
1131
1203
1244
1227
1222
1173
746
507
729
1134
1091
1096
1071
1086
1080
834
1035
423
366
387
363
1095
1263
1292
1257
1344
1294
1311
671
1101
1080
1068
1059
1050
1050
1057
1053
1062
1068
1062
1062
1065
1053
840
363
900
1062
1056
1056
1068
427
365
500
378
334
1021
1008
424
560
743
998
913
621
390
726
1051
582
288
228
380
0
224
354
332
330
330
97
227
102
102
295
109
0
300
0
0
300
112
110
238
110
229
282
425
514
234
280
278
0
0
286
276
425
371
385
707
1040
1082
1062
1050
1056
1086
1083
595
591
457
192
198
0
101
288
384
192
0
96
276
357
237
222
1068
1074
675
1056
728
468
400
296
306
372
0
1060
1053
1067
534
0
0
0
0
0
0
0
0
0
0
0
0
0
0
0
0
0
0
0
571
1173
1141
645
283
1085
705
636
307
226
0
750
476
866
1159
1012
411
1179
1027
609
1082
1082
450
1093
1089
369
1086
1078
579
696
1062
1097
213
1078
1080
993
199
1060
1059
276
843
282
810
720
1050
702
786
1059
1074
1071
1062
1051
1056
1041
636
1059
1065
1071
918
234
285
810
112
1004
857
1053
1120
1113
1077
1095
419
464
302
313
455
123
1094
1074
453
1002
1069
1034
902
1080
1057
1137
660
626
310
1132
1096
1071
1074
1083
585
830
1079
1050
1058
993
1060
1110
1105
1059
531
0
0
0
0
0
0
0
8
0
0
0
0
0
0
0
0
0
0
0
0
0
0
0
0
0
0
0
0
0
0
0
0
0
0
0
0
0
0
528
1069
1069
1056
820
906
691
917
818
359
362
339
359
107
363
0
0
382
787
704
748
652
121
0
387
846
531
379
1056
1079
1056
1062
1056
1044
852
576
768
588
492
609
954
564
486
276
918
552
1020
1062
1062
1068
1059
1053
1071
1032
1056
1017
535
579
489
659
358
1109
1136
1048
387
4
1078
1050
1029
576
629
583
414
838
1147
801
667
864
588
840
1015
1050
774
639
609
399
228
402
228
6
96
510
435
498
666
630
1059
1065
1059
1063
1062
348
1056
1065
1065
1065
795
1074
1071
1059
1056
1062
204
919
492
360
282
378
279
931
327
1022
237
1057
1065
1056
1053
1053
1059
1059
363
1062
1065
1068
534
0
0
0
0
0
0
0
0
0
0
0
0
0
0
0
0
0
0
0
0
525
1065
1071
1062
1059
1059
1082
1077
1065
1123
1114
1110
1155
1141
1093
1065
1079
1119
1099
1071
968
1054
1071
1068
528
879
600
288
372
432
361
103
195
562
348
667
520
1138
1130
1174
1106
628
1061
1053
1062
592
1059
1059
1062
1062
987
1059
1059
1087
1167
1135
1067
1075
697
491
1091
1065
1069
1109
570
908
946
1050
375
355
234
375
96
1109
570
1030
1074
1191
1045
594
519
340
500
825
746
589
642
1118
1071
1065
879
594
229
229
417
878
706
1099
514
1098
901
105
905
850
930
611
1150
1150
1127
1071
1079
659
889
1140
1099
690
818
525
1114
1240
1338
1212
1143
1361
1321
1338
1260
1164
1196
1101
531
0
0
0
0
0
0
0
2
0
0
0
0
0
0
0
0
0
0
0
0
0
0
0
0
0
0
0
0
0
0
0
0
0
0
0
0
0
0
0
0
0
0
0
531
1111
1109
1074
1092
1120
1109
757
749
409
347
695
663
928
1194
1285
1351
1434
1436
1322
935
1074
1065
1062
933
966
558
495
834
354
803
626
417
1191
1062
849
790
1008
432
96
498
711
606
1056
1148
1170
1188
608
453
1056
1059
1056
1056
380
759
1104
1071
757
1056
497
521
907
699
604
1011
937
771
810
1250
1050
726
495
646
1103
1153
471
681
1093
1047
723
507
942
456
531
1106
1159
1016
472
1136
396
799
414
1122
886
858
715
318
990
1067
1062
1062
1062
1062
1053
537
531
380
1059
1072
1083
1091
1079
519
0
0
0
0
0
0
0
7
0
0
0
0
0
0
0
0
531
1057
1093
1098
1059
1062
971
1062
600
405
901
394
1135
811
301
1111
1080
1075
1075
1064
1053
990
549
423
363
474
569
402
771
1062
1062
1067
1067
528
0
531
1062
1056
1038
846
1053
365
753
1053
1065
1065
1059
642
1059
1062
576
696
705
834
1029
788
724
333
453
348
916
905
1123
464
888
1116
913
490
412
1269
1082
1066
223
1053
726
1034
876
966
1056
705
1059
1065
1059
1017
675
228
867
897
1163
844
537
666
796
942
819
1135
855
1071
984
606
895
446
1093
1113
1113
1093
679
1043
682
1053
1050
1070
1065
222
543
354
936
815
989
993
1177
1018
246
1181
676
634
949
1069
729
375
861
397
1069
1056
1215
1147
970
501
872
937
499
1112
1052
1056
373
724
1165
590
1186
1165
1172
1056
605
222
832
828
784
679
754
1195
1083
1069
1059
1117
1053
810
446
1093
1091
718
740
1079
1056
1073
955
1053
845
1029
760
588
367
360
985
657
752
764
430
694
778
708
120
1101
706
715
371
671
660
499
229
0
290
369
600
1068
1073
1071
1071
1057
0
1053
1095
365
1116
469
1066
1134
1089
1082
438
1079
1079
966
1088
1120
582
1191
1002
1110
733
466
1177
1122
1103
763
1059
379
580
467
101
299
0
312
0
451
0
1064
1058
463
663
842
1076
1094
812
365
357
1063
1058
1062
1065
1065
1068
1065
1059
1065
1005
1059
722
1062
1068
1062
1059
1065
1065
891
1059
1056
510
837
846
501
1102
1166
882
712
1120
1071
564
1220
543
1071
549
410
354
567
1160
998
1115
669
1131
423
501
967
856
1160
589
1135
1058
732
618
414
565
204
1078
1151
1109
1080
711
1157
1112
930
441
354
1116
659
1167
1176
1059
979
493
846
511
618
694
1012
276
567
829
931
1156
1129
921
1117
464
745
438
800
839
1071
979
795
112
1010
964
865
1233
1243
1069
928
688
576
801
790
418
854
1025
1055
1050
1050
600
81
0
0
0
0
0
525
1068
1069
1062
1068
1062
1065
589
515
242
236
992
259
1071
1069
1056
1056
1056
873
583
584
1022
330
930
1058
1056
1056
1065
1071
1101
799
385
364
1128
1183
1087
1123
1069
547
259
370
523
463
102
247
350
309
103
105
0
368
1065
1053
1050
1062
1068
1068
1068
1065
861
340
0
441
0
225
0
535
453
0
377
355
502
457
279
0
1059
927
837
1110
677
841
371
374
682
953
560
567
471
391
858
486
545
1032
578
731
927
638
0
1077
1117
1118
1061
945
835
1056
870
458
1059
1008
909
790
603
498
104
0
279
1074
1099
731
401
1069
1059
1068
1068
567
1062
1125
877
989
409
504
405
222
1088
1036
1099
1062
1056
1053
525
0
0
0
0
4
0
0
0
0
0
0
0
0
598
1137
1085
1112
590
1118
1075
1065
247
508
203
495
241
458
414
231
1029
277
671
312
1199
823
1071
459
1038
930
864
283
495
354
288
381
495
926
1088
1227
913
1093
1122
1104
468
1062
1124
1117
1076
1074
861
1121
463
1190
1165
1136
1101
1081
1115
1156
1170
588
0
0
0
0
0
19
0
0
0
0
0
0
0
531
531
0
0
0
0
0
537
1132
864
639
520
508
368
249
436
406
594
266
565
708
1030
586
951
1110
508
1112
975
638
1137
678
548
1098
534
768
1002
510
780
887
562
852
981
738
368
794
1110
1123
1085
0
0
530
0
15
0
0
0
0
0
0
0
0
0
0
0
0
0
0
0
0
0
0
0
0
0
0
534
1112
1113
528
0
0
0
0
0
0
0
0
0
1
0
531
1059
1059
1086
1095
789
897
644
1065
988
256
624
373
1083
1291
1263
1097
1065
599
1349
1344
248
117
225
1148
698
1033
1068
1068
1065
645
721
523
1355
1513
1073
1071
1059
969
1324
1238
1102
1095
1065
1196
1105
1086
1062
1068
1059
1056
1056
1050
1056
1068
1074
1086
1080
1059
1059
1059
1062
972
1059
1073
416
1035
281
369
1057
1057
1056
1062
1062
1044
732
417
945
512
989
465
1021
1133
1140
1021
1033
1050
1072
1136
1112
1131
1210
614
0
7
0
0
2
0
0
0
0
0
0
0
0
0
0
0
0
0
0
615
1141
1059
1068
1065
1059
1057
1050
1053
1059
1053
1059
1061
873
699
450
222
366
822
998
701
1069
991
1162
1162
690
1046
1128
755
287
234
723
441
575
960
680
1049
740
200
705
798
886
1156
1104
1062
1060
1050
1059
429
403
1062
1062
1059
1062
821
354
885
960
798
439
435
355
924
387
246
0
303
572
0
816
729
840
706
452
135
958
382
761
396
99
417
316
454
517
425
410
435
325
501
335
272
205
1061
1039
557
939
282
477
785
365
377
96
1059
1090
1102
1069
1075
1073
525
0
0
0
0
0
2
0
0
0
0
0
0
0
0
0
0
543
1071
1068
1077
1023
984
1002
624
363
390
282
594
869
747
516
652
1124
1062
649
438
450
855
1154
1054
854
1089
952
935
274
889
1044
533
819
925
1074
987
837
760
627
334
991
1145
809
1056
193
432
638
372
947
772
1146
117
765
1069
681
492
444
436
285
1019
1122
879
477
1069
1065
1056
1056
1062
1068
1047
450
222
894
765
789
631
687
945
1053
1053
1062
1062
1071
1071
724
434
354
1065
1068
1053
1050
543
1063
1071
1076
660
456
991
1050
1029
744
691
939
777
357
570
1083
1056
1068
1065
225
375
0
237
99
399
96
222
372
378
536
1052
1050
279
663
1109
1134
1074
1065
1086
552
0
0
2
0
0
0
0
0
0
0
0
0
528
1060
1059
1059
1092
1148
1106
846
297
495
570
292
201
435
96
980
562
514
957
1145
1059
447
612
549
102
513
101
582
853
1013
921
1201
1121
1150
1105
1056
1065
1071
1065
1056
1068
1103
1134
1148
1171
1119
1068
1059
618
681
823
534
721
479
384
1101
1250
1026
1136
1092
1068
729
109
234
0
561
1140
1242
1270
1220
1276
1265
1229
1159
1219
1228
1214
1168
1173
974
618
525
777
1098
1083
1087
1115
1093
1071
1065
1068
1022
960
798
384
1050
1134
1364
1472
1453
1443
1304
1099
1111
1111
1099
1077
1099
1086
1068
1063
1062
1095
1146
1134
1118
1106
1077
1078
1062
1056
1071
1089
887
841
1064
1070
1071
1056
1082
832
1077
1053
1097
1101
1094
851
329
1096
1095
1086
967
1068
1095
1075
1126
763
1082
500
755
590
288
621
582
1026
1065
1076
1080
1065
1059
1053
618
93
0
0
0
0
0
0
0
0
0
0
