0
0
0
0
0
0
0
0
0
0
0
0
0
0
0
114
0
0
0
0
0
0
0
0
0
0
0
0
0
0
0
0
0
0
0
0
0
170
173
6
6
6
6
6
6
6
6
6
6
6
6
6
6
6
6
6
6
6
6
0
6
6
6
6
6
6
6
6
6
6
6
6
6
0
6
6
6
6
6
6
6
6
6
6
6
6
6
6
6
6
6
6
6
6
6
6
6
6
6
6
6
6
0
6
6
0
6
0
6
0
6
6
6
6
6
6
0
0
0
0
0
0
6
6
6
6
6
6
6
6
6
0
0
6
0
0
0
6
0
0
0
6
6
0
0
6
0
6
0
0
6
6
6
6
6
6
6
6
6
0
0
6
0
6
6
6
6
6
6
6
6
6
6
6
6
6
6
6
6
6
6
6
6
6
6
6
6
6
6
6
6
0
6
6
6
6
6
6
6
6
6
6
6
0
6
6
6
6
6
6
0
6
6
6
6
6
6
6
6
6
6
0
6
0
0
0
0
6
6
6
6
6
6
6
6
6
6
6
6
6
6
6
6
6
6
6
6
6
6
6
6
6
6
6
6
6
6
6
6
6
6
6
6
6
6
6
6
4
6
6
6
6
6
6
6
6
6
6
6
6
6
6
6
6
6
6
6
6
6
6
6
6
6
6
6
6
0
6
6
6
6
6
0
6
6
6
6
8
8
6
6
7
7
6
8
8
10
6
6
10
9
9
6
6
15
7
8
11
6
6
6
6
6
6
6
6
6
0
0
0
6
0
0
6
6
0
6
0
6
6
6
6
6
0
6
0
6
0
0
6
6
0
0
6
6
0
0
6
0
6
0
6
0
0
6
0
0
6
0
0
6
6
6
6
6
6
6
6
6
6
6
6
6
6
6
6
6
6
6
6
6
6
6
6
6
6
6
6
6
6
6
6
6
6
6
6
6
6
6
6
6
6
6
6
6
6
6
6
6
6
6
6
6
18
17
6
6
6
6
6
6
6
0
6
0
23
6
6
9
6
6
6
6
6
6
6
6
6
6
6
6
6
6
6
41
42
6
57
60
6
6
6
6
6
6
6
9
26
34
31
36
27
36
53
63
56
29
32
48
33
7
38
38
6
6
6
6
6
6
6
8
6
15
23
33
50
36
7
6
6
6
6
6
7
21
15
21
29
36
24
12
28
6
6
23
25
15
23
36
88
98
16
52
9
8
6
8
6
19
47
8
17
12
21
6
6
6
6
7
25
27
22
0
57
9
8
39
11
13
16
31
18
18
6
6
6
6
6
6
6
6
6
6
3
0
0
0
0
0
0
0
0
0
0
0
0
3
25
24
6
6
6
6
6
6
6
21
39
44
37
11
40
35
32
33
61
76
9
14
25
39
19
24
23
6
6
6
6
6
6
6
6
6
6
9
13
6
6
7
17
6
6
6
6
6
6
6
6
6
6
6
6
6
6
17
19
53
27
7
19
6
6
10
23
15
7
11
12
14
15
6
9
0
0
10
12
20
15
15
6
6
6
6
6
9
41
14
14
6
15
6
6
6
6
10
13
11
25
23
15
14
22
18
24
24
10
18
10
6
6
6
6
6
6
6
6
6
6
6
6
6
6
6
6
6
6
6
6
6
6
6
6
6
6
6
24
24
15
54
50
33
74
50
14
6
6
6
25
23
6
6
6
6
6
6
6
3
0
0
0
0
0
0
0
0
0
0
0
0
0
0
0
0
0
0
0
0
0
0
0
0
0
3
6
6
6
6
6
6
6
6
6
6
6
6
6
6
6
6
6
6
6
3
0
0
0
0
0
0
0
0
0
0
0
0
0
0
0
0
0
0
0
0
3
6
6
6
6
6
6
6
6
6
6
6
6
6
6
6
6
9
22
25
8
41
33
14
6
13
30
6
6
6
16
29
9
27
10
17
33
6
17
31
6
6
6
6
0
6
6
6
6
6
6
13
51
6
6
6
6
6
6
6
6
15
29
19
10
18
8
23
6
10
16
27
26
23
17
6
12
35
10
10
13
9
6
6
6
6
9
31
40
6
6
6
9
20
6
9
14
7
6
6
6
6
6
6
6
6
6
10
17
12
6
6
6
6
6
6
6
6
6
6
6
6
6
6
6
6
14
16
20
26
22
17
22
11
22
13
6
6
18
16
18
13
23
21
66
22
86
32
6
6
6
6
14
43
27
25
23
44
55
17
6
6
6
6
6
6
6
6
6
6
6
6
6
6
6
6
6
6
6
6
8
8
6
6
6
22
35
63
20
11
74
83
6
6
6
6
6
11
10
11
22
21
16
21
38
24
6
10
6
24
22
0
16
0
14
11
0
0
13
0
6
0
21
17
21
11
10
27
8
6
6
6
6
6
6
6
6
6
0
4
6
14
8
9
9
0
8
10
16
11
18
9
14
13
13
7
0
0
6
6
6
0
0
0
6
6
6
6
6
6
6
6
12
16
14
10
0
0
10
0
0
8
0
35
6
6
6
6
6
6
6
6
6
6
6
6
6
6
6
6
6
6
6
6
6
6
6
6
6
22
82
99
60
60
44
12
33
22
23
39
26
44
37
19
17
17
15
8
7
6
6
7
0
8
6
6
11
14
8
6
12
13
6
6
0
6
0
0
6
6
12
8
8
0
8
0
6
11
6
16
20
10
6
13
20
0
13
0
0
0
23
10
25
8
8
7
16
17
15
23
16
6
6
17
9
23
17
15
18
14
6
6
4
8
11
20
17
12
12
14
14
6
9
8
6
17
17
6
6
6
17
18
8
7
36
21
19
16
9
10
13
28
27
18
21
10
17
18
6
7
7
6
6
8
12
15
6
6
6
6
6
6
6
6
6
6
6
6
12
14
23
12
26
20
18
24
19
15
11
17
7
6
6
6
6
6
31
40
42
22
6
6
6
6
6
6
6
6
6
6
21
20
37
36
6
6
6
6
15
15
6
6
6
6
6
6
6
0
6
16
10
6
23
10
6
6
4
4
6
0
6
6
6
6
23
6
6
6
6
7
23
29
19
13
34
25
18
12
11
18
19
22
29
9
6
6
6
18
39
10
14
6
28
10
9
6
6
6
6
6
6
6
6
6
6
6
6
6
13
18
11
13
11
33
18
20
9
6
6
6
6
6
6
6
6
6
6
6
6
16
16
6
6
6
3
0
0
0
0
0
0
0
0
0
0
0
0
0
0
0
0
0
0
0
0
3
6
6
6
6
6
6
6
6
6
6
6
6
15
18
13
45
40
13
6
6
27
6
6
0
8
16
14
22
20
0
27
19
9
10
18
6
6
6
30
33
6
6
16
19
6
16
14
7
6
25
6
7
13
23
12
23
38
67
56
40
6
6
29
13
12
14
22
10
8
21
38
11
12
6
13
13
6
7
6
6
6
6
6
13
18
21
12
22
25
14
29
12
24
21
35
26
19
6
22
32
12
15
15
22
8
6
6
6
6
6
11
6
7
7
7
6
7
6
6
6
6
6
6
6
6
6
6
6
6
6
9
10
42
70
35
6
9
8
6
6
6
6
6
6
6
6
6
6
6
6
14
17
9
11
9
11
6
6
6
6
7
17
14
20
23
16
12
7
15
9
6
8
9
9
15
6
18
6
34
39
83
33
6
6
6
25
26
15
16
17
38
8
7
6
6
6
6
6
6
6
6
6
8
8
6
6
6
6
6
6
6
26
45
22
47
38
13
12
13
11
8
9
35
28
31
38
23
24
31
28
28
22
4
6
9
35
44
6
6
6
6
6
6
6
6
6
6
6
20
23
28
48
39
41
15
18
10
6
6
6
6
6
6
6
6
6
6
6
6
6
6
6
6
6
6
6
6
6
6
6
6
6
6
6
6
12
31
36
6
6
6
6
6
6
6
6
0
6
6
6
6
6
6
6
6
6
10
10
0
10
0
0
10
10
8
6
6
7
6
8
6
6
6
6
0
0
6
6
7
8
8
6
10
11
6
6
6
6
6
6
6
6
6
6
0
6
6
6
6
0
6
6
6
6
6
6
6
6
6
6
13
13
10
10
11
0
6
6
6
3
0
0
0
0
0
0
0
0
0
0
0
0
0
0
0
0
0
0
0
6
70
67
6
6
16
31
33
14
13
0
40
22
57
56
53
21
66
43
29
49
51
7
43
37
6
37
28
12
22
19
24
7
16
17
11
6
8
6
6
6
6
6
6
6
6
6
6
6
6
6
6
6
14
15
6
6
6
6
6
6
6
6
6
6
6
32
32
10
17
13
15
10
10
22
8
14
14
12
13
18
20
18
10
6
76
45
30
12
40
24
6
6
15
23
17
11
6
6
6
6
28
29
6
3
0
0
0
0
0
0
0
0
0
0
0
0
0
0
0
0
0
0
0
0
0
0
0
0
0
0
0
0
0
0
0
0
0
0
0
0
0
0
3
10
9
6
6
39
26
39
15
6
6
6
6
6
6
0
0
8
22
31
18
13
8
0
20
28
12
6
6
6
6
6
6
6
6
6
6
6
6
6
6
6
6
6
6
6
6
6
6
6
6
6
6
6
6
6
6
6
6
6
6
51
59
46
14
0
30
6
6
6
8
8
6
16
53
40
10
15
13
6
6
6
6
6
6
6
6
6
6
0
6
6
6
6
6
6
6
6
6
6
6
6
6
6
6
6
6
6
6
6
6
6
6
6
6
6
6
6
6
20
16
8
6
27
7
6
6
6
6
6
6
6
6
6
3
0
0
0
0
0
0
0
0
0
0
0
0
0
0
0
0
0
0
0
0
3
6
6
6
6
6
15
15
6
26
26
73
98
57
29
6
12
62
53
24
36
42
10
6
6
6
6
6
6
6
6
6
6
6
8
12
10
32
35
35
15
6
6
6
6
6
6
6
6
6
6
6
6
12
46
41
6
24
31
34
21
15
15
24
24
28
11
6
6
6
6
6
6
17
6
34
32
21
6
6
6
6
6
19
12
9
13
14
6
6
6
6
6
6
6
11
20
9
24
38
6
6
11
17
19
17
17
50
49
6
6
14
50
59
29
44
20
17
57
70
33
33
34
38
19
82
75
62
99
47
3
0
0
0
0
0
0
0
0
0
0
0
0
0
0
0
0
0
0
0
0
0
0
0
0
0
0
0
0
0
0
0
0
0
0
0
0
0
0
0
0
0
0
0
3
38
32
6
6
69
79
12
10
6
10
12
18
6
43
67
72
73
73
85
38
8
6
6
6
6
6
6
6
6
26
7
8
28
6
6
6
6
6
6
10
19
22
23
45
61
32
6
6
6
6
6
6
6
29
28
6
6
6
6
6
6
6
12
33
8
6
8
45
6
6
6
13
23
23
12
15
11
6
6
6
6
6
6
21
29
19
31
47
6
6
6
18
32
18
20
10
27
14
6
6
6
6
6
6
6
6
6
6
6
8
178
173
0
0
0
0
0
0
0
0
0
0
0
0
0
0
0
0
3
6
19
16
6
6
6
6
8
13
30
18
30
23
9
25
11
11
12
6
6
6
6
6
6
6
6
6
6
6
6
6
6
3
0
3
6
6
6
6
6
6
6
6
6
6
6
6
6
6
6
6
6
6
6
6
6
6
6
6
18
20
13
25
34
26
6
6
6
23
6
6
6
6
6
6
6
6
6
6
6
6
6
6
6
6
6
16
18
12
18
22
7
20
12
12
20
6
6
6
6
6
21
45
21
9
40
43
15
8
6
7
6
6
6
6
9
14
22
25
14
6
6
23
6
14
18
6
6
6
6
8
31
27
32
24
19
6
14
6
7
12
6
6
6
6
17
12
17
21
14
6
6
6
14
18
18
6
18
38
6
6
6
18
24
16
6
27
27
6
6
6
6
11
9
6
6
6
6
6
6
6
6
6
6
15
13
28
23
12
6
22
17
12
8
9
6
6
6
0
6
6
6
11
11
6
6
6
0
6
20
9
19
6
6
39
44
23
12
9
8
6
6
38
26
45
13
13
30
26
35
13
16
8
6
6
6
6
6
6
0
6
0
6
0
6
6
6
6
6
7
8
8
6
6
6
6
6
6
6
6
6
6
6
6
6
6
6
6
6
6
6
6
6
6
6
6
6
6
6
7
16
12
27
25
8
6
20
31
6
6
6
6
6
12
13
18
30
32
6
6
10
14
22
13
17
6
6
6
6
6
6
14
41
9
6
13
19
11
6
6
6
15
13
14
16
6
6
6
8
8
6
14
6
6
6
8
16
53
29
17
28
6
8
10
7
11
6
6
6
6
10
20
14
24
27
6
6
6
6
6
8
6
25
6
6
6
6
26
25
0
0
0
0
0
3
6
6
6
6
6
7
11
9
6
6
6
6
6
6
6
8
6
6
6
6
6
6
6
6
6
6
6
8
11
6
6
6
23
38
22
43
50
18
6
9
9
8
6
8
7
8
6
6
0
8
6
6
6
6
6
6
6
6
6
6
0
6
0
6
0
6
6
0
6
6
6
6
6
0
6
6
12
21
15
6
7
7
6
8
11
13
8
8
15
9
10
6
6
6
6
13
0
12
58
58
6
6
6
6
6
6
6
6
6
6
6
6
6
0
6
14
10
6
8
9
6
6
6
6
6
34
32
44
19
6
6
6
36
53
33
6
6
6
3
0
0
0
0
0
0
0
0
0
0
0
0
0
42
44
11
24
19
58
31
6
6
6
6
6
6
6
6
6
36
17
20
11
35
16
10
6
6
6
6
6
6
6
6
13
13
35
35
84
15
33
27
25
6
6
21
20
6
6
6
39
42
64
41
27
14
7
52
100
78
25
0
0
0
0
0
0
0
0
0
0
0
0
0
3
3
0
0
0
0
0
14
22
18
16
24
23
24
10
13
17
16
7
24
27
55
17
38
57
18
49
54
35
42
12
21
35
9
6
6
6
6
6
6
6
6
6
6
6
27
30
10
0
0
3
0
0
0
0
0
0
0
0
0
0
0
0
0
0
0
0
0
0
0
0
0
0
0
0
3
29
28
3
0
0
0
0
0
0
0
0
0
0
0
3
6
6
14
14
6
6
6
10
10
6
6
6
12
33
64
49
6
11
72
79
6
6
6
58
33
7
6
6
6
6
7
7
51
90
11
10
6
6
16
11
21
19
16
10
14
14
6
6
6
6
6
6
6
6
6
6
6
6
6
6
6
6
6
12
13
11
6
6
6
6
6
6
6
6
6
6
6
6
6
7
15
53
62
21
6
6
11
24
18
30
74
52
0
0
0
0
0
0
0
0
0
0
0
0
0
0
0
0
0
0
0
65
67
6
6
6
6
6
6
6
6
6
6
6
6
6
6
6
6
12
21
30
40
22
25
23
8
39
38
6
6
6
6
6
6
7
10
22
8
6
16
19
34
53
21
6
6
6
6
6
6
6
6
6
6
6
6
6
6
6
6
6
6
10
13
8
0
8
11
0
11
44
48
38
23
11
51
11
27
13
6
7
14
34
37
23
15
23
17
38
17
11
9
95
47
16
11
6
6
6
6
6
6
6
16
18
9
11
11
3
0
0
0
0
0
0
0
0
0
0
0
0
0
0
0
0
9
12
6
6
6
6
6
6
6
6
6
12
31
11
14
21
43
6
6
6
6
8
22
14
45
51
32
14
10
29
19
16
26
9
6
6
6
6
6
6
21
62
11
6
6
6
6
6
21
25
23
6
20
10
6
6
6
6
6
24
52
7
11
6
6
6
6
6
6
6
6
6
6
6
6
6
6
6
6
6
6
6
6
6
6
6
6
6
6
6
6
6
6
8
7
6
6
6
6
6
6
6
6
6
6
6
6
6
6
6
6
6
0
6
6
6
6
6
6
6
6
6
6
6
6
21
20
6
6
6
3
0
0
0
0
0
0
0
0
0
0
0
0
3
6
6
6
15
57
49
6
6
6
6
6
6
6
6
39
11
7
12
18
6
6
6
6
6
12
6
16
24
21
32
45
23
68
42
6
6
6
6
6
6
14
48
62
78
53
6
6
6
6
6
6
6
6
6
51
90
25
43
13
6
6
6
6
0
6
13
40
51
56
52
51
59
34
50
47
32
22
28
24
18
15
22
49
47
53
21
14
6
6
6
6
6
6
6
6
6
70
83
93
84
62
18
32
45
30
14
29
20
6
6
6
12
46
44
32
26
14
14
6
6
10
11
11
11
6
6
6
6
22
27
25
6
20
20
27
23
13
15
24
20
6
6
15
15
43
47
13
6
6
6
6
6
6
6
6
10
10
6
6
6
32
29
0
0
0
0
0
0
0
0
0
0
