1785
1785
1785
1785
1785
1785
1785
1785
1785
1785
1787
1785
1785
1785
1785
1783
1782
1782
1782
1782
1782
1782
1782
1786
1803
1832
1837
1832
1846
1904
1916
1917
1924
1973
1976
1976
1975
1975
1990
2021
2053
2050
2060
2106
2109
2136
2159
2162
2154
2193
2243
2211
2188
2232
2237
2180
2215
2236
2214
2237
2247
2247
2247
2247
2247
2247
2247
2247
2247
2247
2248
2248
2247
2247
2247
2248
2248
2248
2247
2206
2247
2247
2247
2246
2244
2244
2244
2246
2246
2246
2247
2247
2248
2248
2248
2248
2247
2245
2245
2245
2245
2245
2245
2245
2245
2246
2246
2246
2248
2248
2248
2248
2248
2248
2248
2248
2248
2248
2248
2248
2250
2250
2250
2250
2250
2250
2250
2250
2250
2250
2250
2250
2253
2263
2277
2287
2295
2304
2289
2289
2287
2303
2267
2290
2342
2410
2428
2436
2447
2463
2468
2480
2488
2486
2488
2486
2486
2486
2486
2486
2486
2486
2486
2486
2486
2485
2485
2485
2483
2483
2483
2483
2483
2483
2483
2483
2483
2483
2483
2483
2476
2476
2476
2476
2476
2476
2476
2476
2476
2476
2476
2476
2477
2477
2477
2477
2477
2477
2477
2477
2477
2477
2477
2477
2477
2477
2477
2477
2477
2477
2477
2477
2477
2477
2477
2477
2477
2477
2477
2477
2477
2476
2476
2476
2476
2476
2476
2476
2477
2477
2477
2477
2477
2477
2477
2477
2477
2477
2477
2477
2477
2477
2477
2477
2477
2477
2477
2477
2477
2477
2477
2477
2477
2477
2477
2477
2477
2477
2477
2477
2477
2466
2466
2460
2442
2437
2451
2443
2444
2451
2441
2458
2426
2438
2467
2445
2451
2457
2434
2423
2432
2433
2425
2434
2443
2446
2434
2436
2441
2434
2406
2442
2448
2426
2438
2455
2477
2475
2480
2481
2481
2480
2469
2462
2464
2470
2481
2481
2406
2406
2419
2427
2428
2452
2456
2461
2473
2473
2474
2474
2475
2473
2474
2475
2473
2473
2473
2473
2473
2467
2438
2441
2473
2475
2475
2469
2465
2465
2454
2444
2433
2432
2426
2429
2429
2430
2440
2445
2441
2441
2440
2435
2435
2435
2454
2455
2455
2460
2463
2464
2466
2466
2466
2468
2468
2468
2468
2468
2468
2471
2471
2471
2471
2478
2478
2477
2477
2477
2477
2477
2477
2477
2477
2477
2481
2481
2481
2481
2481
2481
2480
2480
2480
2480
2480
2480
2479
2479
2479
2479
2479
2479
2479
2479
2479
2480
2480
2480
2485
2484
2484
2484
2484
2462
2392
2380
2384
2408
2462
2388
2479
2479
2440
2431
2443
2477
2476
2477
2411
2436
2430
2415
2473
2475
2475
2462
2466
2475
2468
2405
2425
2465
2419
2384
2477
2478
2481
2482
2479
2481
2481
2448
2404
2433
2433
2403
2469
2476
2476
2476
2473
2466
2472
2467
2425
2393
2399
2452
2483
2483
2483
2483
2483
2483
2483
2483
2483
2483
2483
2483
2473
2473
2473
2473
2473
2473
2473
2473
2473
2473
2473
2473
2474
2474
2474
2474
2474
2474
2474
2474
2474
2474
2474
2474
2477
2477
2477
2477
2477
2477
2477
2477
2477
2477
2477
2477
2477
2477
2477
2477
2477
2477
2477
2477
2483
2489
2493
2522
2545
2597
2693
2753
2733
2762
2762
2762
2762
2762
2762
2762
2767
2767
2767
2782
2808
2837
2853
2875
2891
2893
2893
2893
2888
2888
2888
2890
2890
2890
2890
2927
2944
2930
2949
2968
3014
3014
3014
3014
3014
3014
3014
3013
3013
3013
3029
3054
3104
3144
3141
3145
3165
3184
3184
3181
3182
3182
3182
3181
3177
3177
3177
3177
3177
3177
3177
3177
3177
3241
3323
3324
3322
3322
3323
3323
3331
3369
3353
3374
3384
3406
3395
3401
3422
3465
3499
3498
3499
3499
3501
3524
3554
3551
3562
3617
3614
3618
3631
3678
3666
3666
3689
3724
3724
3724
3723
3723
3730
3731
3759
3761
3761
3778
3760
3767
3704
3789
3790
3790
3781
3781
3781
3781
3781
3781
3781
3786
3862
3925
3886
3884
3880
3880
3944
3998
4003
3941
3994
4057
4004
4064
4023
4039
4043
4054
4035
4025
4060
4060
4060
4061
4061
4060
4060
4014
4062
4017
4048
4061
4061
4061
4061
4061
4061
4061
4061
4093
4172
4194
4194
4195
4208
4251
4226
4252
4282
4306
4280
4292
4313
4351
4408
4417
4434
4433
4445
4467
4479
4478
4478
4478
4476
4477
4559
4577
4531
4527
4525
4586
4624
4611
4596
4629
4659
4664
4664
4666
4665
4665
4665
4665
4669
4694
4758
4812
4811
4808
4811
4811
4811
4811
4811
4829
4862
4892
4903
4908
4932
4930
4931
4929
4934
4957
5008
5054
5054
5049
5051
5051
5052
5041
5049
5052
5040
5053
5054
5054
5054
5054
5062
5054
5054
5054
5054
5054
5054
5054
5054
5054
5054
5054
5054
5054
5054
5054
5054
5054
5054
5054
5054
5054
5054
5054
5054
5054
5049
5049
5049
5049
5049
5049
5049
5049
5049
5049
5049
5049
5048
5048
5048
5048
5048
5048
5048
5048
5048
5048
5048
5048
5047
5047
5047
5047
5047
5047
5047
5047
5047
5047
5047
5047
5047
5047
5047
5047
5047
5047
5047
5047
5047
5047
5047
5047
5047
5047
5047
5047
5047
5047
5047
5047
5047
5047
5047
5047
5049
5049
5049
5049
5049
5049
5049
5049
5049
5049
5049
5049
5051
5050
5050
5050
5050
5050
5050
5050
5050
5050
5049
5049
5046
5046
5046
5046
5046
5046
5046
5046
5045
5045
5045
5045
5048
5048
5048
5048
5048
5048
5048
5048
5048
5048
5048
5048
5049
5049
5049
5049
5049
5052
5049
5049
5049
5049
5049
5049
5047
5047
5047
5047
5047
5047
5047
5047
5047
5047
5047
5047
5047
5047
5047
5047
5047
5047
5047
5047
5047
5047
5047
5047
5047
5047
5047
5047
5047
4976
5051
5010
4993
4981
5050
5049
5047
5047
5047
5047
5047
5047
5047
5047
5047
5047
5047
5047
5048
5048
5048
5049
5049
5049
5049
5049
5098
5095
5100
5100
5098
5098
5098
5098
5098
5104
5107
5102
5126
5170
5225
5302
5346
5318
5360
5361
5361
5361
5368
5400
5425
5432
5445
5446
5445
5445
5443
5443
5443
5456
5504
5484
5508
5531
5557
5559
5582
5581
5581
5581
5581
5611
5661
5732
5735
5735
5758
5780
5782
5783
5820
5885
5895
5896
5908
5955
5956
5955
5989
5992
5968
5979
6007
6074
6087
6088
6087
6088
6103
6147
6145
6156
6214
6213
6237
6279
6266
6262
6307
6315
6316
6318
6318
6318
6319
6319
6319
6319
6319
6319
6327
6351
6353
6374
6389
6390
6387
6387
6387
6410
6429
6429
6429
6414
6430
6430
6430
6431
6431
6431
6431
6431
6431
6431
6431
6431
6431
6431
6431
6431
6452
6549
6603
6603
6603
6602
6601
6601
6601
6601
6601
6601
6597
6597
6597
6597
6597
6623
6689
6656
6632
6653
6730
6735
6707
6756
6789
6788
6788
6794
6881
6936
6938
6937
6981
7012
7016
7016
7049
7101
7024
7082
7120
7185
7254
7262
7262
7261
7290
7290
7290
7289
7289
7289
7289
7289
7320
7382
7313
7305
7402
7443
7404
7437
7494
7494
7494
7495
7520
7567
7607
7605
7615
7637
7659
7674
7707
7691
7688
7742
7815
7839
7850
7851
7837
7882
7977
8021
8026
8026
8038
8057
8059
8065
8074
8090
8051
8088
8088
8089
8088
8088
8088
8088
8088
8089
8117
8216
8143
8153
8180
8216
8282
8286
8215
8293
8339
8341
8341
8344
8406
8443
8461
8461
8511
8542
8559
8584
8593
8564
8595
8617
8666
8675
8700
8701
8701
8731
8733
8736
8736
8735
8735
8735
8751
8814
8806
8795
8785
8856
8889
8849
8872
8933
8938
8939
8938
8986
9053
9066
9066
9093
9134
9131
9110
9174
9206
9227
9186
9214
9240
9254
9295
9342
9349
9349
9326
9349
9337
9266
9285
9316
9321
9322
9313
9345
9327
9325
9335
9313
9288
9257
9263
9283
9302
9278
9320
9338
9346
9348
9302
9307
9346
9292
9297
9356
9356
9350
9340
9351
9356
9357
9356
9355
9337
9357
9356
9357
9326
9357
9340
9359
9359
9359
9349
9355
9359
9357
9362
9352
9361
9357
9356
9351
9344
9291
9323
9345
9355
9355
9360
9360
9359
9359
9359
9359
9361
9370
9382
9388
9399
9412
9403
9403
9403
9403
9403
9403
9403
9403
9416
9411
9403
9425
9457
9498
9550
9590
9640
9678
9700
9713
9713
9713
9713
9713
9714
9714
9714
9714
9715
9691
9711
9715
9716
9658
9645
9656
9635
9711
9711
9655
9708
9709
9709
9709
9709
9709
9709
9709
9712
9642
9697
9642
9710
9678
9709
9709
9709
9698
9709
9709
9713
9713
9713
9643
9662
9647
9707
9707
9707
9709
9709
9709
9710
9710
9710
9751
9782
9763
9759
9800
9818
9835
9808
9852
9851
9851
9851
9851
9851
9851
9851
9859
9888
9922
9927
9949
9970
9974
9975
9921
9938
9972
9972
9972
9971
9971
9971
9971
9975
9975
9975
9975
9975
10006
10037
10095
10123
10119
10110
10169
10173
10173
10200
10274
10309
10310
10315
10358
10367
10364
10392
10382
10376
10418
10477
10506
10517
10516
10516
10516
10516
10516
10517
10517
10544
10581
10606
10584
10578
10649
10649
10649
10693
10730
10716
10729
10714
10762
10769
10767
10772
10772
10772
10772
10772
10772
10772
10772
10773
10773
10773
10773
10779
10912
10912
10773
10773
10773
10773
10700
10742
10745
10782
10782
10781
10781
10782
10780
10779
10767
10778
10778
10779
10779
10779
10779
10761
10754
10765
10722
10752
10774
10715
10719
10765
10711
10771
10703
10763
10767
10763
10772
10742
10707
10764
10746
10748
10720
10690
10732
10768
10769
10737
10686
10756
10761
10741
10757
10756
10712
10715
10757
10708
10672
10772
10772
10772
10757
10772
10772
10774
10774
10773
10752
10760
10774
10696
10726
10773
10761
10706
10772
10776
10777
10777
10760
10760
10770
10741
10775
10766
10700
10772
10772
10771
10772
10772
10773
10773
10733
10768
10764
10686
10772
10772
10772
10776
10776
10776
10777
10776
10768
10738
10769
10775
10776
10776
10776
10711
10784
10784
10764
10780
10729
10763
10766
10779
10778
10777
10778
10783
10769
10719
10749
10731
10761
10769
10773
10750
10756
10777
10775
10775
10737
10723
10777
10776
10756
10739
10719
10774
10738
10771
10728
10744
10738
10776
10776
10776
10764
10776
10776
10776
10776
10776
10776
10777
10777
10777
10777
10798
10804
10810
10827
10827
10827
10827
10827
10837
10837
10841
10865
10892
10885
10889
10918
10944
10954
10954
10983
11032
11032
11032
11032
11032
11032
11033
11047
11079
11104
11089
11128
11162
11162
11168
11219
11218
11200
11200
11200
11250
11276
11279
11280
11275
11275
11275
11274
11273
11275
11275
11275
11275
11275
11275
11275
11276
11276
11276
11276
11276
11276
11276
11276
11276
11276
11276
11276
11269
11269
11269
11269
11269
11269
11269
11269
11269
11269
11269
11248
11211
11262
11263
11263
11263
11263
11263
11263
11263
11268
11267
11267
11268
11268
11268
11268
11268
11268
11266
11262
11266
11264
11263
11263
11260
11206
11228
11271
11271
11271
11271
11271
11271
11271
11271
11271
11272
11275
11292
11312
11323
11327
11327
11327
11327
11327
11327
11327
11345
11351
11352
11373
11400
11452
11508
11561
11572
11598
11599
11600
11598
11598
11590
11591
11585
11585
11586
11590
11588
11504
11597
11595
11585
11584
11596
11596
11503
11567
11567
11498
11588
11596
11584
11540
11547
11599
11599
11536
11546
11577
11571
11600
11601
11601
11558
11572
11590
11555
11589
11589
11590
11590
11590
11590
11590
11590
11590
11592
11630
11636
11630
11630
11630
11665
11676
11676
11629
11674
11674
11674
11670
11670
11670
11670
11670
11670
11670
11670
11670
11670
11670
11670
11672
11672
11672
11672
11672
11673
11667
11673
11673
11673
11671
11659
11658
11658
11656
11656
11656
11659
11667
11676
11676
11675
11675
11675
11676
11676
11676
11676
11675
11675
11689
11697
11711
11725
11732
11742
11773
11761
11777
11786
11786
11786
11786
11786
11787
11787
11787
11809
11823
11858
11915
11904
11920
11959
11965
12026
12026
12001
12002
12088
12159
12190
12193
12196
12223
12225
12226
12225
12227
12227
12226
12226
12231
12244
12314
12306
12319
12319
12319
12340
12375
12406
12404
12423
12440
12435
12463
12455
12458
12489
12500
12514
12500
12510
12538
12563
12550
12577
12584
12583
12588
12638
12642
12653
12653
12653
12653
12653
12675
12704
12681
12732
12762
12762
12767
12816
12835
12830
12838
12837
12847
12854
12855
12841
12853
12853
12853
12853
12853
12853
12853
12853
12854
12881
12881
12890
12895
12906
12898
12907
12893
12892
12893
12891
12888
12904
12903
12904
12819
12866
12893
12840
12863
12906
12905
12905
12910
12910
12910
12910
12910
12910
12912
12913
12913
12913
12913
12946
12939
12951
12950
12941
12949
12949
12949
12949
12949
12949
12949
12931
12922
12910
12951
12951
12951
12951
12951
12951
12951
12951
12951
12950
12975
12993
13013
12989
13005
13055
13061
13063
13063
13063
13130
13133
13132
13132
13131
13152
13176
13211
13195
13217
13252
13252
13292
13302
13295
13289
13366
13366
13379
13379
13376
13376
13376
13376
13376
13376
13330
13278
13334
13354
13379
13379
13379
13379
13379
13382
13382
13382
13386
13386
13386
13386
13386
13386
13386
13386
13386
13386
13386
13386
13380
13380
13380
13380
13348
13379
13379
13379
13368
13347
13369
13379
13376
13376
13406
13439
13472
13538
13606
13631
13370
13670
13675
13690
13708
13707
13718
13717
13725
13728
13720
13628
13727
13726
13727
13726
13715
13715
13715
13715
13715
13715
13715
13715
13716
13716
13716
13716
13727
13727
13727
13727
13727
13727
13727
13727
13727
13727
13727
13727
13727
13727
13727
13727
13727
13727
13727
13727
13727
13727
13727
13727
13727
13727
13727
15245
15245
15245
15245
15245
15245
15234
15182
15242
15179
15175
15174
15217
15259
15305
15225
14896
14914
15187
15226
15236
15061
15226
15233
15232
15231
15229
15241
15244
15249
15257
15255
15254
15331
15335
15334
15335
15334
15326
15325
15323
15335
15334
15336
15321
15234
15234
15234
15234
15214
15231
15232
15228
15232
15232
15230
15226
15234
15234
15234
15235
15235
15235
15235
15235
15235
15235
15235
15235
15237
15237
15237
15237
15237
15237
15236
15229
15228
15228
15228
15228
15250
15246
15246
15247
15258
15253
15242
15243
15202
15171
15234
15260
15258
15258
15258
15258
15242
15189
15212
15206
15230
15251
15258
15256
15258
15258
15225
15226
15244
15260
15260
15260
15260
15260
15260
15260
15259
15259
15259
15259
15259
15259
15259
14916
14916
14916
14916
14916
14917
14917
14917
14917
14917
14917
14916
14916
14916
14916
14916
14916
14917
14917
14917
14917
14917
14917
14917
14917
14917
14917
14917
14917
14916
14916
14916
14916
14916
14916
14916
14916
14916
14916
14916
14916
14863
14917
14917
14917
14917
14917
14917
14917
14917
14917
14917
14917
14917
14917
14948
14955
14955
15001
15001
15001
15001
15001
15001
15001
15002
15002
15002
15002
15002
15002
15001
15029
15031
15035
15035
15035
15019
14988
15031
15031
15029
15031
14943
15006
14983
15006
14967
15025
15030
15013
14996
15015
15025
15008
15026
14982
15017
15019
15026
15028
15032
15032
15032
15020
15006
15027
15021
15025
15023
14969
14967
14960
15038
14995
15021
15012
15034
15027
15036
15033
15036
15037
15037
15037
15031
15031
15014
14979
14970
14970
14953
14953
15002
15032
15016
14977
14963
14962
15023
15029
15030
15030
15030
15021
15005
14961
14961
14946
14949
14965
14968
14976
14943
14976
14991
15024
15019
15016
15017
15017
15025
15024
15032
15026
15026
15026
15025
15024
15022
15022
15023
15024
15022
15030
15026
15009
15028
15029
15029
15029
15029
15029
15029
15029
15031
15031
15031
15031
15031
15031
15031
15032
15032
15032
15032
15032
15031
15033
15033
15033
15033
15033
15033
15054
15063
15084
15156
15142
15199
15235
15249
15308
15308
15277
15307
15401
15485
15509
15511
15519
15527
15539
15558
15556
15558
15558
15558
15558
15558
15557
15557
15613
15655
15642
15658
15660
15660
15660
15669
15699
15731
15748
15746
15781
15808
15801
15827
15828
15828
15850
15870
15896
15934
15947
15944
15944
15944
15944
15944
15944
15944
15944
15944
15944
15944
15944
15945
15945
15944
15944
15944
15963
16005
16042
16048
16048
16048
16048
16048
16054
16067
16111
16134
16114
16087
16080
16102
16181
16181
16180
16180
16180
16180
16186
16180
16181
16182
16182
16182
16182
16182
16182
16182
16182
16184
16184
16184
16184
16184
16184
16184
16184
16184
16184
16184
16184
16184
16184
16184
16184
16184
16129
16187
16187
16187
16187
16187
16187
16185
16185
16185
16185
16185
16185
16185
16185
16185
