0
0
0
0
0
0
0
0
0
540
1053
1050
834
669
783
330
276
450
486
396
654
279
504
744
724
1098
642
426
1098
936
528
855
1231
809
978
234
354
933
798
1113
962
309
674
308
924
885
779
513
1142
898
1114
1160
1112
1058
1088
835
1100
1086
1073
1054
1014
1050
1050
1054
901
1038
1029
1054
979
222
849
981
1050
1053
1059
1062
1056
1050
882
1007
1057
1062
985
396
558
576
1015
600
354
96
354
612
831
846
222
0
702
1056
1059
843
541
1051
978
1002
279
372
0
360
471
1052
374
1040
906
1050
702
1056
1056
224
384
510
234
396
222
99
0
0
0
222
99
222
100
483
677
762
524
597
581
507
635
730
635
776
743
590
731
616
505
312
543
705
1049
1002
1050
771
1032
993
676
979
1038
552
234
432
1056
1056
1050
432
414
330
582
1052
102
708
363
372
600
414
330
96
96
276
0
96
276
276
354
234
222
0
96
192
0
0
0
0
0
96
0
96
0
222
0
222
0
0
0
0
96
0
222
0
0
222
0
0
96
222
0
0
222
0
0
222
0
96
0
0
276
276
0
222
0
222
222
0
222
0
276
354
276
276
96
0
283
276
96
0
0
222
222
492
277
354
504
492
834
603
769
870
643
660
717
523
518
765
114
376
635
241
684
658
624
611
435
736
538
674
1117
1118
1150
1064
599
1062
473
525
473
561
496
220
903
537
779
229
618
604
562
545
624
858
528
809
590
527
377
116
539
1091
1053
1100
883
799
395
765
414
613
261
1042
366
774
732
600
840
240
635
234
0
0
288
0
354
638
109
646
352
96
204
0
0
378
127
316
1
263
111
0
2
269
257
0
0
259
259
2
253
236
0
0
115
114
240
3
0
0
108
0
237
0
0
0
198
96
410
827
1068
1056
525
0
0
0
0
0
0
0
0
0
0
0
0
0
0
0
0
0
0
525
1053
1059
762
702
606
606
432
492
276
96
810
468
774
672
1053
1056
1056
1050
1079
1076
387
398
941
753
1180
1155
1050
864
216
281
942
978
1038
1136
1069
314
960
1178
1050
846
723
249
962
1068
1154
1062
932
913
989
1107
938
928
720
338
380
893
1068
818
1205
115
1165
1070
969
969
854
291
302
725
987
1104
1182
589
799
1079
978
1038
1002
1056
1059
528
0
0
0
0
0
3
0
0
0
0
0
0
0
0
0
0
0
0
0
0
0
0
0
0
0
0
525
1050
972
1050
396
1056
1062
1059
1055
627
975
1029
780
1050
972
648
432
366
612
348
384
432
354
420
246
636
694
990
1138
1263
1263
777
990
840
0
828
528
96
489
354
450
384
525
774
651
927
511
726
1068
1059
852
618
0
486
360
444
348
0
1038
426
459
780
648
1213
822
1050
987
696
528
723
492
642
192
718
1095
1120
540
1043
243
1125
692
477
726
1059
744
1056
806
1020
1011
369
1050
678
434
756
609
414
1251
1311
1041
391
330
855
240
759
930
675
525
999
948
546
408
864
1185
762
1050
630
384
363
774
1026
1008
420
1013
500
223
938
866
726
378
848
936
1050
744
918
200
99
586
798
996
705
636
1111
1109
1095
1082
1059
1056
672
996
372
592
579
640
432
762
1142
952
975
1130
781
0
1132
1080
1074
1089
641
1252
1142
1110
1104
1125
976
1024
687
687
733
660
222
224
0
0
637
1075
1080
1086
609
1071
1056
456
711
390
552
606
0
1164
1169
789
1030
279
1002
594
532
400
1076
1023
951
1119
515
1033
1197
660
1077
375
1002
603
1038
984
834
981
594
618
1119
306
993
1070
273
890
1164
1092
1099
1043
860
1049
828
468
912
612
396
396
687
1074
1164
1224
470
381
513
579
600
414
501
912
726
967
513
204
850
924
600
240
381
1047
1176
1218
600
1056
1059
1053
1050
1068
1065
492
1071
1080
1065
1060
562
1056
1086
1089
834
954
786
702
632
432
96
279
96
558
600
372
396
357
0
276
0
96
474
276
192
234
234
357
239
196
96
450
450
414
396
396
600
356
414
0
0
222
222
504
396
354
222
0
234
0
222
0
276
0
0
234
0
222
222
354
372
372
372
234
276
0
699
744
372
354
360
354
354
354
0
222
384
1026
1035
834
972
558
954
1056
1056
1056
1062
618
1053
1056
1062
1053
1056
1059
1032
492
222
354
486
372
374
910
1002
1008
372
492
492
96
606
1050
1050
1053
1053
1056
1059
600
225
0
0
960
801
978
894
996
654
0
906
1020
1026
1050
744
1053
840
1053
1053
1053
1041
786
705
1053
1050
1059
1059
1050
1050
1053
1053
986
892
450
354
330
396
414
372
234
579
1056
1056
1050
1038
1053
1053
1050
1053
1053
1053
1053
681
1065
1059
834
1056
573
1050
870
1059
1049
1047
991
402
1093
1077
717
1051
1056
1059
855
1020
708
99
1038
1014
528
1022
357
1038
501
807
606
354
222
468
372
1167
689
1059
603
483
432
609
609
330
522
117
645
548
1140
1118
1155
1113
1042
1098
639
372
397
454
888
885
506
1030
1073
1059
726
633
648
453
882
913
642
669
690
1077
807
1080
981
222
938
719
782
1116
1058
881
230
1126
1136
654
510
1187
1175
1095
366
816
871
813
387
1171
737
489
496
1026
1200
538
1055
795
414
1023
823
1068
264
947
636
1008
657
753
114
1147
966
1065
1002
1053
225
277
357
1053
837
520
228
936
291
648
1094
1002
1056
400
558
468
1052
1124
1059
1056
1071
1005
1050
1056
1062
1056
1056
1059
438
510
234
0
372
96
510
1044
281
1131
1371
1210
1050
417
282
648
576
348
666
330
366
354
432
366
510
96
1017
1007
975
928
441
1199
1074
942
1132
1146
1053
432
861
1332
1209
1068
348
1146
387
0
1056
765
1227
1122
1106
978
1164
1189
1066
606
354
1178
1050
960
561
960
486
444
543
966
987
1014
594
1104
513
1095
597
1248
996
648
396
1146
975
1188
645
849
568
729
460
1073
957
390
1160
1200
462
1079
978
306
1200
1320
849
1059
702
960
459
753
606
1098
1071
1079
1087
1056
1050
968
632
653
516
702
675
1113
1174
1116
774
921
942
1260
1077
1089
1121
1125
1065
642
672
1254
1119
1128
372
1161
1014
537
895
840
753
735
907
1173
858
1104
96
402
1146
396
1059
474
1014
858
285
1017
1087
629
1123
531
1210
378
1073
560
1236
1077
762
777
1212
1203
1106
564
1001
596
408
513
1196
783
912
1061
1130
534
791
1080
1265
1077
1059
1086
1092
1071
1080
1098
1086
348
1063
1136
1116
1094
948
1108
1101
1162
1208
450
436
438
988
1139
1110
1089
1068
1108
1164
1137
1127
1170
1101
1059
1065
1089
1095
1074
591
468
774
1005
1088
507
1008
1083
1083
1089
972
780
954
1071
798
1062
1059
1059
1065
912
582
1053
1068
1086
1161
1127
1116
1089
1059
735
288
603
234
372
96
99
755
407
576
1060
731
1056
642
858
588
510
558
276
0
528
453
369
378
652
1036
1098
936
1008
942
909
630
1062
1065
1053
1056
1056
540
642
720
1050
1081
1104
1071
1040
1103
624
1022
778
1089
1056
1115
1117
861
1050
942
1050
606
1002
1050
1050
1058
1098
1123
1108
1083
1083
432
1062
1089
1086
1053
1056
1053
1053
1116
905
981
1056
904
498
414
720
486
192
276
0
1044
504
519
111
825
596
881
1088
1082
1008
222
624
474
417
414
102
707
837
990
513
654
879
618
1050
1107
953
1098
858
1050
792
426
528
384
528
276
222
492
348
796
999
1092
903
366
1056
1220
896
234
1096
1188
1076
975
480
979
540
504
1168
684
424
1092
1218
620
1089
504
276
1020
192
930
504
816
999
741
1052
754
453
1049
510
0
1113
725
696
732
866
951
1074
1068
1066
1053
1059
1056
1056
1056
1053
598
678
894
1053
1062
1089
972
198
933
1005
1062
1053
1078
1086
957
998
600
960
372
600
357
495
1074
1074
1056
1065
1062
1059
1056
1085
405
738
965
1165
1091
1116
252
1119
1140
1128
893
1086
1086
1101
1098
861
1123
1129
693
372
887
639
896
1104
1065
679
806
984
1077
1014
1080
412
1134
1137
888
948
942
1080
1050
1053
1074
1071
1050
348
1053
1056
1023
213
1075
1091
546
1091
1077
1116
1092
1056
1053
1053
1062
1083
1091
900
1066
1069
1062
1051
1050
1056
1061
1061
1062
1059
1119
1134
384
1116
1087
852
930
1051
1050
498
1050
1059
1074
1035
1030
1067
0
941
1056
1083
1089
1059
1094
1054
1106
613
1119
1078
1053
1054
1053
336
1083
1139
448
1168
753
1103
1076
1073
1107
1064
1044
510
818
1165
1095
1051
868
1123
1151
1119
749
1114
1107
1143
1120
1080
531
357
1076
1074
942
1062
609
1032
372
354
222
276
374
621
690
582
1122
1052
495
352
495
723
276
581
925
1033
984
295
813
930
1068
468
1158
570
1050
540
354
528
222
498
684
879
1137
725
587
618
0
642
1179
724
519
225
0
1158
1020
1026
1050
984
222
1056
1059
231
921
954
732
234
492
192
432
984
1035
1053
1050
1054
1060
531
0
0
0
0
0
0
0
0
0
0
0
0
0
0
0
534
1108
1180
1128
1050
1050
936
963
1059
495
372
726
1050
978
0
357
1038
792
444
978
1059
1056
1065
1062
1050
579
698
1164
1174
1089
834
941
396
1050
432
414
0
0
222
408
897
692
642
1059
972
435
276
276
558
0
619
379
583
674
895
1093
1146
1116
934
1053
1053
1065
1062
1050
1069
522
405
0
234
408
198
1113
1098
954
1025
417
985
1051
1080
1144
0
1166
1172
1074
1064
743
228
1137
1053
1096
1173
697
1123
1086
1050
1054
922
981
806
1115
1049
643
276
276
504
504
0
96
277
567
728
34
729
198
0
1125
519
732
1073
1074
987
1014
1050
1050
1050
1053
740
1050
405
729
510
276
192
276
0
0
222
576
405
870
824
1027
576
672
554
402
115
0
255
0
0
236
357
1065
1053
945
528
222
360
354
402
193
0
222
793
386
694
479
604
443
1059
734
1100
1071
870
543
496
744
96
468
282
1114
485
1035
1066
980
1095
710
123
793
0
408
0
1238
1307
956
235
564
521
1071
1056
1050
450
360
612
402
98
941
1005
954
653
224
193
967
1073
1042
285
732
957
372
820
370
713
985
437
645
980
378
717
508
546
1046
617
548
214
1080
1052
1064
573
786
432
507
708
911
1014
697
839
530
564
1055
448
977
215
965
1145
1083
1062
1039
1076
1050
1050
979
781
414
96
558
493
414
434
989
566
1073
1062
1071
1078
391
574
686
476
947
849
1050
1092
1159
1146
1131
1171
1136
888
99
435
1050
1020
579
0
414
225
354
0
564
225
1072
849
1071
1057
1087
1084
980
513
720
1044
793
914
1091
1120
1138
1103
828
600
786
721
372
222
276
492
279
707
549
937
915
345
946
763
489
530
374
1265
1075
498
354
354
775
658
1091
740
403
675
279
1070
786
564
993
1262
982
1087
1059
1050
1056
1060
982
1053
1050
1117
1184
1180
1140
1101
1059
1053
1053
1056
1064
531
0
0
0
0
0
0
0
0
0
0
0
0
0
0
531
1056
1050
807
1071
1056
1059
558
480
634
394
373
559
1053
1237
1620
1809
1902
1910
1709
1978
2474
2047
1841
2569
1781
1274
1799
2319
1066
1112
1122
531
0
0
0
0
0
0
0
0
0
0
0
2
0
0
0
0
0
0
0
0
0
0
0
0
0
0
0
0
0
0
0
0
0
0
0
0
0
0
0
0
0
7030
0
531
1059
1053
1056
1065
1125
1125
1052
434
12511
12784
12971
13130
12914
11344
10398
11445
12406
11747
8870
8577
10115
10571
9189
10674
9172
5844
0
4
5317
0
96
5167
0
0
0
7884
96
5198
0
5839
0
7899
12
0
96
0
1078
1085
1058
1053
1053
906
990
1044
784
882
702
432
360
468
450
222
356
495
354
193
280
96
354
234
0
417
280
357
225
372
0
222
354
343
0
357
640
370
598
536
1031
850
858
653
571
363
279
223
994
1112
1118
513
1113
1094
1066
954
1060
1062
1118
1132
1104
558
0
0
0
0
0
0
0
0
0
0
0
0
0
1029
0
0
0
0
0
0
0
0
0
0
0
0
0
0
0
0
0
0
0
0
0
0
0
0
0
0
0
0
0
0
0
0
0
0
0
0
0
0
0
531
1099
1096
1061
1065
1059
926
756
930
1053
633
723
560
564
558
1020
1075
390
1209
1062
1059
1053
591
384
396
1050
1050
1050
468
357
0
489
1188
996
1062
1050
1051
896
1025
857
334
357
234
1116
1162
929
636
1139
891
908
1086
1134
611
656
733
1077
1129
1148
1087
1074
1055
710
702
1050
1067
1083
1110
1082
1079
850
766
259
1180
1124
1104
1143
1101
638
389
623
664
1060
1050
834
816
564
1056
1075
1145
319
1070
1140
542
801
865
1087
1130
985
941
884
1043
1053
939
1050
1039
856
793
1049
470
555
699
1165
1077
1190
658
415
535
410
234
0
0
7
100
369
371
0
0
241
0
260
0
0
245
101
606
252
1120
1107
1069
969
846
1056
1062
1056
432
855
558
960
812
495
356
374
354
530
974
1002
1050
801
1053
702
504
414
330
552
1071
549
966
1183
1083
1063
863
321
835
195
631
1098
1380
1377
1005
225
591
375
584
745
1064
1059
432
387
494
680
384
276
1093
942
567
1026
786
192
384
864
770
1157
759
291
920
1096
405
666
975
384
714
655
897
1120
1080
1071
1053
909
672
282
282
414
414
558
354
282
276
0
330
96
330
96
967
969
650
1035
597
234
372
234
510
537
1008
630
891
516
336
986
1209
837
1056
1050
1050
1050
1074
1083
1059
1059
1053
1050
1050
1056
1056
1056
1050
234
504
444
282
276
0
0
276
330
96
0
396
330
222
954
1050
1056
1084
1083
1056
528
0
0
0
0
0
0
0
0
0
0
0
0
