0
0
0
0
0
0
0
0
0
0
0
0
0
0
0
0
0
0
0
0
0
0
0
3
13
24
14
19
33
60
9
0
4
45
0
0
0
0
12
29
28
4
7
45
15
23
27
6
11
32
51
31
72
44
1
51
34
19
20
21
0
0
0
0
0
0
0
0
0
0
0
0
0
0
0
0
0
0
0
34
35
0
0
0
0
0
0
0
0
0
0
0
0
0
0
0
0
0
0
0
0
0
0
0
0
0
0
0
0
0
0
0
0
0
0
0
0
0
0
0
0
0
0
0
0
0
0
0
0
0
0
0
2
11
13
10
9
9
15
1
31
64
78
58
52
58
20
9
11
15
15
21
8
0
0
0
0
0
0
0
0
0
0
0
0
0
0
0
0
0
0
0
0
0
0
0
0
0
0
0
0
0
0
0
0
0
0
0
0
0
0
0
0
0
0
0
0
0
0
0
0
0
0
0
0
0
0
0
0
0
0
0
0
0
0
0
0
0
0
0
0
0
0
0
0
0
0
0
0
0
0
0
0
0
0
0
0
0
0
0
0
0
0
0
0
0
0
0
0
0
0
0
0
0
0
0
0
0
0
0
0
10
16
10
31
6
12
33
4
37
39
17
32
23
26
23
15
53
64
93
69
30
72
20
15
30
28
26
11
45
36
51
12
31
29
28
20
5
5
0
0
0
10
6
2
13
11
0
63
84
70
15
56
24
28
8
27
8
16
16
16
18
3
17
4
0
0
4
0
10
30
2
31
6
0
6
0
0
12
8
14
0
10
2
0
0
11
8
0
0
11
9
0
10
19
0
0
4
2
3
0
0
0
3
0
4
0
0
0
2
0
8
15
8
0
0
0
0
0
0
0
0
0
0
0
0
0
0
0
0
0
0
0
0
0
0
0
0
0
0
0
0
0
0
0
0
0
0
0
0
0
0
0
20
97
22
19
79
47
98
79
0
32
11
9
28
0
0
50
79
10
72
52
3
0
11
3
7
5
63
81
37
39
98
82
5
2
0
2
2
0
28
47
111
4
110
65
7
0
0
0
7
7
5
41
114
41
54
26
0
0
0
0
0
0
0
0
0
0
0
0
0
0
0
0
0
0
0
0
0
0
0
0
0
0
0
0
0
0
0
0
0
0
0
0
0
0
0
0
0
0
0
0
0
0
0
0
0
0
0
0
0
0
0
6
5
13
25
23
48
86
55
18
25
0
0
0
0
0
0
0
0
0
13
20
26
25
19
18
1
0
0
0
0
0
0
0
0
0
32
17
13
19
14
41
0
0
0
0
0
0
0
0
0
10
24
49
36
5
4
21
18
0
0
0
0
0
0
0
0
0
0
0
0
0
0
0
56
76
0
0
0
0
0
6
35
16
22
9
18
10
6
18
33
33
0
0
0
2
20
26
12
19
46
0
0
9
42
13
16
26
32
0
0
0
0
0
0
22
2
0
17
34
46
95
77
0
0
0
0
0
0
0
0
0
3
64
61
38
81
59
0
55
54
2
59
48
56
57
53
38
59
35
17
29
5
34
0
0
0
0
0
0
40
42
41
28
12
0
0
0
0
0
0
0
25
69
22
0
0
15
36
21
22
29
21
23
74
16
34
49
11
16
0
10
23
10
0
0
0
0
0
72
15
36
78
8
55
37
14
38
30
23
6
0
0
0
0
0
0
2
20
59
52
0
4
4
0
0
0
0
15
30
25
11
3
20
0
0
1
1
18
43
37
0
2
2
0
0
9
8
0
11
11
0
0
0
0
0
0
0
0
0
0
0
0
0
0
0
0
0
0
0
0
0
0
0
0
0
0
0
0
0
0
0
0
0
0
0
0
0
0
0
0
0
0
0
0
0
0
0
0
0
0
0
0
0
0
0
0
0
0
0
0
0
0
0
0
0
0
0
0
0
0
0
0
0
0
0
0
0
0
0
0
0
0
0
0
0
0
0
0
0
0
0
0
0
0
0
0
0
0
0
0
0
0
0
0
0
0
0
0
0
0
0
0
0
0
0
0
0
0
0
0
0
0
0
0
0
0
0
0
0
0
0
0
0
0
0
0
0
0
0
0
0
0
0
0
0
0
0
0
0
0
0
0
0
0
0
0
0
0
0
0
0
0
0
0
0
0
0
0
0
0
0
0
0
0
0
0
0
0
0
61
62
33
20
114
67
0
0
0
0
0
0
0
0
0
0
0
0
0
0
0
0
0
0
0
0
0
41
1
2
0
0
0
0
0
0
3
3
8
21
43
50
73
42
44
38
0
0
0
7
25
26
10
15
1
0
0
0
0
0
8
44
17
20
18
35
21
12
0
0
0
0
26
43
64
2
0
24
19
0
0
35
55
7
0
10
43
0
0
32
0
11
9
22
65
13
0
0
0
13
40
18
9
54
0
19
41
15
5
42
10
0
0
0
0
0
0
0
0
0
0
6
21
0
16
14
0
0
0
0
22
19
0
0
13
13
0
0
0
0
0
0
0
0
0
0
0
0
0
0
0
19
84
50
0
0
0
0
0
0
0
0
0
0
0
0
0
0
22
61
30
47
25
62
18
28
46
24
0
0
5
78
54
0
0
40
34
0
0
30
45
75
94
31
53
67
6
0
0
30
0
0
0
0
0
0
0
27
55
63
31
87
30
38
28
50
0
0
0
20
45
32
0
11
18
20
15
29
15
3
46
64
25
13
0
10
42
82
43
4
0
10
19
2
6
22
13
33
34
0
0
0
0
0
0
0
0
25
89
76
45
51
32
45
4
61
68
41
1
0
2
51
34
17
0
45
28
15
24
7
25
25
17
43
17
20
0
0
27
3
2
0
0
0
0
17
55
5
36
23
65
32
35
20
55
4
0
0
39
65
13
0
27
39
15
22
54
29
42
50
68
22
9
36
53
7
0
23
23
9
83
134
94
7
53
53
30
19
19
29
43
83
138
38
18
15
99
72
33
12
2
36
73
37
45
94
48
0
5
16
14
5
0
0
0
15
15
0
0
25
25
15
16
0
0
9
10
3
1
1
8
8
0
0
4
15
68
80
40
7
0
0
0
0
0
0
0
0
8
12
6
10
12
0
0
0
0
0
0
0
0
8
6
8
21
23
39
44
37
41
32
21
12
0
0
0
0
0
0
0
0
0
21
24
3
0
48
17
79
45
67
0
46
45
0
0
0
0
0
0
0
0
66
80
74
59
28
27
0
0
10
9
0
0
0
0
60
73
90
52
0
0
0
0
0
0
0
0
29
31
18
3
37
17
32
49
33
0
0
0
0
0
0
0
11
22
29
3
22
24
2
0
44
21
28
0
0
0
0
0
0
0
0
0
0
0
26
26
54
28
2
38
54
0
0
22
67
34
0
3
40
11
1
21
8
10
38
48
26
7
0
0
0
0
0
0
0
25
32
34
22
8
65
0
0
38
35
15
14
19
44
12
7
6
0
0
0
0
0
0
0
0
0
0
0
0
139
66
139
0
0
0
63
98
31
31
0
0
0
0
0
0
12
12
0
0
0
0
0
15
25
29
41
71
19
50
7
56
61
58
60
76
18
20
16
22
69
51
14
11
56
33
72
29
1
30
46
63
15
21
22
10
55
88
38
44
93
82
0
0
13
13
0
0
0
0
16
6
10
69
27
44
12
69
57
0
0
0
15
29
19
33
28
5
70
66
0
0
0
0
0
0
34
37
6
79
72
0
0
0
0
0
0
1
8
28
28
8
0
0
0
67
67
0
17
16
41
30
25
11
0
0
0
0
12
69
31
64
23
26
9
27
40
17
0
0
33
83
49
0
17
48
81
45
31
36
44
68
60
34
0
0
12
11
0
0
0
0
0
0
0
0
0
20
4
4
17
0
0
0
0
0
0
2
22
25
13
16
42
26
9
0
25
43
0
0
0
0
0
0
11
30
19
36
50
29
0
5
49
0
16
0
0
46
23
0
0
0
0
0
0
0
0
0
0
0
0
0
0
0
0
0
0
0
0
0
0
0
0
0
0
0
0
0
0
0
0
0
0
0
0
0
18
63
47
0
0
0
0
0
0
0
0
0
0
0
0
0
0
0
0
0
0
0
0
0
0
10
67
98
40
0
0
0
0
0
0
0
0
0
2
11
19
14
1
0
0
0
0
0
0
9
4
19
17
22
45
49
46
10
23
0
0
0
0
8
16
8
0
3
9
2
93
82
0
12
12
12
0
79
109
0
108
93
7
12
38
13
42
0
54
105
29
47
25
0
0
37
37
21
29
29
0
0
0
0
0
0
0
0
0
28
5
5
0
0
29
8
0
40
40
0
0
0
0
0
0
0
0
0
0
0
0
0
0
0
0
0
0
0
0
3
3
0
0
0
11
4
0
8
0
0
3
7
6
0
0
0
0
0
0
0
0
0
0
10
4
12
11
4
10
28
9
28
7
0
0
0
0
0
0
0
19
9
29
50
8
57
53
6
52
0
19
0
65
54
27
1
2
26
0
0
0
0
0
0
0
0
10
65
6
9
0
0
18
28
27
3
17
15
5
26
5
23
26
8
12
20
7
21
23
20
21
16
10
5
45
5
6
0
0
0
0
15
28
19
44
24
0
1
43
20
10
5
8
23
6
0
9
9
0
0
0
0
0
0
0
0
20
0
8
5
9
8
8
13
19
24
24
20
13
0
0
81
119
48
70
92
37
0
0
0
0
0
0
0
0
0
0
0
0
0
31
16
12
0
8
8
0
0
0
0
0
0
17
40
56
34
0
0
0
0
0
0
0
0
0
17
16
19
27
20
46
7
0
0
0
53
1
0
0
0
13
19
32
23
28
32
0
33
8
7
23
71
20
10
0
0
0
0
0
0
0
45
128
124
54
18
0
0
0
0
0
0
0
0
0
0
0
0
0
0
0
0
0
0
0
0
0
0
0
26
25
0
0
10
19
21
9
0
0
33
86
199
254
272
270
272
300
466
481
401
577
418
236
423
425
8
88
81
0
0
0
0
0
0
0
0
0
0
0
0
0
0
0
0
0
0
0
0
0
0
0
0
0
0
0
0
0
0
0
0
0
0
0
0
0
0
0
0
0
0
2015
0
0
0
0
0
11
67
57
36
6
3222
3182
3233
3244
3218
2776
2520
2813
3172
2991
2093
2041
2616
2773
2355
2784
2363
1152
0
0
924
0
0
917
0
0
0
1819
0
916
0
1143
0
1815
0
0
0
0
17
17
0
4
4
0
2
8
6
0
0
0
0
0
0
0
0
0
0
0
0
0
0
0
0
0
0
7
1
0
0
0
0
4
0
1
11
1
15
23
56
70
54
21
0
0
0
0
14
63
94
7
64
25
5
0
0
0
30
49
34
14
0
0
0
0
0
0
0
0
0
0
0
0
0
343
0
0
0
0
0
0
0
0
0
0
0
0
0
0
0
0
0
0
0
0
0
0
0
0
0
0
0
0
0
0
0
0
0
0
0
0
0
0
0
0
44
43
0
0
0
0
0
0
0
0
0
0
0
0
28
6
0
39
0
0
0
0
0
0
0
0
0
0
0
0
0
28
4
3
0
0
10
30
34
0
0
0
72
89
52
32
62
51
0
10
29
16
14
19
17
38
48
19
8
0
0
0
0
11
30
21
7
8
5
51
9
116
63
38
51
33
19
7
7
4
3
0
0
0
0
0
13
59
9
77
100
32
41
27
10
50
94
51
52
2
0
0
0
6
13
42
98
25
4
39
114
96
122
43
15
29
9
2
0
0
0
1
5
5
0
0
5
0
6
0
0
5
1
17
3
26
19
0
0
0
0
0
0
0
0
0
0
0
0
0
0
0
0
0
0
0
0
0
0
0
0
0
0
18
9
18
66
17
53
33
13
52
0
28
28
77
73
21
0
9
6
12
19
2
2
0
0
0
0
0
0
46
42
10
14
0
0
0
7
31
30
15
3
28
24
20
22
0
0
17
17
23
37
6
0
0
0
0
0
0
0
0
0
0
0
0
0
0
0
0
0
15
37
36
5
0
0
0
0
4
12
38
21
18
27
21
35
73
0
0
0
0
0
0
0
0
0
0
0
0
0
0
0
0
0
0
0
0
0
0
0
0
0
0
0
0
0
0
0
0
0
51
50
0
0
0
0
0
0
0
0
0
0
0
0
0
0
