0
0
0
0
0
0
0
0
0
540
1053
1050
834
669
783
330
276
453
489
408
657
284
510
745
726
1107
642
423
1107
939
534
861
1237
809
978
237
354
936
799
1116
969
317
681
306
924
888
787
517
1139
896
1119
1169
1126
1065
1098
858
1120
1098
1088
1089
1014
1056
1061
1060
912
1042
1026
1050
978
225
851
981
1056
1068
1068
1062
1059
1053
887
1014
1063
1070
987
401
558
576
1020
600
354
96
354
615
834
851
222
0
708
1062
1062
849
546
1053
981
1002
282
372
0
357
471
1050
375
1038
911
1053
708
1059
1065
235
389
517
234
396
222
99
0
0
0
222
102
222
105
483
681
765
525
597
585
509
636
740
640
780
743
601
741
617
515
324
552
699
1050
1005
1050
775
1032
1001
672
978
1038
555
234
438
1065
1062
1056
438
414
330
576
1056
114
715
370
376
600
417
330
96
96
279
0
96
278
278
354
234
224
0
96
192
0
0
0
0
0
96
0
96
0
222
0
222
0
0
0
0
96
0
222
0
0
222
0
0
96
222
0
0
222
0
0
222
0
96
0
0
276
276
0
222
0
222
222
0
222
0
276
354
276
276
97
0
286
277
97
0
0
222
222
492
284
357
507
495
834
600
762
870
645
660
717
525
524
768
114
381
643
256
688
659
624
609
436
743
542
684
1123
1124
1159
1069
604
1080
483
544
478
569
499
233
908
559
804
241
628
615
579
554
635
863
535
829
604
539
383
123
547
1097
1056
1103
894
813
410
784
417
621
262
1049
371
780
735
601
852
259
649
242
0
0
288
0
356
640
116
649
351
96
206
4
0
380
137
329
0
287
123
0
0
282
262
2
0
262
261
0
257
243
0
0
127
114
253
21
0
0
108
0
246
0
0
0
198
100
430
838
1071
1056
525
0
0
0
0
0
0
0
0
0
0
0
0
0
0
0
0
0
0
525
1056
1062
762
705
606
606
432
492
276
96
810
468
774
672
1056
1062
1068
1059
1080
1086
398
399
942
758
1186
1172
1050
882
231
295
945
980
1043
1142
1079
316
986
1195
1053
850
727
257
970
1068
1165
1074
947
930
998
1125
936
934
723
342
380
890
1072
827
1224
120
1179
1077
969
970
860
314
305
733
991
1121
1188
600
803
1095
984
1041
1005
1062
1071
537
0
0
0
0
0
6
0
0
0
0
0
0
0
0
0
0
0
0
0
0
0
0
0
0
0
0
528
1053
972
1053
399
1059
1065
1059
1056
630
975
1029
780
1050
972
648
432
366
612
348
384
432
354
422
249
642
700
993
1137
1274
1283
780
990
840
0
828
529
96
492
363
450
384
528
789
655
933
516
738
1074
1068
858
621
0
489
369
444
357
0
1039
435
462
786
663
1215
825
1059
993
699
534
726
492
650
198
723
1101
1120
546
1053
249
1137
705
486
729
1062
754
1056
807
1026
1014
372
1050
684
439
761
612
417
1255
1332
1053
402
330
861
244
762
940
675
528
1005
951
549
416
873
1185
776
1050
630
384
366
775
1026
1008
426
1020
506
225
945
875
732
378
855
933
1056
751
933
207
102
591
801
999
705
639
1117
1107
1102
1072
1065
1068
683
996
372
591
582
642
432
768
1143
949
978
1134
787
0
1138
1086
1083
1086
643
1257
1149
1110
1111
1123
973
1029
690
686
738
668
230
230
0
0
646
1079
1080
1089
620
1076
1062
462
714
393
564
612
0
1173
1176
792
1042
283
1011
606
537
406
1095
1037
957
1124
513
1036
1194
660
1083
384
1013
609
1038
987
837
993
616
618
1116
306
990
1064
285
897
1155
1095
1098
1050
867
1049
831
474
915
612
396
396
687
1080
1161
1227
468
381
525
579
603
415
494
915
729
969
513
207
852
924
606
243
387
1050
1173
1220
600
1056
1062
1061
1059
1080
1074
496
1080
1083
1071
1071
570
1071
1089
1089
840
957
791
702
644
440
99
286
105
558
606
375
405
355
0
276
0
96
474
276
192
234
234
366
249
195
104
453
450
414
396
396
603
360
417
0
0
222
222
507
396
356
224
0
234
0
222
0
276
0
0
234
0
222
222
354
372
372
372
234
276
0
699
744
372
354
361
355
355
354
0
224
384
1026
1038
840
975
558
954
1056
1056
1062
1074
630
1062
1056
1062
1056
1062
1065
1035
492
228
360
492
375
378
906
999
1014
375
492
503
97
609
1053
1050
1053
1053
1056
1059
603
231
0
0
966
805
991
897
996
654
0
906
1023
1026
1050
744
1056
838
1056
1056
1056
1044
786
708
1056
1050
1059
1062
1059
1059
1065
1068
1005
900
450
357
330
396
414
372
234
576
1059
1068
1065
1044
1056
1059
1053
1056
1059
1062
1059
687
1071
1068
843
1056
576
1059
876
1059
1042
1051
994
406
1092
1080
723
1065
1059
1059
855
1023
708
102
1041
1014
528
1026
354
1038
501
816
615
355
228
468
378
1179
697
1059
614
486
432
612
618
339
522
120
648
549
1142
1117
1135
1113
1035
1103
651
384
407
456
895
888
504
1032
1068
1059
735
636
652
456
885
906
645
675
689
1085
809
1086
984
228
939
720
789
1122
1063
885
237
1134
1137
660
510
1191
1177
1104
378
822
879
825
395
1168
737
489
495
1032
1200
537
1058
799
414
1031
831
1080
267
942
645
1015
666
753
119
1161
975
1065
1002
1056
237
282
357
1056
840
519
237
942
294
651
1092
1005
1067
411
558
468
1053
1128
1065
1074
1080
1008
1065
1071
1068
1065
1062
1059
441
516
234
0
372
96
510
1047
285
1134
1377
1221
1056
420
291
651
582
351
666
330
366
354
432
366
510
96
1011
1007
976
931
442
1204
1080
945
1132
1146
1053
435
858
1329
1206
1071
358
1152
399
6
1056
768
1233
1131
1107
984
1161
1191
1076
606
357
1188
1053
960
564
960
486
451
556
966
987
1015
608
1110
516
1096
597
1252
999
648
396
1149
987
1191
654
855
568
732
465
1080
963
396
1158
1210
471
1080
975
306
1209
1326
852
1062
702
966
455
760
612
1113
1077
1086
1099
1065
1053
972
636
661
516
702
675
1113
1178
1126
768
928
947
1260
1083
1082
1124
1131
1071
645
672
1257
1125
1134
384
1170
1014
543
895
843
761
748
915
1176
858
1105
100
416
1154
408
1062
474
1020
861
288
1017
1086
630
1128
540
1215
393
1092
570
1254
1089
786
792
1218
1218
1116
571
1005
595
411
517
1212
789
914
1068
1125
537
798
1083
1260
1083
1063
1090
1102
1080
1084
1095
1089
348
1095
1133
1122
1098
949
1113
1104
1164
1196
453
443
434
988
1143
1119
1092
1070
1108
1166
1144
1122
1164
1096
1065
1073
1086
1092
1077
607
474
783
1005
1092
530
1008
1081
1088
1089
972
780
954
1071
804
1074
1077
1065
1065
912
585
1068
1071
1089
1165
1127
1113
1092
1065
750
288
612
234
375
102
102
758
416
582
1061
735
1059
648
861
591
513
558
279
0
531
456
370
378
648
1038
1107
933
1010
951
913
630
1062
1065
1053
1059
1074
540
642
723
1050
1089
1116
1074
1044
1100
633
1030
777
1085
1068
1117
1116
864
1053
947
1050
606
1005
1050
1059
1047
1075
1119
1114
1095
1084
435
1068
1097
1098
1059
1059
1059
1062
1104
893
974
1066
915
507
417
723
492
198
276
0
1038
512
519
111
828
598
884
1089
1084
1011
222
633
486
429
414
108
714
843
993
516
653
876
618
1053
1095
951
1098
858
1053
795
432
532
384
531
276
222
492
348
793
1002
1089
903
370
1065
1218
897
234
1098
1191
1071
981
498
978
543
504
1174
694
430
1098
1221
621
1098
516
285
1038
198
941
509
820
1011
744
1056
759
473
1047
510
0
1119
738
703
735
871
957
1071
1068
1068
1059
1065
1059
1059
1065
1062
603
678
894
1062
1068
1089
972
201
936
1005
1071
1062
1075
1084
954
997
600
966
372
611
372
498
1074
1086
1062
1062
1065
1068
1062
1086
423
759
972
1161
1101
1113
261
1119
1138
1146
900
1085
1097
1106
1104
867
1133
1128
701
387
885
633
891
1096
1066
681
816
1003
1083
1022
1083
419
1130
1140
894
954
942
1082
1053
1056
1080
1083
1062
354
1062
1071
1038
222
1086
1081
549
1098
1080
1113
1091
1064
1071
1068
1062
1086
1101
911
1072
1074
1067
1056
1056
1083
1068
1068
1062
1062
1121
1135
394
1103
1090
858
933
1059
1050
500
1050
1065
1083
1041
1033
1077
0
951
1059
1083
1095
1074
1113
1062
1113
620
1128
1088
1059
1066
1070
343
1082
1149
449
1177
760
1115
1080
1083
1107
1068
1050
517
823
1176
1102
1060
881
1139
1157
1124
763
1132
1107
1179
1127
1094
539
368
1087
1086
945
1062
612
1035
381
371
222
276
372
624
690
585
1128
1056
508
360
504
738
280
592
931
1035
988
297
816
936
1071
468
1170
573
1062
549
357
531
222
498
684
876
1137
729
590
621
0
642
1182
729
522
228
0
1146
1017
1029
1050
984
222
1059
1068
238
927
956
732
235
498
201
437
990
1043
1058
1053
1061
1069
537
0
0
0
0
0
1
0
0
0
0
0
0
0
0
0
534
1125
1182
1148
1065
1059
939
969
1074
512
381
726
1050
978
0
357
1040
795
453
984
1059
1062
1074
1068
1053
589
705
1171
1190
1092
846
948
408
1053
434
417
0
0
224
408
903
705
650
1070
987
455
291
285
563
0
622
376
585
674
894
1100
1148
1122
936
1065
1059
1065
1066
1059
1077
526
410
0
237
411
204
1116
1096
957
1028
423
991
1063
1094
1145
0
1177
1182
1080
1085
755
258
1148
1070
1109
1183
704
1129
1092
1057
1062
928
985
819
1126
1056
635
279
279
505
507
0
104
283
581
755
38
736
202
0
1137
523
736
1095
1082
987
1023
1057
1053
1053
1053
741
1050
405
729
513
276
192
276
0
0
222
579
411
875
829
1031
576
672
555
407
134
0
257
0
0
247
365
1076
1056
945
531
233
369
354
402
192
0
222
800
385
705
489
610
455
1069
734
1118
1071
876
557
502
751
97
474
285
1117
493
1039
1065
981
1112
725
139
811
0
415
0
1260
1323
960
244
570
524
1075
1066
1056
454
366
615
414
121
947
1007
955
670
232
208
981
1076
1042
290
741
963
371
828
375
718
984
438
654
1000
386
726
519
566
1056
628
560
222
1097
1057
1067
575
786
435
504
721
910
1012
704
855
533
568
1066
468
1004
223
975
1173
1096
1063
1041
1083
1053
1053
987
784
418
99
560
500
419
437
988
573
1084
1069
1072
1083
403
592
692
483
953
855
1054
1089
1179
1161
1145
1198
1145
900
114
448
1050
1020
585
0
420
228
356
0
567
234
1083
861
1078
1071
1089
1090
989
516
732
1053
800
918
1097
1128
1148
1116
844
610
803
738
378
225
279
498
282
723
553
936
919
354
966
768
495
531
377
1275
1074
503
357
356
782
666
1107
746
410
698
286
1082
795
573
995
1275
986
1096
1062
1053
1056
1065
988
1055
1050
1123
1193
1212
1161
1109
1059
1056
1056
1059
1065
531
0
11
0
0
0
0
0
0
0
0
0
0
0
0
534
1062
1053
813
1074
1059
1066
574
482
647
407
380
558
1057
1241
1632
1835
1947
1950
1758
1985
2506
2077
1884
2581
1826
1295
1842
2358
1058
1128
1139
534
0
0
5
0
0
0
0
0
0
0
0
0
0
0
4
0
0
0
0
0
0
0
0
0
0
0
0
0
0
0
0
0
0
0
0
0
0
0
0
0
0
7172
0
537
1068
1062
1062
1071
1130
1125
1054
438
12713
13046
13280
13517
13250
11595
10646
11740
12783
12097
9079
8740
10389
10850
9341
10964
9325
6020
0
2
5372
0
143
5267
0
0
0
8052
97
5361
0
5966
0
8061
147
0
98
0
1083
1092
1074
1062
1056
906
993
1048
789
883
714
432
361
468
450
222
357
499
363
201
285
96
354
234
0
420
284
359
228
376
0
227
357
345
0
357
655
370
606
540
1058
857
865
665
576
366
290
231
998
1117
1135
527
1125
1109
1075
966
1099
1062
1129
1144
1119
559
0
0
0
0
0
0
1
0
0
0
0
0
0
1030
0
0
0
0
7
0
0
0
0
0
0
0
0
0
0
0
0
0
0
0
0
0
0
0
0
0
0
0
0
0
0
0
0
0
0
0
0
0
0
534
1103
1101
1072
1074
1068
936
756
933
1053
636
724
575
573
558
1020
1080
394
1206
1065
1068
1062
597
396
402
1059
1056
1059
471
367
0
492
1191
1002
1068
1050
1053
895
1030
860
342
365
249
1133
1179
958
643
1150
896
933
1091
1144
626
664
737
1086
1136
1156
1092
1083
1065
759
703
1053
1074
1088
1124
1090
1088
857
776
286
1210
1136
1103
1152
1100
629
393
633
673
1061
1050
834
816
573
1056
1078
1164
345
1085
1130
549
808
885
1101
1135
1003
944
887
1053
1056
948
1056
1043
863
793
1048
484
572
712
1171
1088
1223
668
427
558
421
253
0
0
84
103
375
383
0
0
251
0
267
0
0
260
107
609
261
1130
1112
1074
978
858
1062
1068
1068
436
857
558
971
824
498
360
380
357
534
978
1006
1056
815
1059
703
504
416
333
555
1074
555
966
1188
1095
1070
865
324
852
210
663
1099
1380
1380
1012
228
597
387
591
747
1068
1065
438
393
500
690
387
282
1104
948
567
1029
794
192
384
866
789
1176
768
303
921
1098
407
672
985
390
720
654
900
1122
1083
1071
1062
921
672
282
282
414
414
561
366
294
279
0
330
96
330
96
975
976
656
1041
601
237
375
246
510
543
1011
629
894
519
346
991
1203
844
1068
1059
1053
1050
1074
1104
1080
1062
1059
1056
1053
1059
1062
1065
1053
234
507
453
288
284
0
0
276
330
99
0
396
330
222
957
1056
1062
1083
1082
1065
531
0
0
0
0
0
0
0
0
0
0
0
0
