32652
32694
32448
32517
28416
33168
30387
28956
31293
32634
29013
12564
13233
25824
26256
32958
32343
23496
32355
32829
32679
29340
32859
32610
32640
32724
32760
23370
32385
32553
36
29658
20709
32793
32982
32976
32454
32193
32649
32547
29550
32493
32427
32580
32721
32994
29484
32454
32466
32523
32718
20355
32304
26346
378
34068
52195
38282
30674
37661
32678
46093
60207
59009
37623
35488
34336
30103
33267
20765
32562
33069
40381
36523
43843
33195
41369
44529
46015
35853
34563
31283
49291
40299
36142
35253
32864
2959
60576
43621
25147
31812
33956
35521
49214
31328
27827
31971
50318
41539
45861
29914
25139
23858
72965
37902
33381
39061
50532
35267
34702
34430
35381
27506
32364
35232
34288
33096
36752
26975
32945
32577
32487
32409
29463
32406
636
32490
32526
38489
42386
69191
40690
44278
48398
33388
32875
32196
34038
47202
31315
31897
38320
36769
26148
34090
40554
34641
34150
38749
30321
34253
61915
44408
39196
39424
58441
29888
29150
41894
36151
33666
37462
51027
41160
19599
1778
47213
48029
31249
31938
36073
42465
43347
33155
34034
55267
43314
26479
51953
32975
31087
35153
1962
1386
31930
35846
39093
52771
38181
35157
32627
34827
33251
67887
47529
38195
28943
27216
29946
30183
29759
30099
30881
32678
34673
30743
34019
36669
63766
33154
22249
34312
29196
21495
19124
26032
24235
21301
24803
20161
26060
22089
21071
51508
24640
20671
18100
1935
1842
20279
2925
27514
25357
27919
29660
20844
28921
21425
13716
20538
21741
26934
29850
35595
35069
34148
34503
30393
1383
29336
34679
34839
34991
41245
22325
24208
21549
33803
22545
32434
19149
20940
21584
21544
22976
32035
29730
25478
15295
25808
24840
17505
23314
2162
24197
17995
29027
2822
30654
2265
21111
2866
17782
19584
19345
2425
30376
1884
19696
18900
21340
1529
17399
17444
29021
20295
18294
18080
26635
23087
24675
23994
3650
22100
21574
20247
31012
29777
28033
23217
22090
2894
16230
28637
24832
26162
21447
3136
13133
14787
3256
26258
28854
22985
26296
31788
31604
32149
12826
31299
22325
28029
29794
20479
21565
2316
1369
20227
1996
1516
21885
23178
35438
34493
32729
1687
19219
30869
1780
30445
31872
18823
17330
30745
27012
23816
1948
30691
33289
19227
29505
18441
31164
18008
18207
20889
17570
1647
1400
15608
22041
23100
17650
8616
28000
1698
969
16346
20344
18203
1710
19479
29360
27790
30345
30356
20004
24529
25543
26358
29931
21355
21844
19151
2279
1442
30351
21726
26881
34827
21212
25805
31822
32786
1225
30493
29298
34124
35669
34322
17599
270
88
0
0
0
0
3488
13613
563
116
0
0
257600
257568
0
362
16899
33054
33179
32382
32638
33421
42320
33228
712
32796
32945
32736
20670
20706
51630
47764
25587
27767
28497
36156
37768
38052
31570
40612
35310
35102
52659
35034
34754
39482
57189
33520
26918
37269
42116
40482
63639
36980
34131
43891
48950
38714
34532
42114
45268
33760
34507
39629
35330
39397
37520
61797
23811
36798
46830
42418
30976
31065
42807
41012
38547
48390
46206
45226
31766
36240
50088
33286
55361
30571
31866
41130
35796
35742
33904
39653
46528
31748
34025
46793
45504
67692
34250
35869
32940
35527
39473
50969
33412
37939
34863
34526
43219
37524
35234
4465
60308
33601
62621
42072
30004
33229
39133
45418
34043
36034
37147
41463
44519
21603
30946
49249
32134
37382
44038
34258
48622
41198
29570
38546
40877
31646
35360
34158
34079
33357
47201
34950
1474
105
342
34138
32424
32918
1136
219
159
0
0
0
772
24500
101
284
0
0
413
32550
32910
33203
33402
16461
16015
32040
32439
29966
34391
0
30104
20484
32346
23373
20358
26586
32568
23664
36701
24863
36833
43949
53769
47551
30947
38034
45880
48321
48435
42218
40093
34782
36980
48944
38965
45652
38013
35875
47764
39514
37052
30854
36359
39163
52669
38813
46414
35951
35618
37389
33674
32432
36298
59235
34050
35118
34121
32908
32397
32703
32565
32394
32904
28071
46687
43367
34187
32694
15224
26899
34795
34283
24485
32901
786
46711
54020
37995
41544
35108
466
32742
32865
32726
33312
1019
34231
46531
44417
26117
35965
22735
21295
33868
43235
25893
39949
34523
43504
25143
35131
21156
24392
22699
33243
32769
408
29353
21933
32804
21571
21349
21066
77894
29506
34144
20722
903
69
141
47214
37000
34060
32984
29775
25239
32601
32874
90394
61541
45452
29581
33348
23477
29529
32076
1921
23912
21698
628
2496
23211
24488
77619
30626
33414
28563
22543
21097
32273
26531
33757
1000
32418
24412
34264
33189
21977
60030
23703
32901
23541
20742
396
28965
31821
33963
22627
1203
0
0
2013
22123
22242
1971
35566
32698
3855
34253
23590
35114
22965
34895
34728
33805
32889
492
23865
30012
34434
35376
21424
21168
22702
47090
32233
23315
1278
34022
44345
38935
28179
36012
89454
49539
34347
34027
22956
33123
32873
24021
35886
39782
31818
23273
32928
29743
35560
98057
33026
34598
46072
4400
33369
27051
30228
33473
35981
23838
32358
144
35507
35315
91358
33316
913
32598
537
28880
46350
32244
34878
33084
32361
3286
21406
35558
37625
85221
36865
3993
33840
32550
32514
714
432
21107
36173
33026
764
618
20574
33507
75061
6416
21991
422
46972
24601
33563
32951
36014
23241
991
32658
32592
32307
23459
90574
24672
37462
1794
36227
25261
384
297
23308
21715
34966
26411
33353
34679
211
95885
49123
37399
33807
36412
36015
33106
29649
32109
32523
32775
32823
32775
32763
33089
82190
33672
33440
32712
32286
34049
34515
33699
33159
33024
33794
34458
33843
33001
33478
80085
35373
47204
43165
34406
24031
33166
32343
32118
32781
20670
26763
20940
32616
29700
41661
32879
1049
32790
32724
22285
34382
32659
46493
32583
22789
36326
35333
33444
35199
26388
22100
21798
23002
21117
23853
27368
34711
33037
20781
300
2121
22225
258
2291
80449
24512
37631
24881
32601
20436
32733
29391
963
23295
32184
32484
32268
26484
33333
107533
37017
24443
32838
33057
32508
23514
32607
32655
32205
33322
34141
33418
35467
23997
84314
33616
32650
32370
357
32715
31917
32700
32805
32547
32418
33454
33231
20790
21173
94928
51658
56051
40329
24894
35762
22284
24602
25208
24425
36053
23724
23886
34091
33193
71400
47879
22580
30615
41478
43859
34428
29048
36482
22707
20978
30382
24680
32431
1217
73790
4818
1149
47665
44833
25646
33800
24397
27663
23984
32862
32844
33369
33330
32455
83190
34997
35321
33037
32364
32505
32172
32412
32286
20355
29472
33747
22117
24239
32927
3652
24857
35241
33731
32922
32961
32937
32394
32745
32802
32970
16509
0
0
164
1295
109
308
0
0
1594181
4023
230
183
0
0
0
0
0
1059
55123
249
300
0
0
0
0
0
216
0
0
0
0
0
1593914
1096
138
17420
31230
31592
35667
33291
2215
30434
29782
26584
28408
21699
23919
32608
38019
28157
30565
2509
32371
26613
24232
35915
29263
27967
34402
33288
33451
33089
34501
62399
35216
33857
29474
33656
33647
34077
34319
34340
32527
1398
31526
30636
21477
20645
20117
35990
40463
38969
44407
34424
40374
42832
48427
44575
36451
34890
33830
32540
40414
66017
34348
27315
33057
33420
33170
33354
33487
33258
33093
33215
33962
33008
29820
21123
42086
34942
19318
19616
29730
20250
2592
1322
29146
29959
20365
24894
30925
19906
20860
60638
20870
2539
1912
18296
28799
2333
20973
18240
2343
17246
18574
32706
24764
31335
38310
20018
32142
30943
2005
21107
21450
18290
21754
31212
32282
31257
21629
1698
18399
10621
18207
22113
18824
22115
20569
750
20561
2195
1920
19932
14782
936
14700
14035
10789
1363
14482
2510
27322
17017
979
16813
28729
17702
18064
17452
20595
19296
17564
12897
28725
30204
35743
33638
33490
33972
30645
32446
26500
15970
18181
26728
16286
31245
46779
30139
34608
32895
32650
32682
32790
29478
20442
29955
32718
32685
32757
29574
34127
45968
33672
32696
32373
44318
51156
30906
27980
31318
53077
41153
50079
32320
33874
36554
65809
43739
53067
38220
51118
31451
22293
33686
34184
29353
42784
41185
32559
2682
33751
97488
36794
43809
44446
41271
30950
44484
53324
34853
34497
43873
59263
30160
28953
34231
85399
35768
31236
30235
28518
32797
32917
33010
32765
33007
32287
23944
32469
32846
37896
54306
29948
22402
41364
42278
51997
40072
33463
34719
33543
32724
33996
33565
1023
32728
95770
30480
29902
33622
30885
32887
33573
32581
23952
32617
24144
33376
33467
21152
33973
30715
20658
33220
29583
32389
32617
33148
33598
32991
1328
22188
33539
33323
33359
28786
33397
754
33240
29590
31021
34195
34361
33950
33783
33819
33662
33467
32871
32094
34111
38849
33050
958
20316
20541
378
21012
32619
243
32874
39485
42489
25907
41165
42265
63431
38617
34110
33267
32686
33038
52737
34816
37729
45290
39999
29873
25772
29803
34711
35401
41534
31989
30347
41265
38174
33297
34283
47902
32362
32440
44660
48839
36938
33770
36953
45251
36546
39375
40330
34721
34496
34098
33459
32616
32898
32727
32460
32439
27374
45571
32931
27204
37646
47405
30164
28754
36100
42610
28297
35769
44493
34194
25656
2484
84196
61666
32565
53998
30415
28739
37152
43250
28832
33141
33118
49554
35306
32754
35075
46233
17789
37666
58230
43867
31811
30466
25970
41843
46018
34813
38957
55246
27939
4978
46778
31522
31261
39810
35545
43196
47902
37087
31276
31132
35501
33196
32759
33685
36389
49252
28100
33163
33026
45637
35265
2091
29519
21049
40581
41541
43096
35305
31650
26826
59676
34422
33331
33310
29601
29796
32273
31918
34060
34696
30177
30102
27692
28818
35921
44808
33452
33806
33317
32979
33297
34186
986
32828
988
32704
33251
29029
32167
33133
37075
32706
30188
32103
32880
33344
33079
32842
32702
33135
32553
32849
33195
32397
33092
46758
21297
21253
32888
330
33286
24116
459
84
201
20874
40434
40633
53905
39335
44704
40770
33963
32867
26740
1199
32999
24367
47432
47123
32185
30929
38721
53025
34692
37457
42920
35673
2316
34511
40176
31453
38320
42446
33568
33639
24608
44799
39478
35301
50308
42135
42328
29940
33028
29086
38163
41677
40186
34820
36146
2593
33944
31967
32353
62075
32224
31628
31267
28915
18271
2787
26288
28099
29666
32961
34295
35832
35138
37612
55018
27845
31997
32927
32502
31590
32383
34669
22739
35353
34651
1224
35639
33732
27689
34498
30989
31334
31360
30158
32524
25902
26488
27107
27947
16624
28167
33350
30241
33644
40146
21240
2329
20408
19068
16682
2653
27804
28211
27710
20131
21021
19727
20571
27178
53537
23618
23887
22553
21229
20200
19210
2101
31374
18070
2607
19753
29414
20266
4320
29694
1878
26689
23665
32082
31198
31577
36556
33576
33225
32815
32954
33055
32856
37406
49129
33499
33208
33243
32682
32502
32808
33762
32065
31643
33585
33684
34706
33981
28849
44453
21945
20482
21462
3139
31386
18907
21916
3302
24014
19695
2729
687
2411
31289
23389
20182
2596
30514
31675
28047
26980
19318
18604
29360
30138
34709
35423
33083
34306
53705
25216
26808
26295
2647
28764
18919
3162
2031
28833
29734
29911
19135
19837
3176
35397
29871
28694
28195
3802
17764
17478
19586
18619
21853
30563
26758
23781
21541
29928
59554
27398
30957
29440
27222
30296
26218
34668
35991
34146
1947
32851
28702
31481
29258
37048
27531
20250
23282
30541
30228
32234
33047
31663
31041
32355
34379
33102
30115
36728
54314
33754
33579
410
32523
32646
33249
30045
32458
33197
33384
33198
33072
33618
33774
42266
33379
33493
29756
32918
914
33521
33541
34075
34489
33599
31187
14479
88
2114
37292
820
300
0
0
21322
2590498
12820
3204
297
0
0
0
0
7670
53503
2043
300
160
0
0
0
283
17647
2590260
10429
1899
16873
32739
34731
71696
30983
34310
33008
32541
33161
732
32993
33392
32352
32733
32637
32538
32631
32649
40564
32902
24290
20922
21340
21111
24348
32960
21156
32790
21661
349
32877
50417
35525
62214
30052
29618
52905
34644
54514
33434
29410
30262
34736
22172
55507
39870
31800
24532
44225
47483
29638
28962
31400
34371
34927
33807
33933
33896
45879
32929
31353
32103
35783
56433
57331
31677
32453
34171
32833
30380
33063
29804
30148
54668
41119
33143
33318
36127
62599
39265
31924
20715
33158
28286
33548
34510
33365
32870
32738
20382
32244
20820
34969
55944
33566
33398
32688
204
32823
24399
32982
27592
33057
32856
33034
33176
32557
33258
6311
32776
32701
32289
864
465
32469
32535
20911
32415
20817
32745
32082
894
20772
34014
21009
21051
20916
32874
282
24165
33249
33255
29994
21108
20982
34434
32961
32496
41856
23944
21039
33012
33072
32877
32770
32915
23752
32920
33435
30164
29392
1090
31627
34010
31557
32353
36702
30432
29123
35118
33426
33456
32703
33050
32684
32796
34617
34735
43852
29832
30670
34225
33653
33251
30989
33390
35085
33405
33104
29598
32157
23679
34997
46053
27436
33291
24219
481
21018
33153
33225
33177
32997
32277
32922
26364
32691
33102
46126
29965
30783
33057
447
32406
43563
44042
32332
31702
33459
21897
28038
33860
33206
34268
29578
36717
38966
40475
31008
33431
34628
33307
32240
33286
33054
32872
33089
35068
39585
27383
32865
33024
32427
32911
32181
32382
28971
23469
32583
20646
20751
33638
21633
35934
43897
33134
34363
32302
41295
48866
40686
42610
34353
2125
41236
16183
36322
3822
50806
54429
31738
29325
41070
36490
34311
29230
39764
32475
31018
33105
46129
39651
49687
41989
34040
24486
41154
32027
33275
36087
34038
32138
31561
31854
33935
33996
33350
35540
44171
26928
33234
1017
32657
24216
32811
20769
32934
20818
537
32721
23924
32961
20831
28316
32872
30167
33032
20472
585
23727
21054
32655
23889
20745
32634
32559
32418
23898
45183
24916
33269
32888
33063
33072
32697
32871
21090
20988
291
33120
384
32811
24114
26826
321
24417
32805
32907
32853
32871
32859
32391
32685
32556
32658
32910
33070
29784
34800
31514
35435
34050
32192
30798
30799
29591
29840
28530
34934
32442
28300
33764
34519
52259
33505
32698
32859
20786
32453
826
20363
270
35522
38396
29926
21224
36932
33900
34647
33034
23865
35548
34226
31633
31286
21897
40265
41082
30376
30608
32012
28358
32751
38748
32997
34956
38593
31981
32556
31971
36536
31382
33117
31448
31043
34164
33951
34781
9584
22794
23595
33717
32821
33578
33006
32857
32744
32893
33205
33359
33349
21427
33862
37056
21634
33795
33253
495
20765
33346
33282
33147
20748
20585
32510
24069
32688
33063
35779
33017
33174
31824
32685
32724
29785
33380
32347
31466
33759
33034
33336
33292
31144
37510
32573
32547
20696
32768
33072
33300
34889
31793
33958
33679
37634
28200
33557
33981
42007
36985
48754
46666
33606
38215
34229
21382
35740
42308
36750
35899
35812
51915
35909
55034
26011
41423
40747
33839
32146
32144
34478
33177
34267
29751
29326
17723
649
4512
20182
840
300
0
0
0
16377
32610
33107
32674
32266
33608
33774
34487
32723
47165
33482
33168
35098
43820
52612
2099
72865
35823
30764
34629
45302
32585
32434
38085
43615
26196
33937
41655
29763
35128
37643
42157
43902
36048
31691
29471
32962
40346
45397
70517
38974
34421
39557
36114
32040
32770
39829
41061
34405
33586
41906
45835
39218
4039
51922
43847
50120
37313
36083
40333
34904
36601
34889
31340
30141
30903
35997
34581
36855
53971
33995
33907
651
33315
33427
30461
34903
31889
30228
35758
34724
31571
30382
33781
82721
32216
30431
34006
33274
37158
40568
32185
32831
48519
38946
33626
35149
34617
36859
55463
29136
31768
33049
34534
33253
34326
34584
738
33294
33879
30167
31320
29248
27920
40380
29190
30117
31726
33454
33394
33552
34075
34038
34663
32894
29245
32643
29748
26478
50931
33381
33259
40385
57446
52750
46650
32163
32068
32653
45264
40125
34977
34607
39477
80396
48182
34598
34461
27254
29392
22922
29606
2346
14334
26842
14675
29516
30452
3746
33746
1547
22229
32656
23414
31659
30279
17110
2297
952
19464
28599
30931
33850
35948
47877
33586
34183
31576
30715
35002
28845
29052
27764
27340
31587
32910
29936
24696
39115
58864
30838
31007
28187
2188
28752
31286
32652
32526
28584
24835
17937
18560
16715
28299
86485
27510
17494
19575
18893
20156
28053
26644
19311
25675
30067
32906
33682
31912
36259
42893
33515
33313
32805
32673
32844
32910
32283
32604
32748
29862
32907
32496
32820
32937
37477
30021
32862
32565
29373
32970
33003
32772
32556
32787
31932
32885
32739
32634
32646
35362
32935
33660
33344
33043
33272
30571
30271
32439
33714
34484
1169
33628
33765
34246
78452
34266
34466
33579
33629
34069
31541
32808
35380
30660
29046
32196
1426
34208
23062
47507
31399
1387
32979
31227
34775
30669
33773
35132
33604
32517
1009
33232
33084
34115
40490
33285
30393
33455
33931
33558
34313
1409
30107
28760
30442
20681
31388
25867
21975
51770
29869
22042
30319
31298
18806
30425
27719
31198
27658
32962
33738
34959
34959
34057
44620
34082
31672
29586
1660
21509
23539
22046
31437
20995
25326
24606
29672
23971
29520
36706
22861
26288
26831
15415
24416
3119
26882
16105
25313
26928
37810
34809
33992
37431
56183
33075
30633
27175
31409
28657
30663
24360
26016
33048
30635
30246
34283
27042
30399
63830
29042
19630
30689
29471
29525
29943
30803
33754
33573
32966
33233
32724
33270
34588
46177
33412
29772
32343
32721
32487
32355
20649
32826
20748
32709
33162
32643
32484
29829
36738
33139
33200
32652
32739
32769
32850
32415
33069
33097
32569
33276
16896
61
1009
4662
267
300
0
0
0
0
0
640
13474
29368
34184
33206
32753
33473
55467
33692
33228
32544
32416
20811
32730
570
23442
339
32661
32694
20757
33568
39103
53127
54748
40946
40529
34898
35821
22990
34542
42978
36857
36237
41160
51954
33957
35260
43141
33156
41897
31639
33299
35667
32794
32325
34613
34516
29726
29102
34997
34117
30190
44015
28458
29868
30393
3222
31224
25663
31356
22331
29231
20459
29686
21046
3036
3172
55347
31186
26704
29486
29288
27683
33697
34704
33931
33711
32974
32666
32838
32871
35598
48237
35435
34690
30705
31212
33269
32903
33542
33308
32813
32664
31937
32540
32694
32899
42712
29811
33033
32742
32607
32688
32349
32622
32901
32835
561
129
34052
23580
20958
35346
1488
918
27216
37318
38267
28283
31592
887
38443
33728
33173
32890
20414
33138
4623
38695
50734
32069
32193
34086
41584
41620
29395
31605
39094
29475
30402
34161
31763
40622
32676
20630
881
32629
23833
20838
44562
30987
27692
37388
40464
33186
33390
35218
43112
950
33232
29156
29212
30525
31996
28760
26160
28294
34218
34899
31326
27357
30074
49077
34447
34783
32450
32128
33423
21352
33693
719
33164
21345
24361
33699
21861
33180
40960
29162
31867
21051
22035
30167
31534
29972
32266
23322
26362
32648
32548
33602
32525
29408
24873
31271
29567
22892
22234
30159
28689
1525
33554
32189
32182
30109
33231
32453
6458
29223
31880
29280
30621
33225
32876
33306
21712
31405
29357
31739
33684
33962
32592
39476
32546
32199
30508
34185
33223
32646
32751
32445
32838
30534
32268
32574
29019
22280
30028
20925
23901
381
20898
20967
36830
38338
31688
31848
43065
30888
34230
33883
21940
8115
24270
33785
20754
33993
37192
24528
33443
30672
38527
36456
30207
32504
34207
35415
52908
25480
33671
36041
32088
34679
32448
33294
32837
32551
32942
26802
32866
32202
35413
57140
1738
63733
60341
36370
32518
33221
34268
23674
34704
2233
38127
45802
24078
42395
44104
33791
33318
33674
29825
30357
35126
32958
32792
32584
32421
32442
26679
23691
34121
41517
33629
33207
33089
29897
30478
25570
29127
31308
31369
32581
35762
34698
33433
34396
44819
34370
24636
21452
33889
21537
34158
33649
918
33200
32791
33309
33446
32687
32904
37588
32991
33084
32280
33496
33087
30453
32419
33741
33197
33195
32499
32935
32121
2008
39225
33195
750
23862
23691
20743
20857
32802
23892
23841
114
30699
35816
39953
38587
35236
25049
27061
20983
20513
39923
33153
46231
31558
34824
32315
29456
27619
25354
22947
41699
23652
27394
32803
33007
31308
33837
33629
33113
32626
33648
33489
34835
29852
32436
57479
33807
33021
34859
34595
34458
34188
33604
945
32931
33407
32655
32172
32409
31005
50907
32769
33087
32385
32796
32694
26415
32541
20757
32883
32592
32565
375
32700
20865
37894
32676
573
34833
49429
35564
33599
33962
1748
42875
45845
34607
30946
19125
38662
50423
33363
32601
32469
34405
46804
31212
38409
33760
34282
33133
24906
33672
42048
45228
63656
63590
33938
32500
34956
33278
32895
32805
29563
32676
33033
32471
32663
33462
36716
47203
29001
33942
33576
33367
32831
33429
33931
33053
32769
32366
30928
33127
33164
33829
46235
30958
33429
27858
29454
30917
30549
2367
1800
20884
26654
30451
33072
22098
22814
39965
21909
23683
18983
25687
26379
19307
27253
29908
26358
26456
23715
17496
20918
31078
10017
32851
34201
33722
34017
31422
27649
32506
33836
30699
30293
27394
28093
29171
31306
47764
33083
34792
33357
33247
32871
29586
29574
29958
29595
33468
34014
34205
32985
33449
75621
34430
30624
32934
32914
32903
29639
1902
43068
48089
36847
33410
35721
37433
42191
14463
37124
43448
34924
21512
39265
36936
32989
25581
42725
48554
38563
32228
32104
35504
44037
33779
916
32813
30255
32448
33290
33605
30438
34057
32233
31666
34683
34450
35414
45199
33333
33453
32445
32766
32961
29812
33013
29824
32878
33077
32662
32603
32949
33184
70006
34023
33087
32266
32390
32541
32439
38426
48405
32144
29681
40282
52115
6871
39705
43182
30840
34993
40521
40080
34665
31951
34290
38212
38174
44638
29467
36592
49847
31914
48942
43537
23120
37293
36383
35189
38449
43517
43127
36937
34200
33379
33671
48276
33072
40745
35175
30174
37511
32003
36366
38947
40886
36548
31640
38980
44775
54427
37329
47833
66389
31371
35178
34343
34317
33572
32515
30299
32697
32832
889
32674
32627
32996
34002
48748
34210
33379
32823
33789
34885
31671
28373
23928
31917
30398
30030
30087
32484
34719
51244
31974
31732
2397
31365
32194
29456
28893
20954
31030
34439
22339
21443
27912
28075
42636
32549
32257
30032
31721
26540
27333
27291
23640
21652
17687
32815
29119
31262
37504
73199
32076
29573
30650
28003
27247
23748
29581
26898
27976
27195
28772
17858
23523
27687
46506
19777
20140
32015
32515
21977
25830
23337
23358
27416
34252
32438
27914
28659
32253
49668
34389
32965
33147
32495
31566
33976
16455
0
0
0
2731
0
118
950
33471
840
477
370
1983026
5479
1030
494
150
0
0
0
0
0
5312
26026
844
386
0
0
0
0
1200
1986189
1308
797
16929
33280
36773
36926
56514
34986
33479
33770
32691
29913
32831
29946
32384
27022
32659
34983
47922
44969
44818
63768
43118
43648
43906
46780
38443
43402
50551
45552
49805
43939
51248
61257
45515
59966
157166
36157
33798
33107
28399
33020
33048
32891
33841
31502
25093
30441
25839
28624
32565
57878
27462
31776
24927
33424
33409
33339
31782
29491
31053
26968
23960
28362
26719
32654
52708
1217
35808
34078
35029
33679
35511
32500
30059
31951
31333
30455
32681
30502
25462
34650
24006
15963
20524
2514
28268
2960
17616
20192
24409
2542
27147
25331
2789
25995
34925
26163
18710
20124
2612
335
1865
26022
28106
17407
26685
20476
31722
27205
17908
25623
19283
20820
2349
32174
21503
1052
54
987
20501
1608
21766
21348
712
677
34992
29016
26667
1916
20980
31376
31900
21604
25737
29215
32762
34537
34382
34829
35458
32648
27732
25796
29046
28974
31066
30921
2287
31754
34003
27359
33452
33861
33622
34180
59114
34751
33409
33421
32845
29994
32704
34915
33467
30583
23976
33564
34138
33592
34967
51080
30223
29984
33894
32392
32304
32787
32511
32490
32652
32583
32619
32583
32727
33314
38306
33003
33138
32890
33082
33322
32103
31368
32482
33342
33366
32780
33711
32872
33216
53366
34259
32995
32778
32856
32727
302
32343
32519
32913
32978
33108
32856
761
489
37816
62796
101676
49660
35590
29405
1534
28540
52028
35688
35086
34302
34202
34048
35298
45277
33557
33400
29580
32955
32484
32847
32772
32580
33231
32883
32580
33003
32769
32829
37617
21252
33405
24234
33039
32913
32589
32502
48
32751
32988
495
20994
32829
33072
50206
34192
21608
32951
33374
617
32973
32805
32778
32478
32535
32124
32364
32145
29451
32460
34179
606
29961
33081
32841
32868
32538
31848
32589
32412
23775
444
32709
32634
33157
33221
33165
33165
33370
33248
32081
31480
33209
29705
29801
34510
33999
32302
35877
50473
33324
30262
28530
29083
34429
33770
32974
32001
34251
36063
33784
30137
30677
39175
65991
34472
33609
32834
32934
32772
32703
32403
444
32223
32769
32697
32550
32643
33063
44324
32645
33000
23781
32283
32652
32664
32661
20490
23832
32553
33952
32664
32316
32967
32628
32901
32838
23928
32691
32808
32898
32946
29334
26679
32907
33033
29994
32979
33225
33381
33174
33159
21036
32571
32400
32454
20862
32511
32391
32826
32925
32817
32835
32673
49643
27910
33200
32822
32424
33080
32814
32583
20439
32586
32361
32757
33216
33012
32850
33423
32910
30084
32685
32556
32604
34079
32625
26883
32517
32283
32667
32550
32883
32784
23835
23781
33183
21183
33540
904
29052
40524
65301
71698
35130
34289
44505
46034
39143
49305
30671
33864
33461
21608
33247
32659
32393
32469
32687
33126
35380
48525
47896
68654
63192
32385
39729
3111
50157
32315
29855
31622
34620
33184
33012
32637
32769
33234
37101
48760
51402
75074
35710
33308
37128
41291
41506
31145
35048
34146
33156
29590
29391
35371
50629
33779
34873
22728
35541
45724
53719
39786
34072
44956
33883
31652
59223
34857
35449
63181
1714
921
24386
33638
33464
32690
23961
33089
31404
52951
36786
35554
40143
35169
43161
33866
24647
32703
29148
32625
32311
36747
39494
41163
45923
70689
30686
27890
33781
46820
34717
32674
33620
33644
32401
31880
30387
33331
35649
35193
34285
34297
33168
3279
47296
32805
23895
32571
561
32869
30529
90278
44813
32636
32444
30607
43269
27353
32730
58343
31643
35166
35175
32683
30494
30997
32039
28243
28485
32199
31752
27957
27765
31244
41379
33176
32895
32708
1442
33400
33755
33610
33717
33552
33807
33286
33085
33011
31862
44578
32757
32918
32582
32360
1190
910
20628
990
23968
20807
687
599
22662
1074
8753
32993
1099
570
33250
474
21092
33208
33350
32260
29533
32010
33721
34132
34225
57557
34818
31567
25607
33731
33685
32989
32902
33380
33580
33157
33079
32973
29499
30833
38392
30100
32739
32321
33605
23972
30318
32844
33159
33818
33815
33077
32958
32767
33744
48999
35125
30462
31571
30738
3309
27235
20910
28781
26798
27698
33632
32450
31085
34614
87992
31452
21540
20146
28983
16597
25358
18439
30931
28983
27311
27236
26905
29527
28125
43837
22672
24069
25773
28232
19926
18002
2896
14636
14881
2119
26898
1939
32892
36714
49759
32849
29586
31678
32942
34101
34756
32563
31611
32717
35417
33422
34874
35555
38560
67309
3053
30665
34446
33488
30217
33033
31606
28302
32199
35880
32502
31669
35414
38022
87133
36093
34250
35010
35030
34079
33167
33800
2312
32318
31539
22273
32913
33312
37460
70793
30650
31589
31612
24992
30393
30711
26146
23576
28000
28417
28705
33981
33985
39621
69477
29118
32323
34615
33846
30620
29956
33424
17303
0
0
0
0
0
2448
24895
1572
321
0
166
1606263
4979
1008
517
0
0
0
0
0
3992
73742
1749
576
203
589
346
0
0
0
310
1606572
1997
16495
33057
34254
45889
34219
33276
33036
33132
33128
30050
32768
32832
33383
33428
58912
53804
32864
32120
47476
46175
44347
31603
34188
38086
43112
39214
41206
41316
33718
2662
44598
36817
36788
43243
34245
43165
37680
38495
24085
36233
38915
40103
36872
32759
39619
36849
35458
49037
76149
2206
42175
47113
38865
55782
33212
33601
36278
34555
33681
34023
34538
30831
26094
57347
34817
33455
30226
33317
33109
34475
53162
47698
31281
33693
44286
44136
31988
35446
50650
37113
36228
35245
44111
40740
35654
48494
42541
44720
34032
36111
44561
44706
40793
74944
37110
41730
47491
50650
32916
33921
42855
51346
47648
33589
31867
31683
36625
38601
53323
34256
32244
32107
34503
33483
31865
33273
35221
32738
32133
30190
30805
26147
31906
57891
31875
29900
26179
3473
30310
36220
32485
34024
27495
29769
31386
33166
34883
39019
67665
34433
34211
33593
32806
33073
33061
32806
32694
32525
32975
29979
32991
33671
34547
78241
34378
34834
33793
33033
33222
35380
32507
1935
29470
30413
1447
20175
20369
19545
43683
21195
33012
22264
30499
21983
33495
31425
24802
23792
34473
22764
1739
30335
22742
37539
31963
35497
34009
33412
32819
32954
32242
33315
1458
28009
30902
30851
25260
34842
47594
33993
33250
33096
32359
918
32886
33598
33525
32957
32992
21371
33228
33112
34344
53635
34632
33212
29165
2836
33864
33317
32902
33288
33612
21990
32508
30932
32945
33934
39695
30842
31062
35016
34881
33418
23632
33613
1098
33342
33673
23544
31219
33139
21937
38680
1099
21571
843
530
33058
33155
821
33034
30467
30484
21308
30186
31316
34569
37618
33502
30455
33448
34461
33883
33451
34921
31746
30637
34197
33956
34724
34035
36649
65156
33997
28869
32926
32701
31983
24881
35862
23284
33839
22614
24129
34012
34830
35212
36246
32207
21229
1777
32671
36522
1568
34875
31206
34841
33003
33407
33877
33349
32914
35380
21948
21968
34348
34095
33649
33533
33460
33531
32862
32635
34261
35958
33202
22701
80231
35559
33364
34278
33063
33289
33486
865
32792
33035
33286
34139
32680
21090
34475
41950
32689
32866
33096
33345
31188
31805
33442
24512
21529
33206
24615
33608
33323
24370
40841
25023
30143
20771
22762
28031
34408
27445
1425
24690
35295
34438
34390
33350
23332
28904
32283
31808
33791
33609
33556
33159
32962
33233
31180
14439
37
0
0
867
42571
1453
452
203
164
130
137
150
0
0
0
0
0
0
322
1958299
2592
1952699
1640
235
0
0
0
0
0
0
575524
1197
0
577364
8801
189
300
0
0
0
0
1327347
5233
1685
0
0
0
0
3273
15892
1494
300
0
0
0
0
0
0
0
0
0
0
0
156
27772
1990
467
203
130
137
150
0
768
0
0
0
0
0
156
1329225
700
300
0
0
0
0
0
16765
33001
32494
33063
32577
196
33038
40051
17629
300
0
0
0
0
0
0
353738
1921
0
0
0
393
5099
7
1094
354562
0
0
0
0
0
16422
32954
32726
32752
32724
33081
46668
34287
33212
33023
33107
32780
32057
32469
32250
28932
32676
32682
32817
32733
32988
33739
16722
300
0
0
0
0
0
0
0
0
0
0
0
156
144
0
300
5304
8986656
8989067
15596274
11756810
70367
12743318
49420
13996
6812
19282
63297
596616
50093
38397
33747
32673
32670
32742
32190
32532
33285
32976
33030
32910
29757
34998
334610
35926
33107
26760
32799
32727
23394
32853
39255
49919
46488
2637
53748
53653
59254
56797
65244
68462
60838
72118
61352
71483
64675
53024
53340
55979
60158
51315
45234
59833
99857
58101
54925
41513
48815
39245
2813
60881
32345
34254
33793
31563
30904
29968
35500
276974
36119
33416
27660
31566
34544
34179
16748
125
63
0
0
0
0
666
15602
2097633
705
2096681
1255
256
16356
33456
26607
25652
31302
29737
33770
33107
31258
46880
22441
32868
20975
22003
1113
424
39845
45402
35270
40370
42220
45319
35133
47619
61467
38234
36577
33982
37817
41556
38962
49622
43683
40792
46752
44137
45887
43719
46519
76194
44054
39645
36803
43812
43796
2582
52307
41890
50414
39447
43396
42750
39833
39127
57899
37123
38171
42357
42998
40300
45408
39641
41981
45930
45957
39226
43032
42873
53279
66425
38533
44274
34955
47252
41080
43201
43113
37724
46155
47445
44546
2944
48187
33143
58920
42479
43104
34233
40274
37445
39424
36581
40907
36817
39545
44126
45299
50145
4237
98174
46136
41909
38194
40444
40823
39651
39941
39259
40908
39962
2973
44897
44867
45524
61622
36093
42916
25312
39462
37202
42314
39883
1935
48581
42351
39676
26186
37310
37573
57143
36150
37169
35171
36865
38594
39774
44150
32593
32752
35132
34872
20002
0
3559
47558
2137
243
210
142
125
127
621782
4107
303
0
0
0
0
1149
13372
470
128
0
0
0
0
852
622315
48
0
0
0
0
0
6851
2669780
8712
845
522
0
0
0
0
2668382
1450
748
17873
33600
34854
47888
34441
35854
34238
33367
33859
29136
26449
30081
33865
1760
34799
34865
33041
31042
70306
2968
34246
22217
21827
21368
34485
23920
34900
36396
36067
2868
34146
46805
45020
51972
32437
35693
3582
34192
32082
33629
31400
32534
35704
2994
37500
60365
45791
25164
56451
34932
33282
46445
45381
36692
34520
5006
44776
53072
32356
32838
31483
32648
10242
67197
36582
32511
26139
30576
33706
32251
34081
33099
29225
32319
32961
32773
33506
32541
77789
35863
31922
30433
34020
33358
32918
32867
33050
32762
16710
14
0
0
1520
15435
146
0
0
0
0
0
0
0
0
554
13144
28899
34461
32881
41368
33696
23659
32421
32646
32295
32370
20871
32508
26994
32889
29769
21378
32829
41851
54772
57956
61868
55304
61360
65621
62426
54645
51310
45241
39542
31992
34670
35667
38995
75741
35665
31571
29949
31176
35009
34928
31918
31713
33705
31993
34674
28893
32673
35384
54073
30337
29861
32880
32679
32370
32202
32388
20855
23742
23688
24204
33185
47404
61386
85912
724
75738
59413
58856
50520
47676
53683
46391
35719
35082
35103
37534
31774
38230
93685
27611
27833
23002
26147
33173
34887
36166
38030
29210
4160
27104
29450
21723
29183
61221
34344
35598
30864
19612
30876
33269
35016
6368
4029
39305
35612
32375
34440
33393
60295
35021
33310
33479
33432
31356
30069
32564
30846
30379
30683
30398
30173
30592
30267
50266
30320
29981
36489
37231
32535
36981
43216
33433
38244
52561
52818
39485
59915
57230
106673
34116
74462
47594
28695
59831
51688
65919
48226
54817
51672
56268
64377
50279
65723
92661
55037
60837
53183
64504
53740
64025
60513
43328
62418
61913
44225
52756
37299
42559
88570
35376
32995
16792
445
140
85
0
0
0
0
0
0
185329
990
20365
424
0
0
0
0
0
0
0
0
0
0
0
0
0
43956
2318
317
210
142
125
186608
0
1004
13474
25701
26273
32083
36957
37978
56267
28452
27295
27843
32210
37785
35067
32842
33116
33691
32901
34417
30214
32815
39877
34722
34257
32338
32558
20385
32472
32655
21177
42934
60134
62620
63176
70582
73828
68348
67744
35110
33031
29916
33690
30755
33167
33312
33811
33963
34595
33318
32850
33283
22236
92688
37775
38214
50558
47280
44246
64165
46469
52875
65311
40087
58256
54405
37563
52721
99403
45267
58805
50080
49080
70109
37321
45148
61353
41448
47538
47704
41931
38834
54722
87003
37772
46842
37406
56717
35197
41465
53549
34713
37644
54023
32592
33250
31833
21864
101926
32695
37131
31339
33511
35729
1757
34010
32559
15583
1367
240
0
0
3174
17901
853
0
0
0
1186
15090
31382
31345
26385
31618
34745
28974
31439
34335
66096
34240
30368
21647
30569
24419
2965
27841
37105
37248
28242
38349
47960
43555
37797
68883
34642
33588
33222
32861
32544
32637
31686
32172
33926
43891
36041
5765
36229
43091
166725
43640
49233
37085
43630
39235
30762
37666
42145
35600
44823
38940
40740
38278
48694
50168
33652
32741
35842
34477
32908
33786
33118
34943
16906
233
62
42
0
4248
24203
310
821
1911735
5001
227
1911242
1715
496
17614
29806
29147
34198
35100
34660
69513
34544
33321
30688
32933
35101
35592
34966
41809
36429
38648
40543
34105
44334
43361
144316
34532
31376
34393
35215
33778
34745
33127
29863
33195
32814
32931
711
32178
35900
53726
33677
32607
32739
32385
32661
20898
45220
36946
42309
36028
37115
42587
51585
41068
47774
37012
40648
42474
46478
22861
1857
53920
33979
39985
34664
34359
43514
47928
44055
15399
38490
39428
34518
46023
38075
54912
46014
35283
28317
33876
32291
31674
35612
37716
81871
36103
33115
30584
32732
32492
32783
32623
32262
32526
32172
744
20415
32682
32605
41383
27448
33324
32925
627
29340
32559
32514
20595
23919
32862
29568
51
32751
31896
32884
32583
32310
33009
32595
32859
32655
32637
543
32253
32313
31706
37391
32340
34558
57725
36580
31364
31292
34207
33289
30240
32760
33349
30823
29783
2448
32420
34238
34256
39098
33711
33527
33039
33054
33159
32951
32807
32905
33342
28965
29910
33232
35537
36157
54687
33891
32373
32232
32505
32616
33036
32514
32361
32034
32505
42
32724
32784
33082
42037
33525
33388
197
32937
23978
30265
32942
32270
29857
27607
33128
33366
33622
33798
64174
35373
33525
33409
22757
33737
29889
34091
33090
31193
29426
28875
32159
32481
33259
43486
22504
28559
30888
32541
35529
33368
35356
33723
24339
27988
29057
28422
31166
21130
41271
27635
26848
3459
24592
26710
33490
3176
28038
29204
31483
33105
28541
32494
38547
53951
26066
32789
34242
22236
22443
32445
31096
21022
35208
2080
34590
21129
2056
2584
73627
34661
40432
37613
34034
31403
33301
27965
29874
35493
34679
33126
34727
33790
32151
59517
30555
29400
33615
40084
34680
29494
26652
32614
30511
31166
34541
33492
35243
40712
74156
33950
33025
33692
31449
32401
33428
34375
35017
34142
32833
31858
2721
31228
39713
71539
34627
32232
24165
21091
33449
33757
33498
33979
31013
27445
28939
28005
30063
35457
104386
28287
28689
29474
28392
30932
31370
31226
32575
31316
34076
26028
36138
33930
36102
62547
34026
30617
30577
19234
886
210
144
0
0
0
0
0
0
3242
21687
841
29
0
0
0
0
2666453
7416
581
0
1704
5044
1374
2214
2973438
15550
12766
27936
38198
45193
46132
46621
45562
44832
13098
41477
43301
42227
44274
64611
31088
31688
31817
33873
29724
29920
34476
35345
33660
34270
31376
33901
27637
34624
75512
32929
28536
29749
31280
30281
32112
31997
30052
30869
31284
32946
34274
33690
38309
62030
34608
33893
1161
34505
22214
34100
34596
34154
34760
34854
1365
43137
59027
42299
343493
36034
32722
34448
33698
34720
36928
40354
43963
50249
38949
44251
50677
49247
48505
77711
47284
41439
48156
61853
56044
46454
47173
47977
58079
72634
55490
58468
42070
47429
81155
36592
29053
32006
35042
31554
31847
33337
32680
30846
30365
29044
25921
43380
7651
72127
37054
56512
32990
36744
53564
41578
36232
37096
60753
56582
52466
66913
50562
71919
116629
57966
82810
64987
43567
61642
56332
47251
46837
57543
40156
31952
34198
36218
45458
98973
36415
31196
31459
34918
970
33163
32738
34124
34697
35195
33145
32339
38702
30803
81047
23293
22832
32578
31625
32204
24162
32389
33657
34485
32474
32461
33484
33317
33943
66222
31003
28693
28504
29316
28181
32570
35892
34174
31103
29483
31575
33854
33798
41038
138744
36847
33810
34308
82418
52337
35381
30557
30342
59112
111940
66701
64439
87555
155980
103016
37620
34287
34817
33773
34980
31603
30885
34395
33904
33064
16966
113
0
3436
37364
728
0
0
0
0
0
16902
34478
32738
30397
33987
33815
30243
37519
117630
37184
22164
34754
53557
89085
62499
51991
36615
34680
29059
33016
31792
33230
38603
63696
48773
58329
44854
50177
62610
94006
82078
51181
56661
58381
33831
36708
31926
46209
97331
35249
33233
23888
1039
33621
34903
32827
32206
33192
35097
33877
28396
28632
31930
71043
25867
33109
30354
31451
36875
45869
55756
46358
60237
66959
37903
60263
52773
57413
150895
64709
41111
66471
65991
48476
67159
77383
9102
36459
27189
34614
36679
29273
31128
82858
24172
18638
28326
32963
23498
28151
28177
25350
33293
31363
28131
29425
28559
31383
70527
32196
30146
30511
22342
29868
32570
32093
29214
28431
30714
28450
14439
27834
35733
75931
28769
28783
28059
22384
29954
30957
25566
32491
30524
30455
27757
18151
26747
32805
105218
34268
30960
33007
23567
22550
28753
30951
32843
29896
25111
29251
23908
30387
35491
65741
28771
29393
29242
28056
29059
34283
36669
33049
31345
32816
36340
35554
34013
12456
96285
37066
33865
33315
16799
0
0
0
0
0
0
0
0
2578124
8495
58837
1737
616
0
0
0
0
0
0
0
0
289
0
0
0
105858
2584295
1784
14892
29480
32273
33336
30988
33969
33049
33235
1141
29372
27387
35219
72929
35578
35245
32045
26882
25456
25728
23129
32049
30499
30445
33874
31793
30790
24258
67815
22756
13412
13215
15276
32846
39173
41019
46160
45526
45910
4458
35671
23339
35787
360348
18370
28857
39313
17072
38540
30853
34811
33733
33228
32656
32549
32609
53266
43290
48415
34187
34230
53445
27941
27499
30451
40621
34003
34220
34002
43026
30718
32238
42361
58300
33965
28229
28991
27359
32150
32135
30328
34351
32818
33595
32910
30498
31597
33327
69488
26543
29601
35386
30876
32868
4250
32707
35553
34831
33569
21834
24884
25737
32645
366958
36147
32318
29710
32395
32658
33346
33395
33996
33535
34047
33468
24036
33483
35169
44303
34640
1116
33460
41749
42987
35178
33292
41719
46479
43847
59932
58035
4539
93554
64729
33927
36798
28954
24226
25675
26996
32783
23996
32169
29374
46076
56695
61661
11669
82740
36722
34519
40979
37194
34777
33460
35857
29003
54033
39530
34675
37314
54626
6407
106382
41587
37195
34935
32241
2201
34703
26003
24570
24609
35491
44403
32414
33956
25056
58798
29159
30319
33226
36063
34498
33838
34847
30134
29196
31570
29553
33444
33975
39462
73127
33157
31664
32285
29297
33449
33209
33575
30645
33504
34111
39777
28801
32035
33991
66165
35050
33425
29741
33880
35162
34129
33133
33030
34512
32384
32519
33135
32534
35936
114176
32419
32766
35720
35756
35915
35164
34608
1533
25781
35744
34763
30567
32234
34627
60076
3519
36069
36631
38196
44725
48307
42475
31341
28105
35477
35220
34924
35734
41335
71927
35036
34976
32602
30047
2500
32091
32562
31068
29052
30010
45243
38325
33561
38155
329936
43586
40197
40812
41638
42066
43408
41782
30198
42225
41276
41715
43261
43147
39992
59849
34519
1890
33122
33285
33079
33399
33581
33801
35249
33966
28568
29860
28778
33246
60505
26545
3671
23056
3618
26226
31929
29246
19254
29125
3081
28078
17743
19555
20575
35411
3011
20345
29861
26633
26562
27345
16603
15340
27346
17160
24489
26812
18665
26202
288450
34099
21464
3616
2043
30424
3258
1968
27238
2509
29861
30897
31934
29556
28802
34712
26419
30641
34674
33037
27656
31703
35431
34986
34518
34496
31761
29073
29969
27456
60111
2682
1219
18388
19357
17159
27989
27915
16151
29499
30535
23344
21931
33516
29698
22346
21188
21533
26362
27305
2451
16891
22534
22402
2145
24036
19962
27664
18094
20106
50620
21801
15467
16693
19668
3196
24677
29335
25373
28994
31404
30623
34076
34678
35610
44413
32094
34473
32491
31034
32317
34235
33318
33146
32764
22828
30579
30673
32004
34798
46944
34167
33026
33329
33201
30185
32871
30534
29944
26892
32417
32693
33391
32567
29946
43022
33309
32857
24197
21137
24412
33356
33144
37983
26938
33575
36471
36957
42054
44893
93525
48327
43180
47001
59354
56033
44794
57400
64452
61989
36569
33438
2760
29006
35793
74274
40182
33189
38655
37480
33385
32652
32834
34392
32970
35041
31741
28854
34490
33169
75930
27392
27089
32276
33746
34297
29957
28841
27269
25211
26885
31408
28597
24863
25442
130699
30270
4896
27249
28430
46998
33884
35500
34477
30818
29555
29313
31575
40929
64859
87777
35791
33332
29883
32753
36650
34123
29919
26091
62409
114655
74226
40157
32946
36334
75646
2472
40823
49747
47271
64428
130669
63039
55595
55672
34521
34104
33481
35650
43453
86156
36381
31114
31436
27653
29274
31613
26708
5042
27686
32159
33263
34667
38274
43650
166552
36799
34119
33845
34513
34743
35653
35903
57806
60456
43029
68817
58134
60109
41620
86590
32173
31793
31170
34728
34322
30644
35208
33751
33484
28970
33348
34043
27693
23246
82050
32551
32700
31339
27253
29780
33036
33500
30160
28972
31864
33094
31267
26944
34363
93423
35536
33584
31481
32258
35690
32808
32324
29301
31080
33496
33534
32960
33204
34981
156254
35993
33469
31573
30082
28750
32853
35179
33162
34077
31069
31374
32973
29431
7875
72625
30049
33283
33075
24075
21086
25950
31687
21198
31635
29085
18793
31407
34523
31907
52352
34434
33098
30448
32901
33525
463
34001
32505
29859
31883
32740
32187
33080
33935
55197
34980
33273
32847
33118
33614
32862
32991
33978
30437
29449
34723
33614
32610
34968
128615
37013
33424
33477
29610
30759
32454
34116
1157
34609
31848
30750
33768
33121
34973
48615
33224
29434
32801
40409
37645
34515
65652
53988
32278
36792
34706
42435
77746
38969
44610
29872
32563
36828
3490
29682
39638
37142
35193
31932
33935
34486
37060
34159
37681
105783
36169
32487
34275
33847
27612
33353
35346
32642
31036
32778
31455
32574
21668
25698
51171
31951
31996
32255
34039
31822
24312
29023
18658
28076
29566
31810
29290
21467
31413
36718
33437
36290
31712
34202
34413
34163
34085
33073
33086
33577
33963
36976
35774
37203
50925
34555
27819
27708
34361
40808
33571
22359
28603
29957
30116
33889
31923
24082
29672
94014
32657
1668
31951
34663
35164
33788
30831
2036
1098
30920
30403
1893
29605
30372
46338
32828
31597
21095
22012
19682
21608
31534
28172
31114
29392
28863
28037
32914
36303
46550
33579
30570
30091
32624
32770
33350
33450
31585
29165
29811
31103
31310
31282
37306
50431
1116
33568
33754
34630
33787
30364
31538
32085
33860
33817
29438
31440
33268
34797
91092
35750
34638
32965
30659
34183
34055
34449
32653
30364
31854
35442
33128
29279
32443
68428
26673
27312
28097
26525
25582
31315
33857
34940
34832
34974
30518
30726
32486
40942
84130
30790
33486
29986
30994
30662
24871
3943
2655
32265
31390
17245
19355
23688
31820
60517
34293
32111
30849
31139
31027
29482
1995
2019
32513
31485
2548
29231
1827
29030
82678
21124
28096
30863
24401
18380
27441
21477
30309
17890
21425
27327
1339
24638
1285
38599
30995
32997
31122
31031
32860
33970
1443
34483
32440
34981
36973
35589
35330
35320
42979
33797
33191
33052
33181
29492
35072
21427
33675
33909
34489
25018
28692
1601
37609
152832
33043
34072
411
34642
34398
35154
32122
28789
30411
6182
33581
33990
32979
36880
58616
34405
33098
32892
33073
33176
32874
32299
29927
28053
29263
27562
27582
25268
24494
43687
31665
36209
31895
26793
37545
36893
35201
36428
35429
30421
33506
33785
33733
30959
62514
31443
29641
29291
25791
30943
33031
35210
23170
33582
25571
33338
21652
21472
34576
157058
3439
21277
817
631
21050
21532
30846
20862
20571
33380
36893
34905
436
33232
5798
33887
32912
33282
33447
21786
33136
21557
33569
33383
21883
28685
33636
22039
30502
39246
26842
697
32371
32653
698
32799
33207
33229
31761
17394
25293
32748
23184
35789
25748
24173
34278
25111
21628
1015
521
32984
21969
33063
32862
34386
22696
32814
33379
23541
36574
29917
25260
29747
34012
35450
36201
31577
33658
32751
33693
35097
36140
32451
42031
30002
22203
32457
33240
34593
34865
33380
34334
29869
23033
32525
29431
29592
32318
53700
36559
35917
31545
29757
30928
32869
33132
33763
30122
31204
36576
37249
30228
29893
72535
28791
32916
35519
33474
33373
34841
34500
32588
31968
34961
34324
33353
46198
47968
144206
45635
42599
35376
35809
35310
1846
33902
31340
27288
30258
32399
33478
31244
39522
87663
35625
32649
33893
33695
34381
31503
31745
30919
31400
30187
30448
33659
32086
33286
85407
3493
29630
29427
26817
29319
23672
31526
32020
32890
31730
29231
33969
31486
33518
122247
29745
27079
30633
31740
34154
32901
34031
34193
33551
27997
29748
32231
23210
34356
81888
35675
34684
32514
31104
28369
27901
29494
28100
34143
24460
2662
33149
35640
36829
77046
29804
28968
30166
19238
17757
21925
30745
4517
2308
32218
21960
31691
20133
3498
45726
31865
33171
30411
35408
35163
33399
33483
33429
34438
33999
33505
33444
33891
38622
110943
23645
29793
31457
30750
33358
21183
33048
33135
32955
32927
32672
33039
33248
33291
55137
33887
40872
32974
32878
37009
47317
28970
31749
41851
23560
39973
38597
39867
36216
60347
32442
32012
33397
33168
35018
42301
55022
43311
46654
36575
42317
34959
33398
39732
63923
34501
25440
29134
37004
31766
34183
34427
33460
771
32337
32235
33036
32367
38705
124806
35860
32983
32741
32995
32843
40104
47465
32775
38150
39553
45278
32340
35645
39895
62555
37775
37340
34153
40447
38150
38998
33306
28386
40784
33046
22695
54540
46395
33530
40119
25710
35680
34498
27551
27364
34580
35171
32527
30415
19491
22865
3501
30295
9006
71436
32735
36068
36232
33422
30839
21998
18443
27891
2922
16396
17280
22159
18657
21730
123110
21370
2904
26985
2843
16451
25453
32716
33140
3497
31681
26495
29682
36519
34495
52346
1573
29424
29083
35291
2114
34193
34688
28240
28690
21923
27016
27246
23387
23347
48251
26262
29664
29193
23401
33878
22670
22775
33536
33919
33924
33844
7287
2289
35366
79389
37212
23613
22352
25371
22441
33281
20962
3146
19937
29563
21981
2778
22164
17949
42213
32148
29084
25459
29805
30136
29062
32843
36541
34884
39238
37088
31015
25106
33178
76188
32338
34363
37077
31658
10116
26528
26932
18368
30305
34029
31502
29527
29974
32101
88196
31079
33004
32338
27404
31978
34761
33477
4624
30211
32316
26305
33122
22091
27945
117580
22536
26387
33765
34346
34231
34401
31561
34716
32585
32370
33708
33730
33422
28166
64653
39943
35835
35863
34059
33391
30976
35924
35634
31237
32342
32591
35979
32894
37263
74144
32159
34654
33441
32219
29875
32841
32670
32466
32832
32976
32331
32457
32622
1284
48045
33809
21545
55115
34746
886
33209
34226
32986
32623
35838
34671
29352
26799
26315
101919
36976
30073
17847
28264
4956
31941
31437
29882
32532
34072
34685
36725
3075
38801
67475
30976
35046
32497
31329
27105
19352
28829
21542
3328
34917
46067
45856
44334
53511
98317
55101
68082
35829
32668
33395
4327
35535
31250
29293
28320
23995
29789
36025
41580
85316
32076
32163
35490
33200
29185
22578
29200
28327
31314
37741
35270
31425
36370
43796
155570
36310
1366
21387
1288
33383
34727
21695
686
32747
21197
21448
24551
21595
33496
54200
847
27148
21196
87
21205
33373
302
33387
21272
21356
457
621
21323
21357
23658
519
20947
886
432
20646
20543
20638
20959
30217
810
21786
28178
1979
24750
171964
10635
22016
33516
30163
31040
35343
32263
24823
25402
26993
24016
26399
28195
32502
67377
30316
29933
30736
32999
31615
30101
32466
37964
39359
35567
27173
30273
37584
38803
59627
28905
33002
32413
32666
29916
27749
30339
31229
32425
35563
34512
8444
27949
36353
94125
23684
19096
19013
24166
19624
29823
19611
28508
27059
5714
23493
26722
27958
20079
183303
36645
23815
26623
23408
25514
28382
31555
34256
37087
33451
34788
33783
33284
36216
73503
32068
32509
34917
34443
34539
31617
30738
29265
28292
29283
26855
21904
29270
22457
59639
3090
18276
28853
1699
16725
16553
21621
32269
33750
24017
32611
3811
31487
37556
63333
35181
31322
29400
32373
30571
32601
44029
36051
34289
34809
41630
45277
42478
47134
122840
38147
39881
47579
49320
44994
42245
52772
60472
62582
64821
52674
61651
55774
74914
48600
32897
34631
30811
30362
32382
29613
29643
32571
30194
32945
32721
33180
32778
34233
54831
31689
32969
32952
32814
33054
32252
30717
32943
33901
34156
33703
33727
33936
34106
51233
33668
32712
33085
31825
27832
29987
29879
34404
33393
33719
34180
33227
33888
35913
114270
36961
32683
29083
30381
24118
32762
23468
22892
30347
31549
22636
31381
33853
31390
28925
31078
29826
28293
27784
29198
21306
30314
29251
29090
30340
31202
32799
33068
35391
49049
34660
25577
28189
5101
22835
29652
30593
1731
31514
30258
29759
32600
32147
38978
78711
36654
33795
33251
32852
1016
34399
31482
30722
35784
33494
280
32880
33065
34463
50319
33412
32939
33135
33655
34166
32742
31725
34864
30427
29220
31482
32185
32588
33055
72212
27937
31112
31307
30428
33145
33401
2211
33848
34677
34611
34026
836
33508
39736
79988
36193
34151
34234
33568
33848
32185
29788
32116
31890
21979
23129
32030
23045
2560
108725
23836
31113
32617
1590
34649
33758
25184
1204
34076
22502
33229
32648
33093
27267
49287
32492
25077
26445
34677
33182
36260
35221
34751
21831
24921
34264
35712
22739
35678
63758
33953
20723
32761
32718
23850
495
32987
27095
21168
580
33198
21098
33128
32721
18657
23857
32932
20604
32962
32715
35059
35056
35268
34965
33205
968
33831
32589
3014
94918
36343
31346
29621
34231
33179
32584
34018
30882
29071
28748
32860
30584
27540
38777
92877
34892
33420
28566
13421
161
206
158
101
0
0
0
0
0
1723
2775351
2255
2728036
2414
17550
33029
31957
34790
30037
30887
30504
30999
34380
31397
36016
58090
36813
57548
63301
74289
49821
68864
73449
74751
53720
58993
10682
75359
60584
50395
156007
32352
26048
29154
36901
34491
33958
30993
35971
33036
32929
29316
25554
5684
40653
84167
35753
21877
32806
37124
29159
28946
38089
34629
34131
33766
32521
23847
33107
36017
70126
33245
32774
33011
32841
30736
32700
33787
32784
32167
36334
24955
40218
2705
38045
104410
34961
32261
24612
35010
33146
20012
3167
29978
21396
32303
30737
32826
35263
35515
61795
34019
40906
38007
33541
32719
32756
16413
0
0
0
0
0
0
594
22645
931
0
0
0
0
0
0
0
0
9267
18547726
13829772
58063
31161446
30538216
27457467
28939886
91310
28208759
26611075
26719485
78274
22083424
85118
24429158
22560057
19023668
89205
22864758
668748
20572976
18623393
21034698
53960
18296246
18961210
10859798
205707
48632
12181
2900
145
0
125229
715027
60553
37698
35400
31141
29136
34525
37694
33227
34594
35566
33614
34108
32708
46527
424428
23325
2064
820
0
0
0
0
167
0
2047080
7672
333
82
3679
66880
1594
472
0
0
1535
2048346
814
17838
33862
31750
29135
26212
32507
38159
357129
34144
33408
36226
33943
33222
34907
30537
25371
27110
2678
29551
30558
30095
35232
86019
33856
33197
29905
35155
30330
30651
36803
32226
32984
35447
34040
32605
29734
39148
86050
34552
32170
32520
32475
29664
32454
29415
32304
32790
29844
31683
23787
32607
33666
63159
39554
43284
40983
40502
37833
37389
31405
33775
32826
32860
23718
32994
32412
33870
146563
55055
43380
34656
33247
30217
32721
24364
79842
39046
2508
34954
85484
49103
36640
71105
81856
35820
43324
79546
41186
37373
3758
66945
40502
84934
51727
33029
2738
9091
69151
34541
32830
32514
32634
26040
29958
32871
32805
32553
32862
36943
34935
61629
53593
87336
46338
32760
34119
33159
32613
29160
32571
35418
68808
39270
34065
33951
30573
31537
58242
45148
33752
38731
105211
32028
38818
87195
49633
35775
52976
73071
37198
44769
82450
71937
42235
68167
33028
41252
64935
2759
33898
35454
34393
34357
31198
31593
18198
3960
38087
665
179
0
0
0
0
1855559
5722
901
0
0
0
0
1469
72726
2302
271
168
128
128
1086
1856821
1131
17587
31273
30664
34707
33341
32520
53028
34590
33137
32967
33273
33377
32775
32399
32521
24153
33634
33273
35093
44270
38868
67483
39610
36549
35182
37774
37848
37748
1989
32301
34268
33453
32794
32439
30723
35270
45089
22574
33488
34384
37423
38023
40799
40624
39797
37937
40460
34821
31918
30810
24710
89743
38507
38557
39374
34553
35245
35980
37151
36794
38755
3103
38140
38267
40356
43732
60408
36651
41193
34560
40696
39176
2058
45475
39750
37206
34042
33723
32805
31132
36039
51854
1035
33432
32375
29928
32898
33140
29781
20989
33194
31986
28969
31408
20493
32458
38178
29554
30665
31922
29417
22090
31143
31900
29893
32061
34681
32924
33502
31789
35207
70848
34844
32564
32405
32175
32799
33696
56322
91933
41370
24115
41918
51771
37600
35520
54961
39510
47537
50213
38337
56357
28636
20010
37212
37418
34497
42329
34252
52352
36106
44786
44906
37390
32633
39377
43491
33997
34264
35672
34584
35176
51397
40474
3583
46328
80187
39562
40429
33662
54431
35207
33873
32332
40959
46174
42513
42204
36251
36730
48193
45849
40281
42539
38769
44618
39214
52196
42626
43123
44522
2720
48730
35469
38885
47030
65723
39190
35032
52087
47415
43425
34675
33458
35257
34463
30797
31878
34605
32976
37685
56377
968
32799
32733
32985
32403
32478
32814
32562
32559
29829
32622
32766
32883
33834
83492
33806
33534
31921
27615
14508
788
16970
32343
29341
31336
33815
35224
34746
39555
76306
35383
33236
31614
16039
1911
19560
32693
31119
35319
33982
33784
31623
31480
38962
83767
28466
33332
33152
33347
32903
33088
32793
32760
32805
32463
32583
32241
32883
33470
53335
32924
32901
29775
32265
32361
32085
32109
33168
33324
20760
32841
32904
33456
51285
102382
34584
41786
50611
27533
39389
37333
34291
48914
34831
23377
44611
28503
33422
36152
48150
35910
30193
30128
34472
33241
33701
32631
36681
51437
35536
2926
42536
31734
30767
63885
34831
48750
30679
29991
42904
34528
33853
33495
21225
32790
32886
369
32652
36156
58405
50292
34140
42039
56359
33165
35768
39953
35009
36216
41212
33136
37000
38797
36639
78792
35289
58121
34344
35347
48690
37944
33306
46217
35064
34134
50658
36183
2779
44331
49811
32455
29199
27316
32507
34740
34347
32806
31832
30399
32695
35807
34028
32734
37480
58657
30833
23073
32595
32454
32199
32982
32379
32613
33048
32520
36334
30212
33854
30521
82348
34708
32755
32675
32352
32268
20508
32463
29478
32886
29982
32763
32703
32232
32643
33372
33294
32586
32433
204
32658
32631
32868
32883
32679
32820
32922
32820
32721
32586
32949
33222
32901
32859
33063
32799
32796
32463
32208
32055
22968
33108
40457
45417
38891
54400
43217
40953
38359
34491
37253
35815
42372
36245
36327
33976
42720
50251
30959
47068
20461
35766
43727
39479
45341
30325
32172
45520
33837
30399
51541
35188
32416
55586
34591
45696
35027
2579
29345
29369
35290
33258
30389
32946
32853
32838
32487
33036
33887
33932
49176
31740
32359
28591
28620
29539
25736
33612
29675
31891
3008
30098
28791
35160
35851
58780
2206
21597
23428
33013
31895
26264
29314
29632
29514
29449
27071
31046
2648
28136
58864
31574
29945
31330
24714
32153
31426
31751
32277
30259
28522
31192
31489
30518
29612
46780
32294
28870
30458
31785
25445
30334
29799
32841
31890
33174
34623
32868
26531
36615
54780
33597
32571
32436
32691
26838
32403
32427
32859
32796
32817
33602
33418
31037
34292
57976
24973
26252
29376
32181
34236
35734
34698
34257
32116
29406
28793
26536
28503
38391
112905
38529
35438
6908
32848
30807
29183
29150
5590
29421
32816
32434
22827
4192
37877
80308
28323
24103
24798
28320
20732
23344
20096
20342
19153
29274
5507
29754
36788
38615
84594
32829
30908
4620
22815
31428
30639
29449
30357
21440
28011
29395
30953
33556
30619
126869
34942
30771
29016
35253
34534
37033
36932
34429
33940
32922
32797
35275
32051
35082
78355
34362
31396
34090
34047
33294
30939
33664
34393
33787
33486
33491
32971
32652
33933
62748
24562
33261
30078
23481
32238
32859
31157
30542
32174
1603
33961
32122
32712
34878
44763
33877
33441
33436
24912
21693
33847
20512
20891
33275
31752
30650
31295
27791
32111
93735
31066
33678
35236
33840
34433
37302
32470
29856
35624
18530
748
245
103
4218
35457
755
139
0
0
0
0
0
1830024
5630
796
0
0
0
4094
31324
1592
131
0
0
0
0
0
315
304
0
4899
2112
1830645
2779
10543
16920
32610
33844
33740
30860
25939
28251
30971
34230
35566
2148
34454
34405
36203
99659
35656
33906
32642
1243
1010
29813
33877
32487
31504
31298
30533
29010
25348
33792
44197
32447
1053
29843
34028
31327
32826
34227
34237
33646
33159
32985
33893
33785
504
36690
33465
21254
34007
23263
34739
34117
31227
28424
20284
35387
29029
20653
968
33142
38803
33084
33664
34533
21782
33686
33955
33448
34643
31594
34531
22895
34130
34766
22513
70379
33954
31732
32300
32799
32562
24582
31368
32161
34190
34086
33938
34044
34199
33303
40743
21059
33237
33620
33603
32905
33059
32812
33039
33035
636
32616
32157
32055
24272
36579
24295
27078
32976
33139
21369
32612
32705
21149
33294
33279
37123
33059
33368
33495
52301
34805
32246
32935
20821
32903
32264
32565
21222
23904
250
32881
21202
32950
21413
21443
456
24113
608
51
279
24379
333
33277
33063
24637
22017
24644
32868
32696
33430
33120
33126
21123
33452
32577
26727
32253
30000
33074
33269
32070
1034
21887
30749
34685
30164
31337
1096
31656
27307
33075
34206
31623
31854
32611
26727
31748
33533
1361
36256
23354
31317
30605
401
31191
27095
21570
32852
28827
31099
29845
34185
1002
34241
37606
878
34352
1293
24226
33109
34179
34661
28308
33548
34018
33203
32105
31331
33329
32972
31185
30766
33082
33467
32731
33200
21113
30147
27091
34444
33772
33215
877
33107
36290
33096
20789
30073
21482
21743
33341
24117
33934
34249
34276
34363
35352
33887
33972
73023
35421
34543
31257
26186
23476
24744
27088
33552
33456
24733
33524
38211
50502
57026
64541
57672
74825
35811
33990
33969
32788
33086
33163
844
32685
32972
33236
33437
33432
49024
841
33123
31947
31487
32835
1125
33080
30997
32338
33554
34352
34216
28579
30066
45459
32236
32302
33785
35077
33892
33857
33493
33021
30411
33418
1046
33263
33686
34537
85454
2609
20803
31053
29277
31376
33176
33847
33776
33800
33370
33383
31159
31308
33707
43538
33274
32604
29573
29981
33584
32224
30927
32304
34160
27370
27962
35603
34951
37182
52494
33552
33534
33128
32896
33536
33624
32760
31225
32836
35694
40234
34204
35659
36066
347377
48843
1845
32349
31821
34545
34821
34394
33407
34261
33826
34554
32650
29952
29638
42922
31869
1402
32884
33192
33824
32473
32926
33465
31444
29720
33123
33954
35009
37454
53043
34149
33829
34600
26954
33419
33766
24651
33786
33744
33527
21657
853
22020
37705
50486
35891
33949
32632
36445
35127
35517
31914
32361
31219
32441
33432
2759
32372
33445
336750
30961
32620
34571
31878
36602
34809
36637
33541
40129
36191
33054
31331
27706
36773
49052
22245
28743
25338
31785
41804
33870
34974
34089
32206
31692
32218
28080
32093
34378
30707
27908
27483
30637
32209
24021
27298
34658
34588
24851
33518
33378
33589
33783
3885
51687
27775
32826
34248
36294
33958
32816
33782
33848
33231
34764
29868
29926
17996
3978
67686
2140
355
41
0
0
0
0
1980044
5836
294
0
0
0
1705
22773
2152
1982820
1292
16535
33175
32925
33510
30858
28089
30080
31168
30944
31384
34514
56013
32071
1666
28202
28614
32987
31731
30970
34446
35440
32666
31036
30117
30073
34376
59992
1692
18561
30513
30775
21043
36790
39715
35973
34512
38610
36077
35336
35644
41137
107617
35935
35207
34167
34511
34146
33050
32468
34899
34600
35010
884
34694
31190
31234
42003
30535
28184
33044
33885
32888
30356
32902
30155
33448
30308
34632
35415
35778
40190
47197
30919
36164
1501
43699
39713
32774
38108
38970
37592
39033
41418
40750
38815
37298
376100
42825
40921
38820
36204
38352
43091
43227
41721
40125
42978
36519
34243
37815
44335
70476
1953
348
0
0
0
0
0
0
2328472
4615
1062
2325064
2453
18818
65387
32614
34643
33033
33559
33209
29817
32442
597
32775
32763
20676
33122
33359
31263
46688
35790
36083
42128
41375
36479
36981
39433
34607
33698
33781
33440
33495
33008
32560
382741
38366
35862
35091
35208
34758
37267
39211
35635
36584
33306
33283
33861
34910
27824
53056
33433
24580
34227
38089
32755
35498
40564
39012
38472
38782
40514
35196
33535
40560
55286
37021
32481
37462
39887
34817
34864
33830
33157
35780
36306
31033
31594
1350
36334
49597
21348
32156
32001
32793
34083
33285
31574
31545
30978
30759
27011
30427
31820
33109
69425
34839
21493
34039
33146
32209
26674
29761
30528
32957
33237
29535
1322
28823
22614
43016
32328
30261
32603
26532
28966
34119
31823
28086
1593
1136
32567
30969
17036
29763
38907
29488
1894
33135
17795
27014
18068
30537
33962
32111
33150
32435
22673
29308
32360
35978
31109
32585
31775
31295
31146
31780
20963
23366
33158
1308
30428
18742
21472
1834
54121
33065
20525
32903
31005
31308
30419
31971
32379
28979
29912
33077
34043
30083
17945
34631
31987
33325
32157
20919
28055
31991
33140
33812
35283
32835
29247
33553
31433
35679
40092
34533
34282
30658
28456
30899
30348
28062
31291
32948
23337
5244
34611
33645
35292
369529
42924
31670
8254
39465
38692
38402
30136
7797
37277
38623
38014
38122
41322
40728
49244
20890
34043
34649
34078
34142
35144
2300
27650
24041
23907
33407
31261
27700
34432
38825
21409
1386
31704
23569
33650
23735
22633
22477
22345
29117
20051
20903
1450
26736
7207
30509
32956
28941
25902
32255
35126
21570
34210
32933
33165
33332
33739
33678
35108
372382
31907
21274
33223
32644
33149
33571
22198
28038
33272
34160
33029
33927
34150
32748
40956
32965
32724
32491
32906
31524
34531
33223
33426
34792
35034
22656
34330
29749
22778
32256
19383
1915
33799
31862
36112
35037
32454
32060
27561
35219
33978
33125
32524
34692
59270
30141
31668
32379
33953
31375
32151
34838
35045
22735
35430
35557
32982
34212
34426
78674
31383
34459
34250
34302
1537
33225
33048
32037
31031
20550
33622
33319
34938
3404
53159
29055
22854
26296
30318
25818
33658
22278
23142
31341
26744
24217
1501
31110
25926
36419
29236
28054
30379
33937
33614
34198
32976
29177
30007
31199
31619
30752
33062
35530
51567
32272
1761
34114
34541
30658
19502
30327
31918
24270
31757
32368
33129
2189
23100
56100
34563
35059
32501
29169
33730
34013
34091
23248
30894
34707
34083
31706
31581
18759
16323
396
77
0
0
0
0
0
0
0
2193513
4636
350
298
1062
22380
181
555
0
2190812
2534
17509
30846
30085
34984
33483
35078
32143
32598
37197
331945
35874
36540
37097
34354
24423
28699
32988
8103
6812
41607
40447
37616
36979
32565
69076
34678
34903
32912
31461
31194
24068
34404
33625
32814
17634
30428
30276
21052
25852
29964
741
20621
33353
35002
33712
32995
34763
44875
39554
36377
38957
38787
27018
32937
46933
18998
20141
18767
2870
18132
28706
33317
39963
28223
25221
29532
32549
22173
34724
329785
33452
36613
3261
29453
31875
33552
32549
32264
32078
1952
30057
32570
32081
35583
55966
33877
35221
34732
33963
33572
30815
31332
28408
24885
27038
30738
21243
20438
3088
56758
20658
32235
37714
36449
38303
37375
29367
33873
34096
35026
39530
2272
40745
36647
48728
36762
33092
35248
40796
35736
37639
36012
38892
37725
28211
36484
32527
26685
34624
105160
36126
40666
36256
35140
35274
35642
38254
46368
44778
39825
39726
19490
40248
43760
63653
44098
38873
38287
35239
40762
38615
36320
45287
37135
35325
38782
32153
3370
42372
55801
39128
35414
33717
32353
32578
32120
24017
12789
0
16752
33138
33096
34152
34588
60547
33172
31846
30352
26424
32358
18750
847
307
28
0
0
0
0
2707
79886
2831
2520178
9053
1713
283
0
0
0
0
0
0
0
0
5511
44493
2273
210
0
0
0
0
0
0
0
0
0
0
0
0
14387
355
93
0
0
0
0
0
1112
918
130
4029
2229
2190
2523901
366604
9143
21892
36668
40077
7391
39801
38125
38163
39959
40090
39450
39363
37211
33645
71086
23691
34048
33297
32957
34309
37686
34135
33819
34904
38045
38809
37081
32002
35386
52425
37074
35308
33994
34080
33072
34259
34637
30806
28685
34174
18288
472
93
4720
27820
1225
132
45
0
1802742
5838
196
0
0
0
0
0
0
255
380848
3008
336
305
0
0
0
0
0
1800819
675
16447
32951
33730
32910
47563
34504
34299
31241
29789
24915
34127
34152
32295
2258
1581
24875
24064
25525
41586
47331
33691
39934
32996
30574
32814
25062
22661
21818
33726
38196
37226
34336
34472
34355
50901
32256
33913
34235
33770
32199
30923
28406
29590
2944
1924
32569
33013
33206
34823
73659
34763
32277
2873
32961
2348
31034
23531
2637
27846
19112
29385
23334
2276
33282
12774
1753
34214
35870
35595
34192
34992
33716
32810
34483
24340
34291
1044
24939
25636
33134
1308
97
0
969
20963
21072
21007
21148
20356
21437
750
102
662
20266
8572
32699
1072
34395
36636
23475
34909
20575
32910
18943
19278
22413
22640
22779
32224
41543
21499
32988
4070
32784
2923
30339
4938
19693
16327
2810
28847
34313
33625
35934
43739
17250
95
0
0
0
0
0
0
0
0
0
12495
29013
32843
41008
33487
30479
31622
31080
28323
22687
29338
19811
18978
27832
31105
5874
30821
25227
391962
39950
38767
34869
38614
42437
42539
28403
9439
24155
8382
28930
24034
23520
37867
61712
31372
33875
35988
35429
30320
28289
33022
27899
34742
29017
27408
29533
32363
37381
70532
33718
31568
2831
30769
28421
33889
18436
518
0
0
0
0
0
3037
32275
499
74
2248122
5771
1822
111
0
0
842
2246092
1794
1138
14995
30898
417748
35498
30343
30885
31052
29225
29634
31351
35794
28160
22955
27940
26810
28812
34275
66535
25708
34047
30882
20133
20145
28772
1999
743
29869
34605
34278
40380
40830
45818
62614
40047
44326
41492
42214
5628
32813
33457
22748
33426
31071
18260
22970
35461
23327
46025
30735
30684
32927
33744
28370
3635
27989
29138
31952
34034
32543
28702
31873
35731
111978
29242
31077
28354
3457
25788
25174
25829
29078
21959
25458
18244
28920
31710
34143
48517
32927
32059
30336
25910
16902
27466
3525
26994
24504
27410
32689
36719
32709
30814
54711
31462
27503
27362
4023
25908
25044
3423
29232
36565
35270
29092
27072
27543
28666
36382
27178
3282
19792
33131
32007
30709
19927
31131
32885
23613
23318
25697
36265
35451
56469
24830
34075
23567
34036
23219
34194
2174
30889
3166
27071
27671
20713
29936
32822
46567
34566
32857
20984
21321
32960
25316
28813
29606
33991
34824
34540
33911
30136
29477
45417
33175
34020
32245
32687
34182
21296
21278
33380
33504
32802
36524
36744
37051
23102
399300
34306
41967
43408
36433
40701
40565
39845
39661
40721
40896
39533
41028
37487
34158
65606
28037
33362
31536
33443
25458
31403
34396
32184
31898
32030
28517
33611
30907
34730
55463
32955
32632
32613
31934
28988
30826
35496
35070
35778
32650
26182
34010
33547
6038
58090
28508
34644
35862
34212
34757
34393
32799
30684
30427
26959
29932
27801
30008
31804
410669
30402
31788
31422
34655
33234
35845
31878
32818
33495
32144
33072
35140
28887
35795
56568
30366
31929
2685
27880
27563
32058
34243
33146
32107
31183
22969
33880
2083
22820
39051
28724
23944
30087
32621
3132
1184
183
56
118
0
0
0
0
2811
15534
783
160
0
0
0
0
0
0
0
0
0
0
0
0
30142
2031
283
41
0
0
0
0
0
0
0
0
0
0
0
61
0
87
0
0
0
0
0
0
0
0
0
0
0
0
91
0
91
0
0
0
0
523
31559
34473
33398
33899
35079
33490
33427
43674
32268
33114
30674
31403
35186
34552
30794
22043
29991
30524
31300
28147
27744
3808
52945
16240
30577
32843
29404
29103
31531
28695
2469
23438
20612
30102
30229
32725
27143
40095
33920
33236
2805
1775
21298
35023
3154
23557
36606
36606
4061
23423
33914
35412
32746
31672
37838
32480
3016
34068
26854
33622
22992
23060
2224
25438
33949
33271
2816
387084
45482
9785
37935
42714
8661
43193
35457
35640
37327
38410
41438
40057
28051
36756
60658
2011
31287
34434
36311
34807
34616
34923
34303
32468
2416
31492
29863
26944
34866
46031
27950
32933
33647
28952
31152
26858
32960
30686
30947
32746
30102
32713
32966
30987
47274
31588
35336
35619
36102
29752
29111
29495
34491
31872
27060
34865
30194
27778
33870
408835
32341
29479
30293
31144
35559
35154
30696
28130
32478
29237
3104
21745
18887
29121
60636
34378
24313
33048
21269
30606
33157
33159
33107
35745
32942
28952
25730
24646
32066
49804
25043
29534
26059
26637
32382
29767
22684
28606
29639
18983
29588
3300
25643
28176
48148
27249
29641
32526
28541
28686
34760
31628
34174
31029
34462
33555
24899
23498
32837
80171
33882
33467
29185
28853
31839
32723
31447
2291
35343
35987
34475
30437
33596
31008
53760
29222
34663
33544
30927
33613
33334
33145
29326
32784
33008
479
33659
30242
32754
37361
32579
499
32535
32978
20915
33172
21257
21250
537
235
21544
27875
33617
32846
35000
32884
32107
32605
32881
753
29051
32296
29581
30154
32608
20784
631
687
24674
52634
23066
21190
20814
288
387
33013
330
96
0
0
393
20650
250
33092
4893
32896
21630
21974
21619
21443
21401
24443
34239
33900
22482
33557
33218
33152
32806
37442
30360
32754
32789
21380
459
21171
23901
21191
21149
33322
29031
35104
1499
33936
391043
45139
2061
35669
40093
39352
38841
36310
41246
34129
32255
32004
33137
33421
30862
44127
33173
34008
33816
32116
34095
33323
32979
30447
1105
24136
32611
32745
27240
33603
36990
33520
1743
30018
33252
31858
29177
27166
35256
31123
23876
29739
30650
2593
31376
47645
28202
22292
33649
23824
25678
32375
30881
32242
35034
32440
23360
22116
32475
32427
408445
34409
32267
30940
30732
19202
31172
30916
2510
30085
19971
22332
23451
26812
28139
45594
34374
33623
34779
30678
29897
27686
27623
31064
3083
31575
32654
33418
2298
35281
48224
28188
31505
34051
33038
31862
34742
34300
28801
31324
32630
28887
25554
31884
30807
53570
35966
32149
33097
28955
24857
21947
31841
31381
29571
29950
34275
35551
31862
34482
50336
31698
33379
33773
28042
24218
33011
33673
29890
31561
32948
31681
34363
34087
36705
68583
32856
33430
33177
33051
31987
31840
31745
31440
31301
2897
1763
30763
31474
32114
58819
24084
22660
22140
24702
29858
28033
30562
3874
23465
22708
20371
18958
30474
4801
39978
1938
31951
32427
31298
30878
19934
28538
32172
34768
33190
29521
28773
34059
36277
112318
35733
32535
30237
31411
34290
31176
30293
32846
34392
33358
30478
25637
27232
36076
70613
34437
27893
35244
34386
33920
34527
22723
32908
25957
1339
20268
1319
21407
18597
35940
1322
20715
16815
20903
1811
32770
35381
34636
34007
35010
33307
29348
33654
30237
86998
37033
33282
27764
31654
34715
32749
32537
29436
32608
33441
30981
30894
35087
34545
57944
1649
29724
31189
23846
23867
25321
27316
3892
2677
29030
30202
3569
29956
18384
47604
19229
26898
21928
27979
30257
32956
33389
34365
24591
33001
33877
33322
32096
2072
46145
33311
26764
32859
33732
34316
30967
33808
33461
33748
31174
30071
31234
31657
35090
90839
34965
35675
36602
32472
32500
30386
30540
31886
15993
29694
25923
20133
32332
33865
60774
28910
31102
30910
30669
30823
26805
21677
3865
24070
2759
18861
20894
29211
34353
56145
32981
23106
32440
30611
18858
23206
30681
2207
30933
2001
30787
30465
30183
25407
43414
31789
21851
2144
24472
22963
32503
23946
30784
29528
30824
32589
35163
23282
30123
89933
35768
34285
17611
108
108
35
0
0
0
0
0
0
0
863
17265
158
103
0
568
10451
16401183
27268647
47474
31271654
33008081
33453941
34917697
81318
115816
34293498
51757
5206
1402
16924
34404
34033
32368
36192
33311
31357
32031
32761
34249
35535
709683
53119
37722
32991
33726
34118
31485
33472
23659
30232
32944
32810
22989
28257
5935
567363
19347
23508
21687
29690
3585
14532
2232
23387
27828
29655
3908
32793
34625
34680
35287
19554
2624
520
2090
17683
18829
2815
18643
31720
32873
32322
33531
34732
34978
25355
38155
34807
25592
34578
36105
30175
31413
33495
33718
30376
22368
2868
35366
34769
72883
36597
37720
33899
38220
35866
32662
32772
32955
33057
32872
34282
34242
32783
34464
47162
31182
33213
33119
32364
33375
33819
29066
31637
29475
29149
24808
29659
21694
33644
41842
33802
33415
33443
24855
32841
30443
22261
21885
34705
34156
34279
33988
24273
30375
34665
27737
30084
2404
25566
26242
29148
27697
18818
28523
29847
28885
30611
28992
32378
90437
32713
30633
33473
35665
25276
32802
21185
26154
33713
30849
29608
31017
31766
31389
48262
29954
29478
29171
32410
31134
29524
31259
35127
33266
31637
17810
444
118
5219
22392
801
0
0
0
0
0
0
0
0
0
0
0
14285
20569765
34932669
46768
34351921
33449061
31673894
104872
30801520
24569259
123400
24182063
13258604
62296
48562
49133
127301
1197537
54539
3438
32769
33394
34852
30638
29123
35070
16961
177
0
0
0
2036
585306
14215
2832
547
3082
13346127
17777080
31478973
32811128
180967
31780755
33812890
55545
20058767
352469
1187020
49634
19119
15921
15202
15202
41279
43182
40647
38179
37656
38188
38372
52939
52614
676229
100327
54817
70710
69795
34863
69704
62414
33149
36262
63546
63819
32421
62937
59621
599037
32121
30204
29646
29106
31840
34462
35076
30686
30044
32838
34024
33321
30256
33007
61964
31767
3071
23802
29849
19528
28506
29299
2905
30832
33282
34312
22111
34688
22842
44674
33601
33332
32767
29946
31083
34270
5528
34691
33661
22706
36132
36827
30522
32100
86200
30363
34296
31507
30699
30162
31239
29762
30576
31121
32759
23986
31236
29974
5141
23106
39440
37371
33028
33315
34169
33322
31313
30525
28951
30425
24342
35247
34224
35118
55834
19456
2366
28498
32509
23802
35144
19768
24991
29378
3129
25432
26999
27212
30213
49367
33158
1317
33225
33918
33978
32646
32853
34207
29178
31382
32688
33064
33450
32985
112892
33100
34006
33532
41365
37035
28215
30187
34444
26344
30007
33651
33833
25870
33734
16108
33442
33202
21593
33456
24117
21844
35918
26987
32991
33744
35483
26512
32602
33060
39632
30471
33214
33412
31013
33140
32858
32766
35644
34879
29977
32951
35944
35911
37135
34252
33465
33154
32673
32669
32849
33893
32790
33133
34961
33804
31825
31168
31824
36044
106835
36150
34653
34048
33808
34119
33048
33597
34637
33511
30193
29095
27970
29181
33922
54844
23425
31226
36894
36682
2664
31270
34035
33686
30428
31526
31995
31429
28436
31221
53679
27320
29784
31126
32530
14623
31059
1975
33019
30982
27038
2172
28530
19940
1362
34312
28184
26468
27331
29561
32082
31044
29458
32244
37435
33062
33878
32079
33902
38695
120896
36745
34386
29203
30495
32417
32380
31853
35184
29346
26750
28730
28745
2821
31720
100048
50073
47798
64014
54538
63482
38984
34933
34006
34253
30345
31253
36258
30143
39193
86918
31679
32849
35121
33897
30489
32090
35544
38003
32481
33284
33823
37204
34383
35644
162491
36061
35303
33334
33059
33524
33423
7540
36556
35515
29759
25060
30911
28989
3610
53940
35993
34646
34119
1599
33553
36676
38158
33843
33036
36522
35292
27123
36006
2464
13382
34216
33309
33815
30283
33276
30256
29991
33086
33397
33608
33804
34005
33293
30828
38383
32066
32821
32350
31582
33328
21233
32750
30444
31490
17643
30576
32539
33492
21527
48934
35902
34064
33726
33603
32740
32775
32721
30318
32769
32820
32340
32130
32751
33294
39251
33112
29861
32862
129
32793
29913
32569
31978
33282
33210
16413
0
0
383
6994
267
84
0
0
0
0
0
0
0
0
0
281
1297
21168
33611778
33972044
124625
31934734
28350736
177419
19971575
318284
74932
40303
38530
34661
34958
28963
234919
1153808
72119
39514
35533
33200
30898
33790
31681
32119
17449
185
28
0
0
2395
552101
11421
1967
1409
237
216
0
10516
15713024
25406469
26084746
81382
26004164
32105993
150341
29623263
31606799
26858675
125442
24829173
24507
34605035
33008515
24515824
57605
18381362
20015835
21246489
18098254
50616
19162794
17361479
20029528
33065
15657611
14138256
14081371
17581
8974739
11006551
97775
21552
5138
1056
45629
652209
81033
55955
37308
25030
27859
28091
25417
23971
30909
26401
22537
7345
21405
29655
392011
36164
28839
26827
30734
29490
26724
23411
35243
48805
39823
32971
32811
33005
49541
112339
7139
1415
2246
2321
1152
751
1012
7689
6456
8310
956634
5179
2470
1870
280560
4040
108
0
0
947971
776
0
16263
32526
32727
32988
32796
32127
32856
32904
32661
33195
32556
30081
33291
33018
32787
32790
32673
32385
32769
37412
40552
98202
79045
31852
36354
41340
61051
50493
34906
33365
32495
29772
32721
32319
32424
48495
42841
61261
58531
54978
18672
49621
36367
34979
41425
35688
64458
39327
30605
33553
22696
36611
91086
37988
63881
53689
45487
55073
59387
35542
32842
41548
1950
60027
47764
35724
38354
62338
35334
44229
49442
33804
33830
21077
36449
37307
40651
54025
30377
42926
44754
46941
70507
39270
50389
31120
41083
46348
43075
42538
51239
41597
35150
53533
45851
41755
36162
51998
33434
32805
33090
38672
41924
41797
43935
41737
41058
35615
29194
30113
25635
31924
107756
36193
40921
39859
38588
6938
37231
31903
28880
41362
41259
42954
45166
40558
47279
134605
32195
25843
25131
23257
32106
37221
4113
43313
38552
31095
44934
53442
41474
38291
146268
34123
35285
38921
51651
52300
44497
38026
45171
81404
64121
28101
30153
38031
58805
172138
23475
778
0
0
0
0
0
0
0
1107721
4693
1106
320
2251
195490
1111173
364
16323
32820
34792
29668
20671
22635
23860
26611
27479
38440
43667
46878
95776
83801
42441
29357
29184
36484
70092
83696
50642
48913
89055
49741
6691
25937
51209
201502
37442
34147
32007
26647
31892
32971
30511
33792
30158
28112
30963
51712
82272
49538
303116
44502
39489
45665
47497
35508
33580
29214
31092
30814
27384
29667
33779
6127
18408
151023
35160
29962
20148
23767
29557
26648
25444
28044
26683
23185
23620
25564
24317
34860
96993
28872
38383
40466
42769
32379
40598
39876
28663
25387
51298
48477
39475
38128
30503
69965
27484
26097
6310
28102
31218
38646
3696
29248
40649
36722
35773
35159
26088
30900
195335
36230
26020
24845
28545
29196
36370
34134
32991
26959
25677
26522
26994
27208
38248
101602
37481
40229
36386
38947
43139
40024
28998
26042
29430
29531
32742
38859
31067
49381
100126
30270
29824
39721
39389
27920
26474
28682
26465
23455
22062
25505
8510
26854
35718
107069
26708
26783
23099
24278
28582
27556
25302
22207
20539
22653
23424
22499
21096
24149
160669
14856
14690
21571
15918
21527
20239
21203
23324
22941
24976
25764
22014
5862
18382
45534
18988
5484
21653
15813
22096
23572
22216
21353
16832
25612
23805
22046
21372
21773
43972
5133
18234
13515
12101
22594
24883
28559
38911
49888
47950
28803
44495
45129
48260
74048
45719
46308
36438
25827
25555
23387
24976
25158
25068
25708
29926
24840
22510
36988
158056
35087
30031
27222
24936
22247
22393
6159
20798
18708
21086
25540
26006
25979
33916
113607
27015
23184
22811
25453
22330
20469
17349
17921
26295
18702
25895
23687
21189
23989
69103
22893
6513
17956
21483
24201
24210
14796
24816
25540
22515
15581
5051
3085
18311
108082
17817
12490
3255
3337
17717
10892
16741
3954
11578
10240
3742
17963
13950
10905
29376
17036
18211
15372
22423
24609
22673
20681
22247
22203
5892
21714
22428
15255
21858
35616
22318
2089
21204
22844
22981
20558
4071
12612
10794
11085
21058
22355
20671
21904
40116
20255
18118
2778
14043
13260
15079
23189
22079
14187
14832
15317
20609
22841
22951
57517
23359
14326
13124
12073
22946
23940
25460
6591
14693
4771
21994
19460
12128
16351
44673
21289
20463
16897
24339
22640
20894
18134
20357
24828
8662
25186
27591
31467
39118
94599
40235
41051
41024
40737
38477
33806
27024
26281
22166
22944
24195
23898
29779
45728
121765
41390
31224
24589
27694
26307
28635
34516
41363
45339
45425
44925
37158
7776
36070
159634
31110
26961
23379
23847
20861
25135
29004
26798
35156
34447
34506
37728
40347
40704
111544
3581
39148
25244
426
25996
32197
28746
22873
22649
21061
26170
27481
31486
39331
90675
36109
24895
22940
24575
23795
25262
31384
31823
30245
31000
30271
40736
31603
42859
69869
22188
20617
7828
24163
23431
22568
22913
27492
25642
27362
27714
27133
15798
18635
130076
23720
19077
19035
19656
24613
23386
22587
17344
20201
24450
24969
21420
22101
24306
58977
21559
24007
24902
7044
22147
23186
21535
18176
6146
4033
18811
14919
17906
17557
48916
26297
21662
26930
26568
15427
19355
20369
18524
17435
26290
29026
27336
17753
18276
95948
21666
24095
17683
14053
12253
17730
17900
26383
28291
25559
24062
4852
12807
1963
34616
4455
21093
21194
23866
21764
23065
28858
33714
7390
31385
39217
35483
33138
42316
77709
35517
33168
32499
32610
32972
32735
32522
32603
32892
32751
32945
32906
33186
33315
57579
34548
33081
32244
32595
32613
38394
35784
32253
32193
32517
32616
32457
32372
29952
85537
34020
33039
29993
32961
38397
36348
32688
20868
33156
34856
34940
40159
41779
37230
39965
35766
40766
42592
40507
45392
35650
32775
33027
33177
32853
16368
0
0
1242
8457
0
111
0
0
2271113
8436
1336
704
368
0
158
985
2270797
303
3337
16281
32658
32778
33000
32865
32802
32781
32916
32907
32393
32948
33000
33024
34677
60741
42462
2088
78887
62506
53631
64802
53575
62940
69827
49943
55301
50016
49243
63398
73974
33034
32590
31539
34964
33492
32157
30482
44869
67037
42670
41202
39360
79060
41872
62536
30596
31547
31244
25490
39139
54070
41449
45275
55750
42541
35390
33567
32374
38293
53761
40755
53600
25329
37094
40820
56864
32537
30711
31516
35278
33789
31132
34783
58326
95153
26422
42098
49434
52741
29072
33412
34059
33862
1773
32487
20006
48190
46566
46212
69327
65840
35034
33394
35054
33636
33929
35537
32978
32824
31574
33875
30088
30898
38107
56618
33339
32884
33191
33154
38078
36607
36935
25162
32549
29624
86844
69386
36945
36529
232723
62205
33788
34400
30308
30830
32448
34504
37665
35457
34135
33487
31203
34774
36856
49784
33109
34434
845
32964
32484
32556
32553
33222
32708
31172
32175
34033
32548
33129
46746
34266
33090
33253
30681
33253
32984
33662
2661
57581
50933
40895
36848
49557
60410
69972
45656
51608
46216
27106
29469
31035
20615
1524
47568
51313
40148
34889
32836
34575
227342
36825
32731
35417
32034
29543
31817
36003
34044
33174
32965
32313
32401
29950
36562
60716
34018
37679
35526
32889
34795
38067
31592
22390
30821
32385
24208
23930
25808
32751
86511
23333
24656
28230
30568
29743
28288
22568
24070
26125
25435
22247
27673
7415
31850
95645
27995
24712
25269
19636
17773
26400
30583
23576
5398
28248
27476
28289
31365
31469
143572
29636
14629
26667
24797
16290
5778
25965
23611
16098
15386
22748
24164
23426
22119
55956
24281
24611
24281
26947
28461
26540
25571
25943
25918
26632
20497
28780
21800
28298
76479
26238
25184
27099
23323
29426
32598
32586
33041
32607
30030
24820
26321
24120
8867
61900
26618
30142
30581
31576
20758
29557
26582
28681
19813
28246
30358
28226
28189
32604
121081
29434
25057
27073
32719
28509
30250
39762
37955
23214
23578
37962
40277
18306
9444
58006
3082
161
72
0
0
0
1496
1520
1520
0
0
741
5295
13687056
16632362
22448483
27863
40179832
33810719
34115016
21899238
51079
41163185
39957188
26238694
86106
36366727
29936776
24253894
25375403
11089
26570970
26636574
25522870
47785
23531620
26995323
27820208
25650665
82273
29940927
27427147
76635
29265902
31010123
19318792
265340
26315279
28578810
78863
26661695
65725
19756330
25253320
102490
29834777
108332
19918923
29143128
27103023
41074
25482854
245607
70402
31906882
20285940
101316
25838061
30658241
333390
62010
26120532
30941377
20644239
1364019
51463
30183918
20820838
74762
31729050
16222029
71782
21624908
35653648
38537113
69504
33731192
330796
173579
1446075
35745
32222496
309613
73591
90768
16176438
21529777
369097
87198
47912
31175
41219
42211
198409
1308767
106255
72201
56428
61223
50601
49260
47591
47545
49791
51476
24483
51861
52788
57581
756136
71380
52313
56569
57701
51102
52187
58165
24361
31010
27825
17823
21789
21108
20165
40887
25416
22273
55533
55269
53506
57182
55975
49863
60212
61489
63018
55721
49838
53213
662546
39874
32814
31136
33423
35553
35863
33214
35252
31583
32097
33092
31029
24487
36033
66077
24396
21373
24183
31167
32606
32746
31641
30988
32353
35649
35188
32690
33264
36077
53837
25961
24232
32441
33272
28672
34164
35657
23743
4217
20375
34109
22759
22193
22866
21565
31860
30186
2043
32433
35912
35614
34323
36991
35018
34188
36181
35867
34445
39091
130102
36612
33529
33672
32368
32613
39588
34725
31954
31028
26352
24323
30374
32820
34863
56118
30940
32131
33580
31082
31930
33531
33519
33057
32052
28404
30114
36307
36874
37379
42639
36682
23245
37602
26309
23853
35248
23713
37134
4371
2165
2234
2697
31267
30408
84021
23992
29424
29585
30944
28950
35350
35330
31551
2212
31462
34374
35100
31841
33696
49725
23400
27332
25924
25888
29636
30650
26197
25740
26253
27941
28842
3939
27805
34286
50156
22875
17047
25619
30434
33354
32873
34230
31016
30398
28943
26105
28623
35030
38437
69216
36257
32173
32442
32670
33365
34971
33603
33843
32929
33404
33503
34088
34011
34535
98821
38963
34435
30376
32959
34913
33844
28442
29133
28866
29108
31123
28985
28044
32502
45788
33225
32787
31696
28400
30950
34373
33607
34185
33079
29955
30403
29642
29549
30540
60835
33438
33286
31034
33389
34907
34446
31422
35393
33781
28363
30019
2064
28305
29391
56615
28870
33868
2311
34094
32690
29290
29384
33765
33897
33353
34104
20706
32168
34888
395212
47903
34511
34521
35793
33952
34069
34651
32194
33993
33940
35032
32226
28843
37246
87771
32149
28925
28581
31593
34126
35445
33061
31227
30097
32810
34079
34231
32911
43331
95609
32908
27804
29946
33046
30455
30331
35768
33240
4715
23753
24019
30862
2338
29177
86883
5457
320
1162
17044
19370
3271
16789
27972
28998
3688
27878
25808
26920
28432
375306
28523
32713
35117
35182
25239
30960
34247
32988
743
21717
30417
33359
21814
23648
47116
25748
32799
26995
33020
21032
32768
27161
20950
32970
33197
26945
21077
32741
33076
36497
33355
32954
29987
32672
32815
30941
33747
33153
33079
30594
35482
34321
32493
3072
115646
33078
33527
31017
23840
32967
26305
31707
32036
33620
38480
33916
30756
37109
26475
42769
33125
31898
27502
30131
30468
26768
27111
27230
30674
24986
31485
32130
34471
5888
39827
37065
37501
33605
31634
29193
4411
32888
33000
21293
32255
31252
32451
34781
4413
60013
34564
34355
34075
34126
33406
32103
34344
32029
31019
33864
16420
42
0
2855
93592
2837
211
104
0
0
0
0
0
249
9526
21672878
38313436
103407
37141756
35308828
34530207
245947
32396386
29137445
224849
47983
31324
36027
34809
33488
32396
32779
33938
114908
887710
70409
37262
30961
30896
33633
37000
35283
32934
31576
28974
24788
28328
24656
34236
272961
43327
33095
33223
33513
32711
30028
32505
32442
32414
35012
192
32714
33238
27870
544620
32008
41741
34111
27744
34948
38671
36374
32266
40420
37872
39730
9049
7604
40847
39987
30307
35140
41339
39723
39504
38586
38678
40723
41554
37242
10547
26740
35097
37215
39488
24938
36295
34894
38737
30376
41515
40211
38244
39410
10154
41163
39092
38539
42698
63580
36928
21268
38172
36008
28676
27618
35718
39258
42248
44055
45368
32956
32058
11399
394380
26532
1265
36549
22314
23992
35391
22129
2001
1175
30927
33593
23284
34442
31666
46159
30349
34895
35981
32635
31587
17865
423
19
0
0
0
0
0
2864
19955
586
136
894
8203
26561759
31619624
32908476
49803
33532863
34420665
34311248
61040
30505755
57097
26128150
98198
45193
13194
38545
40727
37056
33280
36763
34753
33464
36073
35492
33536
35971
819542
40914
4790
3023
9170
11004
3571
1837
1430
5624
5393
15601449
36103071
37856387
315452
48774897
41951660
127361
38873151
124917
22113
54634
90694
39387
36134
36127
32745
29780
31949
116907
1315925
69445
42739
37789
37986
30843
10800
10350
10350
10350
10350
10350
10350
10350
14353
879806
7174
32478693
53999110
39590814
166406
34944315
27300618
164295
21463224
417088
92702
57471
41405
271161
1364036
91349
55303
49460
34588
36935
32285
29475
4310
30347
24812
21328
31933
30123
33898
773964
54703
63351
58303
34748
33496
21991
18174
55957
52347
41015
40317
23917
4574
23268
26808
44534
24208
31560
3483
29802
18889
24673
47439
29638
19823
32326
31121
30517
31667
655561
9585
50393
29869
43506
43757
42148
36653
37524
35709
38377
40006
39207
6919
38989
52368
28365
7819
29165
39517
38315
38862
42711
31558
12180
31005
31399
29210
39165
40921
54098
35650
34580
30484
31224
35269
35766
37132
40782
31624
42923
11065
33898
42913
37850
44910
37253
38469
39029
39085
35858
33501
33600
36643
37922
37621
10066
9078
9903
34267
489538
3693
21446
1467
19890
20870
1896
1546
19726
30672
2374
19570
2527
29555
23734
31523
1584
30943
29978
31234
33506
31030
30725
27099
20510
2313
24500
28324
20458
2720
35957
27499
31556
32691
29592
32206
34524
34078
33621
31474
30369
33691
33001
19796
18933
76051
4735
28939
29455
31654
29352
31043
31395
30114
32570
19796
21048
31494
30844
32012
44518
17720
27972
29161
25009
23428
25425
21716
31132
31643
21667
31991
20893
18504
26164
46452
1679
33755
21579
33304
1860
33999
34134
33974
34395
1365
32979
22178
22223
35257
29984
22507
22249
873
38087
4261
33081
32755
36594
36647
33035
24817
34956
25033
35719
85118
35121
32197
32408
31017
32554
27333
27151
30979
30406
1867
32333
34267
28899
34938
47669
34680
33381
32711
33275
32794
32329
34163
34051
32879
33548
33342
32138
34426
45281
53521
36035
35028
32669
30441
30594
33050
32180
33036
1979
33256
34637
22195
3325
32238
53925
34261
22259
25018
38101
6784
33546
27571
31421
33864
32331
31484
33951
33359
24489
98054
28520
35145
50203
30342
34721
33074
32814
35918
36040
39370
32959
33942
34382
35207
50316
33756
32686
32738
32565
32217
614
32238
32784
32478
45521
4129
39385
35762
35820
46221
36142
37617
39878
41731
55119
36409
26832
34689
34989
53337
36848
37302
40570
44118
40196
30261
43009
24366
38752
33691
32406
38435
37562
30446
31380
40353
35364
34141
35077
88439
34332
35870
34083
28957
31860
35039
33802
30966
31914
33623
21085
33190
33139
37538
55412
45860
35653
31021
32504
40170
39758
35927
32681
35177
34492
43635
6064
33310
35016
54030
33975
34173
30101
37996
37533
34668
34443
32770
33075
34043
35450
36400
34565
34709
84056
35741
30123
32472
26755
32294
0
38944
35533
37363
35855
44038
50686
2444
34626
45786
33847
32834
32994
32682
20781
49370
43900
42524
46626
43074
29827
37812
42099
35741
42691
45096
31669
30664
2094
47101
33119
39472
45981
31811
32133
34352
3233
47928
35923
47753
33608
32977
35783
35307
32301
32157
35690
35468
32935
23454
35778
21663
33716
1920
102021
36103
34099
34048
33584
29312
30870
2007
30916
33868
36208
23806
31945
34000
34353
36413
33410
29862
36083
35408
33072
32297
23319
669
264
20529
32532
32539
165
32890
29829
33183
468
32834
713
33038
32992
814
724
21136
569
456
21125
204
24322
34140
33002
384
32880
626
20900
32815
20831
32953
21294
33562
21453
21423
596
513
69383
35858
869
21260
21080
470
20874
449
179
21048
33065
32830
337
32407
26472
21161
917
558
21007
0
20953
21144
523
21168
21463
33482
27345
33461
21070
21450
34133
33254
32918
486
20887
33165
33387
33398
33203
40853
35085
32950
35151
32442
31283
33438
32869
32604
35128
35278
32547
3046
32204
20857
33018
30404
36383
30810
1471
45352
65338
36312
42036
33632
35372
33347
33470
21183
34050
40370
45043
54544
50389
45387
34872
48518
34274
48379
32497
48392
45055
35394
40943
43316
47218
39288
43119
42769
44872
43155
49217
33766
33664
60124
47831
34149
34684
34941
34152
34194
38633
54370
35840
2995
40241
74046
51385
39082
33761
34036
39721
38620
36749
36643
43144
37029
35702
32498
42048
46460
52860
39271
32786
46693
39928
36155
38910
35840
37557
34458
35503
37260
29624
37421
46347
57503
38085
34073
34852
32772
32598
30949
47164
41794
40786
42264
41185
49244
34577
53718
62125
42772
25955
42953
43118
37077
46744
42098
31779
33654
33799
49415
44911
37615
55210
90705
4848
33107
35635
36656
33838
35624
33587
33414
33081
32689
107214
44406
3543
37073
62973
33322
32088
32574
39994
52496
43852
46278
62573
41420
35864
54890
43224
59098
62711
95914
58474
40994
37005
37519
74787
32822
32798
45833
50177
28551
29572
49952
34637
37167
69284
34388
40349
41567
36932
41722
58471
31216
31802
44042
58521
39739
35136
33443
38617
112305
33330
30092
33288
26034
32898
34615
28408
28313
29195
33144
33145
41051
38087
36596
56942
27905
27111
33581
35706
33072
33364
35378
3393
23867
35442
32825
30807
29939
33910
50447
37704
33843
34113
34449
35699
1149
32169
36857
36526
33105
33293
32781
29902
33612
48971
36391
32807
32790
32835
32689
20999
26664
32563
32631
32700
33018
32472
32787
32433
78658
40369
36466
32852
32919
32349
32803
29898
35469
32289
32976
32862
35255
35651
32637
33391
33523
33180
32982
20936
33038
32787
32795
35278
35432
26589
35450
32219
32346
32523
34751
30701
1329
29929
22939
30589
33492
31692
34879
33445
16538
359
66
0
2591
13708
1086
1894
128
1132
