1
1
1
-1
2
3
3
5
5
5
5
6
6
6
6
-1
7
7
-1
9
9
9
9
9
9
10
10
11
11
11
11
11
11
11
11
11
12
12
12
12
12
12
-1
13
13
13
-1
14
14
14
14
15
15
15
16
16
16
16
16
16
16
16
16
16
16
16
16
16
16
17
18
-1
-1
19
19
20
20
20
20
20
21
21
21
21
21
21
21
21
21
-1
-1
-1
22
22
22
24
24
24
25
25
25
25
26
26
26
27
27
27
27
27
27
27
27
27
27
27
27
27
27
27
27
27
27
28
28
28
28
28
28
28
28
28
28
28
28
28
28
28
-1
-1
-1
-1
29
29
29
-1
30
30
30
30
30
30
30
30
30
30
30
30
30
-1
31
32
32
32
32
32
32
32
32
32
32
32
32
32
33
34
34
-1
35
35
35
35
35
35
35
35
35
35
35
35
-1
36
36
36
36
36
36
36
36
36
37
37
-1
38
38
39
39
39
39
39
39
39
39
-1
40
41
41
41
41
41
42
