0
1
2
11
12
13
14
15
16
17
18
19
20
21
22
23
24
25
26
27
28
29
30
31
32
33
34
35
36
37
45
46
47
48
49
50
51
52
53
60
61
62
63
64
65
66
67
68
69
83
84
85
86
87
88
96
97
98
99
100
101
102
103
104
105
113
121
122
123
127
128
142
143
144
145
146
147
148
149
153
154
155
156
157
158
159
160
161
162
163
164
165
166
167
168
169
170
171
172
173
174
175
176
177
178
179
180
181
182
183
184
185
186
187
188
189
190
191
192
193
198
199
200
201
202
203
204
205
206
227
228
236
237
238
239
240
241
242
243
244
245
246
247
248
249
250
251
252
253
254
255
256
257
258
260
270
271
272
273
274
275
276
277
278
279
280
281
287
288
289
290
291
292
293
294
295
296
297
298
299
300
301
302
303
348
349
350
351
402
403
404
405
406
431
432
433
434
490
491
506
507
555
556
557
558
559
561
633
636
669
685
709
710
711
712
755
756
757
780
781
782
783
784
785
906
907
908
909
910
911
912
913
914
962
963
964
965
966
980
981
982
983
984
985
1110
1111
1112
1113
1114
1115
1153
1154
1155
1156
1157
1170
1171
1172
1173
1174
1175
1187
1188
1189
1190
1191
1192
1200
1238
1239
1240
1241
1242
1243
1262
1272
1274
1275
1280
1281
1299
1302
1303
1304
1305
1306
1307
1308
1309
1310
1311
1312
1317
1318
1337
1338
1339
1340
1341
1355
1369
1370
1371
1372
1419
1431
1432
1433
1434
1435
1436
1437
1438
1439
1440
1441
1442
1443
1444
1445
1446
1447
1448
1449
1455
1456
1457
1458
1459
1460
1461
1463
1464
1465
1469
1470
1471
1472
1473
1474
1475
1476
1477
1478
1479
1480
1481
1482
1483
1484
1522
1523
1524
1546
1548
1549
1550
1551
1571
1572
1573
1574
1575
1576
1577
1578
1592
1614
1615
1616
1617
1618
1619
1620
1621
1622
1623
1624
1644
1645
1664
1666
1681
1682
1684
1685
1686
1687
1688
1689
1690
1691
1692
1693
1744
1745
1746
1747
1748
1749
1761
1762
1776
1777
1812
1813
1814
1818
1819
1820
1821
1822
1823
1824
1825
1826
1827
1828
1829
1954
1977
1978
1979
1980
1981
1982
2020
2021
2022
2023
2024
2075
2076
2077
2078
2079
2080
2081
2105
2106
2107
2108
2109
2110
2111
2112
2113
2114
2115
2116
2117
2118
2119
2120
2121
2122
2123
2166
2167
2172
2173
2182
2183
2184
2185
2186
2187
2188
2189
2190
2191
2192
2193
2194
2195
2196
2233
2234
2235
2236
2244
2245
2246
2254
2255
2272
2273
2274
2275
2276
2277
2278
2279
2280
2281
2282
2283
2284
2285
2286
2287
2327
2328
2329
2330
2331
2353
2354
2355
2356
2357
2358
2359
2360
2371
2372
2373
2374
2375
2376
2377
2378
2388
2389
2390
2391
2392
2401
2402
2410
2411
2412
2413
2414
2422
2423
2424
2425
2426
2427
2428
2449
2450
2451
2452
2453
2454
2455
2456
2457
2458
2459
2460
2486
2487
2506
2508
2516
2517
2518
2519
2520
2521
2522
2523
2524
2525
2526
2527
2528
2529
2530
2531
2532
2533
2546
2547
2548
2549
2550
2551
2552
2553
2554
2556
2557
2558
2559
2560
2561
2562
2563
2564
2565
2566
2567
2568
2569
2570
2571
2572
2573
2574
2575
2576
2577
2578
2579
2580
2581
2582
2602
2603
2604
2605
2606
2607
2608
2609
2610
2611
2612
2620
2621
2622
2623
2624
2625
2626
2627
2628
2629
2630
2631
2632
2633
2634
2674
2675
2676
2677
2678
2679
2680
2681
2682
2683
2684
2685
2686
2687
2688
2689
2690
2691
2692
2693
2694
2695
2696
2697
2698
2699
2700
2701
2702
2703
2704
2705
2706
2708
2709
2710
2711
2712
2713
2714
2715
2716
2717
2718
2733
2734
2736
2737
2738
2739
2740
2742
2743
2744
2745
2762
2763
2764
2765
2766
2767
2768
2769
2770
2771
2772
2773
2774
2775
2776
2777
2778
2779
2780
2781
2782
2783
2784
2785
2786
2787
2788
2789
2790
2791
2792
2793
2794
2795
2796
2798
2799
2800
2808
2809
2810
2811
2812
2813
2814
2815
2816
2817
2818
2819
2820
2821
2822
2823
2824
2825
2826
2827
2832
2833
2834
2835
2836
2837
2838
2839
2840
2845
2846
2847
2848
2849
2850
2851
2852
2853
2854
2855
2856
2857
2858
2859
2860
2861
2862
2863
2864
2865
2866
2867
2868
2869
2870
2871
2872
2873
2874
2875
2876
2877
2878
2879
2880
2881
2882
2883
2884
2885
2886
2887
2888
2889
2890
2891
2918
2970
2971
2972
2973
2974
2975
2976
2977
2978
2979
2980
2981
3007
3008
3009
3038
3039
3040
3048
3049
3050
3142
3143
3152
3153
3154
3155
3156
3157
3158
3159
3160
3161
3162
3163
3164
3165
3166
3167
3168
3169
3170
3188
3189
3190
3191
3199
3200
3201
3202
3203
3204
3205
3206
3207
3208
3209
3210
3211
3215
3216
3219
3220
3221
3222
3223
3224
3225
3226
3227
3228
3229
3230
3231
3232
3233
3234
3235
3236
3237
3238
3239
3240
3241
3242
3243
3244
3245
3246
3247
3248
3249
3250
3251
3252
3253
3254
3255
3256
3257
3258
3259
3260
3261
3262
3263
3264
3265
3266
3267
3268
3269
3270
3271
3272
3273
3274
3275
3276
3277
3278
3279
3280
3281
3282
3283
3284
3285
3286
3287
3288
3289
3290
3291
3292
3293
3294
3295
3296
3297
3298
3299
3300
3301
3302
3303
3304
3305
3306
3307
3308
3309
3310
3311
3312
3326
3327
3328
3329
3330
3331
3332
3333
3334
3335
3336
3337
3338
3341
3342
3344
3345
3346
3347
3348
3533
3553
3554
3689
3690
3691
3692
3693
3792
3795
3796
3889
3890
3891
3892
3893
3894
3895
3896
3897
3906
3907
3908
3909
3918
3919
3920
3921
3922
3923
3924
3925
3926
3927
3928
3939
3940
3941
3942
3950
3951
3952
3965
3966
3967
3968
3969
3977
3978
3979
3980
3981
3982
3983
3984
3985
3986
3987
3988
3989
3990
3991
3992
3993
3996
3997
3998
3999
4000
4049
4050
4051
4052
4053
4054
4094
4095
4096
4108
4109
4110
4111
4137
4138
4139
4140
4141
4142
4143
4144
4145
4146
4147
4148
4149
4150
4151
4152
4153
4154
4155
4156
4157
4158
4159
4160
4161
4162
4163
4164
4165
4166
4167
4168
4169
4170
4171
4172
4173
4174
4183
4184
4192
4193
4198
4199
4200
4215
4216
4217
4218
4219
4220
4235
4236
4237
4238
4239
4240
4241
4242
4243
4244
4245
4246
4247
4248
4249
4250
4251
4252
4253
4254
4255
4256
4257
4258
4259
4260
4261
4262
4263
4264
4265
4266
4267
4268
4269
4270
4271
4272
4273
4274
4275
4276
4277
4287
4288
4289
4290
4291
4298
4299
4300
4301
4302
4303
4304
4305
4306
4307
4308
4309
4310
4311
4312
4313
4314
4315
4316
4317
4318
4319
4320
4321
4322
4323
4329
4330
4331
4332
4333
4334
4335
4336
4340
4341
4342
4343
4344
4345
4346
4347
4348
4349
4350
4351
4352
4353
4354
4355
4356
4357
4358
4359
4360
4361
4362
4363
4364
4365
4366
4367
4368
4387
4388
4389
4390
4391
4392
4393
4453
4454
4455
4456
4459
4460
4461
4462
4463
4464
4500
4606
4607
4608
4645
4646
4647
4648
4649
4656
4657
4658
4659
4660
4661
4662
4663
4664
4665
4666
4667
4668
4669
4670
4671
4679
4680
4681
4682
4683
4684
4685
4686
4687
4688
4689
4690
4691
4692
4693
4694
4695
4720
4721
4722
4723
4724
4725
4726
4727
4728
4729
4746
4747
4798
4799
4800
4801
4802
4803
4804
4814
4833
4834
4835
4836
4837
4838
4839
4840
4841
4842
4860
4862
4863
4864
4865
4866
4867
4868
4869
4870
4871
4881
4882
4920
4921
4922
4923
4924
4925
4926
4927
4928
4976
4977
4978
4979
5009
5010
5011
5012
5013
5014
5015
5016
5017
5018
5019
5020
5027
5028
5029
5030
5036
5176
5177
5178
5179
5180
5181
5182
5183
5184
5185
5186
5187
5188
5189
5195
5196
5197
5198
5221
5222
5223
5224
5225
5226
5240
5241
5242
5243
5244
5245
5246
5247
5248
5304
5305
5306
5307
5308
5309
5318
5319
5392
5398
5399
5400
5401
5402
5403
5404
5408
5409
5410
5411
5412
5414
5446
5448
5449
5450
5451
5452
5461
5465
5466
5478
5479
5480
5481
5517
5518
5519
5520
5521
5523
5526
5529
5530
5531
5532
5534
5535
5565
5566
5567
5568
5569
5570
5571
5572
5573
5574
5576
5577
5578
5579
5595
5596
5620
5621
5622
5623
5624
5625
5626
5648
5649
5650
5651
5652
5653
5654
5655
5688
5691
5692
5700
5701
5702
5703
5704
5705
5735
5736
5773
5774
5775
5776
5777
5778
5824
5825
5826
5837
5838
5866
5867
5870
5871
5872
5886
5887
5888
5891
5892
5893
5895
5896
5900
5901
5908
5909
5910
5911
5912
5913
5938
5939
5940
5941
5942
5943
5981
5982
5983
5984
5985
5988
5989
5990
5991
5992
5993
5994
5995
5996
5997
6024
6025
6026
6027
6034
6035
6036
6037
6038
6039
6040
6041
6058
6060
6061
6062
6083
6084
6085
6086
6087
6088
6099
6140
6141
6142
6143
6144
6145
6172
6173
6174
6175
6176
6177
6178
6179
6180
6181
6182
6183
6184
6185
6186
6187
6208
6209
6225
6226
6227
6228
6229
6230
6235
6236
6237
6238
6239
6240
6241
6242
6247
6248
6250
6251
6252
6253
6254
6255
6327
6332
6333
6334
6335
6336
6337
6338
6339
6340
6344
6385
6395
6396
6397
6398
6399
6413
6414
6415
6423
6445
6521
6538
6539
6540
6541
6542
6543
6544
6545
6546
6547
6548
6549
6550
6551
6552
6553
6554
6555
6556
6557
6558
6559
6560
6561
6562
6566
6567
6570
6584
6593
6607
6608
6619
6620
6621
6651
6652
6654
6655
6656
6657
6658
6659
6660
6661
6662
6663
6664
6665
6666
6667
6668
6669
6670
6671
6672
6673
6674
6675
6676
6685
6686
6687
6688
6689
6699
6700
6701
6702
6703
6704
6705
6706
6707
6708
6709
6710
6711
6712
6765
6779
6780
6781
6782
6783
6784
6785
6786
6787
6788
6789
6790
6791
6792
6793
6794
6795
6796
6797
6798
6799
6800
6801
6802
6803
6804
6805
6806
6807
6815
6816
6824
6825
6826
6827
6828
6836
6837
6838
6839
6840
6869
6870
6871
6939
6941
6942
6962
6963
6994
7083
7084
7092
7093
7094
7095
7096
7107
7108
7109
7118
7119
7120
7121
7122
7123
7124
7125
7126
7127
7128
7129
7130
7212
7213
7214
7215
7216
7217
7237
7238
7239
7240
7248
7249
7250
7251
7252
7302
7303
7304
7336
7347
7348
7349
7350
7351
7352
7353
7354
7355
7356
7357
7358
7391
7392
7474
7475
7476
7477
7478
7479
7480
7481
7594
7622
7625
7626
7627
7628
7629
7630
7631
7644
7653
7654
7655
7656
7657
7658
7659
7660
7661
7662
7663
7664
7665
7666
7667
7668
7669
7670
7671
7672
7673
7680
7681
7682
7684
7685
7830
7831
7832
7833
7834
7835
7836
7862
7863
7864
7865
7866
7867
7868
7869
7870
7871
7872
7873
7874
7875
7876
7877
7878
7879
7880
7881
7882
7883
7884
7885
7886
7887
7888
7889
7890
7891
7892
7893
7894
7895
7896
7897
7898
7899
7900
7901
7902
7903
7904
7905
7906
7907
7908
7909
7910
7911
7912
7913
7914
7915
7916
7917
7918
7919
7920
7921
7922
7940
7941
7942
7978
7979
7980
7981
7982
7983
7984
7985
7986
7992
7993
7994
8002
8005
8006
8007
8008
8009
8010
8011
8012
8013
8039
8040
8041
8042
8043
8044
8053
8054
8055
8076
8077
8100
8101
8102
8105
8118
8119
8120
8128
8129
8130
8131
8132
8133
8134
8202
8203
8204
8205
8206
8207
8208
8209
8210
8211
8212
8214
8215
8216
8227
8228
8229
8262
8263
8264
8265
8267
8345
8346
8347
8348
8349
8350
8351
8401
8402
8403
8404
8405
8406
8407
8408
8409
8410
8411
8412
8469
8470
8472
8473
8474
8475
8476
8477
8478
8479
8480
8481
8482
8483
8544
8545
8546
8547
8548
8549
8550
8551
8552
8553
8554
8555
8556
8557
8558
8559
8560
8561
8562
8563
8696
8697
8698
8887
8888
8889
8890
8891
8892
8893
8894
8895
8908
8962
8963
8964
8965
8966
8967
8968
8969
8970
8971
8972
8973
8974
8975
8976
8977
8978
8979
8980
8981
8982
8983
8984
8985
8986
8987
8988
8989
8990
8991
8992
8993
8994
8995
8996
8997
8998
8999
9000
9001
9002
9003
9004
9005
9006
9007
9008
9009
9010
9011
9012
9013
9014
9015
9016
9017
9018
9019
9020
9021
9022
9023
9024
9025
9026
9027
9028
9029
9030
9031
9032
9033
9034
9035
9036
9037
9038
9039
9040
9041
9042
9043
9044
9045
9046
9047
9048
9049
9050
9051
9052
9053
9054
9055
9056
9057
9058
9059
9060
9061
9062
9063
9064
9065
9066
9067
9068
9069
9070
9071
9072
9106
9128
9129
9131
9150
9151
9152
9153
9160
9161
9162
9163
9164
9165
9166
9167
9168
9169
9170
9171
9172
9173
9174
9175
9176
9177
9178
9179
9180
9181
9182
9183
9184
9209
9211
9219
9220
9221
9222
9223
9224
9225
9226
9227
9228
9229
9230
9231
9232
9240
9241
9242
9243
9265
9266
9267
9268
9269
9272
9273
9274
9275
9276
9277
9278
9279
9280
9281
9328
9329
9330
9331
9332
9333
9334
9335
9396
9407
9408
9409
9410
9411
9412
9413
9414
9415
9416
9417
9418
9489
9490
9491
9492
9493
9494
9495
9496
9497
9498
9499
9500
9501
9502
9503
9504
9505
9506
9507
9508
9509
9510
9511
9512
9513
9569
9570
9571
9572
9573
9574
9575
9576
9577
9578
9579
9580
9581
9582
9583
9584
9585
9586
9587
9588
9589
9590
9591
9592
9593
9594
9595
9596
9597
9598
9599
9600
9601
9602
9623
9624
9625
9626
9627
9628
9629
9630
9631
9632
9633
9634
9635
9636
9637
9638
9639
9640
9641
9642
9643
9644
9645
9646
9647
9648
9649
9650
9651
9652
9653
9654
9655
9656
9657
9658
9659
9660
9661
9662
9663
9664
9665
9666
9667
9668
9669
9670
9671
9672
9673
9674
9675
9676
9677
9678
9679
9680
9681
9682
9683
9684
9685
9686
9687
9688
9689
9690
9794
9795
9806
9807
9808
9809
9810
9919
9966
9967
9968
9969
9970
9971
9972
9973
9974
9995
9996
9997
9998
9999
10000
10001
10002
10138
10139
10140
10141
10142
10143
10144
10189
10190
10191
10192
10200
10201
10202
10284
10285
10286
10287
10288
10289
10290
10291
10320
10321
10322
10323
10324
10325
10326
10327
10328
10329
10330
10331
10332
10333
10334
10335
10336
10337
10338
10339
10340
10341
10342
10343
10344
10345
10346
10347
10348
10349
10350
10351
10352
10353
10354
10355
10356
10357
10358
10359
10360
10361
10362
10363
10364
10365
10366
10367
10368
10369
10370
10371
10372
10373
10374
10375
10376
10377
10378
10379
10380
10381
10382
10383
10384
10385
10386
10387
10388
10389
10390
10391
10392
10393
10394
10395
10396
10397
10398
10399
10400
10401
10402
10403
10404
10405
10406
10407
10408
10409
10410
10411
10412
10413
10414
10415
10416
10417
10418
10419
10420
10421
10422
10423
10424
10425
10426
10427
10428
10429
10430
10431
10432
10433
10434
10435
10436
10437
10438
10439
10440
10441
10442
10443
10444
10445
10446
10447
10448
10449
10450
10451
10452
10453
10454
10455
10456
10457
10458
10459
10460
10461
10462
10463
10483
10492
10493
10494
10504
10529
10530
10531
10532
10533
10534
10535
10536
10537
10538
10539
10540
10541
10542
10543
10544
10545
10546
10547
10548
10549
10550
10551
10552
10553
10554
10555
10556
10557
10558
10559
10560
10568
10569
10570
10571
10572
10573
10574
10575
10576
10577
10578
10579
10580
10581
10582
10583
10584
10585
10586
10587
10588
10589
10590
10591
10592
10593
10594
10595
10596
10597
10598
10599
10606
10607
10608
10609
10610
10611
10612
10613
10614
10615
10616
10617
10618
10619
10620
10621
10622
10623
10624
10625
10626
10627
10628
10629
10630
10631
10632
10633
10634
10635
10636
10637
10638
10639
10640
10641
10642
10643
10644
10645
10646
10647
10648
10649
10650
10651
10652
10653
10654
10655
10656
10657
10662
10665
10670
10671
10672
10673
10674
10675
10676
10677
10678
10679
10680
10681
10682
10683
10684
10685
10686
10687
10688
10689
10690
10691
10692
10693
10694
10695
10696
10697
10698
10699
10700
10701
10702
10703
10704
10705
10706
10707
10708
10709
10710
10711
10712
10713
10714
10715
10716
10717
10718
10719
10720
10721
10722
10723
10724
10725
10726
10727
10728
10729
10730
10731
10732
10733
10734
10735
10736
10737
10738
10739
10740
10741
10742
10743
10744
10745
10746
10747
10748
10749
10750
10751
10752
10753
10754
10755
10756
10757
10758
10759
10760
10761
10762
10763
10764
10765
10766
10767
10768
10774
10775
10776
10777
10778
10779
10780
10781
10782
10783
10784
10785
10786
10787
10788
10789
10790
10791
10792
10793
10794
10795
10796
10797
10798
10799
10800
10801
10802
10803
10804
10805
10806
10807
10808
10809
10810
10811
10812
10813
10814
10815
10816
10817
10818
10819
10820
10821
10822
10823
10831
10832
10833
10834
10835
10836
10837
10838
10839
10840
10841
10842
10843
10855
10856
10857
10858
10859
10860
10861
10862
10863
10864
10865
10866
10867
10868
10869
10870
10871
10872
10873
10874
10875
10876
10877
10878
10879
10880
10891
10893
10900
10901
10902
10903
10913
10914
10958
10959
10960
10961
10962
10963
10964
10966
11141
11142
11407
11408
11409
11416
11417
11421
11422
11423
11424
11425
11426
11427
11428
11431
11432
11433
11434
11435
11436
11437
11438
11439
11440
11441
11442
11443
11444
11481
11482
11483
11484
11639
11725
11726
11727
11775
11894
11895
11914
11915
11942
11943
11944
12035
12036
12051
12091
12092
12116
12117
12120
12132
12133
12143
12144
12145
12146
12147
12148
12149
12150
12151
12152
12153
12154
12155
12156
12157
12158
12159
12160
12161
12162
12163
12164
12165
12166
12167
12168
12169
12170
12171
12172
12173
12174
12175
12176
12177
12178
12179
12180
12181
12182
12183
12184
12185
12186
12187
12188
12189
12190
12191
12221
12238
12239
12240
12241
12242
12243
12289
12291
12301
12302
12303
12304
12305
12306
12307
12324
12325
12326
12327
12328
12329
12330
12331
12332
12333
12334
12339
12340
12341
12342
12343
12344
12345
12346
12347
12348
12349
12350
12351
12360
12361
12362
12363
12364
12365
12366
12367
12368
12369
12370
12371
12372
12373
12374
12375
12376
12377
12378
12379
12380
12381
12382
12383
12384
12385
12386
12387
12388
12389
12390
12391
12392
12393
12394
12397
12398
12399
12400
12401
12408
12409
12410
12411
12426
12427
12428
12429
12430
12431
12432
12433
12434
12435
12436
12437
12438
12439
12440
12441
12442
12443
12444
12445
12446
12447
12448
12449
12450
12451
12452
12453
12454
12455
12456
12464
12465
12466
12495
12526
12527
12528
12533
12534
12535
12536
12537
12538
12539
12552
12553
12554
12556
12557
12564
12565
12566
12567
12568
12569
12570
12571
12572
12573
12584
12585
12586
12587
12588
12589
12590
12591
12592
12593
12597
12598
12599
12600
12601
12602
12603
12604
12605
12606
12607
12608
12609
12610
12611
12618
12619
12622
12623
12626
12628
12637
12638
12639
12640
12641
12642
12643
12644
12645
12646
12676
12677
12678
12679
12680
12681
12692
12693
12720
12721
12722
12723
12724
12725
12775
12784
12785
12786
12788
12789
12790
12791
12792
12793
12794
12795
12796
12797
12798
12799
12800
12801
12802
12803
12804
12805
12806
12807
12808
12809
12810
12882
12883
12885
12886
12887
12888
12891
12892
12893
12894
12919
12920
12921
12922
12923
12924
12925
12926
12927
12928
12941
12942
12944
12945
12963
12964
12965
12966
12982
12983
12996
12997
13037
13038
13039
13040
13071
13103
13117
13118
13145
13146
13147
13157
13158
13159
13160
13161
13180
13181
13182
13183
13184
13185
13186
13187
13224
13225
13226
13357
13358
13359
13365
13366
13367
13368
13369
13370
13371
13372
13377
13378
13379
13380
13381
13382
13383
13389
13390
13391
13392
13527
13528
13589
13594
13595
13596
13597
13598
13633
13636
13637
13641
13642
13643
13644
13645
13646
13769
13770
13771
13772
13773
13790
13791
13793
13794
13795
13799
13800
13801
13802
13803
13804
13805
13806
13807
13808
13809
13849
13850
13851
13852
13853
13859
13875
13876
13884
13885
13886
13887
13888
13889
13890
13891
13892
14032
14033
14091
14092
14093
14127
14129
14130
14138
14139
14140
14144
14145
14146
14147
14148
14170
14171
14172
14173
14174
14175
14191
14279
14280
14281
14282
14283
14284
14285
14286
14348
14405
14496
14539
14540
14541
14542
14544
14560
14561
14562
14563
14564
14565
14566
14567
14568
14569
14570
14571
14572
14573
14574
14575
14576
14585
14586
14587
14599
14600
14601
14602
14603
14604
14605
14606
14607
14608
14610
14651
14652
14653
14654
14655
14656
14671
14689
14690
14691
14692
14792
14793
14794
14795
14796
14797
14798
14799
14800
14802
14803
14804
14805
14806
14807
14808
14809
14810
14811
14812
14813
14814
14815
14816
14817
14818
14820
14841
14842
14843
14844
14845
14846
14847
14925
14926
14927
14928
14929
14930
14954
15035
15036
15037
15038
15050
15051
15052
15053
15054
15055
15098
15099
15100
15101
15102
15103
15104
15105
15113
15114
15115
15123
15124
15125
15126
15127
15128
15129
15130
15131
15132
15133
15134
15135
15145
15146
15147
15161
15162
15163
15164
15165
15166
15167
15168
15169
15170
15171
15172
15182
15183
15184
15185
15186
15187
15204
15205
15206
15207
15208
15209
15210
15211
15212
15213
15214
15215
15216
15217
15218
15219
15220
15221
15222
15223
15224
15225
15230
15231
15233
15234
15235
15236
15237
15238
15239
15240
15241
15242
15243
15244
15245
15246
15247
15248
15249
15250
15251
15252
15255
15256
15257
15258
15259
15260
15261
15262
15281
15282
15283
15284
15285
15286
15287
15288
15289
15290
15291
15292
15293
15296
15298
15299
15300
15301
15302
15303
15304
15305
15306
15307
15308
15309
15310
15311
15312
15313
15314
15315
15316
15317
15318
15319
15320
15321
15322
15324
15344
15345
15346
15347
15348
15349
15350
15351
15352
15353
15354
15369
15377
15378
15379
15380
15381
15382
15383
15384
15385
15386
15387
15388
15389
15390
15391
15392
15409
15412
15413
15414
15415
15416
15417
15418
15419
15420
15421
15422
15423
15424
15425
15426
15427
15428
15442
15443
15444
15445
15446
15447
15448
15451
15452
15456
15457
15460
15462
15463
15465
15467
15468
15473
15478
15479
15487
15488
15489
15500
15501
15502
15503
15504
15505
15506
15507
15515
15516
15517
15518
15526
15527
15535
15536
15537
15538
15539
15540
15541
15542
15543
15544
15545
15546
15547
15548
15549
15550
15551
15552
15580
15581
15582
15583
15584
15585
15586
15587
15588
15589
15590
15591
15619
15620
15621
15622
15634
15635
15644
15645
15646
15647
15648
15649
15650
15658
15659
15660
15687
15688
15721
15729
15730
15731
15816
15817
15818
15819
15820
15821
15822
15823
15824
15825
15826
15872
15899
15900
15901
15902
15903
15904
15905
15906
15907
15908
15909
15910
15911
15912
15913
15914
15915
15916
15917
15918
15919
15920
15921
15922
15984
15985
15986
16032
16069
16070
16071
16072
16073
16105
16106
16107
16108
16109
16110
16111
16112
16113
16114
16115
16116
16117
16118
16119
16120
16121
16122
16123
16124
16125
16126
16127
16128
16129
16130
16131
16132
16133
16134
16135
16140
16141
16142
16143
16144
16145
16146
16147
16148
16149
16150
16151
16152
16153
16154
16155
16165
16166
16167
16168
16169
16170
16171
16172
16173
16174
16175
16176
16177
16178
16179
16180
16181
16182
16183
16184
16185
16186
16187
16188
16189
16190
16191
16192
16193
16194
16195
16196
16197
16198
16199
16200
16201
16204
16239
16245
16246
16247
16248
16249
16250
16251
16252
16253
16254
16255
16256
16257
16258
16259
16260
16261
16262
16263
16264
16265
16266
16269
16270
16271
16272
16273
16274
16275
16276
16277
16278
16279
16280
16281
16282
16283
16284
16285
16286
16287
16288
16289
16290
16291
16292
16293
16294
16303
16309
16310
16311
16312
16362
16363
16364
16365
16366
16367
16486
16487
16488
16489
16490
16634
16635
16636
16734
16735
16740
16741
16742
16743
16744
16745
16746
16747
16748
16749
16750
16751
16752
16753
16754
16755
16761
16762
16763
16778
16779
16780
16781
16782
16783
16784
16785
16786
16787
16788
16789
16790
16791
16792
16993
16994
17102
17103
17105
17106
17107
17108
17117
17118
17119
17136
17259
17271
17272
17273
17274
17275
17276
17277
17291
17292
17293
17294
17300
17360
17361
17366
17367
17368
17369
17370
17371
17372
17373
17374
17375
17376
17377
17378
17379
17380
17381
17383
17387
17388
17389
17390
17391
17392
17393
17397
17398
17399
17400
17401
17402
17403
17404
17405
17406
17409
17410
17411
17412
17413
17414
17415
17416
17417
17418
17419
17420
17443
17444
17445
17446
17447
17448
17449
17450
17451
17452
17453
17462
17463
17464
17465
17466
17467
17472
17474
17475
17476
17507
17508
17509
17510
17511
17512
17513
17514
17515
17516
17517
17518
17519
17520
17521
17522
17523
17524
17525
17526
17527
17528
17529
17530
17531
17532
17533
17534
17535
17536
17537
17538
17539
17540
17541
17542
17543
17544
17545
17546
17547
17548
17549
17550
17551
17552
17553
17554
17555
17556
17557
17558
17559
17560
17561
17562
17563
17564
17565
17566
17567
17568
17569
17570
17571
17572
17573
17574
17575
17576
17577
17578
17579
17580
17581
17582
17583
17584
17585
17586
17587
17588
17589
17590
17591
17592
17593
17594
17595
17596
17597
17598
17599
17600
17601
17602
17603
17604
17605
17606
17607
17608
17609
17610
17611
17612
17613
17614
17615
17616
17617
17618
17619
17620
17621
17622
17623
17624
17625
17626
17627
17628
17629
17630
17631
17632
17633
17634
17635
17636
17637
17638
17639
17640
17641
17642
17643
17644
17645
17646
17647
17648
17649
17650
17651
17652
17653
17654
17655
17656
17677
17678
17679
17680
17681
17697
17698
17699
17700
17701
17702
17703
17704
17705
17706
17707
17708
17709
17710
17711
17712
17713
17714
17715
17716
17717
17718
17719
17720
17721
17722
17723
17724
17725
17726
17727
17728
17729
17730
17731
17732
17733
17734
17735
17736
17737
17738
17740
17741
17742
17745
17746
17747
17748
17749
17750
17751
17752
17753
17754
17755
17756
17757
17758
17759
17760
17761
17762
17763
17764
17765
17766
17767
17768
17769
17770
17771
17772
17773
17774
17775
17776
17777
17778
17779
17780
17781
17782
17783
17784
17785
17786
17787
17788
17789
17790
17791
17792
17793
17794
17795
17796
17797
17798
17807
17809
17810
17811
17876
17877
17908
17913
17916
17917
17918
17919
17920
17921
17922
17923
17942
17943
17944
17950
17951
17952
17953
17954
18005
18006
18007
18008
18009
18010
18011
18012
18016
18017
18026
18027
18028
18029
18030
18031
18032
18033
18034
18035
18036
18037
18038
18039
18040
18041
18042
18043
18044
18045
18046
18047
18048
18049
18050
18051
18052
18053
18054
18055
18056
18057
18058
18059
18060
18061
18062
18063
18064
18065
18066
18067
18068
18069
18070
18071
18072
18073
18074
18075
18076
18077
18078
18079
18080
18081
18082
18083
18188
18189
18190
18191
18192
18193
18194
18195
18196
18197
18198
18199
18200
18201
18202
18203
18204
18205
18206
18207
18208
18209
18210
18211
18212
18213
18214
18215
18216
18217
18218
18219
18220
18221
18222
18223
18224
18225
18226
18227
18527
18528
18529
18642
18706
18707
18708
18709
18710
18711
18712
18713
18714
18715
18716
18717
18718
18719
18720
18721
18722
18723
18724
18725
18726
18727
18728
18729
18730
18731
18732
18733
18734
18735
18736
18737
18738
18739
18740
18741
18742
18743
18744
18745
18746
18747
18748
18749
18750
18751
18752
18753
18754
19013
19014
19015
19016
19017
19018
19039
19040
19050
19051
19052
19063
19089
19090
19162
19163
19301
19302
19303
19304
19305
19306
19307
19308
19309
19310
19311
19330
19331
19332
19357
19394
19395
19396
19397
19398
19399
19400
19401
19402
19403
19404
19405
19406
19407
19408
19409
19410
19411
19412
19413
19504
19505
19506
19507
19508
19509
19510
19511
19512
19513
19514
19515
19516
19517
19518
19519
19520
19591
19592
19593
19594
19595
19596
19597
19614
19615
19616
19617
19618
19619
19660
19662
19663
19664
19665
19682
19683
19749
19750
19751
19831
19832
19833
19834
19835
19836
19837
19838
19839
19840
19841
19842
19843
19844
19863
19864
19865
19866
19867
19868
19869
19870
19871
19872
19873
19874
19875
19876
19877
19878
19879
19908
19909
19927
19928
19929
19943
19944
19945
19946
19947
19948
19949
19950
19951
19952
19953
19954
20142
20143
20144
20156
20157
20158
20159
20236
20237
20289
20290
20291
20301
20317
20318
20319
20320
20321
20322
20323
20324
20345
20346
20347
20348
20349
20350
20351
20352
20353
20354
20355
20356
20357
20358
20359
20360
20361
20362
20363
20364
20365
20366
20367
20368
20369
20370
20371
20372
20373
20374
20383
20384
20385
20386
20387
20388
20389
20390
20391
20392
20393
20400
20401
20402
20403
20404
20405
20406
20407
20408
20409
20410
20411
20412
20413
20414
