2702
2699
2697
2698
2697
2697
2697
2697
2697
2697
2697
2697
2690
2690
2691
2692
2692
2692
2692
2692
2692
2692
2692
2693
2710
2710
2710
2710
2712
2710
2710
2710
2710
2711
2711
2711
2714
2714
2714
2714
2714
2714
2714
2714
2714
2712
2712
2712
2709
2709
2709
2708
2708
2708
2708
2708
2708
2708
2708
2708
2702
2702
2702
2702
2702
2702
2702
2702
2702
2702
2702
2702
2702
2702
2702
2702
2702
2702
2702
2702
2702
2702
2702
2702
2707
2707
2700
2699
2702
2704
2705
2683
2630
2653
2707
2706
2712
2712
2710
2706
2701
2696
2690
2690
2694
2707
2707
2706
2710
2710
2710
2711
2711
2711
2711
2711
2711
2711
2711
2711
2711
2711
2711
2711
2711
2711
2712
2712
2712
2712
2712
2712
2711
2711
2711
2710
2710
2710
2710
2710
2710
2710
2710
2710
2703
2703
2703
2703
2703
2703
2704
2704
2704
2704
2704
2704
2710
2710
2710
2710
2710
2710
2710
2710
2710
2712
2712
2712
2710
2710
2710
2710
2710
2710
2710
2710
2710
2710
2710
2710
2711
2711
2711
2711
2711
2711
2715
2715
2715
2713
2713
2713
2711
2711
2710
2709
2712
2711
2711
2711
2711
2709
2710
2709
2708
2709
2709
2709
2709
2709
2709
2711
2713
2713
2712
2712
2667
2629
2645
2637
2666
2681
2675
2691
2705
2699
2700
2701
2707
2707
2707
2707
2708
2708
2708
2708
2708
2708
2708
2738
2794
2825
2793
2796
2804
2792
2850
2888
2894
2830
2838
2926
2925
2936
2934
2933
2943
2954
2954
2954
2956
2956
2956
2956
2956
2960
3018
3083
3084
3082
3084
3105
3140
3117
3123
3164
3199
3206
3205
3204
3204
3223
3313
3320
3326
3329
3329
3329
3337
3363
3368
3368
3371
3394
3402
3402
3402
3402
3402
3402
3405
3405
3405
3405
3405
3405
3405
3405
3405
3406
3406
3406
3405
3405
3405
3405
3405
3405
3404
3404
3404
3404
3404
3404
3413
3412
3412
3412
3412
3412
3412
3411
3411
3411
3411
3411
3404
3404
3404
3404
3404
3404
3404
3404
3404
3403
3403
3403
3415
3415
3415
3413
3413
3414
3414
3413
3413
3413
3413
3412
3408
3408
3406
3405
3373
3334
3356
3361
3404
3404
3404
3404
3398
3398
3397
3396
3397
3397
3397
3397
3413
3444
3465
3469
3506
3556
3556
3556
3555
3602
3605
3603
3603
3603
3622
3653
3686
3679
3718
3742
3748
3789
3792
3779
3856
3794
3868
3818
3852
3815
3864
3864
3864
3864
3864
3864
3864
3864
3864
3864
3866
3866
3866
3866
3866
3866
3866
3866
3866
3866
3866
3827
3860
3861
3861
3863
3864
3864
3865
3867
3886
3893
3943
4017
4068
4084
3957
4155
4177
4184
4213
4218
4221
4225
4224
4227
4230
4236
4236
4236
4236
4236
4236
4236
4236
4228
4229
4229
4226
4226
4226
4226
4226
4226
4226
4226
4226
4226
4226
4226
4227
4227
4227
4227
4227
4227
4227
4227
4227
4227
4227
4227
4227
4227
4227
4227
4227
4227
5144
5510
5508
5466
5509
5509
5481
5465
5419
5412
5441
5078
5451
5436
5469
5476
5465
5469
5445
5445
5456
5451
5441
5440
5448
5439
5435
5440
5444
5438
5446
5444
5438
5439
5440
5440
5441
5423
5429
5466
5465
5452
5407
5468
5428
5476
5476
5476
5476
5476
5476
5476
5476
5476
5482
5482
5482
5479
5479
5479
5479
5479
5120
5120
5120
5120
5128
5128
5128
5128
5128
5128
5126
5126
5126
5126
5126
5126
5128
5128
5128
5128
5128
5128
5128
5128
5128
5128
5128
5128
5121
5121
5121
5121
5121
5121
5108
5122
5035
5099
5121
5121
5121
5121
5121
5121
5121
5121
5121
5074
5119
5119
5087
5095
5120
5120
5120
5119
5120
5120
5120
5120
5120
5120
5120
5120
5123
5123
5123
5123
5111
5121
5122
5122
5122
5122
5122
5122
5130
5130
5130
5130
5130
5130
5130
5130
5134
5145
5151
5151
5172
5177
5176
5177
5177
5177
5176
5151
5117
5105
5120
5137
5151
5150
5159
5176
5178
5173
5177
5177
5176
5176
5177
5178
5174
5174
5198
5242
5249
5240
5231
5246
5253
5242
5242
5229
5255
5252
5286
5315
5334
5364
5382
5387
5403
5430
5473
5484
5492
5492
5492
5492
5492
5490
5495
5510
5555
5618
5642
5640
5628
5618
5608
5602
5596
5602
5602
5602
5601
5600
5649
5587
5643
5639
5648
5646
5645
5650
5651
5651
5650
5649
5648
5640
5643
5678
5684
5659
5628
5665
5710
5688
5728
5803
5815
5844
5878
5828
5830
5882
5882
5883
5886
5886
5886
5886
5886
5886
5891
5891
5886
5883
5854
5887
5887
5887
5888
5888
5888
5888
5892
5892
5892
5892
5892
5892
5892
5892
5892
5892
5892
5892
5887
5887
5887
5887
5891
5892
5916
5962
5990
5994
6011
6039
6046
6042
6077
6077
6079
6079
6088
6135
6134
6136
6134
6179
6186
6184
6187
6196
6203
6237
6268
6270
6271
6271
6271
6271
6271
6271
6271
6271
6271
6271
6271
6271
6271
6271
6271
6271
6269
6269
6274
6289
6302
6333
6336
6339
6344
6329
6389
6415
6420
6419
6419
6419
6419
6419
6419
6419
6419
6419
6419
6419
6419
6419
6419
6417
6407
6351
6366
6373
6411
6413
6391
6391
6418
6418
6418
6418
6418
6418
6419
6419
6419
6419
6419
6419
6419
6419
6419
6419
6419
6448
6481
6513
6551
6597
6634
6655
6662
6672
6708
6758
6803
6871
6932
6990
6964
6960
6998
6998
7005
7005
7005
7005
7005
7005
7005
7005
7013
7005
7005
7005
7005
6996
6995
6989
6984
6970
6965
6969
6970
6970
6971
6973
6979
6962
6995
7006
7006
7009
7006
6982
7008
7007
6999
6959
6974
6978
6994
6975
6956
6948
6923
6928
6951
6968
6978
6975
6964
6989
7001
7001
7001
6972
6946
6958
6968
6982
6993
6991
6991
6995
6986
6955
6927
6921
6995
6995
6997
6972
6953
6962
6999
6990
6965
6995
6945
6998
6970
6957
6997
6995
6979
6990
7003
7003
7003
7004
7003
7003
6998
7003
6998
6986
6996
6939
6911
6975
6965
6996
6947
6975
6991
6977
6977
6978
7007
6974
6973
7005
6982
6971
6948
6967
6991
6968
6953
6949
6949
6983
6964
6984
6962
6976
7001
6996
6958
6931
6885
6940
6969
6987
6998
6971
6992
7001
6950
6997
6997
6997
6996
6973
6980
6989
6992
6992
6992
6947
6953
6954
6963
6960
6961
6960
6960
6960
6966
6963
6962
6961
6961
6961
6961
6961
6960
6960
6965
6967
6964
6963
6962
6963
6961
6966
7002
7005
7002
6964
6960
6994
7008
7009
7002
6995
7009
7009
6996
6962
7009
7008
6933
6975
6968
6996
7004
6939
7002
7003
7004
7004
7004
7004
7004
7004
7009
7009
7009
7009
7009
7009
7010
7010
7010
7010
7010
7010
7007
7006
7007
7007
7007
7007
7007
7007
7007
7006
7006
7006
7006
7006
7006
7006
7006
7006
7006
7006
7006
7006
7006
7006
7005
7005
7005
7005
7005
7005
7005
7005
7005
7005
7005
7005
7005
7005
7005
7005
7005
7005
7005
7005
7005
7005
7005
7005
7005
7005
7005
7005
7005
7005
7005
7005
7005
7005
7005
7005
7005
7005
7005
7005
7005
7000
6993
7005
7005
7006
7006
7006
7000
7000
7000
7000
7000
7000
7000
7000
7000
7000
7000
7000
6999
6999
6999
6999
6999
6999
6999
6999
6999
6999
6999
6999
6999
6999
6999
6999
6999
6999
6999
6999
6999
6999
6999
6999
6999
6999
6999
6999
6999
6999
6999
6999
6999
6999
6999
6999
6999
6999
6999
6999
7001
7006
6999
7028
7050
7116
7178
7263
7255
7269
7269
7269
7269
7269
7269
7269
7268
7268
7268
7268
7269
7269
7269
7269
7269
7269
7269
7269
7269
7269
7269
7269
7269
7269
7279
7306
7309
7313
7318
7339
7329
7323
7335
7322
7354
7369
7380
7380
7381
7381
7383
7314
7383
7383
7383
7383
7382
7382
7382
7382
7352
7335
7382
7381
7381
7382
7382
7382
7383
7383
7380
7379
7379
7380
7384
7402
7437
7469
7471
7465
7454
7490
7534
7472
7525
7534
7534
7538
7552
7565
7585
7602
7617
7532
7601
7584
7550
7578
7604
7622
7622
7620
7621
7621
7627
7627
7627
7627
7627
7546
7545
7545
7545
7481
7481
7482
7479
7479
7479
7382
7383
7383
7383
7383
7383
7383
7383
7383
7384
7384
7384
7384
7384
7384
7384
7384
7384
7384
7384
7384
7384
7384
7384
7384
7384
7384
7384
7382
7384
7385
7385
7385
7378
7371
7384
7400
7416
7464
7449
7450
7437
7478
7515
7477
7487
7495
7499
7490
7480
7471
7470
7492
7441
7440
7404
7470
7470
7383
7383
7383
7383
7383
7383
7383
7383
7383
7383
7383
7383
7383
7383
7383
7383
7383
7383
7383
7383
7380
7313
7331
7309
7345
7349
7359
7380
7400
7429
7412
7412
7443
7466
7415
7476
7476
7479
7483
7501
7505
7514
7495
7519
7518
7520
7520
7521
7521
7521
7521
7521
7521
7519
7519
7519
7519
7519
7519
7527
7527
7527
7527
7527
7527
7527
7527
7527
7527
7527
7527
7524
7524
7524
7524
7562
7595
7610
7625
7653
7662
7652
7727
7726
7726
7726
7772
7792
7795
7795
7818
7822
7824
7824
7830
7859
7883
7905
7922
7921
7921
7921
7921
7921
7921
7921
7921
7925
7934
7997
7968
7998
7990
8044
8044
8044
8044
8044
8044
8055
8085
8110
8093
8100
8190
8190
8190
8222
8283
8268
8283
8276
8314
8327
8327
8327
8327
8327
8327
8327
8280
8277
8271
8281
8294
8326
8326
8326
8329
8325
8325
8325
8325
8325
8324
8311
8302
8302
8333
8325
8325
8325
8325
8325
8325
8325
8326
8327
8327
8313
8276
8279
8267
8323
8326
8326
8326
8326
8326
8330
8330
8330
8330
8330
8330
8330
8316
8329
8329
8329
8329
8330
8330
8330
8330
8330
8330
8330
8330
8330
8330
8330
8330
8329
8329
8329
8329
8329
8329
8329
8329
8329
8329
8329
8329
8329
8329
8329
8329
8329
8329
8329
8329
8329
8329
8329
8329
8328
8328
8328
8328
8328
8328
8328
8328
8341
8369
8422
8387
8402
8467
8484
8484
8484
8531
8552
8550
8551
8554
8554
8580
8622
8611
8614
8665
8680
8719
8729
8719
8729
8810
8827
8828
8827
8993
8827
8827
8827
8827
8827
8827
8827
8827
8827
8827
8828
8828
8828
8811
8748
8742
8770
8818
8832
8832
8832
8832
8835
9010
8835
8835
8835
8835
8835
8835
8835
8835
8835
8835
8836
8836
8836
8836
8836
8836
8836
8836
8836
8836
8836
8836
8832
8832
8832
8832
8832
8797
8778
8815
8831
8802
8830
8831
8833
8833
8833
8833
8797
8803
8767
8832
8832
8831
8831
8830
8830
8831
8806
8811
8834
8834
8834
8834
8834
8834
8834
8834
8840
8862
8869
8886
8894
8904
8902
8903
8903
8903
8901
8892
8903
8904
8905
8873
8833
8859
8892
8904
8906
8900
8887
8902
8860
8904
8904
8848
8834
8838
8842
8885
8891
8840
8893
8894
8868
8858
8864
8909
8909
8898
8898
8910
8893
8871
8852
8863
8883
8893
8879
8876
8869
8869
8859
8853
8870
8900
8890
8902
8907
8907
8842
8904
8858
8904
8905
8904
8903
8891
8859
8869
8869
8893
8903
8903
8903
8904
8904
8895
8895
8893
8893
8892
8900
8901
8901
8901
8901
8908
8880
8816
8823
8857
8894
8905
8905
8905
8872
8903
8903
8903
8903
8903
8903
8903
8903
8903
8922
8942
8981
8985
9014
9049
9063
9063
9063
9068
9149
9149
9155
9155
9155
9158
9180
9218
9228
9244
9269
9272
9306
9330
9315
9313
9325
9392
9399
9399
9399
9399
9399
9398
9398
9398
9397
9397
9323
9396
9396
9396
9396
9396
9396
9396
9396
9396
9396
9396
9396
9396
9396
9396
9396
9396
9396
9396
9396
9396
9396
9396
9396
9395
9395
9395
9395
9395
9395
9395
9395
9395
9396
9377
9396
9396
9396
9396
9396
9396
9396
9396
9396
9396
9424
9507
9453
9473
9469
9511
9554
9567
9530
9572
9615
9617
9619
9619
9619
9658
9759
9781
9783
9783
9783
9783
9783
9783
9798
9884
9922
9920
9920
9890
9918
9917
9917
9909
9884
9895
9913
9918
9910
9904
9902
9885
9885
9885
9885
9874
9899
9920
9913
9918
9918
9918
9917
9905
9917
9917
9917
9910
9909
9904
9907
9912
9914
9914
9915
9916
9918
9919
9918
9918
9911
9849
9924
9924
9924
9924
9924
9924
9924
9924
9924
9924
9924
9923
9926
9926
9926
9926
9883
9926
9926
9926
9926
9926
9920
9920
9911
9855
9921
9915
9916
9916
9916
9916
9916
9916
9883
9917
9916
9872
9921
9921
9921
9921
9924
9924
9924
9924
9946
9982
9980
9960
9961
9989
9989
10011
10044
10000
10043
10047
10048
10049
10060
10066
10081
10097
10118
10116
10117
10117
10117
10117
10117
10118
10127
10127
10127
10126
10050
10122
10066
10127
10127
10127
10063
10097
10076
10080
10096
10087
10109
10124
10112
10103
10118
10123
10117
10125
10119
10109
10108
10108
10122
10121
10084
10116
10112
10086
10078
10091
10070
10060
10108
10111
10097
10101
10114
10103
10118
10124
10122
10110
10095
10070
10111
10124
10127
10114
10074
10108
10117
10116
10101
10112
10115
10061
10047
10114
10120
10127
10121
10086
10076
10112
10127
10124
10113
10111
10112
10113
10116
10116
10124
10111
10125
10128
10069
10131
10127
10116
10069
10078
10077
10127
10128
10128
10128
10127
10127
10127
10127
10127
10127
10127
10123
10068
10082
10061
10121
10122
10122
10122
10130
10130
10130
10130
10130
10130
10130
10130
10130
10130
10130
10130
10133
10132
10123
10126
10133
10133
10133
10133
10133
10133
10133
10133
10134
10134
10134
10134
10134
10134
10134
10134
10134
10134
10134
10134
10134
10134
10134
10134
10134
10134
10134
10134
10134
10134
10134
10134
10131
10131
10131
10131
10131
10131
10131
10131
10131
10131
10131
10131
10131
10131
10131
10130
10134
10130
10130
10130
10130
10130
10130
10130
10131
10131
10131
10131
10131
10131
10131
10131
10131
10131
10131
10131
10131
10131
10131
10131
10131
10131
10131
10131
10131
10095
10097
10131
10127
10106
10107
10122
10093
10122
10124
10124
10124
10124
10124
10126
10124
10124
10124
10124
10124
10124
10124
10124
10124
10123
10123
10123
10124
10124
10134
10136
10136
10145
10147
10124
10147
10147
10147
10148
10145
10145
10145
10145
10145
10145
10145
10145
10145
10145
10145
10145
10145
10145
10145
10145
10145
10145
10145
10145
10145
10145
10145
10145
10151
10151
10151
10151
10151
10151
10153
10153
10153
10153
10153
10153
10159
10159
10159
10159
10159
10159
10159
10159
10159
10159
10159
10159
10159
10159
10159
10159
10159
10159
10159
10159
10159
10159
10159
10159
10159
10159
10159
10159
10159
10159
10159
10159
10159
10159
10159
10159
10159
10159
10159
10159
10159
10159
10159
10159
10159
10159
10159
10159
10159
10159
10159
10159
10159
10159
10159
10159
10159
10159
10159
10159
10159
10159
10159
10159
10159
10159
10159
10159
10159
10159
10159
10159
10159
10159
10159
10159
10159
10159
10159
10159
10159
10159
10159
10159
10159
10159
10159
10159
10159
10159
10159
10159
10159
10159
10159
10159
10159
10159
10161
10159
10159
10159
10159
10159
10159
10159
10159
10182
10265
10220
10203
10220
10271
10306
10320
10266
10321
10356
10357
10357
10356
10363
10390
10393
10393
10393
10393
10392
10394
10433
10502
10517
10517
10517
10517
10517
10517
10517
10517
10517
10531
10605
10678
10677
10677
10677
10656
10676
10675
10675
10675
10675
10675
10675
10675
10675
10677
10677
10677
10677
10677
10643
10646
10674
10674
10674
10674
10674
10683
10683
10683
10683
10683
10704
10729
10714
10732
10732
10749
10770
10775
10778
10780
10781
10794
10803
10820
10824
10826
10826
10826
10826
10826
10826
10826
10804
10804
10825
10806
10821
10825
10824
10824
10824
10832
10832
10832
10831
10841
10842
10842
10842
10842
10842
10841
10843
10850
10864
10867
10869
10881
10922
10930
10930
10929
10929
10932
10932
10941
10941
10941
10941
10941
10943
10936
10935
10935
10935
10935
10936
10936
10936
10936
10936
10936
10936
10936
10936
10935
10935
10935
10935
10936
10936
10936
10936
10936
10936
10936
10953
10959
10958
10958
10958
10978
10977
10984
10996
10997
11036
11037
11038
11052
11064
11064
11060
11059
11096
11098
11100
11100
11100
11100
11100
11100
11100
11100
11100
11102
11117
11113
11108
11111
11159
11167
11164
11165
11168
11178
11202
11241
11191
11242
11232
11242
11227
11193
11185
11187
11190
11192
11191
11242
11224
11205
11241
11242
11244
11244
11233
11223
11223
11218
11214
11248
11248
11248
11248
11248
11248
11221
11233
11247
11250
11250
11250
11250
11250
11250
11249
11250
11248
11248
11248
11248
11248
11248
11248
11251
11251
11251
11251
11251
11251
11252
11252
11252
11252
11252
11252
11252
11215
11176
11167
11199
11219
11227
11229
11232
11240
11243
11240
11246
11243
11243
11245
11247
11247
11222
11211
11236
11239
11239
11241
11217
11238
11239
11239
11240
11239
11240
11240
11240
11240
11240
11240
11234
11234
11234
11235
11235
11235
11235
11235
11235
11235
11235
11235
11245
11245
11245
11245
11245
11245
11243
11243
11243
11243
11243
11243
11246
11246
11246
11246
11246
11246
11246
11246
11246
11246
11246
11246
11244
11244
11244
11244
11244
11244
11244
11244
11244
11210
11243
11243
11245
11245
11245
11245
11245
11245
11245
11245
11245
11245
11245
11245
11244
11244
11244
11244
11244
11244
11244
11244
11244
11244
11244
11244
11245
11245
11245
11245
11245
11245
11246
11246
11246
11246
11246
11246
11251
11251
11251
11251
11251
11251
11251
11251
11251
11251
11251
11251
11248
11248
11248
11248
11248
11248
11248
11248
11248
11248
11248
11248
11249
11249
11249
11249
11249
11249
11249
11249
11249
11249
11249
11249
11249
11249
11249
11249
11249
11249
11249
11249
11249
11249
11249
11249
11246
11246
11246
11246
11246
11246
11246
11236
11246
11246
11245
11215
11171
11173
11176
11190
11202
11190
11186
11241
11239
11237
11240
11233
11238
11236
11235
11234
11228
11226
11238
11238
11237
11245
11220
11247
11244
11244
11244
11244
11244
11244
11244
11244
11244
11244
11244
11244
11244
11244
11244
11244
11243
11243
11243
11243
11243
11243
11243
11245
11245
11235
11241
11237
11232
11241
11242
11246
11246
11246
11246
11245
11249
11249
11249
11249
11249
11249
11249
11249
11249
11249
11249
11247
11248
11248
11248
11248
11248
11248
11248
11248
11248
11248
11248
11248
11249
11203
11213
11245
11245
11245
11242
11241
11241
11235
11235
11238
11233
11206
11188
11245
11246
11251
11242
11245
11244
11244
11244
11244
11242
11242
11242
11242
11242
11242
11243
11243
11243
11243
11243
11243
11249
11249
11249
11249
11249
11249
11249
11248
11248
11247
11247
11247
11243
11243
11243
11243
11243
11243
11267
11298
11382
11431
11493
11531
11539
11559
11629
11675
11737
11718
11722
11760
11760
11760
11760
11760
11769
11769
11769
11771
11771
11771
11771
11771
11771
11815
11861
11895
11905
11926
11938
11945
11975
12000
12002
12044
12055
12063
12063
12097
12106
12107
12107
12106
12106
12108
12133
12158
12181
12204
12207
12176
12172
12207
12199
12208
12208
12208
12208
12208
12208
12208
12208
12208
12211
12211
12211
12211
12211
12208
12211
12212
12211
12211
12211
12211
12211
12211
12211
12211
12220
12267
12292
12292
12293
12295
12326
12322
12323
12323
12368
12352
12362
12371
12377
12379
12396
12405
12415
12418
12415
12415
12415
12414
12425
12461
12488
12489
12489
12498
12497
12498
12508
12497
12492
12501
12498
12494
12507
12507
12507
12502
12497
12503
12505
12505
12505
12505
12505
12508
12505
12499
12505
12505
12505
12502
12504
12440
12451
12489
12503
12503
12503
12503
12503
12503
12503
12503
12414
12494
12495
12495
12495
12430
12495
12491
12482
12487
12487
12480
12491
12498
12497
12504
12502
12501
12506
12505
12502
12504
12508
12499
12501
12502
12503
12499
12489
12470
12466
12475
12492
12499
12496
12493
12501
12507
12496
12502
12506
12506
12506
12506
12676
12506
12506
12506
12506
12506
12506
12504
12504
12504
12504
12504
12504
12504
12504
12504
12494
12502
12469
12498
12503
12501
12470
12504
12504
12504
12504
12504
12508
12508
12508
12508
12509
12523
12555
12572
12589
12593
12615
12650
12698
12726
12728
12727
12733
12757
12755
12744
12747
12743
12744
12754
12763
12749
12760
12761
12761
12761
12762
12762
12763
12762
12762
12762
12759
12759
12759
12759
12759
12759
12759
12759
12759
12759
12759
12759
12761
12761
12761
12761
12761
12761
12759
12759
12759
12759
12759
12759
12767
12767
12767
12767
12767
12767
12791
12821
12873
12881
12924
12925
12923
12928
12954
12970
12967
12953
13005
12996
13004
13004
13005
13004
13014
13014
13013
13014
13014
13014
13014
13014
13014
13014
13014
13014
13012
13012
13012
13013
13013
13013
12959
13016
13014
13013
13015
13013
13015
13015
13015
13015
13015
13017
13015
13015
13015
13015
13015
13015
13016
13016
13016
13024
13052
13053
13053
13078
13085
13085
13085
13085
13086
13086
13121
13160
13214
13237
13280
13280
13283
13342
13348
13334
13325
13418
13407
13423
13423
13423
13430
13485
13534
13545
13561
13588
13591
13612
13623
13623
13677
13693
13696
13702
13723
13723
13720
13745
13752
13788
13808
13809
13808
13831
13883
13929
13929
13929
13933
13984
13989
13987
13970
14036
14043
14051
14043
14041
14068
14084
14116
14133
14143
14143
14143
14144
14144
14197
14294
14341
14341
14341
14341
14341
14343
14343
14343
14343
14343
14343
14343
14343
14343
14343
14343
14343
14341
14341
14341
14339
14339
14339
