0
0
0
0
0
0
0
0
0
0
0
531
1056
1050
1051
1011
897
768
726
1053
996
1059
867
1056
711
828
375
631
907
531
708
495
582
222
96
222
705
789
906
487
577
222
354
624
919
961
786
568
560
560
632
488
374
356
356
355
681
277
674
349
510
282
348
96
234
0
276
96
192
234
222
222
354
432
432
385
384
276
193
444
282
330
384
366
282
298
0
233
107
2
620
786
1003
996
888
1014
756
756
373
292
250
247
0
118
1026
984
1002
962
828
528
354
234
567
99
723
786
606
504
372
396
354
354
222
276
432
492
330
468
330
192
96
282
276
96
276
403
415
355
354
222
235
223
234
234
357
897
780
780
600
702
1053
360
192
354
234
1038
505
1052
225
918
414
1053
1056
1059
1056
1053
897
1047
717
1002
1056
912
966
1032
933
1053
621
735
279
744
564
978
1056
1056
1050
1020
657
960
330
384
1034
577
1014
855
644
498
750
438
450
222
492
282
510
0
0
642
504
552
888
102
1011
576
780
1059
1053
1091
659
532
455
1139
228
1050
923
1070
382
1056
1056
1053
1053
699
1032
366
369
0
558
384
432
234
1080
1177
620
1120
1121
410
385
976
1091
943
1115
602
1235
867
1011
978
487
828
619
1057
1056
1014
636
558
853
506
805
1226
1207
983
474
0
1133
701
831
349
1167
449
1065
882
372
504
934
1213
824
1069
603
504
96
223
1133
988
564
789
300
1075
1050
1053
1053
1050
1050
723
541
496
333
96
0
0
0
0
0
330
276
432
432
540
555
891
474
282
744
746
1056
846
612
399
0
276
96
96
222
0
0
0
96
0
96
222
0
0
468
330
96
432
432
468
720
468
498
708
786
612
1054
848
1053
1053
957
645
516
843
942
982
900
1056
1062
1066
1013
1032
1118
1068
1053
1062
1047
630
444
348
350
432
507
816
414
637
1003
1115
1004
963
1095
759
705
594
1216
1087
1020
96
480
969
779
1155
676
569
553
665
1021
679
759
1236
1147
1118
1087
1108
1035
1099
624
1050
1053
528
0
0
0
0
0
2
0
0
0
0
0
0
0
0
531
1056
1092
1071
590
330
480
528
99
96
780
1171
1388
1688
2019
2139
2191
2040
2265
2581
2635
1937
1932
1275
1011
0
594
1830
1050
1050
525
0
0
0
0
0
2
0
0
0
0
0
0
0
0
0
0
0
0
0
0
0
0
0
0
0
0
0
0
0
0
0
0
0
0
0
0
0
0
5145
1108
534
1098
1091
1056
1070
758
6544
10615
10800
9781
9542
9120
10532
9756
8870
9168
8454
8402
8594
8163
6959
8420
8096
270
6995
7032
0
5342
0
5403
4363
0
0
0
108
4962
521
628
757
1079
1152
1126
1084
1082
525
0
0
0
0
0
0
0
0
0
0
1
0
0
0
0
1116
0
0
0
0
0
0
0
0
0
2
0
0
0
0
0
0
0
0
0
0
0
0
0
0
0
0
0
0
0
0
0
0
525
1064
1065
1089
1032
1091
1050
642
726
357
390
504
606
1059
1069
844
0
667
1121
1086
525
0
0
0
0
0
0
0
0
0
0
0
0
0
525
1079
1077
1059
1065
876
1065
1062
1039
372
96
234
222
0
96
0
0
628
266
989
376
1036
1042
1058
1059
1056
834
1060
849
1051
887
590
614
264
106
265
714
780
601
545
348
96
384
192
96
281
276
1055
993
307
904
945
602
562
405
0
1044
1080
1218
1213
1155
842
549
658
371
743
1019
966
479
1069
1058
1059
1056
918
725
794
1122
1149
1221
686
404
393
675
641
129
124
445
0
0
261
400
1110
1102
1121
1086
626
498
282
362
362
223
357
99
451
737
454
860
610
725
697
668
935
1113
559
1000
549
1097
1128
1062
1128
1102
1063
1059
757
906
450
690
414
354
606
1053
1067
1078
1104
1096
1053
1050
1051
615
1002
1062
1059
1053
600
1056
954
1050
600
828
360
390
222
375
0
0
96
279
291
384
914
1106
847
292
725
1140
649
518
1119
105
369
0
869
956
803
504
1025
1180
828
363
401
693
266
1028
1044
822
1056
1056
702
762
798
564
852
354
414
354
588
372
0
0
396
96
450
96
633
628
805
744
909
524
286
483
1214
642
1054
1062
1068
1059
870
876
798
1029
1065
1059
1059
1068
1059
828
1050
1056
1067
1143
439
975
1087
200
1066
363
1078
802
528
1056
1062
390
803
372
222
276
96
96
222
222
0
96
636
1014
1160
1174
1175
1203
1119
694
239
996
1165
1190
1211
1274
1259
1254
1106
1089
1073
1050
939
1056
384
887
1056
1050
576
1050
1074
1075
1053
1042
784
1026
856
298
204
222
208
475
413
0
542
1024
899
1119
1075
1068
279
1053
1070
1083
1068
1056
1066
987
938
1134
562
574
1129
790
1082
595
1143
946
1113
1119
346
1129
1074
912
1053
780
1162
1169
852
1045
1037
1071
847
1090
892
1117
1132
495
1119
621
1072
1101
1130
1125
1090
1000
1120
1085
1118
1111
1088
402
1110
966
1090
647
1069
561
732
528
1053
483
1070
1068
1063
718
1046
772
521
1089
1018
1116
1102
1131
945
484
0
1157
1090
1050
503
1106
1091
1090
1115
829
1076
1110
1146
963
599
960
793
1154
513
718
930
847
912
1198
444
591
450
1047
623
832
916
1071
1094
1103
364
588
226
853
598
1119
231
0
0
634
455
360
448
541
434
368
0
0
365
200
103
0
0
0
0
0
415
237
343
374
244
450
0
0
103
809
1075
1050
693
978
116
970
1030
492
826
835
963
792
1066
1120
1120
376
1023
1108
1093
1099
1084
1111
1095
1053
1023
1056
1056
1028
1050
898
349
222
630
416
354
786
222
702
783
1009
495
354
558
978
1029
1008
1065
1062
837
0
1026
984
1047
1026
975
356
954
1026
903
828
984
360
237
982
1052
1053
1047
1051
511
601
589
954
372
234
192
192
0
222
276
0
0
330
222
0
330
96
0
0
276
276
276
276
276
96
384
366
558
576
414
552
504
805
528
384
585
1050
1056
1072
1106
1098
1059
525
0
0
0
0
0
0
0
0
0
0
0
0
0
0
0
0
0
0
0
0
0
0
0
0
0
0
0
0
0
0
0
0
0
0
0
0
0
528
1065
1065
1053
1050
1056
1056
954
1050
528
1054
1056
894
675
495
276
330
408
24
564
618
977
1182
1201
1281
432
999
1052
606
222
1053
1056
1057
832
1050
921
1056
234
1050
894
1056
1056
1053
1057
532
450
192
387
486
588
276
651
484
1006
400
703
703
721
920
745
522
1194
1011
549
966
348
672
224
1111
1137
1050
510
222
468
870
1050
677
1109
1059
1087
1010
375
753
444
276
192
284
243
102
0
0
477
588
970
700
596
752
252
1127
803
1149
1028
403
0
232
528
442
905
698
282
1167
1061
1120
655
616
413
390
398
284
399
432
331
0
96
96
354
684
195
222
0
464
96
222
0
235
0
556
1057
1059
531
0
0
0
0
0
0
0
0
0
0
0
0
0
0
0
0
0
0
0
528
1053
504
750
1059
1064
1014
354
540
396
392
375
622
643
714
953
873
387
416
1045
710
673
399
859
128
268
478
301
5
439
483
119
664
1094
477
1118
1053
525
0
0
0
0
0
1
0
0
0
0
0
0
0
0
0
0
534
1066
894
633
644
664
310
385
492
1122
697
970
301
1165
387
1153
1132
437
609
416
825
637
663
863
1104
1069
534
0
0
0
0
0
0
0
7
0
0
0
0
0
0
0
525
1050
1050
394
930
607
410
790
1002
636
510
577
636
354
1101
1151
906
747
853
911
841
1107
549
774
414
1068
574
598
354
1160
913
621
498
832
619
927
421
1105
1056
1056
828
495
222
528
648
492
96
896
1044
920
759
1016
1165
1050
330
384
558
450
510
985
787
1066
222
1135
594
204
1119
955
661
727
847
908
1086
1059
1062
1056
948
1038
808
1084
1005
699
297
894
1108
1051
1056
1077
1074
1041
1053
1056
1056
1060
1086
271
922
1117
1077
1056
1053
1050
849
354
1053
1050
1050
1050
1064
1131
655
577
1151
1061
1053
1050
1056
496
1058
1061
1056
1036
1056
1053
1044
1077
1080
1015
1056
1032
504
1050
525
0
0
0
0
0
0
0
0
0
0
0
0
0
0
0
0
0
0
0
0
0
0
0
0
0
0
0
0
0
0
528
1059
1032
828
558
510
399
276
0
528
432
635
978
1040
1036
342
1131
1076
531
222
1201
867
1003
432
280
492
1049
1081
866
121
567
662
1017
626
756
908
1289
551
1060
1066
1035
504
525
868
831
828
222
699
543
1055
1050
1056
936
1061
1090
1152
445
1165
1136
1088
1059
1059
1065
1059
1050
552
639
996
492
417
192
222
0
0
0
0
0
96
396
450
222
222
0
96
1050
1056
1056
1050
1050
1002
330
1053
1100
1119
854
731
957
1116
1056
1056
984
234
1053
1088
1152
1162
1107
1053
708
1056
1050
1050
1056
1083
893
1085
1029
405
1002
415
588
276
0
939
305
1046
1061
648
1074
1058
1056
1050
1053
496
1068
1065
816
1058
1111
1128
419
1096
1062
1062
1078
1078
1069
1088
1094
1057
1081
1152
1108
1166
855
536
1086
1057
239
1123
1136
1148
1108
846
381
249
962
1076
684
1133
1080
704
1065
616
488
215
0
310
414
547
1102
1070
1072
1053
818
1122
1117
1111
1108
354
486
699
578
462
323
0
1138
1074
1057
1059
1053
1050
1069
379
6
376
207
0
108
99
0
0
982
1087
1147
1170
1145
1115
1069
651
222
1088
1036
1050
828
361
366
222
564
516
336
622
876
1175
1012
632
1099
1083
729
447
994
1271
1053
447
399
532
510
861
730
1117
293
441
288
1132
724
592
103
737
944
1072
1050
1053
831
396
417
1053
981
1052
696
1148
1152
1050
525
0
0
0
0
0
0
2
0
0
0
0
0
0
0
0
0
0
0
0
0
0
0
0
0
0
0
0
0
0
525
1050
1070
1074
705
507
1050
786
354
564
0
501
357
1075
1153
1026
1086
695
964
1100
956
1101
1134
964
931
876
811
196
1166
1230
1145
1059
840
906
510
612
576
1031
1186
1195
1020
1056
1090
1083
1056
1056
1048
645
342
857
233
342
407
296
516
0
0
0
133
338
1097
1071
1069
1053
1050
1053
1081
1063
864
349
469
106
202
0
222
107
228
228
109
231
0
0
6
296
1164
624
0
0
0
0
0
0
0
0
0
0
0
0
0
0
0
592
1115
1056
864
1032
560
413
0
406
1133
1112
1077
1077
1050
669
1059
1059
1053
1080
1045
446
589
1130
594
222
222
361
192
474
99
1146
831
794
843
0
520
0
1177
746
1148
1128
362
113
0
563
411
853
369
588
1061
1063
1056
681
282
948
1053
667
744
804
1053
1124
1132
1107
1100
1056
1059
1105
1006
602
483
501
881
466
1088
492
573
737
484
986
925
971
381
366
362
519
907
1042
1041
651
568
610
720
424
758
688
357
484
118
783
1100
1081
1061
495
571
612
572
739
541
848
717
774
783
620
369
567
424
361
848
654
814
689
800
721
653
710
738
630
770
376
364
0
0
248
104
612
1090
1084
1057
1075
1082
870
897
1086
382
751
1088
1053
1053
1026
1053
906
355
1017
843
1059
1053
968
1124
595
567
1149
1058
1050
972
780
276
600
846
222
900
606
885
798
835
708
493
492
419
546
405
522
333
284
385
192
330
276
468
432
432
192
348
486
492
0
234
0
468
0
98
0
223
96
276
0
96
222
0
96
96
276
0
222
0
234
0
276
0
96
96
330
330
282
1038
1062
1056
1056
1056
1068
1065
1053
1050
864
447
488
1041
894
702
1056
1056
912
1056
594
1008
546
1056
711
1050
783
375
723
726
1008
786
906
996
1053
1067
1102
996
1051
1075
1100
1080
1098
1100
1059
531
0
0
0
540
1065
1053
1053
714
810
1050
597
1044
582
366
354
354
96
372
540
937
600
682
1056
1092
1091
1059
1059
525
0
0
0
0
0
0
0
0
0
0
0
0
0
0
0
0
0
0
0
0
0
0
0
0
0
0
0
0
0
0
0
0
0
0
0
0
0
0
0
0
0
0
0
0
0
0
0
0
0
0
0
0
0
0
0
0
0
0
0
0
0
0
0
0
0
0
0
0
0
0
0
0
0
0
0
0
0
0
0
0
0
0
0
0
0
0
0
0
0
0
0
0
0
0
0
0
0
0
0
0
0
0
0
0
0
0
0
0
0
0
0
0
0
0
0
0
0
0
0
0
0
0
0
0
0
0
0
0
0
0
0
0
525
1050
1057
1060
1053
678
494
552
432
432
354
1047
1133
992
1103
532
820
1201
1098
1081
797
1158
1055
900
534
994
514
965
870
510
1050
564
549
1186
1203
1119
1053
858
781
660
468
936
636
234
1041
1210
1268
773
1061
1063
1091
1103
537
0
0
0
0
0
0
0
0
0
0
0
525
1118
1172
1107
1023
372
1050
1053
366
417
276
372
0
1177
590
863
535
0
1158
326
1135
632
236
365
800
729
450
612
1059
1060
1059
1056
720
1050
1056
1093
1133
682
609
592
791
358
355
277
355
225
193
395
837
1053
783
744
636
600
492
884
598
907
1095
296
616
1120
1071
420
1056
714
1062
798
1062
1056
1015
1052
1044
1065
856
1056
1050
1050
612
1050
1050
1053
1053
564
908
956
513
1065
753
1050
600
1056
984
634
982
504
0
243
1065
1117
1089
1032
618
507
495
1143
638
1095
216
682
247
192
863
857
565
409
373
1222
1059
1064
1008
834
519
429
0
432
390
444
1085
535
811
421
967
1201
1104
942
419
583
594
950
1083
1123
1122
1083
1075
659
827
437
253
260
249
749
786
619
909
722
990
654
415
582
308
0
252
380
419
833
707
565
373
816
969
819
622
595
600
372
222
354
222
355
414
279
0
0
0
96
0
96
354
276
0
0
222
222
282
564
1053
1053
1017
924
1051
1083
1151
740
722
614
433
218
385
210
421
360
374
367
0
522
791
786
928
1166
662
596
99
713
975
1070
1054
642
793
725
567
229
111
0
0
0
0
0
0
8
0
108
0
228
0
0
240
0
222
0
0
0
0
0
0
287
276
0
0
0
102
0
565
276
358
222
284
0
0
8
222
282
227
493
224
445
606
613
1050
1053
1059
1081
1076
1056
531
0
0
0
0
0
0
0
0
0
0
0
0
0
0
0
0
0
0
528
1053
1050
1050
1050
504
966
1050
955
1060
1065
786
768
810
1050
924
630
414
560
357
222
99
276
276
0
222
396
222
396
276
396
276
372
558
560
1054
745
1028
744
354
222
234
222
192
330
396
276
0
0
237
396
276
456
285
432
0
222
276
402
492
444
192
646
707
836
1052
1053
1056
1056
1054
1050
1050
1071
525
420
285
845
1103
753
825
1121
435
365
204
1034
1062
987
986
445
0
364
227
0
426
227
763
0
359
1063
1104
1116
1064
1053
1053
558
930
901
903
357
491
222
486
354
223
223
192
234
354
834
358
852
588
450
757
333
194
1061
461
289
365
297
405
381
228
192
227
105
0
0
450
435
1055
1059
1056
1050
1050
1060
1065
1065
1061
1056
1053
1050
1050
1050
1056
1062
912
504
504
0
780
1108
1114
1027
482
393
290
110
6
114
0
1084
650
1103
1144
1103
1050
1077
1090
1064
1065
987
978
1052
1056
1056
1065
1062
525
0
0
0
0
0
0
0
0
0
0
0
0
531
1065
1068
1059
864
0
450
1050
918
531
279
96
192
950
1147
1315
1179
1226
858
448
1055
1279
1165
1252
1157
1136
1106
1050
1050
531
357
432
354
1050
648
402
568
503
0
380
1207
1140
1140
772
688
983
790
1085
1047
372
988
415
726
226
1164
1051
445
750
354
354
433
778
970
628
433
1006
1124
1162
1110
1077
1085
1068
531
0
0
0
0
0
0
1
0
0
0
525
1061
1069
1056
1059
1033
335
1045
226
0
354
3
1077
1138
1178
552
354
540
1171
871
446
0
1158
1092
925
581
413
593
1121
613
1086
558
837
425
276
391
1167
1141
1182
1038
1051
1050
990
900
843
739
646
833
600
531
517
450
437
1039
1079
1057
1065
828
1059
1065
1062
1065
1065
1065
435
912
1054
1034
1066
1117
1085
1102
1068
1050
1056
1056
1053
1059
925
909
1113
997
354
350
224
1130
1136
1069
387
508
0
258
0
395
293
105
370
230
290
227
389
232
250
449
224
289
360
370
391
446
322
260
454
474
110
475
398
1073
1077
1078
1063
741
1050
1053
1038
510
0
0
0
0
0
9
0
0
0
0
0
0
0
0
542
1074
1085
1094
1063
1064
1132
1118
396
492
552
432
372
402
222
234
744
1167
1201
788
662
229
1171
1168
1256
1188
1069
906
627
844
367
657
1059
894
743
536
248
963
1072
960
98
1023
1057
1050
1041
1044
768
354
1053
405
282
560
0
0
330
96
96
495
579
420
1038
567
804
600
222
396
600
354
1020
354
276
564
0
0
222
0
0
330
1082
1159
1168
1107
1133
788
459
372
1206
893
525
562
1263
1072
1062
1050
1056
1062
1068
1050
1056
1056
1050
525
0
0
0
0
0
0
0
0
0
0
0
0
583
1131
1068
1050
783
1065
1056
1050
1056
1059
1056
1068
1068
1053
285
1059
1064
693
387
510
492
606
297
495
507
1050
1068
1065
1062
279
487
396
1152
979
1233
1127
1083
678
714
1242
612
632
503
1296
1108
1081
603
399
1033
1149
1248
867
768
1035
694
1131
590
427
1086
453
375
1008
1122
561
602
1110
702
573
993
792
416
1140
1144
1212
1008
600
588
1209
877
768
573
1251
1117
1065
601
237
888
489
798
1128
1020
666
720
498
375
1200
1305
1221
354
444
492
873
769
96
510
1053
1059
1056
1050
525
0
0
0
0
0
0
0
0
0
0
