0
0
0
0
0
0
0
0
0
0
0
528
1053
1056
1056
1013
900
768
730
1056
996
1062
885
1056
714
837
383
648
918
531
708
495
582
222
96
223
705
792
906
489
579
227
357
627
919
960
792
570
561
561
633
486
375
355
356
358
681
286
677
351
510
282
348
96
234
0
276
96
192
234
222
222
354
432
432
384
384
276
192
444
282
330
384
367
282
303
0
233
108
0
628
788
1010
1010
899
1018
756
756
374
305
252
252
0
127
1038
987
1009
971
830
534
363
238
577
107
735
790
606
507
375
402
354
354
222
276
432
492
330
468
330
192
96
282
276
99
276
404
414
357
357
227
239
228
234
237
357
902
794
788
600
705
1053
363
196
360
234
1042
510
1059
234
924
420
1053
1059
1071
1065
1053
903
1053
721
1008
1059
915
966
1032
933
1056
627
741
291
747
567
978
1056
1056
1059
1041
670
966
338
397
1041
585
1014
858
645
498
753
441
454
228
502
291
510
1
0
642
507
552
895
105
1015
578
780
1062
1059
1095
662
552
466
1148
233
1064
928
1075
387
1066
1062
1058
1059
699
1038
379
381
0
565
385
436
237
1083
1186
623
1128
1139
419
413
990
1103
946
1123
614
1261
876
1019
984
497
836
628
1069
1068
1017
639
562
855
509
804
1250
1223
993
481
0
1141
716
838
349
1180
458
1071
888
378
513
944
1232
826
1079
615
504
99
231
1141
988
570
789
314
1088
1060
1065
1062
1056
1059
738
543
498
333
99
0
0
0
0
0
336
279
435
432
543
558
894
480
285
747
750
1056
849
612
399
0
276
97
97
222
0
0
0
96
0
96
222
0
0
468
330
96
432
437
468
720
468
498
708
787
612
1056
849
1059
1068
966
648
525
856
957
993
903
1066
1070
1088
1029
1041
1137
1083
1059
1065
1050
642
444
348
349
432
510
816
417
642
1016
1121
1018
972
1094
761
709
599
1225
1099
1026
96
480
972
793
1157
687
579
565
676
1030
691
767
1261
1165
1128
1089
1110
1039
1113
631
1056
1060
531
0
0
0
0
0
13
0
0
0
0
0
0
0
0
531
1056
1094
1076
591
332
484
534
113
109
786
1171
1400
1708
2057
2176
2209
2063
2311
2657
2676
1941
1941
1281
1032
0
599
1857
1056
1056
528
0
0
0
0
0
0
0
0
3
0
0
0
0
0
0
0
0
0
0
0
0
0
0
0
0
0
0
0
0
0
0
0
0
0
0
0
0
0
5277
1123
540
1108
1102
1068
1086
763
6673
10867
11107
10046
9807
9414
10793
9977
9122
9369
8615
8590
8784
8269
7075
8584
8204
283
7144
7203
0
5472
36
5526
4430
0
0
0
111
5019
525
632
763
1084
1264
1142
1098
1094
525
0
0
0
0
0
0
0
7
0
0
0
0
0
0
0
1117
0
0
0
9
0
0
0
0
0
0
0
0
0
0
0
4
0
0
0
0
0
0
0
0
0
0
0
0
0
0
0
0
528
1068
1073
1096
1048
1103
1052
657
726
357
396
504
612
1069
1085
862
0
688
1148
1102
525
0
0
0
0
0
0
0
0
0
0
0
0
0
531
1088
1083
1059
1065
885
1071
1065
1043
372
96
234
222
0
96
0
0
630
265
992
378
1050
1034
1063
1071
1068
847
1066
858
1073
896
599
622
288
112
279
728
783
601
552
356
102
390
195
102
288
276
1056
1002
308
914
954
616
572
412
0
1054
1088
1240
1231
1173
858
565
656
373
757
1021
977
482
1076
1058
1059
1058
919
726
796
1123
1152
1227
685
409
408
676
655
133
134
448
0
0
272
413
1120
1114
1140
1082
626
508
291
373
380
228
360
102
462
746
458
867
621
733
697
683
947
1133
579
1015
564
1117
1142
1063
1146
1112
1068
1062
762
906
450
696
414
354
611
1053
1070
1090
1119
1109
1050
1050
1056
615
1002
1068
1067
1056
605
1061
948
1050
603
831
363
393
228
378
6
0
96
276
288
384
929
1112
855
289
737
1147
658
518
1136
107
374
0
875
972
801
508
1024
1185
830
363
405
699
273
1044
1047
825
1062
1056
703
765
806
564
855
357
415
365
589
375
0
0
396
96
450
96
630
634
810
757
924
529
294
483
1231
652
1067
1065
1071
1062
876
879
801
1029
1068
1062
1059
1068
1062
836
1056
1062
1066
1158
443
991
1104
203
1070
375
1077
801
528
1060
1065
396
807
375
222
276
96
96
227
222
0
96
636
1018
1162
1178
1179
1215
1126
702
241
1003
1179
1202
1228
1287
1271
1285
1125
1100
1084
1056
955
1056
384
889
1059
1053
576
1050
1077
1079
1055
1048
784
1023
874
301
203
225
208
485
414
0
543
1034
910
1122
1080
1071
280
1056
1072
1081
1070
1056
1069
995
955
1150
577
596
1148
799
1098
602
1163
963
1122
1131
361
1146
1081
924
1063
801
1174
1180
873
1051
1054
1078
877
1095
900
1123
1150
514
1136
635
1079
1100
1133
1133
1111
1000
1124
1084
1125
1115
1092
404
1109
975
1108
662
1086
574
743
534
1053
484
1065
1075
1070
724
1059
792
533
1092
1020
1118
1109
1142
962
502
0
1162
1092
1055
520
1103
1090
1107
1143
840
1082
1118
1160
975
612
974
831
1173
530
720
940
854
934
1208
455
608
468
1069
635
839
923
1071
1103
1119
369
596
230
864
623
1131
245
0
0
639
471
380
455
547
435
376
0
0
373
202
106
0
0
0
0
0
423
238
353
378
249
461
0
0
105
824
1093
1058
701
987
130
996
1054
492
838
850
972
798
1073
1140
1149
391
1049
1122
1099
1103
1082
1104
1096
1054
1026
1059
1062
1037
1056
901
361
222
630
420
361
792
227
705
793
1017
517
370
563
978
1029
1007
1065
1065
843
0
1029
987
1050
1029
975
358
958
1033
906
831
984
366
242
986
1056
1058
1047
1056
525
612
594
957
378
237
195
195
0
222
276
0
0
330
222
0
330
96
0
0
276
276
276
276
276
96
384
366
558
576
414
552
508
815
528
384
585
1050
1062
1085
1117
1102
1059
525
0
0
5
0
0
0
0
0
0
0
0
0
0
0
0
0
0
0
0
0
0
0
0
0
0
0
0
0
0
0
0
0
0
0
0
0
0
528
1065
1071
1065
1059
1062
1059
954
1053
539
1065
1068
894
678
492
276
330
405
24
564
623
991
1192
1208
1295
433
1004
1056
606
225
1055
1065
1067
836
1050
921
1056
237
1053
903
1062
1065
1062
1062
535
451
196
398
488
589
276
651
484
1013
407
720
708
729
933
755
530
1205
1017
561
971
350
676
228
1121
1154
1065
519
228
473
870
1052
682
1119
1066
1098
1017
384
763
444
280
192
283
246
108
0
0
478
595
985
720
606
757
275
1135
818
1160
1032
412
0
247
549
444
919
703
300
1177
1072
1122
659
621
428
409
407
293
402
436
343
0
96
96
356
692
198
222
0
471
99
225
0
237
0
561
1068
1077
543
0
0
0
0
0
0
0
0
0
0
0
0
0
0
0
0
0
0
0
531
1062
509
753
1065
1068
1022
359
540
402
393
372
624
646
716
962
879
398
422
1063
727
685
416
867
136
282
487
315
0
443
508
132
665
1102
483
1123
1056
528
0
0
0
0
0
0
0
0
0
0
0
0
0
0
0
0
534
1075
908
640
647
673
321
396
507
1141
717
990
329
1193
406
1173
1146
458
622
433
836
650
682
874
1108
1068
531
0
0
0
0
0
0
0
0
0
0
0
0
0
4
0
534
1062
1054
394
924
603
416
797
1002
636
510
580
639
357
1108
1162
919
757
864
923
862
1122
583
774
417
1075
590
611
359
1167
918
622
503
831
627
933
423
1110
1056
1059
834
498
230
531
648
495
99
896
1047
936
759
1023
1177
1056
336
385
558
453
508
992
789
1072
229
1143
597
207
1125
960
668
730
861
915
1095
1059
1068
1065
951
1040
814
1094
1010
722
324
902
1122
1066
1065
1080
1074
1041
1062
1071
1066
1069
1098
270
943
1129
1083
1068
1062
1053
849
366
1057
1062
1066
1065
1078
1136
675
607
1163
1071
1068
1056
1059
505
1064
1072
1059
1035
1065
1065
1053
1090
1091
1026
1056
1035
509
1053
528
0
0
0
0
0
0
0
0
0
0
0
0
0
0
0
0
0
0
0
0
0
0
0
0
0
0
0
0
0
0
534
1068
1035
828
558
510
406
285
0
534
438
637
981
1050
1055
361
1125
1089
544
242
1214
866
1002
432
276
492
1056
1099
875
133
581
672
1032
635
765
914
1320
562
1074
1098
1035
504
531
873
834
831
225
702
546
1056
1053
1056
933
1065
1094
1169
465
1180
1150
1096
1062
1062
1068
1064
1053
558
645
996
492
414
192
225
0
0
0
1
0
96
396
450
222
222
0
96
1050
1056
1056
1050
1050
1002
333
1053
1101
1125
872
750
965
1129
1066
1065
990
241
1068
1100
1153
1178
1115
1059
717
1062
1056
1053
1056
1090
907
1093
1030
406
1002
417
591
279
0
945
309
1047
1067
660
1078
1058
1055
1053
1059
508
1081
1070
823
1068
1122
1152
438
1112
1072
1071
1081
1079
1071
1119
1099
1058
1091
1157
1121
1174
858
543
1089
1061
240
1158
1154
1166
1126
851
385
252
971
1082
692
1149
1089
709
1067
615
490
228
0
322
420
553
1112
1075
1085
1063
816
1126
1131
1122
1115
355
489
701
581
477
351
7
1142
1093
1068
1071
1068
1054
1076
388
0
399
223
21
116
102
0
0
1002
1091
1156
1175
1159
1124
1073
694
222
1096
1055
1066
828
366
372
228
567
522
348
621
882
1182
1009
636
1102
1083
735
462
999
1283
1062
450
396
534
516
872
736
1124
306
451
292
1147
729
598
104
738
962
1081
1056
1056
837
407
426
1055
984
1060
706
1165
1174
1056
525
0
0
0
0
0
0
32
0
0
0
0
0
0
0
0
0
0
0
0
0
0
0
0
0
0
0
0
0
0
525
1050
1073
1081
713
513
1059
792
354
567
0
507
368
1084
1166
1030
1089
700
981
1111
961
1112
1139
974
941
880
819
201
1183
1244
1153
1062
849
915
519
621
582
1055
1192
1199
1026
1065
1096
1097
1065
1056
1054
656
351
874
236
347
409
306
523
0
0
0
135
345
1116
1086
1085
1062
1065
1063
1085
1069
874
362
473
100
198
13
226
110
242
242
119
242
0
0
1
310
1185
639
0
0
0
0
0
0
0
0
0
0
0
0
0
0
0
596
1125
1061
871
1038
566
418
0
415
1142
1127
1088
1084
1053
673
1062
1062
1056
1086
1050
452
603
1141
599
224
224
364
194
479
104
1161
845
804
844
0
558
0
1211
777
1181
1150
370
123
0
562
415
875
371
593
1067
1073
1071
692
282
951
1059
717
750
807
1056
1143
1153
1115
1110
1065
1065
1106
1017
618
493
508
886
473
1097
503
577
743
494
992
925
986
386
374
372
524
915
1046
1039
654
579
618
732
443
763
700
372
495
130
789
1114
1085
1056
495
578
623
576
750
549
853
723
783
807
633
374
575
432
374
858
665
827
693
809
722
673
721
747
642
772
385
367
0
0
265
111
619
1113
1101
1056
1073
1083
876
898
1091
391
756
1114
1060
1056
1029
1059
909
360
1025
846
1063
1062
982
1126
603
586
1167
1063
1053
973
780
277
603
847
225
903
609
885
798
837
714
502
497
421
550
416
529
337
286
390
192
330
277
468
440
432
192
348
486
495
0
237
0
468
0
99
0
223
96
276
0
99
223
0
99
99
276
0
222
0
234
0
276
0
96
96
330
330
282
1038
1062
1059
1062
1059
1068
1068
1059
1053
867
461
500
1053
900
707
1059
1056
912
1059
597
1011
557
1059
721
1059
783
372
723
729
1011
786
906
996
1056
1087
1121
1016
1059
1092
1125
1093
1115
1118
1056
531
0
0
0
540
1085
1062
1065
714
816
1061
607
1050
582
366
355
354
96
372
547
943
603
688
1065
1109
1111
1062
1065
528
19
0
0
0
0
0
0
0
0
0
0
0
0
0
0
0
0
0
0
0
0
0
0
0
0
0
0
0
0
0
0
0
0
0
0
0
0
0
0
0
0
0
0
0
0
0
0
0
0
0
0
0
0
0
0
0
0
0
0
0
0
0
0
0
0
0
0
0
0
0
0
0
0
0
0
0
0
0
0
0
0
0
0
0
0
0
0
0
0
0
0
0
0
0
0
0
0
0
0
0
0
0
0
0
0
0
0
0
0
0
0
0
0
0
0
0
0
0
0
0
0
0
0
0
0
0
0
0
0
0
0
0
525
1050
1062
1068
1059
696
501
555
432
432
354
1049
1146
992
1112
544
830
1220
1104
1089
811
1170
1055
901
534
998
525
964
870
510
1053
567
546
1195
1216
1123
1054
858
789
660
468
936
645
240
1048
1219
1285
786
1078
1059
1094
1108
537
0
0
0
0
0
0
0
0
0
0
0
528
1128
1196
1121
1026
372
1050
1059
377
420
276
372
0
1190
603
864
543
0
1175
336
1168
647
245
372
803
734
455
611
1070
1065
1062
1062
726
1053
1059
1105
1151
694
619
605
806
362
360
284
370
227
197
398
841
1053
787
749
637
600
495
872
609
919
1097
296
621
1138
1074
420
1059
717
1071
804
1072
1056
1023
1062
1050
1071
852
1059
1053
1056
626
1063
1050
1056
1056
570
913
967
514
1066
761
1056
603
1059
989
636
984
512
0
259
1077
1120
1106
1055
624
507
507
1133
627
1109
219
693
259
205
882
864
568
416
372
1235
1059
1067
1008
834
522
432
0
440
393
444
1099
531
808
440
970
1219
1106
970
453
608
616
978
1115
1131
1139
1097
1090
672
836
446
255
258
252
759
807
619
909
733
993
654
419
586
316
0
258
384
428
836
710
570
383
831
981
826
628
605
605
373
230
359
222
355
418
289
0
0
0
96
0
96
355
276
0
0
224
224
282
577
1060
1053
1021
927
1053
1091
1144
757
746
624
452
245
401
222
436
369
379
370
0
546
804
791
970
1186
696
613
112
720
1012
1090
1063
648
809
730
573
231
117
0
0
0
23
0
0
0
0
119
0
231
0
0
244
0
222
0
0
0
0
0
0
295
276
0
0
0
114
0
574
285
361
225
296
0
0
0
227
284
235
501
231
459
637
629
1053
1059
1068
1087
1084
1056
537
0
0
0
0
0
0
0
0
0
0
0
0
0
0
0
0
0
0
528
1059
1056
1050
1050
504
969
1059
973
1067
1070
794
771
810
1050
924
636
420
558
354
224
104
279
279
0
222
396
222
396
276
398
278
372
563
563
1056
747
1035
747
357
225
237
222
195
330
396
276
0
0
237
396
276
456
285
438
0
225
279
402
492
444
195
648
713
840
1053
1053
1053
1059
1062
1053
1050
1079
539
430
297
854
1118
763
838
1124
449
376
212
1044
1070
992
1001
454
1
368
231
0
429
233
772
0
366
1076
1116
1124
1073
1059
1059
565
934
915
916
357
495
231
492
354
222
222
192
234
354
834
360
858
592
453
765
334
197
1066
471
303
390
321
408
381
228
195
228
108
2
0
453
447
1060
1062
1065
1059
1059
1065
1065
1066
1066
1062
1065
1062
1050
1050
1059
1068
915
504
509
0
784
1113
1128
1040
496
397
297
109
2
114
0
1105
655
1105
1154
1106
1050
1077
1093
1070
1071
990
981
1059
1072
1055
1062
1065
528
0
2
0
0
0
0
0
2
0
0
0
0
537
1071
1068
1065
874
0
450
1050
924
541
285
99
198
948
1155
1325
1187
1241
873
468
1058
1290
1168
1259
1173
1154
1106
1059
1062
538
361
433
354
1056
651
404
570
504
0
384
1226
1165
1157
775
693
993
803
1103
1070
375
1004
424
733
230
1183
1062
444
751
354
360
447
786
984
647
436
1014
1132
1173
1122
1093
1098
1071
531
0
0
0
0
0
0
11
0
0
0
525
1062
1070
1062
1071
1042
344
1050
225
0
361
0
1082
1169
1191
558
356
557
1204
882
451
0
1166
1103
942
598
427
614
1132
624
1092
564
855
431
282
414
1186
1139
1190
1040
1057
1053
990
901
855
742
652
843
608
545
530
457
452
1044
1084
1061
1071
831
1062
1065
1062
1065
1070
1075
446
916
1060
1044
1073
1119
1100
1099
1074
1050
1059
1065
1059
1059
928
909
1124
1002
370
357
231
1132
1139
1072
404
535
0
296
10
421
301
111
379
238
302
246
405
241
266
470
235
296
366
383
419
465
324
283
455
487
123
493
419
1075
1079
1080
1068
754
1058
1059
1038
510
0
0
8
0
0
0
0
0
0
0
0
0
0
0
557
1081
1092
1107
1073
1084
1142
1121
403
495
554
432
372
402
227
237
752
1175
1202
791
676
228
1171
1177
1279
1186
1086
924
652
864
395
685
1063
899
786
567
292
989
1101
969
99
1023
1074
1062
1050
1047
768
354
1056
408
288
561
0
0
330
96
96
495
581
420
1038
567
807
600
228
402
606
358
1026
360
287
577
0
0
222
0
0
333
1087
1181
1178
1106
1144
789
457
374
1233
908
533
581
1281
1080
1058
1059
1067
1062
1093
1050
1057
1069
1065
534
0
0
0
0
0
0
0
0
0
0
0
0
595
1143
1077
1062
789
1068
1059
1053
1062
1071
1065
1068
1068
1059
289
1062
1077
703
390
510
492
606
301
504
510
1066
1071
1062
1062
287
489
396
1155
983
1238
1134
1081
681
711
1254
624
639
507
1301
1114
1092
617
403
1037
1152
1250
882
771
1044
699
1128
588
426
1085
456
384
1015
1128
564
612
1116
705
577
996
795
414
1137
1149
1209
1017
613
588
1212
885
771
574
1254
1116
1077
612
246
897
506
807
1137
1023
666
723
504
383
1212
1314
1224
360
444
493
873
771
96
510
1056
1065
1068
1065
531
0
0
0
0
0
0
0
0
0
0
