0
0
0
0
0
0
0
0
0
0
0
0
3
6
6
6
6
6
6
6
6
6
6
6
6
6
6
6
6
6
6
6
6
6
6
6
6
4
6
6
6
6
6
6
6
6
6
6
6
6
6
6
6
6
6
6
6
6
6
6
6
6
6
6
6
6
0
6
6
6
6
6
6
6
6
6
6
6
6
6
6
6
6
6
6
6
11
0
9
8
0
24
56
88
52
6
6
6
6
6
9
10
11
0
11
18
6
6
6
6
6
6
6
6
6
6
6
6
6
6
6
6
6
6
6
6
6
6
6
6
6
6
6
6
6
6
6
6
6
6
6
6
6
6
6
6
6
6
6
6
4
6
6
6
6
6
6
6
6
6
6
6
6
6
6
6
6
6
6
6
6
6
6
6
6
6
6
6
6
6
6
6
6
6
6
6
6
6
6
6
6
6
6
6
6
6
6
6
6
6
6
6
6
6
0
0
6
6
6
6
6
6
6
6
6
6
35
50
23
21
99
18
48
20
16
6
6
6
6
6
6
6
6
6
0
6
6
6
6
31
47
30
57
78
15
19
49
32
9
62
32
78
10
15
6
6
13
16
6
6
6
6
6
6
6
6
45
48
6
6
0
25
30
23
11
31
28
8
6
6
6
18
77
8
8
6
6
6
6
24
7
6
7
18
10
6
6
6
6
6
6
6
6
6
6
0
0
0
0
0
6
6
6
6
6
6
6
6
6
6
6
6
6
6
6
0
6
6
6
6
0
0
0
6
0
6
6
0
0
6
6
6
6
6
6
6
6
6
6
6
6
6
6
6
6
6
6
6
6
6
6
6
7
7
33
84
97
77
40
6
6
6
6
6
6
6
6
6
6
6
19
28
20
24
65
42
6
4
6
41
9
6
6
6
19
29
24
24
41
21
9
35
6
13
53
64
61
46
56
33
45
6
6
6
3
0
0
0
0
0
0
0
0
0
0
0
0
0
0
3
6
34
34
6
6
6
6
6
6
6
63
168
275
350
369
386
333
391
492
523
367
457
267
265
0
6
267
12
6
3
0
0
0
0
0
0
0
0
0
0
0
0
0
0
0
0
0
0
0
0
0
0
0
0
0
0
0
0
0
0
0
0
0
0
0
0
0
0
1466
367
3
40
38
6
15
41
1369
2707
2737
2429
2381
2439
2726
2590
2392
2441
2251
2251
2294
2125
1681
2254
2146
19
1694
1807
0
1127
0
1118
893
0
0
0
8
923
13
37
6
17
80
73
44
38
3
0
0
0
0
0
0
0
0
0
0
0
0
0
0
0
367
0
0
0
0
0
0
0
0
0
0
0
0
0
0
0
0
0
0
0
0
0
0
0
0
0
0
0
0
0
0
0
0
3
17
17
86
96
22
6
6
6
6
6
6
6
6
40
41
0
31
55
29
3
0
0
0
0
0
0
0
0
0
0
0
0
0
3
15
15
6
6
6
6
6
6
6
6
6
6
0
6
0
0
8
14
7
6
22
7
6
6
6
6
6
21
63
80
24
18
12
9
16
19
6
6
6
6
6
6
6
6
6
6
20
35
9
10
54
30
21
11
0
52
41
60
81
62
15
19
7
6
12
32
34
15
8
6
6
6
6
6
7
19
25
43
20
11
9
19
44
13
13
39
0
0
10
23
52
58
56
9
7
6
6
6
6
6
6
6
6
19
12
32
8
48
40
31
97
91
28
73
12
38
17
48
87
43
6
6
6
6
6
6
6
6
6
6
8
9
36
34
6
6
6
6
6
6
6
6
6
6
6
6
6
6
6
6
6
6
0
0
6
6
6
9
24
38
26
6
21
26
24
17
30
6
6
0
16
40
6
6
20
40
6
6
6
12
10
38
22
6
6
6
6
6
6
6
6
6
6
6
6
6
0
0
6
6
6
6
9
14
17
32
11
11
9
15
47
24
6
6
6
6
6
6
6
6
6
6
6
6
6
6
6
6
11
65
40
65
42
6
28
6
27
6
6
6
6
6
6
6
6
6
6
6
6
6
0
6
6
18
28
26
31
39
22
22
6
13
29
47
45
51
39
46
30
48
27
6
6
6
6
6
6
6
6
6
6
6
6
6
6
12
15
6
8
12
9
17
12
0
17
43
38
46
26
12
6
6
8
25
23
6
10
30
40
39
18
17
51
44
63
50
88
39
40
36
26
37
10
6
6
29
69
72
26
32
20
11
15
17
17
47
104
34
75
13
8
21
50
54
32
9
31
34
55
46
27
22
37
6
17
10
14
6
6
6
6
6
9
9
7
8
14
44
44
91
29
30
54
66
30
19
0
42
26
28
18
25
19
37
55
42
24
29
57
38
27
37
34
41
19
14
18
8
31
89
64
76
35
31
12
20
25
13
53
53
6
7
7
26
18
22
8
0
0
48
46
15
19
16
14
9
0
0
11
8
6
0
0
0
0
0
10
8
12
14
8
11
0
0
7
22
28
6
6
32
6
28
11
6
10
18
13
6
12
48
41
6
70
88
59
51
16
64
64
6
6
6
6
6
6
6
6
6
6
6
6
6
6
4
6
6
6
6
6
6
6
6
6
6
6
0
6
6
6
6
6
6
6
6
6
6
6
6
6
6
6
6
6
6
6
6
6
6
6
6
6
6
0
6
6
0
0
6
6
0
6
6
0
0
6
6
6
6
6
6
6
6
6
6
6
6
6
6
6
6
6
6
6
11
20
15
6
3
0
0
0
0
0
0
0
0
0
0
0
0
0
0
0
0
0
0
0
0
0
0
0
0
0
0
0
0
0
0
0
0
0
0
0
0
0
3
6
6
6
6
6
6
6
6
6
6
6
6
6
6
6
6
6
1
10
31
25
65
57
87
15
15
6
6
6
6
6
6
6
6
6
6
6
6
6
6
6
6
6
6
6
6
6
6
6
6
13
33
8
8
11
26
13
44
23
20
62
26
14
6
6
6
6
69
69
6
6
6
6
6
6
6
30
71
49
6
6
6
6
6
6
6
9
8
0
0
9
20
35
32
10
12
13
42
45
77
73
10
0
8
13
13
39
23
16
93
82
57
34
35
29
19
6
6
6
6
6
0
6
6
6
73
6
6
0
61
6
6
0
6
0
88
6
6
3
0
0
0
0
0
0
0
0
0
0
0
0
0
0
0
0
0
0
0
3
6
6
6
6
7
7
6
6
6
13
12
16
17
20
44
17
15
16
37
40
39
20
62
12
15
43
26
0
56
73
11
36
65
6
80
6
3
0
0
0
0
0
0
0
0
0
0
0
0
0
0
0
0
3
6
66
18
24
45
15
22
25
9
11
9
6
12
6
25
23
6
6
6
6
6
6
7
6
6
3
0
0
0
0
0
0
0
0
0
0
0
0
0
0
0
3
6
6
6
6
6
6
6
6
6
6
6
6
6
39
34
18
37
29
15
80
72
6
6
6
48
21
6
6
29
12
7
6
10
32
28
20
23
6
6
6
6
6
6
6
6
6
14
66
34
33
19
47
6
6
6
6
6
11
33
28
28
17
86
6
6
32
63
21
19
22
38
18
6
6
6
6
6
6
46
76
76
21
55
33
6
6
6
6
6
6
6
6
6
16
18
47
26
6
6
6
6
6
6
6
6
6
6
17
65
62
61
62
8
6
6
6
6
6
6
6
6
6
6
6
19
18
6
6
6
6
6
3
0
0
0
0
0
0
0
0
0
0
0
0
0
0
0
0
0
0
0
0
0
0
0
0
0
0
0
0
0
0
3
6
6
6
6
6
6
6
0
6
6
18
28
52
41
27
79
19
6
6
45
24
6
6
6
6
24
43
11
11
48
17
36
25
17
20
79
20
6
6
169
166
3
6
6
6
6
6
6
6
6
6
6
6
20
81
23
125
77
20
6
6
6
6
6
6
6
6
6
6
6
6
0
0
0
0
0
6
6
6
6
6
0
6
6
6
6
6
6
6
6
6
36
88
69
17
34
36
6
6
6
6
6
38
65
89
63
6
4
6
6
6
6
25
17
26
6
6
6
6
6
6
0
15
28
11
18
15
14
7
7
6
6
7
16
14
7
6
32
80
26
53
18
6
7
11
12
38
36
6
54
107
84
117
48
27
72
69
6
47
82
76
38
6
14
10
14
17
44
77
88
27
31
24
39
12
0
16
16
22
32
15
13
6
6
53
51
43
43
6
6
6
16
32
17
0
45
16
6
6
6
6
6
6
0
6
6
0
6
6
0
0
9
30
106
155
122
61
16
6
6
35
34
6
6
6
6
6
6
6
6
18
22
39
17
49
42
19
6
6
10
74
6
6
6
6
8
24
37
23
23
28
8
35
26
20
7
14
64
12
6
6
6
6
6
6
6
6
6
67
65
6
3
0
0
0
0
0
0
0
0
0
0
0
0
0
0
0
0
0
0
0
0
0
0
0
0
0
0
0
0
0
3
6
21
21
6
6
6
6
6
6
0
6
6
29
77
51
54
39
40
39
15
34
38
45
8
6
6
6
37
96
24
6
6
6
6
6
6
19
79
37
6
6
20
19
6
6
11
36
25
30
8
10
12
9
30
0
0
0
15
26
21
9
7
6
6
6
16
16
6
6
6
6
6
0
6
6
6
6
6
6
0
0
0
6
73
68
0
0
0
0
0
0
0
0
0
0
0
0
0
0
0
40
43
6
6
6
6
8
0
11
68
61
9
7
6
6
6
6
6
34
34
9
47
47
6
6
6
6
6
6
6
9
13
6
8
0
12
0
6
9
15
12
6
6
0
6
6
10
11
6
6
6
6
6
6
6
6
6
6
6
6
78
80
67
64
6
6
63
56
25
18
35
51
28
20
14
15
17
11
12
12
8
15
8
7
16
6
38
34
14
32
60
37
30
51
49
11
25
11
20
25
20
6
6
16
23
52
53
22
9
15
40
44
29
6
30
20
10
52
37
62
11
14
11
32
44
34
20
8
15
12
0
0
11
6
15
20
17
6
57
55
6
13
52
13
23
52
6
6
6
6
6
6
6
6
6
6
9
59
47
46
65
8
6
6
6
6
6
6
6
6
6
6
6
6
6
6
6
6
12
10
10
6
6
6
6
6
6
6
6
6
6
6
6
6
0
6
0
6
0
6
0
6
6
6
0
6
6
0
6
6
6
0
6
0
6
0
6
0
6
6
6
6
6
6
6
6
6
6
6
6
6
6
6
6
6
6
6
4
6
6
6
6
6
6
6
6
6
6
6
6
6
6
6
6
6
6
6
36
69
37
6
10
21
19
31
31
6
3
0
0
0
3
6
6
6
6
6
6
6
6
6
6
6
6
6
6
6
6
6
6
6
25
25
6
6
3
0
0
0
0
0
0
0
0
0
0
0
0
0
0
0
0
0
0
0
0
0
0
0
0
0
0
0
0
0
0
0
0
0
0
0
0
0
0
0
0
0
0
0
0
0
0
0
0
0
0
0
0
0
0
0
0
0
0
0
0
0
0
0
0
0
0
0
0
0
0
0
0
0
0
0
0
0
0
0
0
0
0
0
0
0
0
0
0
0
0
0
0
0
0
0
0
0
0
0
0
0
0
0
0
0
0
0
0
0
0
0
0
0
0
0
0
0
0
0
0
0
0
0
0
0
0
0
0
0
0
0
0
3
6
6
6
6
6
6
6
6
6
6
24
68
42
87
18
48
34
16
47
43
34
6
6
6
9
23
6
6
6
6
6
6
34
58
14
6
6
6
6
6
6
6
6
15
58
56
6
6
6
17
17
3
0
0
0
0
0
0
0
0
0
0
0
3
32
51
26
6
6
6
6
6
6
6
6
0
7
12
10
8
0
6
6
10
7
6
6
6
6
8
6
6
6
6
6
6
6
6
7
22
23
18
16
6
6
6
6
6
6
6
6
7
6
6
6
6
6
6
6
6
6
6
6
19
14
7
6
6
4
6
6
6
6
6
6
6
6
6
6
6
6
6
6
6
6
6
6
6
6
6
6
6
6
6
6
6
6
6
6
0
6
6
6
6
6
6
6
6
6
6
6
7
15
6
6
7
6
6
6
6
8
6
6
6
6
6
6
0
6
6
6
6
7
6
6
6
13
6
6
6
6
6
9
12
22
16
12
12
13
39
10
10
7
9
19
44
15
27
34
6
6
6
14
9
0
12
14
28
6
4
6
6
6
29
14
16
7
6
6
6
6
6
6
6
6
0
0
0
6
0
6
6
6
0
0
6
6
6
6
6
6
6
6
6
10
18
13
11
7
6
6
6
6
6
6
6
6
0
6
6
6
6
6
7
7
6
4
11
9
6
6
6
6
6
6
6
0
0
0
0
0
0
0
0
6
0
6
0
0
6
0
6
0
0
0
0
0
0
6
6
0
0
0
6
0
6
6
6
6
6
0
0
0
6
6
6
6
6
6
6
6
6
6
6
32
33
6
3
0
0
0
0
0
0
0
0
0
0
0
0
0
0
0
0
0
0
3
6
6
6
6
6
6
6
6
6
6
6
6
6
6
6
6
6
6
6
6
6
6
6
0
6
6
6
6
6
6
6
6
6
6
6
6
6
6
6
6
6
6
6
6
6
6
0
0
6
6
6
6
6
6
0
6
6
6
6
6
6
6
6
6
6
6
6
6
6
6
6
13
12
6
6
29
77
32
51
85
16
11
9
53
6
11
9
8
0
7
6
0
10
6
16
0
7
10
25
23
6
6
6
6
6
6
6
6
6
6
6
6
6
6
6
6
6
6
6
6
6
6
6
6
6
15
10
8
10
13
7
10
6
6
6
6
0
0
6
6
6
6
6
6
6
6
6
7
7
6
6
6
6
6
6
6
6
6
6
0
6
41
70
32
6
6
6
6
0
6
0
9
14
49
83
53
6
6
8
9
6
6
6
6
6
6
6
6
3
0
0
0
0
0
0
0
0
0
0
0
0
3
6
6
6
6
0
6
6
6
6
6
6
6
22
25
64
37
54
31
7
23
60
37
52
60
76
35
6
6
6
6
6
6
6
6
6
6
6
0
6
34
40
34
10
18
11
53
49
21
6
34
14
12
6
32
6
6
6
6
6
6
24
28
21
19
14
33
55
30
11
10
6
3
0
0
0
0
0
0
0
0
0
0
3
6
6
6
6
6
6
6
6
0
6
0
6
20
9
6
6
6
17
6
7
0
20
6
6
6
6
6
7
6
6
6
6
6
6
6
6
15
7
6
6
6
6
6
6
12
20
21
21
25
16
6
6
10
14
15
8
6
6
6
6
6
6
7
6
6
6
6
6
67
116
64
14
6
6
6
6
6
6
6
78
78
6
6
6
63
63
6
6
6
0
6
0
7
6
6
6
6
6
6
6
6
6
6
6
6
6
6
7
7
6
6
9
6
6
6
7
7
16
18
8
6
6
6
173
170
0
0
0
0
0
0
0
0
0
0
0
0
0
0
5
6
32
33
8
6
32
29
6
6
6
6
6
6
6
6
6
6
10
8
7
6
10
16
22
10
15
18
10
14
6
6
7
6
7
6
6
6
6
6
6
6
6
6
6
6
6
6
6
6
6
6
0
0
6
6
6
6
6
6
6
6
6
6
6
6
6
6
6
6
6
6
0
0
6
0
0
6
18
19
25
7
18
6
6
6
10
7
6
6
8
8
7
6
6
6
6
6
6
6
6
3
0
0
0
0
0
0
0
0
0
0
0
0
49
51
6
6
6
6
6
6
6
6
6
6
6
6
6
6
6
6
6
6
6
10
32
6
6
26
12
6
6
6
6
6
37
43
57
31
46
7
7
56
13
18
14
87
24
18
6
6
11
56
54
30
22
30
48
42
14
6
54
23
9
11
26
6
7
28
16
39
25
6
6
23
56
46
6
6
8
50
9
6
19
62
28
13
12
8
28
20
33
23
6
6
6
6
6
51
98
46
6
6
6
6
6
6
6
6
6
6
6
3
0
0
0
0
0
0
0
0
0
0
