34 21
25 28
4 13
26 5
42 19
32 19
22 30
5 12
19 1
43 35
38 135
21 31
21 37
21 22
19 29
38 207
4 22
25 19
16 32
6 5
8 13
25 69
25 1
5 23
20 40
29 32
44 128
23 23
30 30
20 24
22 23
20 14
20 16
4 21
30 19
22 28
1 2
20 16
28 21
5 11
28 20
21 26
3 15
29 16
42 16
7 2
60 32
60 1
75 27
31 15
6 4
23 32
3 10
30 17
51 15
1 1
1 1
7 1
54 18
60 19
45 19
27 31
4 18
51 44
42 19
18 22
17 23
21 22
39 35
47 35
43 22
22 15
19 24
22 22
32 20
49 18
38 20
21 20
19 30
22 18
41 22
51 19
22 1
17 5
1 1
11 336
19 20
24 34
22 18
25 34
20 18
26 5
3 11
3 15
24 28
34 24
20 26
24 23
35 17
25 17
21 30
27 32
34 16
38 30
60 18
61 25
49 29
29 21
3 1
20 17
20 1
23 27
27 17
56 24
60 22
22 33
21 34
47 24
27 27
24 17
22 25
19 20
27 31
24 40
43 23
26 27
40 27
28 23
34 18
21 17
50 18
2 1
30 19
43 25
38 24
43 1
74 19
55 25
28 20
25 34
29 19
48 26
67 18
4 39
4 44
5 44
4 50
4 43
5 41
5 50
6 49
5 44
18 1
36 33
23 18
23 1
20 27
22 21
39 29
40 24
32 21
23 28
26 25
25 19
47 19
11 27
11 32
32 23
36 19
26 41
19 25
27 10
20 17
22 25
22 30
49 24
23 21
4 1
28 9
16 21
2 1
12 1
5 1
27 24
50 42
31 32
5 1
3 3
1 1
6 1
2 2
17 53
1 4
1 2
7 4
10 25
2 2
16 30
2 1
1 1
1 1
7 4
1 1
1 1
4 6
2 4
2 2
11 13
3 8
1 1
6 10
11 2
22 18
27 15
15 13
18 7
37 25
19 1
22 24
33 31
77 41
177 35
50 24
26 27
16 16
15 11
23 19
21 9
48 17
48 1
44 19
33 31
21 29
30 22
29 15
53 21
28 6
25 16
3 3
25 29
17 21
28 23
34 19
27 32
27 21
36 26
22 29
26 19
33 25
27 5
21 18
23 32
20 27
29 25
23 7
27 8
18 42
27 25
2 1
2 2
5 9
28 22
18 28
27 10
23 21
47 64
30 28
26 11
19 7
26 37
27 19
35 18
38 22
26 21
22 26
5 19
27 15
38 13
37 19
20 20
22 34
18 21
22 19
51 19
32 38
29 17
46 23
50 12
27 5
34 22
29 34
45 27
30 7
24 16
5 24
30 20
51 19
31 40
30 28
46 22
4 20
24 21
61 22
30 6
35 24
26 38
21 25
34 29
32 60
32 1
31 28
24 26
16 22
11 119
38 25
40 25
22 16
20 29
24 25
41 25
38 18
38 1
19 29
21 21
20 20
43 15
39 19
21 18
21 31
21 20
22 6
47 21
28 28
22 18
47 23
42 21
18 48
18 40
9 24
8 34
38 24
3 1
32 25
39 1
39 1
28 31
16 16
58 25
9 12
6 13
4 12
4 17
4 10
4 8
28 44
9 11
4 6
4 7
3 10
4 12
1 1
12 11
5 6
5 8
4 9
4 9
6 12
4 6
4 6
6 7
9 11
16 17
4 2
32 21
5 6
1 1
4 3
7 16
2 5
1 5
3 3
2 2
1 4
2 1
6 16
19 1
1 1
2 5
5 17
1 3
3 12
4 14
1 1
4 13
14 13
15 9
3 7
4 7
4 6
3 9
6 17
19 32
5 7
21 12
6 17
6 12
10 9
19 21
24 7
22 26
24 2
23 29
13 11
5 11
4 10
4 10
3 10
4 9
4 11
12 21
4 7
10 22
25 36
3 4
4 7
19 7
29 22
5 4
5 7
7 10
4 5
5 7
4 6
5 5
6 8
5 5
4 7
3 10
4 13
6 13
7 14
7 11
7 12
22 20
64 1
28 19
65 24
22 25
30 5
4 9
4 18
34 36
67 26
56 20
33 22
27 25
30 8
27 21
34 18
33 49
37 35
24 29
40 31
26 34
31 19
31 24
28 39
21 22
41 24
31 6
34 27
58 16
34 22
30 34
49 24
28 6
29 6
49 19
36 25
36 34
15 197
