0
0
0
0
0
0
0
0
21
21
26
22
25
21
21
25
21
26
21
28
110
164
201
196
218
236
264
271
306
312
330
340
365
410
428
430
430
445
474
494
494
540
578
618
662
666
691
712
721
719
719
719
723
789
800
807
863
918
945
953
999
1023
1059
1082
1093
1106
1141
1145
1169
1191
1204
1219
1226
1231
1255
1282
1303
1312
1329
1351
1363
1385
1386
1405
1409
1413
1442
1496
1535
1533
1534
1535
1535
1535
1537
1535
1535
1535
1535
1535
1535
1535
1535
1535
1534
1534
1534
1534
1534
1534
1540
1534
1537
1537
1530
1529
1532
1532
1531
1535
1536
1536
1536
1536
1536
1548
1559
1582
1604
1622
1657
1695
1713
1741
1785
1808
1832
1871
1914
1948
1989
2091
2141
2132
2127
2141
2144
2142
2143
2143
2144
2143
2146
2146
2148
2125
2125
2125
2125
2125
2125
2125
2125
2125
2125
2125
2125
2125
2125
2125
2125
2150
2147
2146
2146
2146
2146
2147
2146
2146
2150
2191
2223
2229
2228
2229
2243
2270
2304
2305
2305
2305
2303
2349
2372
2372
2394
2451
2480
2487
2484
2500
2515
2533
2562
2570
2581
2604
2608
2609
2618
2662
2720
2733
2756
2802
2813
2812
2815
2813
2818
2816
2816
2817
2817
2817
2817
2816
2816
2816
2816
2816
2819
2819
2819
2819
2819
2819
2819
2819
2819
2819
2819
2819
2826
2819
2819
2820
2818
2818
2818
2818
2818
2818
2821
2819
2820
2822
2825
2827
2854
2880
2888
2890
2889
2916
2960
2960
2967
2964
2966
2966
2967
2979
2993
3038
3072
3088
3151
3183
3183
3204
3228
3258
3289
3303
3327
3330
3340
3369
3401
3408
3415
3451
3458
3479
3480
3479
3478
3469
3477
3492
3517
3516
3521
3537
3568
3576
3584
3613
3627
3625
3628
3659
3670
3689
3710
3734
3764
3810
3825
3836
3835
3845
3846
3846
3846
3846
3847
3875
3901
3964
3968
3993
4010
4024
4040
4068
4108
4119
4133
4170
4172
4191
4214
4234
4233
4234
4239
4243
4240
4237
4238
4217
4217
4217
4217
4217
4217
4217
4218
4218
4218
4218
4218
4218
4218
4218
4218
4218
4218
4218
4218
4218
4218
4218
4218
4218
4218
4218
4240
4239
4240
4239
4240
4241
4240
4240
4219
4219
4219
4219
4219
4219
4219
4219
4219
4219
4219
4243
4242
4243
4240
4239
4239
4241
4239
4239
4240
4240
4252
4303
4316
4314
4313
4333
4375
4376
4374
4374
4374
4374
4377
4373
4393
4423
4429
4430
4460
4493
4508
4505
4511
4525
4545
4562
4563
4585
4589
4586
4589
4618
4668
4680
4712
4733
4738
4742
4740
4740
4741
4741
4741
4741
4740
4740
4735
4733
4755
4783
4778
4777
4776
4778
4776
4776
4776
4772
4773
4795
4817
4842
4842
4847
4848
4843
4843
4842
4849
4849
4849
4853
4858
4889
4906
4934
4976
4988
4987
5011
5016
5035
5069
5083
5107
5108
5118
5146
5151
5155
5184
5191
5195
5213
5231
5256
5259
5262
5291
5300
5300
5318
5314
5317
5323
5323
5323
5330
5360
5390
5392
5432
5448
5466
5479
5502
5500
5523
5539
5553
5571
5589
5609
5616
5613
5613
5614
5616
5616
5614
5614
5617
5613
5611
5615
5615
5615
5615
5616
5614
5612
5609
5609
5614
5615
5618
5620
5621
5621
5621
5620
5621
5621
5620
5614
5610
5614
5606
5621
5623
5620
5617
5613
5623
5623
5621
5616
5620
5620
5614
5624
5620
5620
5619
5615
5615
5615
5615
5615
5614
5614
5615
5613
5612
5612
5613
5612
5612
5612
5612
5612
5612
5612
5612
5612
5612
5612
5612
5612
5612
5612
5612
5612
5612
5612
5612
5615
5612
5612
5612
5612
5612
5612
5612
5612
5612
5612
5612
5612
5612
5612
5612
5612
5612
5612
5612
5612
5612
5612
5616
5612
5612
5613
5612
5613
5615
5613
5613
5613
5613
5614
5614
5613
5614
5615
5615
5614
5615
5615
5618
5615
5615
5615
5615
5617
5617
5617
5617
5617
5617
5617
5617
5617
5617
5617
5617
5617
5617
5621
5617
5617
5617
5617
5617
5617
5617
5617
5617
5617
5617
5617
5617
5617
5617
5616
5616
5612
5612
5612
5612
5612
5616
5612
5612
5612
5612
5616
5616
5620
5612
5612
5613
5611
5611
5611
5611
5611
5611
5611
5611
5611
5613
5611
5611
5611
5611
5611
5611
5611
5613
5611
5611
5611
5611
5612
5612
5611
5611
5611
5614
5611
5611
5615
5611
5589
5589
5589
5589
5589
5589
5589
5589
5589
5589
5589
5589
5593
5593
5593
5593
5593
5593
5593
5593
5593
5614
5617
5615
5614
5614
5614
5614
5615
5614
5614
5614
5614
5614
5614
5614
5614
5614
5614
5614
5614
5614
5614
5614
5614
5614
5614
5614
5614
5614
5614
5614
5614
5614
5614
5614
5614
5614
5614
5614
5614
5614
5614
5614
5614
5614
5614
5614
5614
5614
5618
5614
5613
5613
5614
5613
5613
5614
5613
5613
5613
5613
5613
5613
5615
5613
5620
5634
5633
5663
5668
5667
5692
5727
5726
5727
5757
5800
5821
5817
5836
5886
5914
5941
5981
5985
6009
6031
6040
6076
6080
6113
6118
6120
6156
6197
6202
6218
6253
6252
6292
6302
6335
6343
6353
6370
6434
6471
6484
6486
6490
6503
6496
6510
6511
6504
6512
6510
6514
6510
6510
6510
6510
6510
6512
6513
6513
6512
6512
6512
6512
6512
6512
6512
6512
6512
6512
6512
6512
6512
6512
6512
6512
6512
6512
6512
6512
6511
6514
6514
6514
6514
6514
6514
6514
6514
6512
6512
6512
6512
6512
6512
6512
6512
6506
6506
6506
6506
6506
6506
6506
6506
6505
6505
6505
6506
6505
6505
6505
6506
6506
6506
6506
6506
6506
6506
6506
6506
6506
6506
6506
6506
6506
6506
6506
6506
6506
6506
6506
6506
6506
6506
6506
6506
6506
6506
6506
6506
6506
6506
6506
6506
6506
6506
6506
6506
6506
6506
6506
6507
6508
6508
6508
6508
6518
6517
6518
6517
6520
6519
6520
6519
6520
6519
6520
6519
6519
6518
6519
6518
6519
6518
6519
6518
6519
6518
6519
6518
6519
6518
6519
6518
6520
6520
6521
6520
6521
6524
6522
6520
6525
6519
6520
6521
6520
6519
6520
6519
6520
6521
6520
6519
6520
6519
6523
6519
6520
6520
6521
6520
6521
6520
6520
6520
6507
6507
6507
6506
6507
6506
6507
6507
6507
6507
6507
6509
6507
6506
6507
6507
6511
6507
6507
6506
6507
6506
6507
6507
6508
6508
6510
6508
6497
6504
6505
6505
6504
6503
6506
6503
6505
6493
6500
6501
6501
6504
6511
6511
6505
6499
6504
6510
6507
6505
6506
6506
6506
6505
6506
6507
6503
6501
6503
6502
6508
6508
6508
6508
6511
6510
6533
6561
6574
6576
6588
6605
6623
6648
6655
6657
6655
6663
6665
6694
6726
6762
6797
6816
6822
6857
6864
6882
6918
6924
6934
6940
6956
6975
6998
7004
7019
7036
7048
7102
7108
7131
7128
7130
7147
7158
7154
7173
7174
7174
7174
7174
7179
7206
7211
7228
7270
7310
7306
7339
7347
7357
7399
7410
7417
7454
7465
7470
7516
7515
7527
7534
7547
7577
7591
7596
7626
7637
7649
7677
7691
7692
7696
7719
7755
7773
7782
7790
7815
7822
7830
7853
7852
7874
7900
7898
7899
7903
7898
7902
7902
7905
7901
7902
7901
7902
7901
7902
7903
7904
7901
7900
7895
7901
7898
7900
7900
7898
7898
7898
7902
7903
7903
7902
7902
7896
7903
7902
7902
7904
7905
7906
7909
7908
7908
7907
7908
7907
7908
7910
7910
7909
7910
7910
7909
7909
7909
7908
7908
7908
7908
7909
7908
7907
7907
7907
7909
7909
7909
7909
7909
7909
7910
7909
7909
7909
7908
7908
7908
7909
7908
7908
7901
7901
7901
7902
7901
7901
7901
7901
7901
7901
7901
7901
7901
7901
7901
7901
7901
7901
7901
7901
7901
7901
7901
7901
7898
7898
7898
7899
7898
7899
7898
7898
7898
7898
7898
7899
7900
7899
7900
7900
7902
7902
7902
7900
7901
7900
7901
7902
7902
7902
7902
7900
7901
7900
7901
7902
7902
7902
7902
7900
7903
7903
7903
7903
7903
7903
7903
7903
7903
7903
7903
7903
7903
7903
7903
7907
7903
7903
7903
7904
7914
7912
7902
7906
7904
7906
7893
7911
7905
7905
7896
7900
7898
7898
7898
7898
7899
7902
7898
7900
7906
7927
7950
7986
8003
8030
8063
8085
8112
8156
8198
8224
8221
8225
8225
8224
8225
8224
8224
8224
8224
8224
8226
8226
8226
8228
8228
8228
8226
8226
8225
8226
8226
8227
8225
8228
8228
8224
8222
8230
8227
8236
8226
8228
8229
8229
8228
8230
8228
8229
8228
8229
8228
8229
8229
8228
8229
8228
8229
8228
8229
8230
8230
8228
8229
8225
8223
8227
8230
8225
8221
8221
8231
8233
8230
8227
8233
8235
8234
8234
8234
8235
8235
8235
8240
8235
8234
8234
8234
8234
8234
8234
8237
8239
8237
8237
8237
8237
8238
8237
8237
8237
8237
8237
8237
8237
8237
8237
8237
8237
8237
8237
8237
8237
8237
8239
8237
8237
8237
8237
8237
8236
8236
8236
8237
8237
8238
8237
8237
8237
8236
8233
8227
8227
8206
8205
8206
8205
8206
8206
8206
8206
8206
8205
8206
8205
8206
8206
8205
8206
8206
8205
8206
8205
8206
8206
8206
8206
8206
8205
8206
8205
8206
8206
8206
8206
8206
8205
8206
8227
8227
8227
8227
8227
8227
8226
8227
8226
8227
8227
8227
8227
8227
8226
8227
8226
8227
8226
8227
8227
8226
8227
8227
8227
8227
8227
8227
8227
8227
8227
8227
8227
8227
8227
8234
8234
8234
8234
8234
8234
8234
8234
8234
8234
8234
8234
8234
8234
8234
8234
8231
8231
8231
8231
8231
8231
8231
8231
8231
8231
8231
8231
8231
8231
8231
8231
8231
8231
8231
8231
8231
8231
8231
8231
8231
8231
8231
8231
8231
8231
8231
8231
8231
8231
8231
8231
8231
8231
8231
8233
8232
8233
8233
8232
8233
8232
8233
8232
8233
8232
8233
8232
8233
8232
8233
8230
8228
8222
8228
8235
8234
8235
8234
8239
8229
8230
8230
8230
8231
8230
8230
8231
8230
8230
8230
8230
8248
8284
8319
8344
8379
8378
8378
8377
8368
8367
8367
8367
8365
8424
8441
8442
8430
8433
8473
8516
8522
8562
8603
8622
8623
8650
8667
8725
8742
8750
8759
8794
8844
8867
8875
8878
8891
8943
8949
8965
9019
9029
9028
9035
9041
9034
9035
9062
9237
9244
9257
9253
9427
9479
9478
9482
9480
9480
9480
9480
9479
9482
9482
9482
9482
9482
9482
9482
9487
9486
9487
9486
9487
9486
9487
9486
9487
9486
9487
9486
9487
9486
9487
9486
9487
9486
9487
9486
9487
9486
9487
9486
9487
9486
9487
9486
9487
9486
9487
9486
9487
9486
9487
9486
9487
9486
9487
9486
9486
9485
9486
9485
9486
9485
9486
9485
9486
9485
9486
9485
9486
9485
9486
9485
9486
9485
9486
9485
9482
9482
9481
9482
9491
9488
9488
9488
9488
9488
9488
9488
9488
9488
9488
9488
9488
9488
9487
9488
9486
9488
9488
9491
9490
9491
9490
9469
9470
9492
9493
9491
9490
9491
9490
9488
9487
9488
9486
9488
9486
9487
9486
9487
9486
9487
9486
9487
9491
9487
9487
9487
9490
9488
9489
9488
9488
9489
9525
9549
9556
9576
9619
9673
9675
9700
9726
9752
9795
9820
9825
9879
9894
9911
9960
9983
9999
10006
10035
10068
10074
10126
10135
10145
10188
10200
10231
10232
10249
10299
10339
10351
10346
10346
10344
10371
10407
10426
10452
10457
10464
10487
10538
10573
10592
10639
10660
10695
10731
10758
10782
10789
10787
10824
10865
10885
10909
10935
10951
10964
10986
11000
11027
11039
11071
11113
11136
11156
11196
11200
11201
11200
11199
11196
11194
11199
11201
11199
11201
11200
11202
11201
11202
11201
11202
11201
11202
11201
11201
11200
11201
11200
11201
11200
11201
11200
11201
11200
11201
11200
11201
11200
11201
11200
11201
11200
11201
11200
11201
11200
11201
11200
11196
11196
11196
11195
11196
11195
11196
11196
11196
11196
11196
11195
11196
11195
11196
11196
11196
11196
11196
11195
11196
11195
11196
11196
11196
11196
11196
11195
11196
11195
11196
11196
11196
11196
11196
11195
11196
11195
11196
11196
11196
11196
11196
11195
11196
11195
11196
11196
11196
11196
11196
11195
11198
11186
11196
11189
11189
11201
11202
11200
11195
11200
11200
11199
11201
11201
11201
11201
11201
11201
11201
11201
11201
11201
11201
11201
11206
11202
11201
11201
11200
11200
11200
11200
11200
11200
11200
11200
11199
11199
11199
11199
11199
11199
11199
11199
11199
11199
11199
11199
11198
11199
11198
11199
11198
11199
11199
11199
11198
11199
11198
11198
11199
11199
11200
11199
11199
11199
11199
11199
11199
11199
11199
11199
11199
11199
11199
11200
11205
11208
11203
11204
11203
11204
11203
11204
11203
11204
11203
11204
11203
11205
11203
11204
11202
11203
11202
11203
11202
11203
11202
11203
11202
11203
11202
11203
11202
11203
11202
11203
11202
11203
11202
11207
11202
11203
11202
11203
11202
11204
11202
11203
11199
11204
11199
11198
11200
11198
11200
11198
11199
11197
11191
11196
11199
11198
11199
11198
11199
11198
11202
11198
11199
11198
11199
11198
11199
11198
11200
11218
11233
11254
11272
11285
11316
11354
11399
11430
11468
11514
11560
11608
11653
11645
11646
11649
11642
11651
11649
11653
11654
11657
11656
11653
11648
11655
11656
11655
11656
11655
11656
11657
11654
11652
11653
11650
11652
11649
11649
11656
11661
11668
11660
11661
11661
11660
11662
11662
11659
11661
11659
11666
11660
11655
11652
11661
11660
11661
11656
11648
11646
11652
11655
11655
11660
11662
11662
11662
11663
11660
11661
11659
11665
11658
11661
11661
11662
11661
11662
11662
11664
11662
11664
11661
11664
11662
11662
11661
11659
11654
11657
11656
11664
11642
11642
11640
11639
11639
11639
11639
11639
11639
11639
11639
11636
11636
11636
11636
11636
11636
11636
11636
11636
11636
11636
11636
11636
11636
11636
11636
11636
11636
11636
11636
11636
11636
11636
11636
11636
11636
11636
11635
11636
11635
11657
11656
11657
11657
11636
11635
11636
11635
11635
11635
11631
11631
11631
11631
11631
11631
11631
11631
11631
11631
11631
11631
11631
11631
11631
11654
11648
11648
11649
11648
11655
11649
11650
11648
11649
11649
11658
11699
11732
11761
11790
11799
11804
11825
11863
11873
11872
11872
11904
11921
11943
11977
11991
12017
12057
12079
12101
12103
12099
12105
12191
12248
12262
12261
12262
12261
12262
12263
12262
12266
12274
12285
12351
12359
12360
12384
12421
12457
12456
12468
12477
12482
12504
12510
12523
12543
12542
12540
12545
12573
12626
12653
12677
12694
12697
12693
12698
12693
12702
12753
12912
12925
12912
12921
12930
12929
12929
12931
12931
12931
12935
12930
12931
12932
12933
12931
12935
12930
12931
12930
12931
12968
13009
13082
13184
13214
13215
13230
13260
13260
13265
13299
13326
13331
13353
13353
13363
13394
13420
13425
13448
13465
13482
13495
13502
13509
13505
13506
13506
13512
13525
13558
13556
13557
13590
13591
13599
13615
13629
13629
13646
13646
13644
13644
13645
13676
13700
13699
13727
13771
13816
13819
13850
13867
13884
13902
13905
13930
13940
13964
13996
14014
14032
14031
14051
14073
14089
14104
14121
14135
14149
14174
14190
14202
14206
14219
14258
14287
14291
14339
14357
14360
14395
14404
14429
14487
14491
14483
14487
14490
14480
14482
14479
14485
14488
14492
14489
14486
14500
14545
14579
14624
14671
14728
14756
14809
14888
14927
15013
15077
15113
15105
15108
15095
15115
15116
15123
15114
15116
15115
15116
15116
15097
15098
15096
15076
15076
15076
15076
15076
15076
15076
15076
15076
15076
15076
15076
15076
15080
15079
15079
15079
15079
15079
15079
15081
15101
15103
15102
15103
15101
15105
15107
15105
15103
15105
15103
15109
15103
15105
15103
15105
15104
15107
15106
15107
15108
15109
15106
15109
15108
15166
15171
15175
15179
15190
15252
15270
15262
15272
15272
15307
15310
15311
15311
15304
15311
15311
15314
15310
15311
15310
15311
15311
15311
15310
15312
15311
15317
15312
15312
15311
15311
15310
15311
15310
15311
15310
15313
15310
15311
15310
15311
15318
15311
15310
15311
15310
15311
15310
15311
15310
15311
15310
15311
15310
15311
15310
15332
15344
15392
15402
15425
15431
15434
15435
15436
15435
15436
15437
15469
15526
15558
15566
15571
15584
15606
15649
15684
15682
15685
15685
15682
15684
15687
15688
15692
15694
15706
15705
15705
15705
15708
15705
15710
15705
15706
15705
15705
15705
15705
15705
15705
15705
15708
15709
15708
15709
15708
15708
15708
15708
15706
15706
15706
15704
15707
15706
15710
15706
15707
15707
15707
15705
15707
15705
15707
15704
15705
15706
15707
15704
15707
15707
15707
15707
15707
15708
15708
15708
15708
15708
15708
15709
15708
15708
15709
15708
15708
15709
15708
15708
15708
15708
15708
15708
15708
15708
15708
15708
15707
15714
15728
15775
15818
15837
15846
15864
15885
15924
15952
15959
15959
15985
15987
15987
16008
16032
16086
16092
16096
16112
16144
16191
16206
16221
16216
16245
16264
16329
16338
16349
16352
16351
16353
16351
16351
16351
16351
16347
16345
16346
16347
16348
16353
16346
16347
16348
16347
16349
16348
16348
16347
16347
16348
16325
16326
16325
16326
16325
16326
16325
16326
16325
16326
16325
16326
16325
16326
16325
16326
16325
16326
16325
16326
16325
16347
16346
16348
16346
16347
16346
16347
16346
16349
16348
16349
16383
16382
16392
16398
16431
16445
16475
16504
16521
16530
16528
16529
16528
16529
16528
16529
16528
16531
16536
16573
16590
16598
16631
16629
16627
16642
16641
16645
16680
16713
16731
16738
16738
16743
16762
16791
16817
16821
16821
16820
16822
16821
16819
16820
16818
16820
16818
16824
16824
16820
16819
16820
16823
16820
16819
16820
16816
16820
16818
16818
16820
16818
16818
16818
16818
16818
16819
16818
16819
16818
16819
16826
16844
16860
16877
16884
16890
16922
16925
16926
16945
17000
17028
17036
17036
17044
17058
17059
17059
17065
17081
17117
17149
17156
17155
17155
17160
17183
17221
17253
17258
17260
17258
17260
17259
17263
17289
17321
17331
17333
17339
17339
17339
17341
17341
17341
17339
17342
17342
17342
17335
17333
17337
17339
17339
17339
17339
17339
17339
17340
17341
17345
17341
17341
17341
17341
17341
17339
17338
17338
17338
17338
17338
17338
17338
17339
17339
17339
17339
17338
17338
17338
17339
17338
17339
17338
17339
17338
17339
17338
17339
17338
17339
17336
17338
17337
17338
17338
17339
17320
17320
17320
17320
17320
17320
17320
17320
17321
17321
17321
17321
17321
17321
17321
17344
17343
17343
17341
17342
17342
17344
17340
17344
17340
17344
17353
17371
17384
17426
17484
17489
17487
17488
17486
17488
17488
17488
17486
17489
17486
17490
17486
17489
17486
17496
17491
17531
17552
17579
17588
17592
17596
17601
17597
17625
17644
17671
17674
17677
17673
17713
17744
17755
17756
17759
17758
17757
17758
17757
17758
17757
17758
17758
17758
17757
17758
17761
17753
17759
17759
17759
17759
17760
17759
17758
17762
17759
17760
17757
17751
17755
17749
17751
17748
17750
17752
17748
17757
17754
17755
17748
17758
17754
17757
17761
17758
17758
17758
17757
17758
17759
17759
17758
17758
17757
17758
17758
17758
17760
17756
17757
17756
17756
17756
17756
17756
17756
17756
17756
17774
17794
17795
17815
17823
17834
17836
17851
17877
17901
17911
17907
17915
17922
17919
17919
17922
17946
17972
17976
17983
17982
17991
18013
18023
18027
18027
18031
18047
18091
18102
18104
18102
18104
18101
18080
18080
18080
18075
18075
18075
18075
18075
18075
18075
18075
18076
18076
18076
18076
18075
18097
18096
18096
18101
18101
18101
18102
18100
18100
18100
18100
18098
18098
18104
18134
18133
18136
18154
18181
18226
18229
18230
18230
18230
18230
18230
18230
18230
18230
18231
18233
18230
18230
18230
18229
18230
18229
18230
18229
18230
18229
18230
18229
18230
18230
18230
18229
18230
18229
18229
18229
18230
18243
18253
18277
18291
18317
18333
18344
18342
18347
18347
18348
18372
18407
18439
18467
18469
18469
18468
18471
18493
18523
18553
18566
18566
18570
18566
18570
18571
18570
18566
18570
18565
18567
18565
18567
18570
18567
18567
18567
18566
18567
18565
18573
18565
18567
18566
18568
18564
18570
18568
18570
18568
18570
18568
18570
18565
18567
18565
18569
18563
18562
18563
18563
18560
18559
18560
18559
18559
18559
18559
18559
18562
18561
18561
18558
18560
18558
18575
18601
18639
18644
18685
18680
18683
18713
18729
18730
18739
18744
18779
18795
18815
18819
18833
18845
18848
18846
18869
18893
18928
18931
18933
18939
18982
19005
19016
19019
19026
19049
19082
19116
19128
19127
19125
19125
19128
19126
19129
19122
19133
19128
19131
19112
19112
19112
19112
19112
19114
19114
19114
19114
19114
19114
19114
19114
19111
19111
19111
19111
19111
19111
19111
19111
19113
19113
19113
19113
19113
19113
19113
19113
19113
19113
19113
19113
19113
19113
19113
19113
19113
19113
19113
19113
19113
19113
19113
19113
19113
19113
19113
19113
19113
19113
19113
19113
19113
19113
19113
19113
19116
19116
19116
19116
19116
19116
19137
19137
19137
19138
19137
19138
19137
19137
19137
19137
19137
19137
19137
19137
19146
19195
19190
19193
19207
19244
19245
19276
19277
19282
19325
19315
19330
19330
19330
19337
19330
19329
19330
19329
19330
19329
19369
19377
19378
19386
19431
19461
19491
19497
19498
19504
19514
19514
19531
19570
19612
19630
19639
19641
19684
19725
19773
19774
19780
19784
19780
19781
19782
19784
19782
19785
19782
19784
19782
19784
19782
19784
19782
19784
19784
19784
19783
19784
19787
19784
19787
19784
19783
19784
19786
19784
19783
19784
19783
19784
19783
19784
19787
19784
19783
19784
19783
19784
19783
19789
19783
19784
19783
19784
19783
19784
19781
19779
19798
19817
19842
19877
19892
19895
19890
19912
19927
19943
19959
19976
19997
20005
20023
20031
20032
20031
20045
20072
20098
20105
20110
20112
20129
20169
20190
20197
20205
20212
20242
20280
20290
20291
20295
20294
20295
20294
20295
20294
20296
20294
20296
20298
20296
20295
20296
20295
20296
20295
20299
20295
20296
20295
20296
20295
20296
20295
20299
20302
20299
20298
20299
20298
20299
20299
20300
20300
20301
20299
20300
20299
20300
20300
20303
20302
20302
20301
20302
20301
20308
20301
20292
20292
20292
20290
20288
20291
20296
20297
20300
20304
20298
20297
20296
20302
20300
20302
20300
20306
20306
20303
20298
20296
20310
20302
20307
20300
20306
20305
20307
20304
20306
20306
20305
20305
20309
20304
20296
20296
20292
20298
20302
20301
20299
20298
20297
20299
20300
20300
20298
20297
20298
20292
20292
20282
20293
20293
20291
20290
20297
20297
20294
20297
20302
20297
20300
20298
20300
20301
20300
20301
20300
20299
20299
20302
20299
20299
20300
20299
20299
20299
20299
20302
20301
20300
20301
20299
20298
20299
20297
20297
20297
20294
20283
20300
20297
20298
20297
20297
20294
20285
20299
20299
20300
20292
20290
20293
20293
20294
20292
20292
20292
20292
20291
20282
20294
20283
20292
20291
20291
20290
20288
20286
20282
20285
20288
20290
20293
20286
20280
20279
20282
20282
20288
20290
20292
20291
20295
20292
20289
20285
20291
20290
20285
20281
20292
20281
20287
20289
20297
20295
20295
20295
20296
20295
20296
20295
20296
20295
20296
20295
20296
20295
20296
20295
20296
20295
20296
20295
20296
20295
20295
20283
20284
20298
20296
20295
20298
20297
20298
20297
20298
20297
20298
20297
20293
20293
20294
20293
20294
20293
20294
20297
20296
20295
20298
20295
20292
20293
20296
20293
20292
20292
20295
20296
20295
20295
20295
20295
20303
20298
20298
20298
20296
20296
20294
20298
20299
20300
20300
20301
20300
20299
20288
20293
20296
20292
20298
20297
20298
20298
20298
20302
20305
20300
20302
20301
20302
20301
20302
20303
20301
20304
20306
20313
20306
20305
20307
20310
20304
20307
20302
20293
20299
20296
20303
20302
20303
20301
20302
20300
20302
20302
20303
20301
20301
20301
20301
20303
20290
20291
20288
20294
20294
20295
20296
20295
20296
20295
20296
20298
20296
20296
20296
20292
20296
20296
20296
20296
20295
20294
20288
20297
20294
20296
20295
20286
20287
20297
20291
20292
20294
20291
20290
20289
20286
20295
20288
20287
20288
20293
20302
20300
20300
20299
20299
20294
20299
20298
20298
20298
20297
20298
20297
20298
20295
20298
20295
20297
20289
20293
20299
20301
20302
20299
20301
20294
20296
20295
20295
20301
20302
20300
20301
20302
20302
20305
20308
20301
20302
20301
20302
20302
20303
20300
20303
20305
20304
20304
20309
20304
20301
20299
20299
20297
20299
20299
20300
20298
20299
20296
20289
20305
20298
20298
20299
20298
20303
20297
20299
20300
20306
20296
20296
20296
20301
20297
20297
20298
20298
20300
20300
20298
20294
20300
20278
20278
20278
20278
20278
20278
20279
20279
20279
20279
20279
20279
20279
20279
20277
20277
20277
20277
20277
20277
20277
20277
20277
20277
20277
20277
20277
20277
20277
20277
20283
20277
20280
20277
20280
20277
20280
20277
20281
20281
20280
20280
20280
20280
20280
20280
20275
20274
20275
20274
20275
20274
20275
20274
20276
20275
20276
20275
20276
20275
20276
20275
20276
20275
20276
20275
20276
20275
20276
20275
20276
20275
20276
20275
20276
20275
20276
20275
20276
20275
20276
20275
20276
20275
20276
20275
20276
20275
20276
20275
20276
20275
20276
20275
20276
20275
20276
20275
20276
20275
20276
20275
20275
20274
20275
20274
20274
20274
20274
20274
20274
20274
20274
20274
20274
20274
20274
20293
20295
20295
20295
20294
20294
20294
20294
20294
20296
20296
20296
20296
20296
20296
20296
20296
20296
20296
20296
20295
20296
20295
20296
20296
20300
20318
20366
20425
20514
20574
20642
20748
20785
20866
20920
20919
20919
20919
20919
20919
20921
20921
20921
20921
20921
20921
20921
20921
20921
20923
20921
20915
20911
20906
20301
20308
20300
20302
20300
20302
20300
20302
20300
20302
20299
20302
20299
20302
20299
20316
20353
20407
20494
20530
20575
20623
20689
20756
20772
20785
20787
20787
20782
20797
20796
20797
20797
20305
20306
20305
20306
20303
20306
20303
20305
20304
20318
20349
20416
20492
20556
20613
20669
20742
20771
20782
20785
20780
20781
20784
20782
20777
20781
20780
20780
20779
20789
20798
20815
20834
20848
20879
20881
20881
20886
20885
20885
20885
20883
20884
20877
20867
20872
20885
20888
20889
20882
20886
20886
20882
20886
20887
20887
20885
20877
20890
20887
20879
20878
20882
20885
20887
20885
20888
20889
20886
20886
20885
20887
20889
20899
20897
20902
20893
20902
20899
20900
20899
20896
20891
20896
20893
20893
20888
20892
20892
20892
20893
20879
20886
20891
20884
20893
20891
20899
20898
20897
20895
20897
20895
20896
20895
20897
20896
20897
20896
20897
20896
20897
20898
20896
20895
20896
20895
20896
20895
20896
20895
20897
20897
20894
20893
20894
20893
20894
20893
20897
20896
20897
20896
20893
20893
20892
20891
20894
20893
20893
20897
20893
20893
20897
20893
20892
20891
20891
20891
20890
20891
20890
20890
20881
20893
20893
20900
20924
20955
20986
21022
21059
21094
21129
21161
21200
21226
21262
21297
21331
21371
21396
21467
21481
21487
21483
21494
21497
21497
21495
21497
21512
21519
21514
21527
21519
21541
21549
21564
21586
21590
21589
21589
21589
21589
21589
21589
21590
21590
21590
21594
21590
21592
21590
21592
21590
21592
21590
21592
21590
21591
21590
21591
21590
21591
21590
21591
21590
21591
21590
21591
21590
21591
21590
21591
21590
21591
21590
21591
21590
21591
21590
21591
21590
21591
21590
21591
21590
21591
21590
21591
21590
21591
21590
21591
21592
21590
21592
21588
21589
21585
21589
21584
21585
21573
21572
21571
21580
21572
21570
21574
21585
21586
21581
21582
21586
21586
21589
21584
21584
21573
21569
21578
21577
21581
21580
21592
21591
21578
21581
21597
21590
21590
21589
21588
21578
21587
21574
21571
21585
21591
21593
21585
21583
21594
21595
21594
21579
21575
21577
21588
21590
21589
21588
21585
21594
21595
21596
21595
21581
21595
21597
21596
21599
21599
21598
21594
21598
21595
21596
21595
21594
21586
21582
21592
21593
21592
21593
21593
21592
21592
21592
21590
21584
21591
21592
21592
21595
21595
21598
21596
21597
21597
21598
21598
21598
21598
21598
21597
21596
21599
21590
21594
21590
21590
21595
21588
21587
21586
21589
21589
21597
21597
21597
21596
21596
21595
21596
21595
21596
21595
21596
21596
21596
21596
21596
21596
21595
21595
21595
21595
21595
21595
21595
21595
21595
21595
21595
21595
21595
21595
21595
21595
21595
21595
21595
21595
21595
21595
21595
21595
21595
21595
21595
21595
21595
21595
21595
21595
21595
21595
21595
21594
21595
21594
21596
21579
21583
21581
21582
21581
21581
21581
21581
21585
21584
21581
21588
21581
21581
21600
21623
21634
21626
21628
21630
21663
21687
21727
21723
21732
21744
21767
21769
21792
21798
21815
21837
21840
21842
21870
21910
21945
21979
22010
22016
22022
22038
22040
22041
22043
22039
22040
22038
22046
22036
22038
22036
22038
22036
22036
22034
22037
22038
22038
22036
22038
22050
22050
22050
22051
22050
22049
22051
22049
22052
22049
22050
22061
22107
22180
22224
22247
22268
22296
22292
22290
22320
22346
22360
22379
22384
22397
22418
22434
22448
22474
22491
22514
22552
22557
22585
22631
22635
22661
22669
22684
22699
22702
22715
22714
22718
22775
22778
22774
22836
22878
22877
22894
22924
22940
22969
22983
22988
23016
23024
23039
23074
23094
23101
23102
23131
23164
23170
23185
23208
23216
23235
23250
23283
23289
23286
23286
23289
23287
23286
23285
23286
23290
23302
23324
23377
23406
23423
23423
23440
23466
23487
23523
23542
23563
23589
23643
23641
23635
23630
23632
23637
23638
23635
23643
23642
23642
23642
23644
23641
23644
23643
23645
23641
23641
23642
23640
23642
23642
23643
23642
23632
23640
23640
23642
23642
23641
23640
23639
23636
23637
23637
23638
23638
23638
23638
23639
23641
23639
23639
23638
23641
23640
23642
23640
23641
23637
23637
23640
23636
23641
23633
23635
23632
23619
23633
23635
23621
23629
23634
23641
23641
23641
23644
23634
23640
23640
23640
23639
23640
23638
23670
23655
23659
23666
23663
23654
23663
23663
23663
23663
23662
23682
23691
23698
23692
23694
23690
23701
23697
23700
23698
23700
23697
23698
23702
23733
23729
23716
23729
23731
23730
23731
23729
23730
23731
23731
23729
23726
23768
23774
23773
23770
23772
23755
23755
23771
23770
23772
23771
23778
23804
23796
23794
23799
23797
23789
23795
23794
23796
23797
23798
23830
23839
23837
23838
23824
23835
23841
23837
23841
23838
23840
23841
23841
23846
23843
23844
23843
23844
23843
23844
23843
23842
23851
23856
23858
23864
23887
23908
23913
23913
23914
23914
23922
23931
23952
23976
23975
23973
23992
24011
24046
24055
24054
24051
24053
24050
24050
24056
24066
24090
24107
24113
24120
24124
24136
24172
24185
24196
24196
24198
24197
24208
24218
24236
24238
24251
24256
24260
24262
24284
24321
24338
24345
24345
24344
24345
24345
24347
24347
24347
24339
24346
24345
24344
24346
24339
24339
24342
24341
24342
24341
24342
24342
24340
24340
24337
24339
24340
24248
24248
24247
24249
24249
24250
24247
24250
24256
24286
24312
24323
24335
24335
24334
24335
24337
24344
24360
24373
24389
24389
24388
24406
24435
24446
24457
24456
24456
24456
24456
24483
24500
24521
24517
24521
24542
24572
24606
24606
24608
24607
24607
24608
24608
24608
24608
24604
24606
24638
24696
24692
24700
24741
24774
24790
24794
24811
24844
24885
24900
24904
24904
24927
24972
24999
25000
25007
25014
25031
25044
25065
25068
25067
25084
25118
25118
25101
25101
25101
25101
25101
25101
25101
25101
25101
25101
25117
25120
25122
25129
25134
25131
25136
25131
25133
25132
25135
25132
25132
25126
25131
25129
25129
25128
25132
25132
25124
25126
25127
25131
25129
25122
25129
25126
25128
25125
25124
25126
25124
25127
25122
25127
25131
25126
25131
25120
25130
25105
25111
25105
25113
25108
25109
25108
25102
25101
25102
25101
25107
25102
25102
25101
25102
25101
25126
25123
25124
25122
25122
25122
25123
25123
25129
25136
25125
25128
25109
25129
25127
25141
25121
25120
25126
25104
25118
25112
25129
25128
25127
25150
25136
25138
25155
25141
25143
25159
25157
25134
25149
25153
25149
25157
25169
25170
25153
25168
25169
25173
25164
25163
25169
25169
25167
25167
25182
25191
25193
25204
25206
25208
25206
25191
25194
25208
25208
25207
25206
25205
25218
25238
25240
25242
25239
25234
25230
25241
25241
25241
25240
25239
25238
25247
25275
25277
25279
25276
25277
25279
25278
25277
25278
25277
25278
25287
25294
25315
25338
25348
25349
25347
25347
25347
25342
25342
25356
25372
25381
25415
25411
25416
25417
25414
25414
25414
25416
25416
25416
25417
25417
25419
25438
25479
25500
25513
25515
25517
25515
25516
25514
25514
25527
25548
25574
25589
25622
25633
25631
25630
25630
25629
25629
25630
25630
25632
25662
25663
25663
25663
25677
25703
25738
25745
25745
25743
25745
25746
25750
25744
25741
25753
25745
25744
25747
25745
25745
25745
25755
25749
25749
25749
25749
25749
25749
25749
25749
25749
25749
25753
25749
25749
25749
25760
25754
25755
25753
25755
25753
25755
25756
25755
25751
25750
25751
25753
25744
25750
25743
25748
25752
25751
25755
25747
25748
25750
25754
25742
25750
25743
25746
25752
25752
25752
25757
25754
25761
25755
25762
25760
25758
25759
25757
25758
25758
25769
25755
25762
25749
25756
25755
25722
25749
25746
25750
25733
25737
25739
25742
25739
25734
25730
25751
25750
25760
25761
25758
25758
25752
25751
25747
25752
25753
25750
25753
25750
25756
25753
25754
25754
25754
25754
25754
25754
25755
25752
25756
25758
25768
25780
25796
25803
25814
25818
25817
25830
25840
25838
25846
25841
25849
25844
25847
25844
25847
25844
25847
25844
25844
25843
25855
25883
25887
25889
25899
25945
25945
25938
25944
25961
25971
25970
25964
25973
25970
25969
25969
25968
25969
25971
25969
25972
25973
25972
25977
25971
25951
25949
25951
25950
25951
25951
25951
25951
25950
25951
25950
25950
25949
25949
25949
25950
25949
25950
25949
25949
25949
25949
25949
25966
25971
25970
25971
25972
25972
25968
25973
25968
25957
25966
25964
25958
25965
25963
25965
25966
25963
25965
25966
25962
25966
25966
25966
25966
25966
25966
25966
25966
25967
25967
25967
25967
25967
25967
25967
25967
25967
25967
25967
25967
25967
25967
25967
25967
25967
25970
25967
25966
25966
25966
25965
25967
25963
25964
25965
25967
25952
25950
25949
25965
25970
25970
25969
25970
25971
25970
25970
25970
25970
25973
25976
25972
25970
25972
25969
25969
25969
25970
25968
25970
25967
25970
25968
25970
25969
25969
25969
25969
25969
25970
25969
25970
25976
25981
25990
25998
26002
26011
26013
26029
26042
26043
26046
26051
26052
26057
26066
26065
26065
26065
26061
26065
26061
26065
26062
26067
26063
26066
26064
26077
26104
26098
26108
26101
26138
26147
26167
26178
26185
26209
26216
26221
26225
26223
26222
26223
26220
26223
26222
26224
26223
26203
26201
26203
26201
26203
26201
26203
26203
26202
26202
26202
26202
26202
26202
26202
26230
26228
26227
26228
26227
26229
26228
26227
26224
26226
26227
26225
26225
26226
26225
26224
26222
26221
26222
26222
26222
26221
26223
26221
26223
26222
26224
26223
26220
26213
26202
26201
26212
26216
26215
26212
26226
26224
26225
26225
26226
26225
26225
26225
26225
26224
26225
26224
26224
26223
26224
26225
26224
26225
26224
26225
26226
26225
26226
26227
26226
26225
26226
26227
26227
26232
26239
26245
26257
26258
26264
26269
26271
26274
26285
26284
26288
26289
26289
26287
26282
26290
26289
26288
26289
26289
26289
26289
26282
26282
26282
26284
26282
26283
26283
26288
26292
26314
26325
26342
26397
26392
26397
26398
26402
26400
26401
26401
26393
26399
26400
26401
26398
26377
26377
26377
26377
26377
26377
26377
26379
26379
26379
26542
26587
26378
26379
26380
26380
26400
26401
26400
26397
26391
26392
26396
26397
26397
26396
26403
26406
26394
26401
26410
26404
26403
26403
26402
26403
26403
26403
26410
26407
26409
26406
26409
26405
26394
26407
26406
26412
26412
26412
26407
26410
26408
26407
26410
26398
26398
26399
26408
26407
26408
26408
26408
26410
26409
26407
26411
26410
26411
26409
26411
26408
26407
26409
26406
26409
26406
26408
26406
26409
26406
26410
26407
26411
26411
26409
26411
26411
26411
26410
26411
26410
26411
26410
26411
26410
26410
26409
26410
26409
26410
26409
26410
26410
26410
26409
26411
26408
26411
26419
26423
26434
26441
26440
26443
26442
26444
26442
26448
26447
26445
26448
26445
26444
26448
26447
26448
26446
26446
26443
26444
26445
26446
26430
26431
26443
26429
26446
26454
26459
26442
26453
26456
26443
26447
26451
26451
26451
26447
26448
26451
26450
26451
26451
26451
26451
26451
26449
26449
26460
26465
26464
26463
26473
26470
26476
26485
26488
26487
26487
26486
26495
26486
26488
26487
26482
26486
26481
26487
26488
26487
26493
26487
26486
26485
26487
26486
26486
26486
26486
26486
26486
26485
26486
26485
26486
26525
26534
26536
26537
26538
26538
26544
26608
26643
26654
26652
26656
26655
26655
26655
26655
26655
26655
26655
26655
26652
26655
26656
26658
26656
26656
26657
26654
26654
26656
26654
26654
26655
26648
26645
26650
26651
26648
26644
26653
26651
26648
26653
26655
26655
26655
26654
26655
26652
26655
26652
26655
26654
26654
26643
26646
26654
26655
26654
26661
26658
26661
26654
26662
26660
26659
26651
26657
26639
26639
26639
26639
26639
26639
26642
26642
26642
26641
26642
26641
26642
26641
26643
26645
26665
26660
26663
26664
26659
26668
26664
26668
26663
26664
26649
26653
26666
26666
26668
26659
26663
26659
26663
26659
26663
26660
26664
26658
26661
26657
26661
26657
26659
26657
26659
26659
26661
26658
26660
26657
26660
26657
26660
26662
26662
26660
26662
26660
26662
26660
26662
26661
26662
26660
26662
26660
26662
26660
26662
26662
26663
26661
26663
26662
26665
26663
26665
26671
26679
26687
26690
26690
26697
26699
26710
26708
26719
26721
26731
26731
26727
26734
26745
26738
26739
26737
26739
26737
26739
26737
26739
26739
26739
26740
26739
26762
26791
26796
26795
26788
26789
26804
26827
26825
26820
26841
26851
26853
26889
26899
26899
26901
26900
26901
26900
26903
26901
26902
26902
26904
26906
26899
26898
26898
26893
26894
26902
26901
26902
26900
26900
26898
26903
26902
26892
26899
26902
26903
26902
26900
26897
26897
26895
26905
26901
26899
26900
26900
26898
26893
26901
26898
26892
26898
26898
26905
26903
26904
26897
26902
26902
26904
26903
26880
26880
26880
26880
26880
26880
26880
26880
26879
26879
26879
26879
26879
26900
26900
26896
26892
26893
26900
26900
26898
26898
26896
26901
26903
26902
26902
26902
26902
26902
26902
26902
26901
26901
26901
26901
26901
26901
26901
26901
26901
26901
26901
26900
26903
26901
26901
26901
26907
26907
26908
26909
26930
26932
26940
26936
26937
26935
26936
26936
26934
26935
26931
26932
26934
26933
26932
26933
26931
26933
26931
26927
26926
26931
26929
26906
26907
26904
26908
26906
26903
26904
26902
26904
26903
26902
26902
26903
26902
26901
26902
26901
26902
26902
26902
26902
26903
26906
26918
26930
26937
26945
26953
26969
26965
26971
26992
26999
27018
27028
27030
27043
27038
27055
27060
27075
27084
27101
27096
27104
27120
27121
27119
27130
27123
27114
27119
27124
27124
27117
27119
27113
27117
27117
27115
27120
27120
27120
27119
27121
27117
27119
27119
27118
27132
27153
27174
27186
27204
27217
27224
27234
27230
27232
27231
27233
27240
27236
27235
27236
27227
27233
27232
27227
27228
27231
27230
27232
27227
27226
27228
27227
27228
27227
27232
27234
27237
27233
27236
27246
27256
27266
27280
27287
27291
27288
27302
27301
27294
27296
27299
27297
27298
27298
27299
27299
27297
27301
27318
27329
27339
27355
27365
27378
27392
27404
27420
27426
27435
27446
27445
27443
27450
27453
27455
27454
27451
27445
27442
27448
27459
27465
27477
27484
27487
27490
27490
27495
27501
27498
27496
27496
27497
27493
27492
27490
27486
27491
27493
27494
27494
27494
27494
27494
27494
27496
27495
27495
27491
27491
27491
27490
27488
27483
27482
27489
27490
27491
27490
27498
27490
27490
27488
27490
27491
27491
27499
27490
27491
27490
27490
27492
27491
27481
27488
27490
27492
27491
27491
27492
27489
27489
27490
27482
27481
27488
27490
27488
27485
27489
27487
27475
27487
27487
27485
27487
27491
27497
27489
27494
27495
27494
27495
27494
27491
27488
27485
27488
27488
27489
27488
27489
27486
27483
27482
27481
27483
27481
27482
27482
27484
27482
27483
27482
27483
27482
27483
27482
27484
27483
27483
27482
27483
27482
27485
27482
27481
27484
27478
27485
27500
27498
27500
27502
27504
27508
27502
27504
27502
27504
27502
27504
27501
27506
27486
27505
27505
27505
27495
27492
27489
27506
27503
27488
27491
27483
27494
27503
27498
27500
27494
27496
27499
27502
27496
27503
27494
27494
27499
27505
27505
27507
27506
27508
27506
27508
27506
27508
27506
27507
27505
27507
27500
27502
27498
27499
27497
27501
27496
27495
27483
27490
27491
27492
27493
27492
27494
27492
27499
27495
27496
27494
27492
27492
27489
27493
27491
27491
27492
27494
27493
27493
27492
27491
27492
27491
27492
27491
27494
27491
27492
27494
27497
27497
27497
27495
27496
27495
27497
27495
27497
27497
27496
27495
27498
27495
27496
27495
27500
27495
27497
27495
27499
27495
27492
27493
27497
27494
27495
27495
27496
27488
27484
27492
27491
27490
27488
27489
27493
27493
27495
27495
27494
27494
27494
27494
27494
27495
27494
27495
27496
27497
27494
27488
27495
27487
27493
27494
27495
27495
27498
27495
27502
27495
27494
27494
27496
27497
27496
27496
27493
27475
27475
27475
27476
27476
27476
27475
27478
27475
27475
27475
27491
27491
27516
27512
27512
27512
27512
27512
27517
27516
27517
27517
27516
27515
27525
27603
27683
27761
27746
27754
27759
27758
27902
28002
28022
28016
28021
28017
28020
28020
28022
28022
28027
28024
28026
28024
28026
28026
28017
28025
28026
28025
28020
28018
28022
28023
28026
28022
28025
28023
28023
28022
28025
28024
28024
28026
28026
28028
28025
28022
28030
28039
28038
28037
28038
28038
28037
28040
28037
28036
28036
28035
28039
28024
28033
28037
28035
28034
28034
28036
28032
28032
28033
28035
28033
28037
28033
28035
28040
28042
28037
28041
28038
28042
28035
28036
28049
28046
28044
28046
28041
28043
28040
28047
28041
28045
28040
28042
28041
28042
28043
28043
28042
28031
28042
28037
28041
28043
28042
28043
28032
28032
28031
28032
28031
28031
28028
28031
28028
28025
28025
28025
28026
28025
28028
28029
28036
28030
28030
28036
28033
28033
28032
28032
28036
28035
28037
28036
28037
28036
28036
28034
28033
28035
28033
28035
28034
28030
28026
28032
28035
28036
28034
28035
28036
28036
28036
28035
28034
28034
28034
28035
28034
28034
28034
28033
28037
28035
28035
28035
28031
28031
28030
28030
28030
28030
28030
28030
28030
28030
28030
28030
28033
28030
28032
28030
28030
28030
28030
28030
28028
28029
28030
28030
28033
28037
28034
28033
28033
28025
28029
28031
28030
28028
28031
28030
28030
28030
28017
28029
28022
28028
28027
28026
28028
28029
28028
28027
28029
28020
28025
28019
28067
28067
28067
28075
28070
28071
28067
28067
28066
28065
28066
28066
28066
28065
28058
28036
28035
28035
28039
28038
28039
28041
28039
28038
28040
28037
28039
28036
28041
28032
28042
28038
28042
28039
28039
28035
28035
28032
28035
28035
28037
28039
28041
28040
28040
28040
28034
28030
28030
28039
28037
28042
28035
28043
28043
28037
28042
28042
28041
28038
28028
28023
28019
28020
28019
28021
28022
28021
28021
28021
28021
28019
28020
28016
28018
28018
28019
28013
28019
28018
28019
28020
28021
28017
28020
28021
28021
28021
28023
28023
28023
28022
28023
28022
28023
28022
28023
28022
28023
28022
28023
28022
28024
28021
28022
28022
28023
28021
28023
28021
28022
28022
28021
28020
28022
28021
28023
28022
28025
28022
28027
28026
28026
28022
28025
28017
28018
28021
28024
28026
28022
28025
28027
28027
28019
28019
28027
28027
28027
28027
28027
28022
28025
28027
28026
28030
28028
28030
28030
28030
28030
28030
28031
28030
28029
28029
28029
28029
28029
28030
28029
28032
28022
28028
28028
28028
28029
28030
28028
28028
28028
28025
28023
28028
28017
28022
28026
28026
28026
28026
28030
28029
28029
28025
28027
28025
28028
28028
28028
28028
28028
28032
28021
28030
28032
28032
28033
28032
28033
28032
28028
28028
28028
28028
28028
28028
28028
28028
28027
28027
28027
28027
28027
28027
28027
28027
28027
28027
28027
28027
28027
28027
28027
28027
28039
28039
28039
28040
28041
28040
28040
28040
28061
28061
28061
28061
28061
28061
28061
28061
28060
28060
28060
28060
28060
28060
28060
28043
28050
28051
28050
28052
28051
28052
28049
28052
28047
28045
28040
28041
28037
28042
28034
28022
28041
28048
28047
28045
28047
28042
28045
28033
28035
28045
28040
28045
28047
28049
28050
28049
28051
28046
28045
28048
28044
28048
28042
28041
28048
28046
28049
28047
28032
28032
28027
28031
28033
28032
28034
28035
28033
28035
28033
28035
28025
28029
28030
28036
28031
28035
28027
28024
28019
28032
28030
28032
28027
28025
28030
28032
28035
28032
28030
28032
28028
28029
28023
28030
28028
28031
28020
28028
28023
28017
28028
28034
28032
28035
28033
28032
28032
28034
28030
28030
28028
28031
28026
28030
28027
28027
28026
28028
28027
28028
28028
28028
28028
28028
28030
28030
28024
28030
28030
28027
28030
28030
28030
28031
28029
28029
28031
28031
28030
28035
28030
28031
28030
28031
28031
28028
28032
28032
28032
28032
28031
28031
28031
28031
28031
28031
28031
28031
28031
28031
28031
28031
28031
28031
28031
28031
28031
28031
28031
28031
28031
28031
28031
28031
28031
28031
28031
28031
28033
28033
28033
28033
28033
28033
28033
28033
28033
28033
28033
28033
28033
28033
28033
28033
28033
28033
28033
28033
28033
28033
28033
28033
28033
28033
28033
28033
28033
28033
28033
28033
28033
28033
28033
28033
28044
28043
28043
28043
28043
28043
28045
28037
28041
28041
28043
28020
28020
28020
28020
28020
28016
28016
28016
28016
28017
28016
28017
28017
