66 43
3 13
23 12
45 24
13 6
26 19
11 10
23 17
22 18
106 34
106 41
15 8
17 9
9 8
14 9
12 6
12 9
31 19
13 13
18 9
15 11
24 13
3 2
25 11
23 11
20 11
14 11
10 11
18 13
9 4
25 11
5 3
18 12
2 2
13 8
12 9
23 9
13 10
28 2
11 9
1 2
13 1
6 19
25 10
21 9
12 9
4 2
11 9
17 10
15 8
18 9
11 8
10 8
10 16
18 14
28 14
15 9
13 13
28 11
15 3
5 12
17 9
1 2
17 2
14 8
23 14
13 14
18 13
18 28
7 12
5 7
14 14
49 42
29 18
29 1
13 14
15 13
14 11
5 3
16 11
14 8
11 12
18 13
18 1
26 18
22 11
22 1
21 12
13 12
12 7
14 9
16 8
13 9
13 6
11 6
21 13
25 20
4 16
14 13
13 13
15 14
24 11
14 10
11 5
10 8
30 7
15 12
12 8
15 9
20 7
15 7
17 2
17 8
12 7
14 10
30 7
3 12
23 13
29 9
13 11
11 11
15 11
19 7
12 10
11 4
33 14
20 12
17 11
31 7
11 14
13 9
13 12
14 10
9 6
32 13
13 20
24 20
24 18
12 10
30 13
17 3
3 12
18 10
16 6
27 17
19 12
14 14
12 6
11 7
25 6
25 8
3 9
15 4
13 10
20 8
24 15
13 19
21 15
12 17
34 18
4 4
11 15
39 25
46 27
35 19
14 15
21 10
16 3
16 11
13 12
17 12
18 9
15 9
16 11
13 7
12 11
6 195
35 18
51 13
51 1
4 4
48 14
8 12
24 13
16 6
14 8
22 10
37 26
45 14
45 2
22 9
3 4
27 9
23 22
19 15
21 12
6 3
22 10
15 6
24 17
54 19
14 14
23 10
7 2
37 14
35 20
35 26
17 13
22 11
4 2
28 14
32 12
20 9
34 32
33 10
20 13
21 11
18 13
17 9
16 10
24 18
31 15
6 3
13 16
21 15
6 3
30 10
20 11
24 18
18 12
23 11
6 2
3 2
26 9
20 12
17 9
32 15
54 32
54 1
33 12
23 23
17 10
18 11
12 14
2 2
15 11
32 21
12 19
26 17
4 3
44 25
17 16
24 8
18 17
24 14
50 24
25 9
18 8
31 20
37 14
50 15
6 2
23 8
16 12
15 8
14 10
16 7
13 7
23 16
18 7
14 10
11 16
24 21
3 2
49 26
19 10
21 17
17 14
19 14
38 13
9 8
37 11
13 10
19 10
16 10
32 10
20 13
14 10
20 14
17 8
16 9
31 16
14 17
13 17
38 11
21 14
28 12
19 13
29 10
11 11
17 12
19 10
4 2
25 9
15 8
9 6
28 8
13 13
62 45
2 13
31 11
52 34
14 12
20 11
25 13
66 13
12 16
28 18
29 19
23 10
35 33
13 24
18 15
31 16
10 13
34 1
45 36
9 6
3 13
26 12
43 25
16 11
30 22
25 12
32 12
23 10
23 2
13 8
25 24
6 2
21 9
12 7
47 48
2 1
20 9
18 9
13 6
2 7
14 2
15 12
19 9
19 8
10 6
2 5
11 2
26 38
2 2
15 10
17 9
2 3
2 2
17 2
17 9
14 9
10 3
3 2
17 5
15 14
6 3
40 23
5 3
15 10
15 8
10 6
22 2
21 12
26 15
53 24
25 15
21 9
20 12
26 13
10 14
19 12
21 12
3 2
26 11
21 13
24 16
11 12
16 12
27 19
30 11
14 9
12 2
19 11
11 3
16 12
23 17
23 2
20 12
26 17
8 17
22 13
15 2
30 14
21 9
23 12
12 3
28 9
18 10
19 9
13 7
29 12
22 8
23 11
12 12
31 11
61 34
64 33
11 15
20 13
