1031
1038
1038
1038
1038
1038
1038
1038
1038
1038
1038
1038
1038
1038
1038
1038
1038
1038
1038
1038
1038
1038
1038
1038
1038
1038
1038
1038
1038
1038
1038
1038
1038
1038
1038
1038
1038
1038
1038
1038
1038
1038
1038
1038
1038
1038
1131
1138
1145
1143
1146
1125
1151
1152
1129
1144
1135
1141
1135
1128
1139
1135
1294
1420
1487
1569
1680
1759
1908
1985
2074
2069
2054
2063
2245
2280
2426
2305
2352
2421
2452
2521
2481
2606
2656
2744
2746
2798
2942
2980
2919
3059
2958
3123
3086
3329
3185
3263
3243
3306
3262
3270
3256
3462
3338
3423
3372
3411
3352
3396
3326
3398
3339
3417
3394
3361
3314
3381
3312
3361
3377
3360
3345
3345
3349
3350
3373
3387
3375
3386
3371
3367
3385
3354
3369
3354
3348
3347
3342
3353
3341
3349
3349
3349
3349
3357
3345
3361
3383
3341
3370
3390
3385
3387
3381
3384
3374
3382
3382
3374
3384
3386
3385
3389
3389
3383
3389
3389
3397
3388
3400
3400
3343
3339
3339
3339
3330
3330
3330
3330
3344
3324
3323
3321
3323
3305
3323
3322
3325
3320
3298
3295
3292
3295
3295
3293
3293
3302
3302
3303
3303
3293
3285
3293
3299
3297
3305
3312
3326
3329
3332
3348
3352
3343
3307
3303
3311
3344
3322
3322
3322
3323
3330
3330
3335
3351
3352
3305
3305
3308
3308
3307
3310
3314
3307
3309
3311
3308
3308
3300
3310
3296
3275
3271
3271
3271
3271
3273
3273
3271
3271
3274
3275
3271
3278
3277
3276
3285
3296
3281
3281
3281
3282
3281
3280
3271
3281
3197
3231
3281
3307
3272
3256
3252
3216
3213
3221
3223
3196
3222
3227
3227
3230
3227
3227
3301
3352
3525
3350
3470
3467
3489
3540
3647
3617
3602
3624
3612
3595
3760
3649
3538
3538
3538
3538
3538
3538
3538
3538
3538
3538
3538
3538
3538
3538
3538
3538
3538
3538
3538
3538
3538
3596
3618
3578
3624
3616
3598
3596
3617
3589
3606
3565
3572
3597
3579
3579
3608
3578
3576
3575
3582
3582
3581
3600
3749
3717
3795
3857
4006
4016
4157
4177
4279
4360
4353
4313
4453
4550
4624
4652
4722
4716
4736
4838
4885
5023
5278
5248
5372
5326
5337
5338
5344
5342
5324
5381
5397
5492
5597
5699
5777
5847
5877
5967
6059
6049
6269
6230
6307
6204
6212
6336
6506
6494
6571
6668
6631
6752
6864
6968
7089
7352
7376
7346
7428
7500
7457
7448
7426
7513
7491
7469
7473
7527
7450
7474
7461
7450
7451
7586
7580
7782
7807
7917
8016
8043
8205
8425
8672
8695
8685
8694
8704
8709
8505
8461
8469
8430
8495
8496
8640
8624
8682
8689
8658
8684
8657
8638
8645
8600
8590
8588
8641
8816
8878
8975
9244
9256
9321
9365
9577
9549
9554
9676
9520
9631
9626
9712
9807
9729
9814
9883
9899
9928
10120
10098
10201
10285
10274
10520
10505
10407
10412
10405
10408
10401
10463
10501
10479
10554
10509
10490
10509
10480
10396
10393
10384
10363
10375
10556
10771
10529
10498
10494
10519
10443
10444
10463
10463
10423
10525
10483
10459
10477
10466
10455
10461
10494
10466
10468
10469
10452
10473
10543
10498
10507
10518
10661
10705
10691
10727
10816
10833
10849
10867
11015
11001
10995
11000
11037
11017
11130
11119
11283
11304
11339
11361
11476
11514
11518
11723
11673
11699
11816
11856
11872
11926
11962
12014
12194
12218
12235
12323
12527
12571
12614
12795
12712
12847
12818
12842
12926
12986
12981
13094
13311
13255
13339
13425
13511
13622
13665
13757
13750
13756
13764
13801
13796
13774
13931
13923
14011
14003
13988
13976
13993
13990
13977
13998
14156
14295
14308
14337
14563
14694
14783
15053
15213
15209
15230
15197
15240
15193
15187
15216
15246
15258
15246
15334
15654
15604
15447
15425
15468
15581
15756
15914
15975
16085
16017
16024
16123
16233
16231
16226
16302
16290
16449
16501
16521
16590
16542
16538
16535
16506
16522
16489
16484
16524
16533
16508
16504
16525
16523
16667
16565
16607
16658
16674
16792
16754
16745
16625
16679
16719
16684
16741
16866
16762
16717
16732
16729
16736
16740
16832
16883
16852
16931
17026
17053
17130
17210
17242
17279
17335
17442
17468
17556
17547
17643
17673
17804
17844
17822
17795
17821
17868
17835
17847
17887
17953
18024
18043
18178
18187
18252
18466
18478
18496
18559
18598
18571
18623
18691
18740
18797
18842
18856
18867
19025
19014
18958
18995
18963
18954
18986
18919
19046
19052
19065
19139
19228
19305
19299
19392
19564
19622
19663
19685
19640
19804
19851
19905
19925
19987
20050
20117
20133
20082
20146
20150
20096
20091
20115
20118
20417
20357
20436
20563
20731
20671
20796
20743
20747
20850
20877
21006
21209
21154
21356
21363
21489
21501
21576
21715
21681
21768
21782
21795
21832
21993
21937
22199
22119
22222
22172
22138
22072
22160
22113
22275
22201
22285
22256
21991
22060
22017
22069
22123
22139
22127
22232
22117
22133
22128
22096
22223
22140
22159
22001
22031
21983
21986
21965
22001
21967
21974
21973
21991
21996
21992
22012
21991
21974
21977
21951
21973
21949
21968
21944
21965
21938
21956
21944
21967
22026
22142
22262
22418
22446
22536
22577
22563
22592
22757
22759
22749
22820
22960
22935
22987
23024
23236
23293
23210
23144
23237
23292
23287
23389
23505
23562
23671
23681
23670
23901
23900
24049
24077
24012
24095
24161
24245
24376
24535
24634
24731
24765
24748
24718
24776
24791
24853
24775
24581
24629
24651
24710
24705
24772
24819
24784
24833
24831
24858
24782
24814
24761
24793
24939
25002
24943
24932
24915
24913
24898
24923
24898
24907
24901
25044
24878
24871
24851
24872
24712
24740
24731
24731
24719
24730
24717
24729
24717
24729
24717
24729
24717
24729
24717
24729
24717
24729
24717
24729
24717
24729
24717
24729
24717
24729
24717
24729
24717
24729
24717
24729
24717
24729
24717
24729
24717
24729
24717
24729
24717
24729
24717
24729
24797
24897
24817
24800
24791
24827
24801
24802
24788
24792
24781
24939
25243
25357
25406
25483
25427
25408
25408
25408
25512
25969
26126
26175
26177
26173
26182
26495
26713
26759
26879
27000
26964
26968
26948
26958
26996
27001
27087
27369
27981
28182
28182
28230
28220
28316
28325
28306
28419
28564
28733
28701
28697
28844
28887
28908
28925
28998
28992
29083
28623
28672
28520
28533
28490
28501
28464
28469
28460
28473
28436
28424
28427
28412
28404
28396
28371
28375
28384
28395
28482
28534
28750
28713
28788
28834
28983
29084
29195
29218
29299
29335
29433
29567
29801
29815
30067
30215
30321
30514
30810
30940
30948
31009
30998
31014
31044
31027
31002
30925
30932
30936
30928
30945
30927
30924
30920
30917
30925
30913
30887
30955
30880
30884
30876
30890
30883
30884
30865
30867
30866
30874
30861
30850
30846
30860
30828
30870
30871
30846
30828
30849
30835
30847
30838
30847
30838
30987
30927
30959
30968
30861
30874
30977
30938
30979
31005
30974
30975
31000
30938
31023
30988
31013
30979
30951
30929
30893
30901
30894
30891
30930
30911
30915
30915
30958
30925
30906
30899
30907
30899
30990
31075
31495
31820
32138
32319
32469
32481
32498
32477
32492
32480
32476
32474
32647
32546
32656
32618
32668
32751
32754
32804
32896
32805
32832
32855
32917
32862
32919
32806
32791
32789
32793
32767
32770
32708
32767
32738
32787
32701
32747
32749
32801
32696
32837
32986
33093
33046
33079
33097
33203
33148
33125
33268
33383
33336
33415
33371
33468
33513
33510
33527
33576
33649
33649
33770
33699
33664
33727
33901
33836
33817
33850
33727
33580
33629
33660
33626
33652
33594
33598
33579
33604
33572
33621
33669
33692
33746
33838
33835
33878
33865
33829
33826
33879
33863
33870
33799
33866
33838
33889
33869
33892
33847
33716
33661
33681
33642
33735
33468
33522
33500
33517
33506
33466
33456
33512
33411
33446
33637
33599
33333
33321
33217
33314
33299
33265
33359
33321
33262
33508
33332
33438
33507
33361
33313
33316
33261
33289
33271
33277
33273
33337
33319
33295
33288
33242
33234
33199
33269
33244
33247
33192
33230
33213
33305
33156
33260
33224
33220
33323
33316
33453
33374
33178
33158
33255
33296
33275
33238
33262
33257
33265
33273
33300
33315
33354
33240
33256
33411
33777
33690
33691
33711
33771
33768
33784
33779
33833
33806
33817
33912
34245
34176
34243
34176
34175
34218
34225
34284
34510
34481
34571
34518
34591
34576
34611
34613
34634
34567
34623
34665
34674
34719
34778
34807
34814
34763
34737
34797
34920
34874
34965
34935
34730
34657
34717
34715
34681
34806
34806
34810
34769
34776
34797
34799
34838
34824
34827
35042
34984
34846
34855
34880
34906
34850
34874
34758
34763
34771
34786
34778
34787
34794
34790
34751
34763
34752
34787
34791
34818
34919
34970
34925
34924
34924
34924
34910
34899
34944
35000
35105
35224
35210
35215
35397
35458
35645
35556
35674
35676
35724
35793
35860
36008
36067
36126
36197
36255
36141
36137
36143
36159
36147
36174
36153
36142
36128
36088
36053
36097
36095
36096
36027
36006
36053
36101
36236
36253
36221
36253
36269
36201
36237
36080
36015
36018
36034
36014
36031
36019
36054
36030
36038
36004
36006
36008
36040
36050
36072
36007
35978
36011
36087
36062
36111
36099
36270
36211
36210
36178
36191
36183
36201
36111
36120
36131
36135
36099
36115
36116
36169
36242
36269
36423
36371
36357
36364
36357
36136
36125
36054
36108
36137
36178
36103
36094
36091
36086
36037
36069
36095
36070
36067
36033
35997
35979
35986
36043
35986
36021
35992
36009
35973
36084
36105
36109
36016
35996
35991
35987
35973
35947
35967
35971
35949
35996
35998
35980
36004
36028
36028
36028
36047
36143
36128
36129
36192
36231
36262
36245
36239
36200
36175
36185
36191
36191
36185
36185
36297
36400
36270
36250
36263
36283
36250
36241
36248
36281
36300
36340
36414
36427
36408
36470
36486
36496
36478
36494
36613
36635
36678
36709
36728
36707
36777
36847
36957
36941
37045
36967
36993
37017
36920
36903
36943
36977
37030
37042
37043
37020
37010
37032
37008
37017
37031
37133
37072
37032
37051
37016
37143
37097
37063
36940
36992
36945
36919
36978
37006
37096
37028
36969
36999
36989
36990
36983
36983
37055
37095
37069
37046
37101
37077
37019
36993
37035
37070
37146
37125
37103
37108
37122
37126
37156
37108
37069
37068
37057
37066
36985
37065
36967
36959
36960
36973
36958
36953
36949
36945
36950
36949
36957
36955
36920
36889
36889
36888
36885
36888
36886
36887
36887
36887
36887
36887
36887
36887
36949
36998
37163
37085
37084
37071
37039
36964
36977
36980
37021
37005
37007
36973
36979
36967
36999
36952
36972
36928
36990
37005
37013
37038
37009
36978
36878
36889
36870
36896
36893
36883
36859
36850
36860
36859
36852
36841
36838
36855
36852
36834
36866
36916
36912
36889
36953
36976
36970
36969
36965
36968
36893
36909
37074
37194
37281
37332
37456
37469
37571
37742
37867
37926
37880
37967
38009
38048
38270
38413
38501
38664
38771
38795
38833
39005
39041
39204
39298
39393
39351
39420
39427
39392
39355
39384
39370
39365
39411
39414
39436
39592
39709
39763
39715
39631
39758
39774
39771
39708
39776
39779
39882
39865
39890
39853
39773
39778
39764
39815
39770
39737
39701
39698
39716
39729
39711
39695
39671
39671
39664
39725
39868
39890
39942
40097
40043
40050
40117
40171
40131
40132
40190
40236
40294
40350
40240
40265
40264
40274
40226
40322
40311
40296
40228
40226
40358
40427
40355
40386
40406
40310
40267
40234
40208
40252
40311
40344
40334
40325
40365
40342
40366
40324
40334
40318
40240
40240
40226
40241
40199
40221
40203
40219
40371
40387
40402
40456
40515
40542
40698
40744
40836
40788
40831
40803
40897
41007
41018
41010
41013
41153
41256
41229
41223
41335
41277
41428
41440
41533
41476
41500
41476
41521
41460
41516
41463
41490
41463
41489
41526
41495
41497
41473
41482
41461
41470
41464
41547
41660
41615
41634
41679
41659
41667
41670
41710
41662
41640
41722
41575
41602
41569
41775
41751
41739
41701
41835
41927
42017
42397
42355
42546
42537
42483
42379
42435
42397
42433
42391
42379
42427
42397
42448
42426
42473
42407
42351
42356
42347
42321
42371
42404
42460
42458
42504
42526
42567
42663
42690
42710
42752
42754
42829
42881
42892
42900
42909
42888
42878
42918
43028
43036
43027
43010
43024
42890
42913
42906
42945
42895
42874
42931
42979
42919
42934
42946
42931
42901
42905
43163
43050
43105
43038
43008
43049
43108
43047
43041
43052
43025
43033
43026
43004
43030
43020
43063
43081
43075
43067
43032
43510
43430
43474
43311
43327
43338
43295
43245
43232
43220
43144
43139
43152
43128
43181
43134
43114
43063
43089
43040
43058
43001
42964
43009
43081
43019
43161
43140
43219
43167
43198
43173
43166
43208
43262
43261
43312
43256
43282
43362
43175
43232
43136
43076
43137
43078
43051
42990
43072
43040
43150
43127
43069
43046
43024
43037
43055
42970
42972
43001
43060
43096
43035
43044
43108
43074
43086
43085
43115
43179
42874
42846
42857
42825
42815
42884
42895
42863
42821
42831
42860
42859
42963
42951
42987
42876
42863
42806
42800
42790
42765
42772
42759
42828
42784
42750
42754
42784
42745
42861
43161
43026
42920
42933
43009
42931
42896
42831
42824
42777
42830
42808
42878
42861
42906
42992
42938
42966
42924
43028
42994
43010
43018
43018
42985
42989
42971
42974
42954
42951
42937
42924
42898
42916
42895
42895
42960
43011
43093
43100
43111
43057
43051
43086
43104
42904
42963
42975
42973
42941
42944
42966
42943
42989
42973
43001
42892
42966
43007
43083
42974
43046
43023
42996
42974
42989
43005
42932
42926
42931
42950
42961
42974
42950
42942
42884
42836
42819
42863
42786
42771
42750
42772
42753
42736
42762
42790
42815
42891
42903
42907
42886
42962
42838
42907
42903
42927
42916
42967
43003
42970
42947
42944
42937
42952
42926
42940
42942
42914
42936
42946
42944
42964
42925
42934
42910
42916
42957
42970
43017
43097
43063
42952
42937
42958
42960
42884
42892
42875
42871
42890
42867
42888
42866
42885
42871
42876
42849
42874
42841
42863
42839
42861
42847
42867
42834
42853
42834
42853
42833
43288
43251
43233
43215
43235
43217
43230
43217
43231
43214
43221
43207
43288
43304
43271
43254
43298
43221
43205
43202
43201
43217
43230
43241
43254
43242
43255
43241
43317
43235
43340
43409
43375
43376
43382
43350
43313
43340
43361
43494
43518
43530
43692
43624
43553
43631
43716
43757
43685
43728
43704
43740
43816
43831
43850
43900
43890
44004
44082
44072
44100
44027
44037
44102
44192
44205
44182
44202
44200
44129
44108
44207
44150
44265
44164
44047
44121
44097
44069
44087
44122
44161
44208
44209
44376
44269
44331
44289
44300
44177
43961
44005
43908
43969
43985
43932
43918
43942
43903
43877
43923
43894
43932
43935
43883
43943
44027
44012
43991
43953
43994
43977
44010
43978
44143
44104
44108
44131
44168
44201
44089
44059
44083
44080
44039
44046
44040
44019
44047
44003
44046
44106
44038
43981
44065
44333
44200
44134
44157
44139
44066
44032
44047
44030
44092
44074
44054
44075
44051
44003
44016
44108
44037
44040
44017
44004
44015
43964
43965
44039
44048
44009
44055
43938
43973
44058
44034
43978
44006
43989
44057
44004
44072
44004
44028
44050
44076
44048
44076
44044
44116
44031
44043
44030
44045
44046
44045
44137
44214
44226
44216
44251
44317
44277
44304
44231
44198
44184
44183
44205
44352
44248
44295
44278
44311
44294
44348
44358
44348
44310
44313
44345
44263
44229
44246
44215
44252
44261
44332
44238
44306
44286
44307
44232
44273
44272
44226
44181
44294
44334
44379
44351
44338
44336
44354
44386
44387
44373
44407
44442
44518
44547
44664
44645
44621
44615
44627
44671
44723
44710
44769
44764
44693
44725
44705
44722
44659
44680
44618
44580
44595
44563
44540
44540
44592
44512
44528
44562
44642
44640
44664
44735
44656
44610
44626
44729
44713
44717
44689
44684
44815
44856
44922
44927
44950
45050
45119
45208
45250
45255
45304
45333
45361
45378
45392
45519
45573
45518
45575
45736
45859
45855
45933
45899
45894
45949
46021
46096
46199
46169
46162
46093
46114
46136
46161
46270
46422
46414
46534
46490
46527
46630
46690
46719
46718
46761
46835
46834
46920
46962
46883
47040
46922
47036
47036
47108
47122
47109
47088
47123
47103
47141
47079
47126
47102
47045
46946
46985
47014
47035
47011
47013
47002
47025
46971
47012
47026
47052
47006
47020
46945
46943
46958
46970
46910
46936
46981
47004
46966
46968
46930
47003
46958
46989
46962
47062
46979
47000
46986
47030
46992
47017
46956
47004
46920
46957
46945
46993
46962
46969
46837
46996
46933
46923
46942
46973
46991
46992
46948
46962
46995
46940
46974
46944
47048
46979
47075
47031
47061
47051
47167
47303
47296
47399
47357
47395
47423
47489
47543
47469
47307
47253
47339
47316
47307
47286
47300
47331
47324
47286
47258
47302
47263
47293
47323
47326
47356
47285
47323
47353
47327
47380
47425
47429
47363
47426
47430
47488
47546
47491
47711
47708
47663
47693
47719
47727
47769
47807
47739
47716
47711
47691
47754
47686
47712
47697
47684
47666
47695
47728
47773
47773
47752
47696
47749
47769
47780
47734
47801
47749
47764
47733
47754
47748
47728
47714
47791
47862
47963
47970
48098
48095
48006
47995
48025
47966
47970
47996
48058
48107
48305
48324
48293
48304
48326
48301
48368
48249
48325
48345
48409
48409
48320
48240
48313
48336
48292
48306
48343
48328
48369
48331
48344
48401
48398
48270
48324
48266
48279
48261
48323
48298
48324
48391
48435
48483
48483
48474
48552
48499
48502
48483
48528
48482
48518
48503
48538
48469
48572
48549
48640
48650
48758
48746
48746
48616
48589
48561
48567
48581
48593
48579
48594
48568
48637
48560
48571
48519
48562
48567
48748
48784
48738
48685
48683
48660
48671
48664
48673
48645
48701
48644
48661
48670
48682
48664
48745
48793
48834
48733
48708
48739
48782
48692
48789
48712
48675
48712
48675
48712
48584
48612
48568
48617
48567
48603
48566
48603
48566
48603
48566
48603
48566
48603
48566
48621
48572
48610
48569
48607
48570
48607
48570
48730
48658
48654
48683
48664
48633
48671
48697
48743
48697
48899
48968
49040
49215
49290
49476
49524
49559
49539
49660
49660
49730
49693
49654
49731
49721
49678
49721
49801
49852
49873
49881
49887
49898
49896
50182
49852
49927
49866
49847
49835
49829
49805
49828
49942
50019
50041
50050
50170
50162
50253
50331
50456
50515
50514
50507
50592
50657
50751
50737
50804
50884
50855
50905
50974
50974
51022
50981
51066
51098
51172
51177
51250
51222
51238
51336
51299
51405
51440
51492
51524
51555
51614
51554
51656
51656
51703
51744
51792
51875
51887
51855
51842
51830
51813
51828
51797
51815
51781
51809
51793
51793
51786
51792
51786
51788
51784
51788
51786
51789
51793
51795
51841
51839
51831
51839
51819
51834
51836
51852
51826
51827
51830
51842
51832
51879
51955
52203
52259
52137
52137
52152
52124
52099
52116
52045
52367
52127
52107
52120
52232
52146
52062
52089
52094
52112
52107
52109
52089
52112
52115
52119
52157
52133
52094
52134
52131
52022
52004
52117
52077
52056
52032
52027
52018
52025
52010
52007
52005
52154
52105
52158
52171
52181
52228
52267
52297
52472
52497
52556
52571
52591
52626
52571
52611
52611
52632
52725
52760
52581
52695
52696
52891
52879
52921
52930
52952
52931
52927
52976
53019
53038
53028
53040
52984
53022
53061
53084
53133
53100
53139
53143
53153
53136
53095
53109
53113
53012
52966
52977
52928
52953
52981
52967
52955
52934
52952
52936
52938
52908
52909
53031
53161
53245
53247
53323
53445
53449
53419
53420
53428
53569
53556
53558
53577
53568
53567
53929
53952
53922
54035
54028
54035
54048
54135
54159
54194
54136
54118
54180
54148
54139
54147
54131
54248
54232
54251
54254
54229
54219
54305
54413
54466
54490
54587
54584
54613
54596
54552
54523
54522
54537
54659
54523
54525
54518
54501
54530
54515
54497
54468
54468
54502
54471
54487
54474
54493
54463
54469
54469
54460
54451
54438
54464
54441
54451
54455
54362
54380
54309
54315
54301
54329
54304
54327
54307
54329
54317
54322
54302
54317
54299
54331
54301
54297
54289
54292
54318
54328
54327
54321
54313
54330
54322
54333
54329
54315
54349
54320
54320
54310
54311
54309
54303
54324
54310
54311
54299
54291
54272
54284
54274
54302
54265
54293
54269
54339
54295
54291
54223
54294
54371
54382
54360
54359
54337
54251
54267
54267
54088
54310
54314
54366
54394
54279
54290
54265
54646
54613
54603
54669
54734
54605
54639
54615
54643
54587
54584
54555
54656
54558
54659
54547
54553
54646
54657
54489
54582
54556
54658
54524
54535
54728
54632
54600
54624
54618
54637
54627
54615
54606
54633
54633
54592
54591
54604
54590
54816
54933
55059
55110
55310
55389
55548
55599
55613
55697
55445
55456
55460
55410
55513
55482
55460
55482
55477
55471
55446
55457
55412
55415
55464
55358
55325
55323
55293
55269
55291
55289
55364
55389
55569
55641
55818
55864
55912
56010
56152
56214
56409
56539
56591
56609
56704
56683
56722
56724
56749
56701
56706
56748
56797
56587
56592
56651
56558
56593
56531
56624
56581
56611
56609
56621
56594
56632
56620
56693
56678
56674
56571
56505
56572
56613
56629
56585
56595
56594
56590
56605
56659
56723
56698
56733
56649
56675
56638
56688
56639
56662
56647
56669
56567
56624
56579
56639
56589
56637
56610
56623
56596
56637
56853
56944
56968
57013
56996
57072
57052
57392
57330
57435
57341
57366
57294
57352
57337
57584
57553
57654
57565
57739
57689
57718
57701
57867
57839
57868
57797
57970
58064
58014
58164
58146
58234
58141
58160
58231
58433
58357
58402
58547
58602
58559
58700
58689
58795
58738
58980
58741
58820
58719
58705
58693
58680
58665
58681
58662
58580
58550
58606
58594
58598
58610
58609
58595
58594
58596
58609
58580
58591
58580
58616
58589
58573
58590
58677
58690
58817
58553
58603
58717
58704
58647
58648
58764
58682
58665
58669
58671
58647
58628
58673
58577
58572
58537
58554
58519
58594
58501
58571
58476
58671
58598
58625
58537
58614
58583
59340
59390
59482
59381
59431
59400
59466
59388
59458
59386
59379
59353
59413
59378
59414
59381
59423
59352
59385
59466
59400
59442
59499
59512
59509
59440
59440
59432
59466
59426
59462
59419
59438
59400
59440
59406
59420
59381
59421
59388
59332
59385
59291
59292
59441
59479
59465
59554
59706
59663
59732
59753
59759
59796
59950
60012
60095
60168
60185
60157
60254
60402
60551
60626
60685
60658
60687
60660
60697
60741
60849
60819
60794
60766
60807
60732
60734
60705
60749
60811
61056
61260
61459
61564
61653
61626
61740
61899
62145
62364
62559
62526
62536
62561
62596
62579
62791
62766
62717
62612
62859
62697
62595
62600
62676
62571
62655
62712
62729
62742
62801
62760
62734
62675
62678
62492
62498
62494
62501
62457
62501
62410
62551
62510
62557
62594
62615
62624
62547
62578
62466
62458
62455
62599
62657
62633
62652
62693
62685
62670
62652
62655
62663
62677
62755
62521
62554
62434
62563
62528
62516
62532
62568
62610
62513
62534
62523
62504
62571
62480
62404
62581
62481
62476
62492
62395
62432
62437
62412
62368
62385
62371
62342
62317
62316
62314
62306
62297
62396
62385
62402
62375
62478
62559
62556
62530
62516
62427
62406
62434
62336
62331
62311
62332
62299
62332
62303
62334
62300
62335
62304
62329
62300
62330
62296
62471
62443
62468
62437
62481
62436
62469
62422
62514
62443
62476
62454
62485
62536
62885
62813
62844
62812
62870
62881
62946
63101
63100
63125
63086
63116
63163
63106
63123
63135
63126
63075
63021
63130
63014
63074
63050
63024
63071
63028
63030
63019
62988
63031
63023
63706
63648
63636
63615
63599
63574
63567
63530
63644
63660
63630
64102
64101
64096
64174
64237
64267
64309
64297
64389
64546
64502
64504
64614
64781
64776
64781
64806
64834
65001
64991
64994
65006
64940
64949
65044
65022
65024
65084
65025
65051
65024
65030
64961
64973
64961
64985
64996
65082
65106
65231
65106
65374
65256
65245
65221
65253
65189
65260
65207
65222
65347
65194
65183
65197
65172
65180
65142
65152
65126
65173
65149
65152
65137
65314
65475
65459
65567
65598
65698
65971
66037
66088
66101
66080
66050
66086
66266
66492
66613
66560
66757
66634
66856
66856
66904
66970
66967
66998
67213
67327
67315
67419
67495
67787
67921
67917
67815
67886
67846
67896
67858
67930
67856
68357
68300
68418
68448
68445
68636
68645
68680
68793
68760
68777
68835
69103
69093
69132
69175
69297
69210
69303
69458
69437
69447
69482
69514
69696
69699
69766
69794
69749
69748
69740
69762
69772
69747
70085
70114
70373
70574
70462
70708
70848
70807
70884
70884
70889
70835
70872
70820
70833
70834
70881
70816
70885
71050
71278
71305
71377
71466
71599
71567
71646
71615
71813
71787
71909
71968
72136
72140
72147
72130
72192
72170
72204
72195
72210
72384
72719
72894
73052
72973
73067
72966
73011
72983
73043
73004
73094
73149
73183
73236
73247
73223
73269
73232
73246
73275
73072
73200
73076
72995
73017
72964
73076
73024
73046
73049
73069
73049
73069
73041
73064
73043
73025
72996
73011
72983
73021
72989
73009
72980
73004
72974
72989
72946
73015
72985
72972
72924
72836
72915
72932
72967
73009
72947
73022
72980
73567
73521
73508
73458
73489
73378
73366
73320
73338
73308
73323
73322
73317
73267
73289
73252
73287
73213
73343
73339
73356
73359
73230
73178
73189
73235
73236
73243
73200
73205
73210
73236
73243
73226
73238
73245
73243
73188
73233
73195
73271
73228
73255
73275
73394
73369
73414
73373
73423
73402
73375
73302
73327
73299
73333
73303
73347
73435
73454
73355
73351
73322
73343
73332
73395
73318
73297
73255
73236
73223
73254
73243
73269
73286
73272
73304
73321
73378
73333
73370
73125
73280
73184
73172
73189
73166
73220
73337
73481
73619
73865
74000
74412
74399
74536
74683
74764
74858
75022
75203
75557
75796
76055
76263
76339
76306
76301
76340
76438
76361
76378
76395
76301
76351
76330
76358
76340
76286
76313
76275
76278
76261
76282
76279
76364
76411
76552
76901
77020
76963
77058
77010
77029
77009
77002
77053
77248
77306
77479
77463
77444
77565
77464
77449
77468
77471
77507
77470
77615
77579
77601
77651
77658
77669
77671
77551
77553
77521
77590
77524
77554
77539
77551
77536
77564
77558
77546
77527
77549
77493
77570
77501
77503
77544
77565
77938
77967
77958
78005
77969
77979
78077
78129
78111
78267
78300
78292
78298
78316
78299
78336
78337
78355
78311
78502
78503
78537
78510
78521
78482
78474
78612
78606
78652
78788
78751
78740
78726
78843
78909
78940
78887
78906
78887
79044
78852
78784
78779
78740
78707
78755
78783
78728
78682
78658
78592
78660
78588
78589
78561
78596
78536
78592
78531
78582
78521
78595
78545
78575
78571
78555
78537
78672
78735
78872
78679
78746
78710
78722
78607
79202
79137
79087
79035
79046
79014
79016
78986
79007
79079
79044
79081
79055
79059
79125
79055
79090
79056
79079
79095
79117
79108
79139
79126
79230
78997
78928
78978
79016
78927
78901
78956
78896
78882
78932
78895
78911
78864
78890
78868
78905
78868
78899
78884
78861
78870
78874
78797
78812
78845
78812
78861
78862
78850
78917
78873
78867
78886
78899
78894
78899
78885
78906
78904
78937
78943
79001
78881
78833
78923
78870
78977
78971
78894
78996
78932
78928
78956
78864
78902
78877
78867
78832
78835
78805
78824
78771
78781
78727
78748
78714
78753
78737
78760
78730
78761
78727
78724
78718
78755
78745
78762
78713
78712
78678
78701
78661
78660
78655
78671
78687
78669
78716
78673
78660
78689
78620
78630
78661
78641
78620
78604
78582
78607
78590
78624
78588
78638
78649
78661
78585
78720
78679
78666
78686
78684
78702
78681
78678
78685
78692
78678
78692
78700
78693
78685
78675
78684
78721
78679
78711
78705
78626
78634
78678
78683
78705
78715
78750
78694
78740
78709
78734
78698
78721
78733
78733
78735
78700
78740
78766
78757
78778
78766
78813
78805
78784
78793
78803
78810
78826
78819
78834
78817
78768
78804
78853
78838
78823
78817
78715
78738
78729
78712
78741
78716
78741
78688
78729
78675
78691
78678
78652
78681
78641
78777
78640
78644
78597
78649
78625
78698
78657
78658
78682
78731
78712
78761
78851
78842
78632
78649
78648
78708
78632
78611
78637
78602
78614
78550
78581
78572
78612
78522
78594
78587
78594
78582
78692
78668
78689
78668
78725
78639
78716
78702
78727
78681
78719
78699
79238
79307
79238
79222
79172
79213
79098
79135
79125
79165
79257
79224
79242
79234
79174
79030
78968
78949
78896
78920
78951
78949
78956
78978
78985
79020
79046
79124
79137
79069
79139
79096
79115
79069
79062
79085
79073
79059
79079
79305
79210
79144
79122
79140
79182
79081
78932
79088
79036
79120
79190
79031
78941
79004
78997
79063
79005
79072
79131
79071
78978
79011
78950
78839
78906
78991
79022
78936
78895
79007
78932
78996
78964
78921
78949
78910
78846
78819
78781
78735
78775
78758
78699
78717
78765
78768
78730
78777
78758
78783
78874
78709
78701
78726
78707
78814
78715
78805
78760
78872
78761
78792
78765
78856
78757
78812
78772
78814
78758
78868
78798
78775
78694
78780
78730
78765
78782
78855
78796
78871
78546
78660
78622
78620
78620
78719
78853
78812
78817
78862
78883
78794
78837
78863
78855
78638
78526
78659
78643
78540
78581
78630
78620
78665
78655
78784
78837
78892
78987
79086
78650
78655
78676
78589
78716
78641
78750
78679
78710
78693
78663
78668
78695
78641
78662
78610
78571
78600
78601
78624
78523
78552
78557
78582
78588
78602
78598
78617
78619
78541
78650
78817
78692
78679
78679
78643
78677
78693
78696
78713
78706
78731
78802
78756
78771
78717
78701
78710
78692
78657
78633
78711
78626
78643
78713
78698
78682
78739
78712
78799
78687
78663
78660
78624
78603
78664
78609
78660
78599
78670
78640
78827
78793
78787
78770
78752
78638
78596
78617
78623
78589
78641
78524
78550
78539
78561
78586
78618
78603
78673
78711
78831
78719
78754
78663
78696
78602
78630
78576
78617
79118
79113
79114
79038
79080
78981
78937
78920
78962
78995
78936
78946
78921
78914
78903
78865
78893
78826
78802
78790
78880
78832
78787
78900
78866
78876
78862
78915
78922
79076
79005
79009
78999
78991
78949
78903
78850
78835
78775
78898
78900
78945
78851
78943
78906
78933
78957
78982
78988
78972
78993
79061
78922
79023
78982
79013
78940
79020
78968
79012
79005
79021
78964
78972
78997
78808
78869
78884
78864
78748
78758
78782
78836
78741
78840
78881
78857
78871
78886
78852
78687
78629
78698
78688
78702
78646
78628
78629
78695
78651
78726
78679
78893
78860
78694
78636
78752
78722
78719
78599
78639
78663
78706
78669
78669
78657
78667
78626
78683
78607
78810
79045
78883
78842
78763
78775
78697
78711
78699
78750
78722
78748
79126
78844
78839
78786
78699
78789
78742
78736
78707
78704
78688
78657
78799
78678
78729
78746
78735
78747
78771
78728
78702
78687
78659
78751
78799
78801
78808
78828
78709
78664
78705
78739
78759
78790
78655
78661
78696
78678
78699
78677
78701
78765
78786
78756
78751
78675
78736
78745
78760
78881
78797
78832
78897
78920
78939
78953
78945
78946
78928
78888
78893
78911
78899
78756
78711
78691
78694
78708
78802
78924
79038
79216
79387
79485
79624
79611
79712
79752
79853
80040
80263
80275
80321
80348
80460
80453
80424
80447
80423
80422
80413
80403
80437
80403
80210
80209
80200
80214
80204
80205
80205
80202
80194
80200
80200
80195
80226
80207
80242
80344
80260
80277
80274
80281
80267
80254
80239
80251
80236
80258
80209
80202
80236
80243
80246
80332
80341
80287
80865
80855
80788
80751
80774
80748
80737
80743
80748
80754
80775
80737
80674
80665
80742
80719
80705
80743
80756
80751
80788
80722
80747
80770
80764
80735
80694
80701
80684
80721
80701
80689
80660
80635
80629
80698
80679
80653
80646
80673
80504
80547
80464
80674
80510
80356
80359
80366
80352
80442
80424
80346
80333
80322
80315
80325
80258
80262
80256
80263
80260
80245
80259
80233
80258
78042
78621
78681
80032
80138
72605
66934
66730
61018
60880
54940
54111
54026
53296
51826
52022
52007
51499
52701
51866
50697
50856
50742
50276
50376
50440
50335
50416
50349
50398
50363
50402
50367
50776
50921
51264
51337
51319
51309
49812
49946
49909
49460
47446
47344
40894
40992
40953
36901
35409
31154
30045
29991
28334
27723
27801
27715
19505
18330
17845
17043
16940
16942
16695
16546
12248
12215
10957
8942
7861
7401
6683
6283
6693
3798
3200
3215
3187
3223
3223
995
995
995
1080
1113
1116
1160
1155
1155
996
996
996
996
996
996
996
996
996
996
996
996
996
996
996
996
996
996
996
996
996
996
996
996
996
996
996
996
996
996
996
996
996
996
996
996
996
996
996
996
996
996
996
996
996
996
996
996
996
996
996
996
996
996
996
996
996
996
996
996
996
996
996
996
996
996
996
996
996
996
996
1102
1088
1143
1105
1146
1075
1071
1059
1060
1060
1065
1062
1054
1054
1054
1077
1185
1213
1378
1670
1652
1683
1704
1743
1893
1654
1761
1809
1802
1781
1767
1748
1838
1837
1807
1850
1894
1932
1925
1905
1879
1849
1925
1887
1902
1904
1987
2012
2005
2158
2130
2134
2174
2158
2102
2032
2106
2083
2077
2078
2087
2084
2070
2082
2078
2084
2133
2389
2597
2622
2648
2670
2680
2682
2824
2988
3168
3056
3042
3034
3099
3091
3161
3188
3185
3237
3278
3304
3288
3393
3396
3370
3373
3532
3555
3638
3725
3868
3824
3968
4019
3919
3921
3933
4167
4503
4540
4558
4507
4511
4509
4493
4671
4497
4507
4632
4667
4653
4619
4663
4636
4625
4617
4588
4644
4649
4650
4647
4603
4608
4560
4561
4610
4658
4699
4843
4831
4875
4873
4833
4819
4824
4819
4806
4803
4753
4754
4749
5024
5134
5160
5215
5243
5321
5397
5503
5510
5633
5603
5626
5494
5522
5807
6070
6018
6017
5989
6012
6048
6036
6022
6015
6108
6326
6273
6268
6271
6402
6467
6455
6520
6674
6628
6702
6649
6771
6777
6900
7157
7238
7201
7318
7303
7309
7352
7595
7665
7713
7765
7782
7794
7793
7770
7762
7797
7681
7681
7687
7689
7658
7667
7642
7664
7649
7666
7695
7840
7895
7807
7851
7801
7817
7814
7837
7830
7839
7842
7940
7936
7970
8001
7973
8055
8078
8053
8464
8431
8371
8336
8328
8359
8302
8326
8295
8311
8277
8300
8327
8330
8303
8317
8270
8287
8258
8316
8342
8258
8245
8212
8207
8288
8277
8301
8261
8266
8228
8254
8225
8246
8222
8252
8271
8369
8392
8380
8204
8381
8291
8401
8288
8222
8215
8183
8253
8235
8300
8446
8784
8944
8904
9037
9031
9185
9227
9258
9171
9194
9125
9182
9219
9319
9583
9694
9684
9621
9681
9648
9601
9568
9649
9716
9764
9870
9938
9878
9958
9956
10034
10033
10141
10106
10163
10131
10211
10288
10427
10396
10545
10685
10854
10828
10826
10840
10878
11037
11168
11167
11222
11225
11296
11058
11207
11208
11162
11189
11111
11137
11175
11145
11161
11140
11163
11198
11198
11214
11378
11363
11325
11267
11286
11232
11341
11456
11678
11622
11669
11667
11764
11676
11707
11663
11685
11655
11684
11701
11774
11861
11846
11795
11913
11871
11901
11926
11914
11903
11891
11842
11874
11834
11897
11830
11888
11844
11869
12011
11852
11857
11875
11931
11962
11867
11888
11864
11891
11868
11880
11849
11865
11863
11881
11842
11905
11750
11780
11756
11895
11917
11914
11885
11914
11885
11914
11885
11914
11885
11914
11885
11914
11885
11914
11885
11914
11885
11914
11885
11914
11885
11914
11885
11914
11885
12041
11980
12069
11931
11966
11968
12106
12057
12060
12036
12089
12066
12070
12054
12056
12069
12091
12044
12071
11895
11917
11909
11963
11932
11952
11912
11951
11915
11976
12011
12017
12024
11937
11938
11829
11833
11814
11782
11817
11794
11827
11818
11834
11900
11980
11825
11841
11822
11845
11718
11741
11718
11741
11718
11741
11718
11741
11718
11741
11718
11741
11718
11741
11718
11741
11718
11840
11817
11832
11809
11832
11791
11814
11835
11928
12198
12533
12576
12628
12683
12765
12783
12813
12969
13015
13123
13222
13370
13292
13543
13459
13526
13613
13624
13689
13779
13792
13884
13870
14018
13998
14150
14204
14247
14269
14257
14279
14450
14589
14627
14619
14758
14794
14921
14900
14917
15011
15070
15166
15294
15438
15369
15472
15569
15573
15588
15733
15911
16071
16069
16102
16260
16300
16241
16249
16209
16252
16214
16214
16324
16596
16493
16573
16688
16840
17005
17051
17299
17162
17111
17134
17094
17128
17105
17253
17247
17280
17340
17526
17602
17606
17570
17580
17650
17768
17826
17851
17968
18021
17985
18264
18454
18420
18391
18401
18423
18383
18517
18771
18695
18850
18955
18971
19018
18976
19050
19017
19058
19077
19171
19268
19302
19286
19411
19529
19602
19654
19660
19802
19888
19934
20127
20172
20159
20279
20157
20129
20145
20143
20233
20473
20534
20505
20617
20760
20818
21017
21005
21316
21281
21127
21149
21249
21225
21233
21195
21199
21265
21239
21414
21734
21749
21871
21910
21915
21902
21894
21906
21995
22250
22323
22330
22377
22370
22386
22422
22574
22714
22707
22723
22825
22929
22930
22920
22971
22969
22945
22951
23008
23030
22946
22971
22973
22969
22968
22985
22966
22991
23067
23058
23077
23144
23146
23216
23416
23404
23428
23373
23422
23378
23404
23394
23408
23373
23384
23362
23370
23390
23383
23338
23364
23373
23398
23395
23397
23370
23380
23380
23398
23368
23379
23368
23368
23356
23358
23335
23367
23331
23327
23347
23350
23338
23346
23363
23359
23342
23341
23370
23396
23406
23470
23396
23388
23381
23337
23344
23267
23307
23297
23309
23408
23394
23412
23389
23809
23695
23614
23575
23612
23593
23617
23598
23607
23587
23604
23570
23606
23577
23602
23577
23602
23581
23602
23577
23606
23577
23602
23577
23668
23664
23695
23670
23722
23676
23695
23660
23675
23660
23680
23657
23689
23661
23683
23658
23683
23658
23906
24044
24285
24509
24735
24796
24975
25143
25432
25483
25431
25504
25569
25557
25583
25525
25530
25516
25488
25490
25509
25477
25524
25468
25554
25502
25582
25555
25581
25548
25576
25552
25590
25575
25635
25608
25724
23786
23713
23734
23736
23714
23735
23693
23846
23742
23764
23737
23740
23713
23914
24074
24315
24395
24542
24556
24677
24670
24691
24671
24724
24724
24718
24767
24793
24751
24734
24673
24704
24689
23712
23701
23725
23688
23715
23682
23705
23678
23679
23694
23698
23685
23848
23863
24014
24063
24129
24146
24259
24286
24430
24433
24620
24588
24665
24718
24843
24898
24983
25019
25180
25260
25292
25281
25324
25373
25353
25418
25371
25278
25299
25434
25478
25517
25556
25617
25598
25575
25671
25813
26049
26090
26141
25956
26072
26061
26076
26054
26319
26019
26139
26064
26082
26022
26054
26004
26039
25995
26054
26047
26053
25999
26072
26056
26146
26318
26428
26447
26577
26691
26864
26974
27180
27163
27206
27465
27523
27638
27755
27762
27848
27788
27857
27789
27825
27928
28007
27960
28023
28003
28077
28000
28030
27970
28081
28053
28108
28181
28234
28189
28219
28397
28275
27937
27968
27980
28019
27984
28008
27961
28133
28264
28374
28262
28447
28490
28601
28619
28513
28532
28590
28547
28661
28578
28594
28568
28580
28532
28252
28167
28444
28387
28665
28614
28548
28591
28596
28582
28560
28577
28557
28627
28651
28631
28725
28822
28888
28947
29036
29038
29128
29164
29107
29175
29220
29172
29106
29123
29098
29171
29184
29400
29456
29404
29358
29383
29406
29326
29285
29342
29317
29359
29414
29442
29535
29583
29515
29537
29594
29494
29456
29442
29494
29401
29558
29585
29620
29627
29626
29579
29679
29544
29620
29416
29553
29438
29474
29291
29330
29431
29353
29377
29323
29375
29420
29399
29335
29376
29307
29347
29341
29365
29340
29389
29323
29470
29388
29548
29486
29522
29461
29532
29507
29450
29319
29468
29375
29414
29465
29577
29497
29590
29625
29533
29677
29751
29588
29726
29383
29399
29436
29422
29456
29588
29596
29508
29511
29489
29500
29726
29523
29436
29470
29433
29512
29404
29600
29535
29647
29486
29575
29659
29728
29598
29705
29601
29737
29582
29486
29479
29484
29495
29465
29394
29501
29518
29518
29419
29482
29393
29453
29464
29516
29390
29468
29449
29519
29518
29664
29603
29713
29733
29734
29650
29692
29817
29754
29844
29539
29445
29519
29427
29543
29467
29602
29530
29540
29469
29583
29474
29651
29552
29616
29469
29540
29523
29591
29587
29717
29464
29537
29566
29590
29588
29688
29596
29693
29661
29538
29535
29584
29532
29594
29577
29648
29555
29600
29547
29625
29551
29663
29549
29670
29365
29456
29324
29561
29402
29526
29398
29537
29415
29533
29421
29650
29667
29780
29561
29441
29454
29607
29505
29697
29549
29796
29631
29788
29649
29737
29560
29739
29578
29754
29471
29656
29404
29555
29406
29484
29382
29500
29386
29489
29430
29503
29431
29504
29456
29389
29315
29459
29411
29547
29574
29572
29607
29591
29606
29579
29512
29544
29502
29641
29406
29430
29494
29502
29508
29432
29480
29506
29439
29539
29436
29520
29486
29623
29486
29500
29468
29511
29506
29539
29495
29463
29447
29436
29419
29444
29475
29441
29451
29511
29406
29501
29440
29468
29467
29479
29476
29462
29470
29476
29482
29505
29508
29507
29576
29374
29480
29475
29458
29453
29435
29463
29511
29569
29557
29515
29515
29583
29527
29550
29399
29418
29357
29429
29385
29465
29410
29553
29526
29535
29508
29473
29543
29627
29524
29477
29490
29545
29425
29620
29592
29631
29560
29648
29582
29592
29483
29571
29468
29556
29483
29542
29575
29474
29466
29417
29476
29474
29500
29576
29559
29663
29648
29650
29588
29587
29511
29521
29558
29551
29573
29588
29517
29556
29567
29588
29586
29663
29559
29605
29603
29597
29622
29741
29667
29662
29630
29632
29637
29707
29684
29650
29706
29762
29725
29627
29593
29548
29500
29595
29480
29574
29480
29555
29509
29588
29505
29578
29510
29586
29425
29508
29482
29558
29483
29546
29466
29546
29466
29546
29466
29546
29466
29542
29466
29546
29466
29562
29466
29562
29466
29562
29466
29558
29788
29619
29577
29959
29701
29679
29624
29614
29632
29576
29601
29638
29595
29618
29609
29706
29610
29736
29695
29732
29702
29704
29780
29920
29786
29768
29752
29778
29688
29712
29771
29861
29811
29922
29874
29915
29689
29799
29682
29608
29559
29693
29579
29693
29701
29678
29786
29822
29876
29856
29865
29681
29627
29643
29688
29616
29666
29783
29726
29736
29666
29713
29731
29670
29701
29633
29568
29519
29562
29440
29465
29490
29531
29538
29515
29459
29451
29421
29491
29452
29522
29340
29387
29410
29320
29396
29372
29415
29432
29476
29423
29469
29468
29626
29496
29510
29357
29358
29359
29301
29395
29270
29362
29231
29282
29237
29309
29191
29245
29190
29303
29227
29369
29282
29302
29283
29330
29267
29299
29267
29290
29258
29290
29258
29332
29264
29299
29432
29793
29758
29802
29811
29861
29834
29868
29819
29964
29997
30036
30086
30141
30306
30247
30351
30236
30386
30236
30348
30252
30369
30229
30402
30261
30372
30334
30368
30261
30237
30234
30313
30189
30282
30180
30271
30135
30223
30273
30200
30158
30267
30181
30245
30184
30175
30179
30172
30169
30186
30238
30241
30176
30236
30139
30224
30221
30289
30218
30305
30183
30292
30268
30311
30271
30242
30283
30238
30269
30208
30274
30211
30246
30284
30257
30253
30314
30405
30362
30347
30466
30417
30381
30447
30434
30456
30488
30486
30361
30374
30477
30378
30674
30875
30848
31010
30973
30982
30866
31042
30910
30951
30925
31149
31118
31207
31174
31129
31173
31187
31145
31076
31116
31132
31178
31145
31162
31174
31138
31210
31259
31330
31202
31383
31270
31400
31337
31379
31195
31336
31203
31338
31454
31526
31603
31544
31554
31678
31670
31607
31567
31717
31613
31707
31675
31750
31720
31761
31754
31793
31795
31797
31771
31718
31777
31834
31788
31840
31796
31825
31827
31916
31858
31910
31881
32012
31979
32055
31966
31908
31838
31905
31943
32339
32300
32328
32347
32338
32263
32311
32368
32450
32439
32642
32616
32678
32613
32650
32634
32648
32614
32626
32598
32460
32432
32429
32466
32540
32594
32610
32642
32599
32556
32571
32620
32579
32554
32676
32861
32950
32952
33009
32992
33063
33018
33086
33066
33202
33154
33175
33202
33166
33192
33315
33269
33345
33358
33361
33361
33376
33279
33345
33278
33255
33345
33270
33336
33360
33329
33289
33259
33412
33383
33451
33374
33394
33343
33337
33317
33335
33310
33328
33310
33366
33480
33487
33471
33539
33545
33564
33538
33542
33539
33554
33664
33909
33891
33941
33929
33927
33898
33974
34029
34143
34208
34264
34254
34271
34224
34269
34166
34241
34219
34074
34022
34140
34018
34149
34184
34211
34113
34157
34107
34205
34276
34269
34340
34364
34201
34128
34237
34236
34368
34356
34419
34365
34403
34425
34369
34439
34465
34462
34451
34175
34307
34217
34166
34315
34303
34396
34350
34409
34326
34431
34328
34382
34391
34471
34207
34211
34163
34187
34183
34258
34158
34210
34192
34228
34198
34225
34212
34285
34218
34103
34201
34263
34334
34294
34268
34265
34208
34232
34250
34248
34217
34295
34242
34267
33957
34024
33993
34022
33956
33977
34007
34114
34125
34131
34150
34130
34154
34104
34157
34095
34147
34058
34021
34069
33998
34204
34146
34268
34246
34291
34273
34402
34122
34280
34095
34240
34323
34525
34452
34505
34530
34573
34496
34532
34556
34556
34572
34619
34597
34662
34677
34784
34725
34770
34719
34764
34727
34758
34757
34960
34868
34929
34895
35041
34925
34949
35043
35012
34975
35622
35733
35783
35818
35818
35841
35920
35856
35911
35900
35789
35762
35769
35863
35820
35787
35857
35834
35793
35749
35787
35729
35704
35659
35741
35755
35723
35725
35683
35678
35708
35732
35722
35731
35796
35754
35771
35849
35813
35895
35991
35769
35842
35862
35868
35833
35852
35831
35889
35835
35869
35823
35897
35799
35826
35736
35788
35777
35767
35708
35794
35807
35966
35976
36024
35953
35970
35869
35863
35838
35725
35753
35736
35721
35748
35753
35780
35743
35771
35752
35731
35698
35721
35776
35804
35792
35745
35820
35837
35813
35855
35792
35854
35791
35878
35924
35987
35975
36045
36037
35950
35930
35980
35938
36000
36104
36272
36263
36293
36302
36371
36334
36387
36399
36427
36469
36477
36414
36493
36466
36477
36445
36475
36460
36473
36404
36466
36456
36526
36684
36643
36708
36601
36649
36695
36704
37041
37017
37172
37125
37141
37068
37130
37133
37133
37110
37208
37445
37353
37263
37282
37279
37281
37258
37385
37447
37283
37310
37375
37375
37232
37215
37236
37346
37552
37575
37599
37555
37585
37547
37561
37569
37646
37754
37828
37681
37717
37625
37641
37655
37639
37634
37625
37604
37618
37590
37648
37661
37723
37773
38049
38010
37970
37911
37943
37889
38157
38421
38481
38477
38530
38482
38546
38732
38672
38606
38636
38718
38730
38770
38728
38724
38747
38763
38761
38729
38785
38795
38816
38790
38543
38630
38692
38667
38600
38669
38714
38779
38762
38746
38735
38793
38764
38868
38776
38707
38690
38750
38745
38778
38663
38660
38642
38743
38742
38950
38650
38671
38730
38579
38821
38922
38948
38967
38910
38940
38957
38784
38954
38901
38913
38801
38863
38913
38944
38827
38815
38815
38820
38819
38776
38765
38750
38764
38791
38810
38907
38846
38835
38807
38839
38724
38832
38781
38698
38850
38728
38777
38770
38752
38779
38737
38788
38683
38749
38654
38680
38672
38581
38493
38591
38629
38742
38647
38642
38662
38617
38630
38616
38575
38632
38738
38729
38749
38800
38795
38821
38845
38810
38852
38845
38821
38889
38840
38927
38757
38737
38711
38719
38568
38646
38716
38709
38709
38687
38655
38708
38714
38975
38624
38710
38695
38801
38769
38789
38785
38780
38736
38762
38729
38806
38649
38681
38697
38735
38479
38520
38492
38529
38527
38537
38532
38559
38528
38602
38553
38562
38568
38600
38601
38652
38795
38796
38799
38797
38808
38823
38826
38837
38786
38789
38752
38825
38797
38828
38536
38646
38584
38619
38586
38695
38602
38609
38591
38651
38618
38660
38601
38628
38554
38603
38584
38653
38627
38661
38686
38681
38645
38685
38668
38711
38692
38692
38682
38767
38699
38706
38681
38620
38635
38598
38615
38641
38668
38669
38527
38674
38606
38838
38645
38497
38701
38647
38692
38718
38659
38738
38689
38765
38714
38727
38681
38688
38678
38686
38466
38500
38491
38482
38444
38500
38478
38440
38405
38421
38450
38473
38385
38434
38405
38449
38400
38410
38345
38392
38348
38380
38362
38381
38345
38417
38382
38420
38488
38472
38374
38430
38415
38439
38387
38431
38453
38490
38468
38493
38471
38496
38468
38535
38521
38466
38480
38470
38459
38486
38436
38449
38426
38486
38445
38879
38828
38810
38828
38917
38784
38787
38693
38727
38754
38749
38711
38842
38845
38760
38713
38684
38677
38660
38711
38550
38651
38612
38744
38561
38727
38727
38701
38599
38670
38614
38705
38593
38682
38649
38458
38511
38563
38502
38530
38512
38511
38465
38507
38569
38648
38612
38609
38588
38616
38629
38665
38648
38620
38627
38614
38614
38547
38591
38597
38600
38656
38595
38523
38496
38558
38600
38609
38575
38523
38546
38456
38498
38491
38471
38495
38505
38658
38731
38736
38617
38629
38571
38651
38649
38652
38651
38652
38665
38706
38714
38762
38690
38794
38725
38514
38567
38682
38655
38652
38413
38524
38589
38603
38692
38519
38499
38665
38668
38597
38445
38538
38512
38510
38555
38513
38497
38428
38474
38443
38503
38477
38531
38512
38522
38510
38429
38459
38464
38484
38434
38444
38416
38403
38460
38445
38508
38605
38534
38453
38411
38375
38589
38659
38643
38583
38703
38518
38634
38628
38663
38694
38681
38634
38580
38362
38428
38376
38503
38467
38423
38454
38540
38595
38693
38766
38822
38854
38861
38849
38459
38517
38508
38486
38568
38521
38537
38485
38507
38484
38538
38516
38638
38580
38630
38559
38548
38546
38655
38697
38794
38687
38783
38678
38878
38667
38719
38680
38773
38818
38545
38415
38389
38401
38379
38353
38374
38375
38398
38376
38399
38375
38397
38372
38405
38355
38380
38356
38319
38294
38347
38328
38351
38322
38345
38322
38345
38322
38345
38322
38407
38455
38560
38540
38525
38465
38435
38443
38530
38495
38475
38490
38501
38437
38495
38403
38458
38422
38380
38408
38715
38653
38691
38641
38641
38639
38666
38712
38707
38650
38689
38625
38715
38719
38876
38778
38739
38679
38728
38684
38767
38703
38769
38748
38772
38634
38694
38738
38818
38760
38759
38695
38749
38728
38741
38724
38753
38717
38758
38722
38742
38863
38796
38749
38771
38673
38752
38812
38809
38857
38866
38782
38812
38778
38785
38632
38635
38610
38631
38637
38611
38650
38656
38634
38631
38635
38650
38634
38615
38605
38698
38750
38772
38719
38953
38793
38818
38773
38781
38765
38772
38716
38753
38737
38848
38496
38525
38457
38505
38670
38684
38731
38654
38746
38757
38668
38680
38697
38679
38699
38642
38733
38754
38669
38758
38707
38858
38760
38780
38747
38807
38761
38752
38733
38724
38687
38762
38639
38711
38695
38685
38640
38701
38652
38722
38656
38736
38639
38683
38640
38722
38646
38696
38668
38706
38659
38686
38656
38704
38656
38704
38683
38731
38678
38736
38651
38707
38637
38670
38668
38719
38663
38667
38616
38746
38651
38688
38663
38686
38647
38700
38764
38729
38712
38767
38690
38756
38731
38693
38663
38742
38740
38790
38738
38783
38688
38759
38700
38785
38654
38769
38709
38766
38678
38765
38704
38793
38728
38814
38744
38705
38641
38703
38651
38672
38652
38688
38684
38731
38653
38680
38612
38683
38624
38705
38732
38717
38665
38756
38641
38759
38753
38750
38752
38807
38775
38819
38719
38829
38820
38785
38722
38760
38680
38751
38711
38820
38776
38848
38799
38844
38792
38839
38853
38853
38759
38822
38818
38813
38817
38861
38725
38831
38762
38888
38836
38887
38835
38887
38835
38783
38737
38734
38764
38779
38810
38806
38972
38940
38951
38917
38897
38959
38985
39074
38903
39018
39168
39313
39376
39468
39590
39713
39882
39992
40006
40115
40126
40139
40166
40166
40199
40127
40138
40141
40108
40164
40133
40209
40251
40209
40228
40270
40406
40439
40441
40277
40354
40362
40326
40409
40470
40533
40560
40572
40607
40610
40601
40559
40561
40547
40450
40522
40518
40517
40656
40542
40534
40538
40575
40567
40598
40587
40601
40541
40461
40445
40432
40409
40425
40436
40421
40404
40466
40507
40525
40538
40618
40626
40562
40435
40605
40544
40461
40522
40577
40522
40780
40617
40623
40617
40527
40565
40528
40557
40430
40675
40466
40501
40464
40474
40411
40430
40439
40484
40447
40469
40422
40502
40398
40424
40367
40371
40391
40386
40357
40437
40362
40318
40308
40322
40330
40344
40333
40344
40385
40393
40385
40391
40512
40778
40734
40678
40630
40738
40672
40715
40652
40744
40647
40767
40832
40903
40833
41016
40938
40969
40895
40881
40853
40888
40935
40880
40875
40955
40967
40895
40946
40956
40947
41004
41006
41031
41006
41067
41121
41188
41150
41178
41122
41464
41236
41357
41227
41261
41283
41186
41175
41277
41228
41303
41226
41287
41162
41235
41167
41198
41163
41202
41178
41196
41212
41252
41260
41276
41391
41742
41817
41871
41869
42082
42145
42232
42138
42296
42430
42579
42523
42605
42667
42972
42907
43011
43076
43252
43341
43478
43343
43421
43329
43411
43318
43546
43605
44016
43762
43847
43823
43971
44013
43980
44212
44372
44272
44451
44390
44513
44437
44693
44608
44972
45222
45392
45304
45503
45455
45558
45480
45482
45675
45803
45732
45798
45739
45905
45921
46085
46033
46106
45980
46222
46014
46212
46044
46238
46118
46143
46057
46182
46111
46221
46076
46191
46084
46278
46065
46146
46040
46184
46084
46176
46175
46338
46242
46405
46480
46552
46461
46538
46551
46754
46765
47050
47084
47371
47467
47653
47503
47595
47701
47998
47942
48026
48069
48291
48027
48158
48161
48235
48127
48439
48564
48811
48673
48811
48730
48818
48721
48801
48756
48889
49063
49313
49272
49357
49377
49409
49400
49321
49371
49452
49455
49501
49579
49615
49582
49608
49616
49677
49627
49751
49729
49781
49651
49640
49651
49602
49549
49494
49530
49482
49429
49429
49412
49400
49475
49553
49539
49536
49458
49514
49490
49525
49473
49508
49445
49439
49407
49478
49397
49397
49388
49430
49371
49333
49257
49356
49385
49415
49491
49469
49437
49463
49483
49546
49569
49468
49468
49571
49482
49476
49436
49550
49508
49519
49430
49442
49443
49499
49404
49445
49446
49374
49348
49369
49338
49356
49393
49540
49733
49899
49826
50180
50091
50076
50120
50129
50115
50138
50123
50398
50502
50685
50631
50482
50473
50664
50621
50764
50683
50701
50629
50673
50652
50613
50586
50604
50555
50679
50602
50760
50749
50724
50655
50714
50673
50705
50720
50760
50731
50762
50744
50780
50746
50858
50756
50775
50744
50788
50943
50991
51044
51232
51295
51360
51296
51318
51232
51473
51439
51605
51577
51658
51698
51798
51832
51785
51729
51768
51725
51754
51730
51764
51744
51775
51757
52114
52004
51990
52043
52766
52624
52460
52473
52534
52552
52474
52409
52726
52827
53004
53084
53060
53053
53035
52988
52978
52896
52866
52899
52911
52956
52990
52886
52969
52934
52941
52879
52954
52933
52968
52973
53101
53106
53059
53184
53152
53097
53098
53096
52871
52822
52864
52977
52951
52868
52891
52811
52941
52804
52811
52859
52938
52870
52952
52685
52785
52739
52874
52776
52740
52745
52807
52740
52737
52729
52780
52642
52815
52807
52978
52856
52934
52920
52965
52933
52820
52839
52854
52971
52918
52908
52978
53021
52919
52738
52771
52707
52759
52725
52752
52716
52746
52755
52749
52751
52815
52720
52700
52712
52681
52714
52669
52690
52733
52627
52705
52666
52688
52626
52668
52670
52725
52667
52698
52576
52626
52564
52615
52571
52601
52556
52601
52569
52615
52623
52687
52620
52644
52606
52784
52795
52796
52765
52740
52795
52899
52646
52745
52656
52737
52655
52738
52646
52732
52697
52727
52698
52721
52691
52723
52658
52697
52700
52719
52699
52721
52682
52718
52683
52715
52684
52713
52685
52775
52885
52687
52733
52723
52718
52713
52726
52732
52694
52720
52602
52686
52640
52745
52735
52725
52682
52702
52647
52700
52743
53067
53129
53154
53125
53252
53270
53237
53145
53180
53203
53259
53271
53237
53213
53244
53270
53309
53365
53409
53196
53308
53293
53338
53167
53180
53180
53219
53208
53221
53192
53227
53198
53265
53194
53169
53204
53209
53195
53200
53159
53227
53218
53270
53237
53306
53264
53294
53284
53250
53152
53192
53274
53303
53231
53278
53260
53293
53258
53334
53276
53338
53271
53282
53279
53552
53418
53458
53423
53478
53531
53485
53493
53461
53470
53447
53495
53468
53498
53423
53465
53382
53435
53443
53436
53447
53383
53345
53434
53383
53467
53461
53517
53402
53364
53314
53344
53360
53419
53352
53408
53323
53353
53349
53444
53609
53852
53735
53807
53698
53740
53720
53704
53646
53749
53736
53769
53719
53854
53802
53854
53782
53843
53753
53846
53866
53838
53837
53842
53857
53850
53812
53847
53834
53835
53889
53840
53905
53808
53838
53868
53843
53858
53870
53857
53915
53855
53878
53879
53876
53842
53855
53864
53896
53949
53918
53829
53855
53842
54026
53890
53978
53983
54046
54062
54099
54039
54057
54004
54040
53962
53951
53869
53871
53870
53899
53899
53913
53869
53889
53870
53926
53852
53881
53840
53888
53926
54044
53859
53930
53953
53923
53919
53951
53943
53922
53883
53937
53915
53995
53828
53870
53845
53864
53843
53890
53899
53903
53854
53875
53836
53841
53846
53909
53836
53824
53793
53906
53870
53933
53923
53989
53887
53882
53951
53939
54038
53960
53928
53953
53919
53973
53915
53944
53908
53953
53899
53933
53908
53926
53894
53923
53910
53921
53998
54046
54025
54033
53998
54027
54027
54048
54041
54043
54023
54042
54005
54046
54039
54023
53869
53899
53864
53915
53911
53928
53810
53834
53782
53961
53911
53939
53979
53959
53974
53915
53866
53884
53861
53812
54214
54307
54328
54426
54566
54710
54796
54830
54836
55169
54982
55099
55095
55182
55205
55333
55334
55344
55540
55557
55507
55652
55720
55829
55789
56003
56015
56042
55993
56082
56249
56448
56372
56459
56444
56396
56551
56514
56559
56667
56709
56820
56867
56886
56918
57034
57064
57156
57159
57183
57172
57174
57261
57304
57254
57432
57444
57772
57670
57946
57881
57799
57760
57802
57739
57761
57790
57756
57721
57734
57728
57927
57969
58048
58112
58210
58371
58367
58444
58452
58457
58604
58633
58709
58640
58920
59043
59105
59132
59132
59206
59239
59154
59338
59429
59564
59624
59623
59594
59830
59898
60011
60206
60292
60280
60328
60301
60407
60477
60483
60477
60524
60580
60871
60890
60909
60942
60998
60974
60992
60951
60977
60968
61032
60946
60952
60972
60964
60987
61036
60987
60968
60895
60954
61005
61013
60991
60999
60995
61037
61035
61052
61000
61026
61018
60907
60893
60926
60905
60876
60880
60863
60892
60862
60923
60933
60923
60965
60999
60995
61034
61022
61097
61089
61034
61025
61076
61121
61171
61071
61247
61228
61103
61113
61112
60842
60826
60837
60827
60835
60827
60836
60826
60837
60827
60836
60827
60837
60827
60838
60828
60837
60828
60924
60906
60937
60949
60954
60932
60942
60932
60934
60907
60918
60896
60911
60850
60851
60831
60880
60834
60905
60823
60905
60835
60907
60847
60914
60847
60914
60844
60990
60969
61232
61290
61374
61340
61556
61669
61852
61880
62138
62198
62408
62445
62623
62787
62993
63056
63291
63365
63597
63639
63885
63921
64203
64377
64596
64590
64814
64806
64949
64985
65007
65047
65234
65027
65069
65025
65074
64976
65044
64920
65043
65112
65270
65224
65163
65147
65212
65117
65154
65101
65227
65160
65181
65109
65176
65064
65006
64973
65120
64892
64986
64903
65201
64939
64958
64945
65066
65028
65043
64969
65139
65019
64948
64878
64947
64901
65078
64977
65099
65023
65367
65007
65118
65060
65120
65030
64992
64840
64949
64847
64946
64852
64948
64851
64947
64851
64948
64850
64948
64851
64947
64851
65098
65054
65036
65028
65099
65029
65100
65028
65100
65029
65099
65130
65188
65222
65169
65151
65130
65131
65139
65115
65177
65103
65073
65071
65034
65025
65075
65081
65058
65039
65024
64978
65029
65079
65073
65105
65066
65071
65118
65071
65116
65141
65143
65053
65098
65119
65149
65116
65183
65165
65194
65212
65239
65201
65250
65197
65289
65211
65293
65232
65243
65181
65173
65180
65145
65195
65148
65228
65190
65268
65229
65184
65146
65207
65161
65088
65051
65133
65068
65119
65057
65117
65026
65180
65123
65121
65096
65139
65113
65178
65152
65166
64983
65113
65040
65019
65159
65008
65164
65173
65124
65236
65183
65282
65257
64987
64973
64941
64819
64836
64898
64904
64892
64808
64827
64797
64811
64814
64865
64814
65009
64947
64910
64958
65060
64998
65087
65076
65133
65084
65157
65025
65135
64975
65091
64947
65020
64982
65007
64963
65033
64956
65036
64976
65060
64994
65083
64953
65066
64986
65138
65015
65059
65018
65146
65188
65233
65224
65191
65117
65192
65197
65392
65312
65382
65114
65174
65091
65142
65073
65265
65073
65106
65048
65160
65137
65211
65147
65201
65111
65089
65022
64967
64935
65056
64905
65061
65008
65117
64997
65160
65157
65217
65107
65214
65030
65109
65007
65059
64983
65054
64938
65054
64968
65114
65005
65088
65037
65065
64928
65269
65072
65122
65037
65130
65088
65139
65096
65194
65116
65226
65258
65236
65056
65193
65112
65299
65233
65220
65152
65265
65271
65390
65301
65428
65378
65468
65425
65466
65456
65566
65422
65409
65408
65510
65401
65466
65380
65463
65407
65512
65448
65585
65514
65615
65440
65528
65522
65651
65563
65598
65550
65559
65481
65580
65502
65647
65576
65727
65687
65744
65677
65714
65685
65741
65667
65774
65708
65797
65740
65806
65754
65777
65699
65800
65671
65702
65632
65806
65785
65959
65985
66055
66130
66308
66200
66256
66239
66258
66234
66374
66289
66282
66298
66334
66345
66438
66374
66422
66367
66403
66357
66473
66473
66667
66558
66661
66596
66641
66568
66651
66608
66692
66621
66761
66773
66852
66847
66910
66836
66803
66854
66923
66897
66833
66763
66868
66795
66903
66798
66897
66928
66943
66880
66925
66818
66797
66770
66760
66808
66809
66759
66813
66681
66685
66701
66719
66745
66699
66727
66864
66807
66773
66801
66842
66710
66813
66697
66765
66677
66699
66645
66728
66642
66716
66556
66645
66602
66645
66609
66719
66606
66679
66616
66696
66615
66716
66610
66749
66637
66714
66629
66745
66669
66771
66673
66770
66670
66763
66682
66730
66656
66700
66612
66742
66655
66711
66658
66759
66637
66719
66672
66760
66645
66774
66642
66715
66607
66697
66635
66795
66734
66746
66803
66856
66843
66890
66780
66910
66721
66795
66716
66797
66718
66798
66659
66738
66659
66738
66659
66738
66659
66738
66659
66738
66659
66738
66659
66738
66659
66738
66659
66843
66738
66775
66743
66764
66648
66805
66734
67049
66897
66885
66808
66874
66701
66789
66779
66964
66756
66903
66794
66882
66875
66963
66868
66999
66896
66960
66895
66951
66690
66810
66776
66843
66772
66833
66701
66727
66683
66764
66700
66763
66657
66701
66628
66734
66661
66748
66852
67058
67250
67512
67597
67826
67794
67865
67796
67867
67794
67754
67682
67805
67795
67933
67857
67971
67890
67959
67848
67927
67849
67924
67865
67911
67860
67999
67940
68015
68087
68112
68153
68140
68096
68185
68259
68192
68219
68199
68199
68303
68236
68205
68219
68257
68206
68236
68130
68242
68165
68186
68101
68198
68122
68172
68124
68170
68171
68167
68116
68198
68099
68165
68100
68158
68088
68135
68085
68110
68057
68116
68051
68136
68114
68342
68382
68470
68414
68509
68521
68651
68593
68683
68639
68669
68637
68744
68780
68960
68891
68964
69095
69093
68970
69054
68934
69055
68985
69028
68976
68912
68881
68973
69018
69067
68992
69076
68987
69065
68982
69040
68957
69025
68956
69050
68893
68939
68880
68922
68847
68905
68878
68940
68870
68942
68906
68927
68865
68917
68909
68987
68879
68898
68922
68941
68843
68928
68876
68927
68870
68940
68965
68988
68934
69030
68950
69004
68929
68985
68911
68977
68833
68951
68836
68953
68889
68955
68869
68945
68888
68967
68928
68883
68865
68886
68841
68874
68823
68895
68849
68898
68833
68900
68836
68887
68773
68896
68812
68864
68880
68917
68861
68922
68878
68932
68881
68893
68873
68864
68897
68894
68845
68889
68859
68920
68963
69067
68994
69064
68992
69046
69035
69211
69134
69123
68952
69009
69041
69137
69089
69373
69297
69292
69204
69351
69312
69366
69286
69352
69290
69110
69005
68997
69007
69092
69064
69105
69014
69052
69014
69068
69024
69082
69029
69085
68962
69039
68964
69040
68984
69024
68970
69057
69058
69119
69051
69150
69127
69246
69231
69076
69029
69095
69012
69097
68965
69066
68986
69000
68921
68970
68923
69002
68923
69007
69023
69033
68913
69051
68971
69017
68914
69029
69003
69043
68988
69079
69022
69074
68971
69106
69027
68981
69015
69100
69020
69115
69046
69032
69010
69062
68991
69095
69187
69073
69093
69140
69036
69098
69077
69134
69105
69296
69097
69136
69082
69144
69076
69137
69083
69049
68977
69038
68984
69046
68977
69038
68984
69046
68977
69038
68984
69046
68977
69038
68984
69046
68977
69038
69072
69083
69019
69223
69023
69017
69013
69019
68983
69017
68993
69174
69091
69076
69215
69363
69472
69625
69608
69687
69603
69701
69611
69681
69644
69712
69627
69714
69845
70068
70030
70219
70156
70565
70377
70550
70636
70691
70727
70784
70760
70645
70539
70577
70522
70559
70516
70563
70515
70573
70519
70588
70495
70568
70575
70698
70510
70588
70520
70636
70573
70564
70499
70615
70567
70741
70640
70725
70613
70642
70595
70483
70424
70410
70427
70478
70417
70478
70420
70497
70535
70631
70577
70686
70677
70815
70640
70691
70734
70849
70750
70819
70710
70817
70722
70817
70717
70856
70756
70845
70752
70716
70659
70723
70628
70725
70654
70747
70657
70753
70657
70745
70650
70751
70666
70777
70668
70747
70716
70882
70695
70909
70777
70808
70744
70885
70762
70818
70834
70894
70831
70796
70677
70667
70545
70659
70618
70713
70620
70708
70614
70709
70627
70715
70610
70689
70617
70714
70638
70702
70634
70742
70622
70773
70733
70828
70772
70836
70814
70871
70855
70652
70625
70640
70604
70650
70648
70710
70676
70698
70644
70704
70610
70652
70593
70673
70614
70677
70593
70697
70639
70712
70622
70687
70624
70698
70624
70679
70612
70730
70596
70725
70698
70709
70702
70745
70659
70729
70631
70706
70608
70692
70673
70747
70648
70703
70651
70730
70632
70716
70631
70662
70612
70643
70639
70729
70635
70705
70590
70660
70572
70681
70627
70693
70626
70756
70689
70743
70619
70700
70599
70701
70568
70623
70579
70714
70585
70665
70547
70654
70566
70616
70543
70634
70530
70648
70570
70702
70617
70730
70614
70738
70684
70711
70630
70743
70615
70660
70618
70709
70600
70695
70617
70690
70616
70637
70572
70594
70544
70615
70512
70601
70572
70701
70602
70692
70669
70749
70667
70843
70756
70884
70803
70827
70756
70866
70778
70814
70818
70871
70715
70738
70715
70738
70715
70738
70705
70732
70736
70732
68429
80239
80225
100031
99596
107988
107770
107163
107097
112126
112066
105016
104602
104627
115609
115741
115817
115778
115793
115753
115817
115849
115775
115780
115688
115741
112948
112865
112878
112953
112894
113050
112968
112956
112853
112848
112853
112848
112853
112848
112853
112757
112757
112757
112757
110733
100874
100818
100755
99727
99382
87180
86947
84296
84062
80114
71962
71489
71909
72179
72327
75239
75917
76072
75974
76045
76039
76028
76021
75956
75882
73221
73117
73073
72963
73056
72989
72994
72972
73108
73008
73028
72923
72964
72908
72877
72757
72780
72757
72833
72731
72757
72717
72716
72737
72818
72703
72696
72675
72703
72715
72806
72784
72830
72880
72773
72803
72814
72777
72801
72789
72803
72772
72749
72738
72722
72646
72647
72603
72617
72606
72589
72573
72688
72644
72686
72639
72679
72642
72656
72633
72623
72580
72544
72480
72520
72490
72583
72635
72874
72944
72983
72940
73073
73049
73067
73032
73116
73144
73143
73179
73266
73286
73350
73438
73490
73454
73504
73449
73459
73423
73419
73439
73496
73499
73607
73552
73584
73580
73574
73540
73589
73508
73599
73572
73459
73343
73373
73347
73382
73348
73381
73347
73372
73347
73383
73347
73382
73346
73374
73347
73492
73419
73361
73373
73533
73453
73496
73429
73501
73449
73503
73446
73508
73433
73491
73505
73650
73639
73915
73914
73954
73907
73919
73833
73865
73876
73907
73899
73930
73869
73927
73905
73938
73862
74013
73988
74126
74172
74291
74205
74252
74230
74283
74239
74325
74422
74463
74493
74551
74529
74604
74666
74627
74615
74627
74600
74616
74619
74634
74601
74767
74728
74708
74647
74710
74663
74703
74654
74702
74654
74701
74651
74702
74651
74700
74650
74692
74648
74689
74631
74680
74628
74669
74629
74729
74673
74746
74678
74721
74613
74680
74642
74706
74661
74737
74652
74674
74644
74659
74616
74676
74610
74685
74633
74627
73609
73663
73644
73767
73725
73803
73741
73754
73807
73929
73798
73806
73795
74068
73829
73822
73691
73708
73737
73737
73785
73715
73699
73717
73604
73697
73679
73699
73627
73651
73566
73516
73527
73528
73515
73515
73538
73508
73493
73543
73475
73515
73471
73467
73445
73520
73459
73522
73511
73567
73501
73509
73474
73541
73513
73518
73476
73505
73488
73535
73471
73496
73471
73497
73475
73502
73473
73572
73539
73566
73521
73533
73466
73541
73472
73522
73566
73476
73433
73562
73427
73496
73450
73481
73494
73547
73474
73534
73495
73632
73463
73540
73369
73363
73304
73376
73517
73596
73584
73626
73570
73666
73563
73597
73572
73535
73536
73570
73508
73607
73491
73530
73481
73608
73540
73684
73557
73674
73557
73659
73501
73625
73502
73632
73490
73577
73502
73584
73551
73553
73528
73583
73504
73596
73486
73498
73528
73490
73419
73557
73420
73527
73485
73512
73472
73518
73471
73578
73505
73591
73441
73602
73525
73602
73584
73641
73564
73656
73532
73614
73516
73662
73638
73679
73538
73565
73433
73566
73475
73579
73507
73542
73489
73546
73459
73558
73491
73565
73490
73529
73470
73543
73494
73526
73459
73607
73469
73584
73494
73582
73516
73604
73485
73598
73459
73611
73540
73534
73503
73487
73414
73514
73490
73538
73424
73442
73394
73458
73476
73524
73482
73551
73470
73546
73484
73545
73483
73528
73440
73614
73581
73674
73655
73733
73658
73705
73600
73684
73584
73684
73595
73670
73582
73680
73584
73676
73585
73678
73584
73676
73568
73661
73564
73656
73561
73636
73532
73637
73539
73621
73916
73963
73845
73930
73855
73767
73750
73799
73706
73796
73779
73785
73775
73823
73804
73822
73815
73798
73771
73806
73742
73761
73752
73746
73808
73841
73864
73941
74033
74119
74281
74419
74509
74557
74632
74703
74781
74803
74797
74859
74834
74801
74811
74912
74891
74887
74782
74851
74785
74835
74770
74776
74748
74745
74770
74821
74839
74825
74756
74833
74765
74809
74783
74854
74835
74873
74847
74762
74693
74775
74759
74731
74698
74696
74670
74729
74684
74746
74798
74830
74853
74750
74687
74746
74675
74742
74669
74720
74695
74727
74710
74685
74608
74722
74598
74645
74605
74629
74571
74610
74597
74630
74590
74642
74574
74728
74609
74636
74681
74735
74576
74613
74575
74688
74655
74806
74817
74820
74790
74791
74703
74798
74706
74784
74694
74693
74732
74674
74576
74658
74608
74638
74618
74639
74609
74644
74698
74701
74719
74813
74945
75065
75046
75063
75130
75163
75138
75164
75127
75092
75073
75121
75136
75185
75149
75167
75106
75100
75041
75062
75030
75095
75103
75096
75023
75093
75041
75129
75065
75137
75087
75129
75075
75081
75019
75083
75113
75222
75117
75217
75142
75145
75160
75105
75140
75137
75085
75183
75098
75164
75135
75174
75132
75200
75144
75237
75196
75289
75249
75285
75038
75065
75002
75041
74974
75124
74991
75144
75110
75169
75124
75165
75131
75100
75033
75058
74902
75050
75161
75431
75483
75490
75480
75548
75546
75585
75539
75559
75514
75636
75475
75485
75412
75384
75306
75420
75483
75569
75508
75536
75481
75461
75491
75610
75515
75307
75385
75357
75223
75328
75591
75628
75513
75564
75506
75527
75457
75503
75429
75491
75422
75486
75409
75493
75436
75594
75706
76114
75997
76221
76126
76149
76122
76359
76441
76524
76458
76672
76775
76935
76846
76976
76937
76969
76968
77093
77001
77112
77160
77188
77015
77113
77024
77098
76997
77131
77037
77118
77027
77102
77035
77133
77119
77431
77531
77600
77803
77997
77893
78352
78246
78263
78181
78424
78383
78523
78539
78589
78554
78591
78413
78459
78450
78510
78401
78480
78391
78453
78372
78452
78372
78561
78465
78614
78603
78569
78481
78540
78472
78534
78460
78518
78454
78520
78453
78626
78587
78639
78632
78948
78900
79208
79305
79440
79409
79489
79377
79455
79524
79589
79510
79604
79498
79578
79496
79653
79641
79647
79468
79646
79672
79802
79724
79842
79961
80043
79941
79999
79885
79995
79871
79997
79878
79969
79884
79960
79869
79980
79869
79966
79864
79969
79863
79990
79890
80054
79870
80027
79886
79996
79874
79958
79846
79947
79834
79947
79835
79937
79826
79942
79931
80082
80182
80442
80348
80439
80372
80529
80490
80587
80521
80612
80511
80608
80528
80469
80476
80584
80473
80660
80602
80695
80623
80701
80603
80695
80610
80710
80625
80772
80627
80789
80682
80746
80648
80741
80639
80744
80655
80836
80846
81001
80966
81192
81127
81190
81157
81254
81196
81332
81188
81341
81313
81376
81389
81574
81526
81554
81445
81529
81507
81588
81502
81638
81551
81631
81657
81728
81635
81707
81627
81719
81644
81753
81728
81830
81942
82077
81997
82102
82001
82065
81999
82066
81990
82054
81977
82060
82019
82035
82081
82108
81961
82029
81949
82008
81940
81994
81856
81889
81780
81882
81788
81915
81764
81945
81850
81969
81871
82002
81901
82004
81916
82049
81932
81996
81900
82008
81892
82008
81856
81957
81847
82016
81964
82147
81877
81908
81849
81894
81804
81879
81791
81827
81773
81796
81738
81728
81637
81722
81619
81718
81626
81717
81619
81717
81807
81788
81704
81753
81645
81689
81696
81736
81712
81763
81780
81809
81723
81718
81684
81762
81791
81837
81828
81996
81990
81985
81967
82020
81984
81979
81953
81985
81948
82036
82024
82072
82022
82157
82266
82323
82349
82549
82608
82776
82729
82887
82929
82990
82989
83061
83015
83095
83041
82994
83025
82976
82977
83084
83028
83124
83108
83355
83252
83319
83234
83324
83209
83336
83231
83402
83405
83562
83487
83602
83557
83658
83596
83644
83546
83687
83570
83709
83717
83522
83444
83481
83489
83595
83544
83563
83472
83562
83436
83520
83482
83660
83557
83606
83394
83464
83348
83515
83350
83374
83458
83548
83464
83505
83448
83526
83458
83545
83409
83677
83626
83617
83582
83704
83652
83717
83627
83723
83679
83738
83513
83678
83614
83571
83584
83662
83615
83706
83642
83694
83580
83816
83772
83892
83709
83696
83668
83866
83754
83668
83630
83701
83651
83737
83635
83761
83681
83667
83505
83660
83570
83659
83649
83759
83512
83607
83511
83608
83549
83646
83595
83708
83656
83749
83687
83786
83618
83690
83601
83610
83617
83629
83521
83566
83627
83660
83448
83566
83606
83629
83589
83611
83553
83614
83439
83528
83416
83539
83490
83563
83479
83546
83498
83516
84203
84234
84078
84091
84130
84104
84103
84070
83957
84181
84006
84067
83866
83926
83876
83884
83724
83843
83718
83807
83788
83822
83720
83826
83761
83816
83759
83741
83862
83960
83790
83872
83805
83851
83779
83811
83808
83788
83682
83726
83587
83661
83633
83741
83632
83644
83623
83639
83608
83644
83552
83573
83541
83446
83438
83451
83437
83452
83439
83451
83438
83452
83439
83447
83443
79034
78644
78625
75300
75261
69816
69578
64884
61696
61600
61710
61593
59264
59072
51240
45879
45468
45431
43677
43862
43678
42835
43538
44357
44790
43506
44634
45498
45715
45932
40967
41006
41010
40972
40942
40910
40919
40820
40793
40745
40838
40800
40832
40770
40829
40716
40754
40728
40744
40709
40773
40739
40762
40740
40761
40726
40761
40731
40767
40733
40748
40733
40762
40733
40764
40735
40847
40820
40843
40831
40858
40822
40870
40857
40840
40813
40872
40824
40856
40820
40863
40872
40854
40830
40805
40779
40748
40770
40756
40775
40922
40771
40855
40866
40968
41229
41204
41286
41247
41317
41373
41401
41405
41502
41496
41483
41466
41596
41589
41621
41637
41822
41741
41778
41755
41924
42113
42164
42185
42214
42029
42114
42161
42187
42423
42473
42513
42620
42580
42796
42799
42788
42803
42944
42946
42882
42853
42888
42928
42975
42965
43036
43052
43143
43144
43140
43096
43111
43080
43121
43208
43124
43092
43112
43077
43134
43088
43270
43134
43164
43123
43138
43123
43134
43089
43106
43112
43131
43095
43116
43108
43137
43077
43116
43092
43109
43092
43132
43063
43078
43024
43063
43073
43093
43159
42079
42173
42257
42187
42174
42270
42315
42340
42425
42375
42363
42403
42451
42407
42492
42564
42810
42793
42823
42885
43049
43005
43044
43123
43234
43234
43214
43351
43523
43531
43493
43437
43490
43468
43500
43454
43502
43486
43552
43482
43483
43508
43537
43518
43545
43475
43544
43532
43549
43516
43604
43626
43595
43662
43723
43570
43711
43659
43714
43673
43684
43670
43693
43656
43720
43925
44003
43987
44020
44022
43947
43976
44004
44005
44061
44058
44118
44081
44154
44121
44129
44096
44122
44101
44132
44110
44062
44056
44297
44279
44315
44331
44381
44324
44397
44321
44371
44415
44537
44539
44567
44723
44923
44976
45059
45097
45068
45046
45176
45101
45142
45114
45140
45110
45303
45390
45519
45471
45525
45724
45716
45731
45873
45777
45838
45976
46312
46307
46417
46478
46163
46136
46146
46123
46194
46184
46187
46137
46186
46169
46185
46151
46459
46495
46612
46571
46638
46644
46684
46615
46636
46685
46877
46827
46826
46775
47045
46894
46926
47012
46827
46800
46906
46890
46853
46815
46897
46846
46903
46873
46886
46865
46937
46903
46935
46801
46996
46911
47024
46955
47010
46943
46976
46932
46972
46930
46964
46929
46963
46913
46963
47080
47259
47366
47450
47473
47523
47493
47609
47618
47828
47807
47819
47766
47862
47900
48015
48009
48085
48000
48009
47949
47990
48052
48120
48072
48076
48043
48104
48084
47946
47952
47993
47948
48003
47979
48002
47954
47975
47940
47978
47950
48000
47938
47992
47909
47988
47954
47956
47924
47962
47911
47968
47942
47954
47908
47945
47917
47964
47955
47855
47838
47857
47762
47793
47795
47858
47800
47830
47838
47895
47815
47797
47720
47764
47671
47827
47759
48031
47823
47841
47823
47861
47815
47842
47801
47825
47770
47816
47766
47805
47945
47901
47919
48072
47958
47996
48103
48117
48075
48096
48040
48091
48200
48099
47979
48063
47961
47998
47975
47985
47976
48005
47948
48029
48131
48349
48341
48354
48412
48357
48471
48567
48568
48610
48651
48719
48677
48723
48698
49052
48987
49068
49179
49168
49200
49257
49101
49227
49288
49559
49582
49619
49605
49647
49627
49638
49772
49886
49968
50008
50008
50066
50152
50317
50226
50285
50340
50364
50351
50369
50332
50353
50330
50351
50377
50588
50568
50632
50672
50712
50744
50823
50848
50977
50941
50894
50991
50979
50985
50866
50859
50919
50872
50915
50880
50938
50922
51097
51119
51107
51267
51317
51278
51302
51389
51432
51555
51613
51786
51837
51915
52015
51995
52033
52112
52161
52116
52185
52131
52165
52181
52498
52480
52837
52739
52672
52746
52834
52849
52995
53046
53172
53232
53199
53148
53134
53296
53134
53107
53183
53404
53266
53132
53355
53160
53296
53353
53353
53342
53165
53202
53213
53225
53366
53456
53622
53622
53697
53648
53672
53751
53982
53981
54007
54040
54082
54002
54101
54055
54101
54103
54153
54130
54139
54187
54181
54126
54187
54147
54158
54080
54301
54202
54205
54107
54126
54120
54146
54116
54141
54112
54149
54117
54148
54301
54503
54533
54585
54565
54597
54560
54600
54568
54605
54798
54827
54955
54952
54913
54757
54825
54805
54740
54777
54722
54727
54701
54718
54675
54881
54756
54799
54827
54924
54874
54971
54958
55017
55017
55069
54962
55165
55245
55403
55557
55685
55687
55815
55776
55730
55847
55956
56071
56243
56337
56623
56629
56651
56805
57044
57117
57181
57210
57234
57118
57258
57269
57310
57360
57531
57627
57829
57881
57935
57928
57996
57993
58068
58110
58069
58044
58177
58059
58100
58094
58177
58115
58177
58274
58408
58293
58422
58503
58560
58825
58792
58824
58889
58869
58894
58905
58988
58769
58906
58851
58942
58964
59075
58971
58851
58880
58940
58844
58882
58870
58895
58886
58901
58880
58889
58829
58790
58758
58807
58723
58802
58762
58812
58766
58817
57237
57653
57528
58007
57808
62739
62478
69288
69255
66961
64548
64431
78507
81850
81546
92177
92101
90666
89362
89590
89167
89440
92753
93058
87761
87831
87760
87686
87798
87752
87837
87780
87762
87789
87773
87792
87749
87793
87841
87655
87631
87598
87646
87604
87572
87581
87533
87534
87540
87534
87553
87499
87531
87501
87548
87737
87678
87469
87624
87585
87600
87541
87580
87515
87569
87502
87585
87945
87884
88069
88469
88603
88747
88842
87796
89132
89700
90064
89864
89628
87668
89276
87742
91109
90860
90974
91279
91319
91388
91334
91387
91348
91925
91939
91939
92199
92013
92136
91949
92104
92033
91982
91999
91934
91967
91899
91918
91883
91910
91853
91911
91872
91904
91850
91952
91852
91883
91826
91872
91805
91869
91799
91850
91790
91821
91799
91831
91843
92038
92015
91921
91809
91828
91807
91859
91661
91697
91661
91697
91657
91697
91657
91697
91657
91678
84446
84003
68616
68624
66552
66272
61617
61458
54677
52370
48583
48411
48317
49330
44506
43871
42827
43116
43482
42734
42711
42779
42659
42673
42614
42753
42612
42539
42481
42588
42484
42486
42426
42447
42404
42426
42383
42387
42363
42371
42349
42364
42333
42327
42270
42265
42249
42258
42237
42256
42237
54518
54505
54941
54710
54606
54655
54525
54605
55961
56008
53362
57393
56986
59678
59809
60035
60787
60340
60240
60318
59376
59430
58057
60282
60352
60370
60366
60305
60292
60930
61051
60965
61182
60975
61311
61235
61245
60933
61430
61507
61453
61466
61454
61460
61450
61467
61454
61463
61441
61442
61436
61449
61434
61460
61440
61451
61443
61439
61433
61440
61423
61410
61407
61418
61403
61422
61405
61416
61307
61175
61185
61149
61136
61069
61116
61105
61095
61070
61102
61082
61093
61076
61102
61087
61108
61071
61102
55778
55805
55794
55922
55848
55958
55896
56032
55741
55851
55839
55762
55662
55792
55835
55888
55849
55933
55818
55827
55782
55815
55776
55808
55735
55781
55564
55613
55554
55613
55548
55605
55558
55690
55640
55704
55651
55695
55656
55602
55624
56099
55721
55704
55681
55713
55541
55557
55448
55484
55432
55474
55414
55441
55413
55466
55402
55447
55401
55437
55399
55421
55371
55413
55368
55420
55370
55398
55367
55403
55380
55408
55385
55389
55365
55404
55364
55408
55372
55408
55372
55408
55372
55408
55372
55408
55378
55408
55372
55408
55372
55408
55372
55408
55372
55408
55372
55408
55372
55408
55372
55412
55362
55393
55348
55395
55357
55379
55343
55379
55343
55379
55343
55379
53131
53143
53115
53149
53098
53136
53103
53125
53084
53129
53090
53127
53094
53133
53087
53133
53093
53129
53093
53133
53085
53133
53093
53224
53189
53160
53142
53247
53190
53196
53158
53179
53134
53169
53102
53139
53093
53119
53071
53126
53072
53109
53059
53088
53044
53084
53072
53098
53029
53076
53011
53033
53179
53041
52999
53038
52963
53021
52973
53013
52963
52994
53035
53071
53026
53063
53026
53066
53015
53081
53020
53066
53016
53040
53042
53100
53038
53073
53025
53082
53036
53070
53037
53078
53040
53077
53036
53077
53029
53073
53039
53092
53090
53127
53107
53279
53285
53432
53465
53716
53852
53993
54102
54269
54339
54344
54382
54372
54370
54505
54410
54393
54371
54472
54453
54489
54450
54474
54439
54470
54385
54419
54366
54311
54298
54338
54312
54355
54343
54351
54306
54340
54326
54347
54292
54329
54241
54275
54231
54281
54317
54364
54332
54395
54349
54393
54389
54459
54399
54371
54345
54387
54165
54188
54117
54140
54132
54171
54157
54240
54391
54551
54469
54488
54522
54579
54527
54569
54489
54590
54554
54790
54807
54849
54816
54911
54917
54990
54929
55008
55084
55141
55183
55308
55283
55282
55245
55289
55268
55326
55274
55321
55368
55410
55447
55483
55558
55480
55512
55627
55626
55600
55680
55644
55708
55695
55703
55685
56030
55913
55903
55960
56100
56153
56255
56268
56243
56136
56152
56143
56154
56142
56154
56142
56154
56139
56154
56181
56186
62335
62351
68931
68742
63982
65103
64906
64489
75442
75280
77384
80688
81036
74285
74184
74133
74116
74161
74011
73970
74041
74190
74159
74149
74182
74205
74154
74211
74054
74078
74034
74083
74038
74094
73989
74041
74023
74100
73977
73961
73831
73984
73993
74001
73905
73920
73877
73955
73885
73909
73837
73994
73902
74006
73913
73922
73967
73981
74791
74852
74894
74816
74746
74602
74593
74595
74474
74500
74461
74452
74350
74365
74340
74284
74261
74279
74257
74278
74257
72899
72674
70406
70270
72082
69205
69272
70801
63441
61779
58185
58925
58924
57787
59556
59546
60108
59830
60173
60183
60159
60160
60181
60213
59589
59514
59608
59581
59639
59543
59573
59568
59625
59631
59565
59450
59539
59536
59542
60455
60316
60239
60163
60213
60128
60178
60119
60295
60213
60235
60182
60247
60158
60464
60222
59933
60005
59943
59965
59925
59930
59964
59969
60107
60074
60095
60060
60131
60025
59977
59964
59821
59930
60028
60078
60099
60109
60078
60062
59993
60001
59992
60010
60023
59790
59722
59759
59755
59764
59738
59719
59674
59675
59663
59675
59677
59770
59722
59785
60017
59804
59954
59891
60061
59948
59838
59816
59761
59731
59760
59729
59712
59709
59700
59564
59521
59496
59515
59505
59518
59508
59513
59504
59513
59522
59529
59522
59529
59522
59604
59597
59604
59597
59602
59592
59586
59590
59598
59595
59605
59601
59609
59603
59608
59550
59556
59550
59556
59550
59556
59550
59556
59550
59556
59550
59556
59550
59556
59522
59687
59510
59425
59512
59442
59365
59371
59333
59347
59324
59386
59546
59563
59537
59515
59320
59188
59224
59220
59189
59265
59190
59241
59183
59236
59225
59264
59215
59217
59304
59216
59214
59245
59282
59298
59253
59277
59302
59276
59306
59240
59334
59290
59332
59325
59240
59204
59162
59174
59225
59304
59231
59233
59189
59267
59256
59303
59225
59203
59290
59342
59151
59162
59156
59194
59142
59411
59320
59237
59249
59317
59351
59300
59351
59305
59192
59147
59162
59142
59141
59115
59113
59088
59203
59261
59111
59180
59226
59104
59059
59094
59093
59052
57515
57457
57444
57390
57474
57459
57501
57521
57594
57537
57577
57565
57438
57336
57401
57409
57421
57421
57396
57383
57415
57387
57376
57359
57369
57454
57514
57770
57600
57686
57911
57890
57893
58034
58011
58017
57989
57958
57999
58004
58014
57993
57913
57883
57921
57999
58002
58055
58103
57940
57931
57937
57945
57929
57933
57948
57955
57847
57813
57807
57818
57813
57824
57802
57802
57800
57800
57794
57802
57892
57918
57916
57991
57854
58007
57991
57997
57992
57985
57993
57998
58014
58018
58235
58358
58312
58355
58485
58441
58451
58511
58581
58588
58575
58661
58995
59112
59015
59024
59033
59040
59091
59100
59078
59120
59149
59168
59155
59117
58956
59046
59090
59143
59266
59303
59211
59308
59177
59138
59008
59016
59033
59066
59039
59134
59161
59206
59173
59131
59279
59198
59258
59203
59171
59100
59029
59027
59092
59240
59294
59278
59321
59342
59427
59415
59414
59421
59426
59342
59418
59556
59602
59530
59634
59620
59698
59702
59790
59791
59827
59900
60082
60216
60168
60244
60266
60217
60243
60249
60287
60254
60266
60329
60492
60444
60465
60503
60567
60543
60661
60789
60870
60882
60945
60892
60905
61075
61246
61224
61173
61327
61368
61412
61467
61439
61527
61444
61646
61694
61733
61712
61811
61779
61788
61756
61740
61769
62128
61960
61941
61928
61914
61890
61869
61858
62008
62236
62323
62236
62264
62268
62214
62267
62182
62230
62275
62276
62287
62303
62245
62247
62253
62222
62267
62356
62384
62333
62199
62221
62183
62144
62227
62245
62251
62354
62303
62361
62342
62394
62364
62901
62904
62769
62721
62737
62765
62747
62746
62747
62704
62692
62703
62694
62694
62792
62847
62885
63255
63120
63133
63239
63270
63356
63354
63485
63459
63479
63547
63605
63646
63741
63760
63895
63843
64010
64003
63943
64042
64024
64006
64060
64218
64256
64205
64253
64274
64377
64156
64063
64022
64013
64033
64175
64190
64107
64182
64164
64147
64251
64263
64196
64191
63881
63831
63828
63816
63826
63814
63819
63817
63818
63811
63817
63813
63814
63808
63812
64101
63845
63911
63951
63870
63869
63862
63953
63919
63937
63918
63891
63860
63873
63866
63788
63759
64036
64015
64006
64007
64070
64073
64230
64255
64361
64395
64395
64380
64393
64489
64410
64405
64410
64393
64422
64592
64881
64896
64891
64910
64893
64909
65089
65100
64978
65013
65040
65074
65078
65063
65134
65263
65370
65472
65466
65467
65473
65449
65407
65656
65383
65381
65347
65476
65659
65663
65787
65854
65832
65828
65838
65886
65796
65842
65816
65826
65784
65804
65788
65799
65773
65800
65791
65806
65813
66046
66069
66099
66102
66219
66147
66183
66177
66488
66258
66252
66244
66245
66212
66221
66201
66194
66194
66209
66227
66162
66157
66176
66108
66193
66287
66260
66266
66337
66299
66313
66275
66261
66250
66516
66259
66259
66265
66274
66287
66286
66278
66306
66291
66368
66432
66429
66464
66478
66474
66452
66440
66413
66438
66478
66490
66547
66746
66722
66664
66562
66554
66630
66736
66595
66539
66580
66620
66668
66611
66626
66579
66681
66663
66655
66672
66654
66632
66674
66523
66522
66549
66543
66638
66561
66477
66498
66660
66680
66653
66629
66627
66631
66611
66751
66487
66423
66503
66469
66477
66438
66453
66441
66454
66442
66473
66460
66526
66545
66551
66524
66568
66508
66569
66662
66623
66620
66616
66601
66596
66599
66617
66612
66585
66503
66482
66477
66469
66491
66474
66469
66455
66460
66477
66453
66459
66457
66499
66433
66489
66454
66473
66477
66480
66476
66468
66468
66447
66449
66453
66448
66452
66448
66445
66758
66423
66486
66475
66503
66493
66509
66492
66564
66580
66629
66511
66504
66500
66527
66435
66391
66345
66358
66312
66328
66342
66359
66333
66328
66346
66321
66333
66319
66319
66296
66295
66249
66256
66259
66276
66255
66250
66220
66236
66240
66242
66224
66232
66233
66280
66248
66303
66313
66437
66571
66881
66909
67051
67037
67066
67225
67248
67195
67157
67300
67170
67143
67159
67190
67373
67635
67713
67698
67694
67823
67931
68039
68043
67988
67986
67988
68022
68038
68104
68151
68213
68236
68289
68384
68401
68450
68403
68437
68431
68740
68774
68789
68773
68867
68915
68916
69033
69022
69204
69220
69224
69442
69486
69572
69642
69661
69622
69714
69917
69821
69857
69954
70061
70060
70142
70121
70072
70207
70394
70643
70532
70490
70447
70425
70387
70517
70869
70795
70798
70767
70892
70893
70941
70897
70970
71019
71190
70990
70968
70958
71034
71057
71089
70995
70972
70942
70974
70954
70974
70941
70913
70899
70915
70901
70916
70900
70909
70902
70909
70899
70990
71064
70965
71017
71041
70935
70967
70848
70998
70995
71053
71009
71089
71138
71163
71070
71117
71084
71137
71265
71112
71107
71406
71421
71415
71312
71424
71415
71432
71400
71331
71323
71454
71459
71389
71307
71306
71314
71303
71301
71284
71308
71414
71485
71505
71712
71758
71778
71805
71777
71775
71787
71789
71787
71757
71734
71765
71719
71654
71679
71693
71755
71776
71769
71776
71755
71738
71808
71807
71806
71805
71794
71777
71795
71776
71798
71785
71802
71804
72256
71937
71968
71940
71980
72238
72215
72286
72318
72325
72273
72247
72318
72337
72325
72307
72411
72504
72539
72588
72595
72573
72573
72568
72539
72592
72594
72690
72783
72913
72987
72991
72965
72971
73083
73098
73103
73114
73152
73195
73305
73225
73269
73297
73326
73282
73258
73267
73292
73259
73295
73323
73293
73339
73375
73348
73349
73561
73543
73431
73410
73237
73229
73258
73230
73238
73235
73220
73222
73236
73212
73235
73224
73228
73225
73268
73217
73236
73225
73228
73225
73236
73217
73359
73286
73407
73306
73310
73419
73487
73407
73300
73242
73273
73253
73274
73242
73258
73232
73259
73242
73268
73271
73289
73422
73845
74112
74053
74152
74091
74113
74093
74130
74098
74132
74087
74083
74039
74032
74010
74250
74132
74145
74089
74147
74056
74070
74043
74028
74020
74011
74084
74139
74130
74203
74085
74004
74004
74020
74104
74127
74048
74075
73983
73980
73954
74011
74019
74096
74088
74035
74035
74042
73992
74032
74024
74011
74012
73955
73960
74047
73986
74025
74057
74090
74041
74045
74005
73985
74061
73970
74069
74114
74019
73916
73867
73857
73887
73865
73837
74013
73863
73802
73807
73830
73832
73873
73834
73843
73851
73903
73882
73901
74308
74317
74310
74227
74146
74105
74225
74305
74275
74222
74284
74277
74249
74254
74199
74253
74225
74205
74159
74168
74169
74160
74186
74161
74115
74099
74098
74092
74088
74068
74069
74049
74086
74033
74061
74060
74060
74043
74077
74109
74106
74105
74091
74126
74124
74096
74095
74277
74051
74013
74030
73999
74019
73948
73989
73946
73970
73889
73999
73976
73977
74026
74139
74038
74058
74123
74115
74091
74065
74093
74095
74075
74074
74047
74066
74068
74060
74086
74033
74033
74057
74036
74023
74030
74019
74029
74065
74027
74061
74085
74035
74039
74004
74025
74016
74014
74037
74030
74091
74052
74012
74055
74027
74074
74109
74158
74163
74114
74021
73855
73892
73881
74047
74021
74003
74015
74027
73987
73939
73971
74042
74100
74167
74198
74195
74319
74319
74429
74437
74512
74714
74767
74792
75077
75226
75385
75548
75712
75734
75820
75845
75812
75885
75819
75823
75748
75780
75779
75879
75887
75960
76132
76404
76258
76355
76413
76417
76523
76666
76791
76917
77028
77111
77116
77237
77196
77238
77290
77100
77008
77035
77079
77157
77178
77275
77344
77330
77351
77285
77242
77300
77218
77323
77216
77275
77168
77214
77228
77196
77208
77194
77188
77321
77301
77312
77593
77599
77620
77634
77706
77972
77958
77961
78038
78046
78015
78038
78016
78109
78045
78038
78011
78149
78017
77985
77984
78068
78028
78068
78057
78063
78036
78051
78059
78084
78065
78095
78199
78053
78039
77992
77981
77929
77919
77963
77954
77937
77911
77903
77907
77943
77906
78032
77962
77944
77997
77999
77974
77994
77983
78151
78075
78055
78025
78086
78024
78050
78036
77948
77963
78011
77923
77906
77885
77898
77868
77889
77873
77915
77909
77918
77914
77978
77898
77936
77998
77949
77924
77940
77974
77931
77940
77933
77948
77889
77954
77892
78095
77846
77778
77717
77711
77721
77738
77747
77925
77821
77839
77822
77781
77706
77689
77643
77596
77608
77596
77608
77596
77608
77596
77608
77596
77608
77596
77606
77610
77610
