270
600
840
960
1050
1110
1170
1290
1350
1440
1500
1590
1740
1860
2130
2190
2250
2400
2460
3210
3300
3570
3990
4380
4530
5160
5910
6000
6510
6630
6690
7200
7590
7650
8250
8310
8700
9510
9840
10230
10590
10680
10860
10950
11010
11070
11460
12090
12360
12480
12900
13230
13560
13830
14190
14550
14790
15510
15630
15780
16260
17040
17130
17250
17610
17880
18270
18780
19050
19110
19230
20010
20130
20190
20310
20460
20970
21300
21360
21750
21930
22260
22890
23160
23340
24360
25200
25260
25530
25710
25770
26160
26310
27030
27090
