1	2
3	10
11	13
14	15
16	17
18	19
20	21
22	23
24	25
26	27
28	29
30	31
32	33
34	35
36	37
38	39
40	41
42	43
44	45
46	47
48	49
50	51
52	53
54	55
56	57
58	59
60	65
66	67
68	69
70	71
72	73
74	75
76	77
78	79
80	81
82	83
84	85
86	87
88	89
90	91
92	94
95	99
100	103
104	107
108	109
110	112
113	114
115	119
120	122
123	125
126	130
131	133
134	136
137	140
141	142
143	144
145	146
147	148
149	150
151	152
153	154
155	157
158	160
161	162
163	164
165	166
167	169
170	171
172	173
174	176
177	178
179	180
181	182
183	185
186	187
188	189
190	191
192	193
194	195
196	197
198	199
200	201
202	203
204	205
206	207
208	209
210	211
212	213
214	215
216	217
218	219
220	221
222	223
224	225
226	227
228	229
230	231
232	233
234	235
236	237
238	239
240	241
242	243
244	245
246	247
248	249
250	251
252	253
254	255
256	257
258	259
260	261
262	263
264	265
266	267
268	269
270	271
272	273
274	275
276	277
278	279
280	281
282	283
284	285
286	287
288	289
290	291
292	293
294	295
296	297
298	299
300	301
302	303
304	305
306	307
308	309
310	311
312	313
314	315
316	317
318	319
320	321
322	323
324	325
326	327
328	329
330	331
332	333
334	335
336	337
338	339
340	341
342	343
344	345
346	347
348	349
350	351
352	353
354	355
356	357
358	359
360	361
362	363
364	365
366	367
368	369
370	371
372	373
374	375
376	377
378	379
380	381
382	383
384	385
386	387
388	389
390	391
392	393
394	395
396	397
398	399
400	401
402	403
404	405
406	407
408	409
410	411
412	413
414	415
416	417
418	419
420	421
422	423
424	425
426	427
428	429
430	431
432	433
434	435
436	437
438	439
440	441
442	443
444	445
446	447
448	449
450	451
452	453
454	455
456	457
458	459
460	461
462	463
464	465
466	467
468	469
470	471
472	473
474	475
476	477
478	479
480	481
482	483
484	485
486	487
488	489
490	491
492	493
494	495
496	497
498	499
500	501
502	503
504	505
506	507
508	509
510	511
512	513
514	515
516	517
518	519
520	521
522	523
524	525
526	527
528	529
530	531
532	533
534	535
536	537
538	539
540	541
542	543
544	545
546	547
548	549
550	551
552	553
554	555
556	557
558	559
560	561
562	563
564	565
566	567
568	569
570	571
572	573
574	575
576	577
578	579
580	581
582	583
584	585
586	587
588	589
590	591
592	593
594	595
596	597
598	599
600	601
602	603
604	605
606	607
608	609
610	611
612	613
614	615
616	617
618	619
620	621
622	623
624	625
626	627
628	629
630	631
632	633
634	635
636	637
638	639
640	641
642	643
644	645
646	647
648	649
650	651
652	653
654	655
656	657
658	659
660	661
662	663
664	665
666	667
668	669
670	671
672	673
674	675
676	677
678	679
680	681
682	683
684	685
686	687
688	689
690	691
692	693
694	695
696	697
698	699
700	701
702	703
704	705
706	707
708	709
710	711
712	713
714	715
716	717
718	719
720	721
722	723
724	725
726	727
728	729
730	731
732	733
734	735
736	737
738	739
740	741
742	743
744	745
746	747
748	749
750	751
752	756
757	759
760	762
763	764
765	767
768	770
771	772
773	774
775	776
777	780
781	782
783	788
789	790
791	795
796	798
799	801
802	803
804	806
807	808
809	810
811	812
813	814
815	816
817	818
819	844
845	846
847	848
849	853
854	865
866	873
874	875
876	879
880	883
884	885
886	887
888	889
890	903
904	905
906	907
908	909
910	922
923	926
927	943
944	966
967	968
969	991
992	997
998	1021
1022	1023
1024	1025
1026	1031
1032	1033
1034	1036
1037	1038
1039	1042
1043	1045
1046	1049
1050	1059
1060	1066
1067	1070
1071	1100
1101	1107
1108	1120
1121	1122
1123	1128
1129	1135
1136	1138
1139	1150
1151	1159
1160	1169
1170	1171
1172	1181
1182	1185
1186	1187
1188	1202
1203	1204
1205	1213
1214	1215
1216	1219
1220	1222
1223	1224
1225	1227
1228	1234
1235	1237
1238	1239
1240	1252
1253	1254
1255	1258
1259	1268
1269	1270
1271	1274
1275	1292
1293	1294
1295	1297
1298	1304
1305	1310
1311	1322
1323	1326
1327	1329
1330	1331
1332	1333
1334	1337
1338	1340
1341	1342
1343	1347
1348	1349
1350	1351
1352	1353
1354	1355
1356	1357
1358	1369
1370	1373
1374	1377
1378	1379
1380	1381
1382	1383
1384	1385
1386	1388
1389	1391
1392	1393
1394	1397
1398	1399
1400	1401
1402	1403
1404	1406
1407	1408
1409	1410
1411	1412
1413	1414
1415	1417
1418	1419
1420	1424
1425	1429
1430	1434
1435	1437
1438	1439
1440	1441
1442	1443
1444	1451
1452	1457
1458	1462
1463	1469
1470	1471
1472	1475
1476	1477
1478	1484
1485	1486
1487	1491
1492	1493
1494	1495
1496	1511
1512	1516
1517	1520
1521	1523
1524	1542
1543	1546
1547	1550
1551	1564
1565	1567
1568	1569
1570	1573
1574	1582
1583	1585
1586	1591
1592	1593
1594	1595
1596	1597
1598	1600
1601	1616
1617	1621
1622	1623
1624	1625
1626	1629
1630	1639
1640	1645
1646	1647
1648	1650
1651	1653
1654	1656
1657	1663
1664	1666
1667	1673
1674	1675
1676	1678
1679	1681
1682	1689
1690	1693
1694	1695
1696	1698
1699	1715
1716	1718
1719	1722
1723	1748
1749	1753
1754	1763
1764	1765
1766	1768
1769	1770
1771	1774
1775	1777
1778	1779
1780	1781
1782	1785
1786	1788
1789	1790
1791	1792
1793	1797
1798	1799
1800	1803
1804	1805
1806	1807
1808	1809
1810	1811
1812	1814
1815	1816
1817	1818
1819	1821
1822	1823
1824	1831
1832	1833
1834	1843
1844	1845
1846	1847
1848	1860
1861	1862
1863	1864
1865	1888
1889	1890
1891	1893
1894	1895
1896	1898
1899	1900
1901	1902
1903	1904
1905	1906
1907	1909
1910	1911
1912	1914
1915	1916
1917	1918
1919	1921
1922	1924
1925	1926
1927	1929
1930	1931
1932	1933
1934	1936
1937	1938
1939	1940
1941	1942
1943	1945
1946	1947
1948	1949
1950	1951
1952	1953
1954	1955
1956	1957
1958	1959
1960	1961
1962	1963
1964	1965
1966	1967
1968	1969
1970	1971
1972	1973
1974	1987
1988	1990
1991	2023
2024	2032
2033	2035
2036	2037
2038	2039
2040	2046
2047	2048
2049	2050
2051	2053
2054	2055
2056	2057
2058	2069
2070	2082
2083	2084
2085	2086
2087	2089
2090	2098
2099	2102
2103	2109
2110	2113
2114	2129
2130	2131
2132	2140
2141	2145
2146	2151
2152	2153
2154	2155
2156	2157
2158	2159
2160	2161
2162	2164
2165	2175
2176	2189
2190	2191
2192	2193
2194	2199
2200	2203
2204	2216
2217	2218
2219	2228
2229	2230
2231	2250
2251	2254
2255	2257
2258	2259
2260	2266
2267	2274
2275	2276
2277	2279
2280	2282
2283	2284
2285	2288
2289	2294
2295	2303
2304	2308
2309	2310
2311	2315
2316	2326
2327	2331
2332	2341
2342	2343
2344	2346
2347	2348
2349	2350
2351	2365
2366	2367
2368	2384
2385	2389
2390	2391
2392	2406
2407	2413
2414	2417
2418	2419
2420	2427
2428	2430
2431	2432
2433	2434
2435	2437
2438	2439
2440	2441
2442	2445
2446	2450
2451	2453
2454	2455
2456	2458
2459	2461
2462	2463
2464	2466
2467	2473
2474	2482
2483	2509
2510	2512
2513	2515
2516	2517
2518	2519
2520	2521
2522	2524
2525	2529
2530	2533
2534	2537
2538	2541
2542	2563
2564	2567
2568	2573
2574	2575
2576	2580
2581	2582
2583	2601
2602	2606
2607	2613
2614	2622
2623	2624
2625	2626
2627	2632
2633	2634
2635	2636
2637	2641
2642	2644
2645	2646
2647	2649
2650	2653
2654	2656
2657	2665
2666	2687
2688	2693
2694	2695
2696	2704
2705	2707
2708	2715
2716	2727
2728	2730
2731	2732
2733	2734
2735	2739
2740	2741
2742	2743
2744	2745
2746	2747
2748	2749
2750	2751
2752	2753
2754	2755
2756	2757
2758	2762
2763	2764
2765	2766
2767	2769
2770	2771
2772	2773
2774	2775
2776	2777
2778	2779
2780	2781
2782	2783
2784	2785
2786	2787
2788	2789
2790	2791
2792	2793
2794	2795
2796	2797
2798	2799
2800	2801
2802	2803
2804	2805
2806	2807
2808	2809
2810	2813
2814	2816
2817	2826
2827	2833
2834	2847
2848	2850
2851	2859
2860	2866
2867	2896
2897	2898
2899	2902
2903	2905
2906	2907
2908	2909
2910	2922
2923	2927
2928	2934
2935	2951
2952	2962
2963	2967
2968	2969
2970	2972
2973	2974
2975	2978
2979	2984
2985	2990
2991	2993
2994	2995
2996	2997
2998	3003
3004	3007
3008	3010
3011	3013
3014	3015
3016	3017
3018	3020
3021	3022
3023	3025
3026	3027
3028	3030
3031	3034
3035	3037
3038	3039
3040	3043
3044	3045
3046	3049
3050	3052
3053	3055
3056	3057
3058	3059
3060	3061
3062	3063
3064	3066
3067	3069
3070	3071
3072	3073
3074	3075
3076	3077
3078	3079
3080	3081
3082	3083
3084	3085
3086	3087
3088	3092
3093	3098
3099	3101
3102	3104
3105	3106
3107	3110
3111	3112
3113	3114
3115	3116
3117	3119
3120	3131
3132	3133
3134	3138
3139	3169
3170	3181
3182	3183
3184	3185
3186	3194
3195	3201
3202	3205
3206	3207
3208	3230
3231	3233
3234	3238
3239	3253
3254	3256
3257	3258
3259	3261
3262	3267
3268	3271
3272	3281
3282	3299
3300	3324
3325	3337
3338	3339
3340	3362
3363	3369
3370	3374
3375	3408
3409	3410
3411	3413
3414	3415
3416	3417
3418	3419
3420	3428
3429	3430
3431	3448
3449	3452
3453	3454
3455	3458
3459	3462
3463	3464
3465	3467
3468	3469
3470	3471
3472	3473
3474	3481
3482	3489
3490	3501
3502	3507
3508	3510
3511	3513
3514	3519
3520	3522
3523	3525
3526	3538
3539	3540
3541	3551
3552	3553
3554	3563
3564	3572
3573	3574
3575	3577
3578	3579
3580	3584
3585	3593
3594	3605
3606	3613
3614	3617
3618	3619
3620	3629
3630	3632
3633	3637
3638	3639
3640	3644
3645	3648
3649	3651
3652	3667
3668	3669
3670	3671
3672	3675
3676	3679
3680	3687
3688	3690
3691	3694
3695	3701
3702	3704
3705	3707
3708	3716
3717	3719
3720	3727
3728	3729
3730	3731
3732	3733
3734	3736
3737	3739
3740	3750
3751	3752
3753	3754
3755	3757
3758	3759
3760	3761
3762	3764
3765	3766
3767	3773
3774	3775
3776	3778
3779	3781
3782	3783
3784	3789
3790	3791
3792	3795
3796	3797
3798	3799
3800	3802
3803	3805
3806	3807
3808	3809
3810	3812
3813	3814
3815	3817
3818	3819
3820	3822
3823	3824
3825	3826
3827	3833
3834	3841
3842	3843
3844	3845
3846	3847
3848	3849
3850	3851
3852	3853
3854	3855
3856	3857
3858	3859
3860	3863
3864	3865
3866	3867
3868	3873
3874	3875
3876	3877
3878	3880
3881	3883
3884	3886
3887	3889
3890	3891
3892	3893
3894	3895
3896	3897
3898	3899
3900	3901
3902	3903
3904	3913
3914	3917
3918	3919
3920	3922
3923	3925
3926	3931
3932	3933
3934	3935
3936	3954
3955	3958
3959	3964
3965	3974
3975	3981
3982	3985
3986	3988
3989	3999
4000	4007
4008	4009
4010	4012
4013	4014
4015	4016
4017	4022
4023	4025
4026	4042
4043	4047
4048	4087
4088	4093
4094	4096
4097	4103
4104	4106
4107	4108
4109	4129
4130	4131
4132	4144
4145	4146
4147	4158
4159	4160
4161	4165
4166	4172
4173	4176
4177	4192
4193	4196
4197	4200
4201	4207
4208	4209
4210	4219
4220	4221
4222	4223
4224	4228
4229	4232
4233	4240
4241	4253
4254	4255
4256	4261
4262	4273
4274	4275
4276	4278
4279	4280
4281	4282
4283	4285
4286	4287
4288	4290
4291	4295
4296	4297
4298	4299
4300	4301
4302	4303
4304	4306
4307	4310
4311	4314
4315	4316
4317	4318
4319	4322
4323	4324
4325	4326
4327	4328
4329	4330
4331	4334
4335	4336
4337	4339
4340	4341
4342	4355
4356	4361
4362	4367
4368	4377
4378	4382
4383	4384
4385	4386
4387	4389
4390	4391
4392	4394
4395	4396
4397	4398
4399	4401
4402	4403
4404	4405
4406	4407
4408	4409
4410	4411
4412	4413
4414	4415
4416	4417
4418	4419
4420	4421
4422	4423
4424	4425
4426	4427
4428	4429
4430	4431
4432	4433
4434	4435
4436	4437
4438	4439
4440	4441
4442	4443
4444	4445
4446	4447
4448	4449
4450	4451
4452	4453
4454	4455
4456	4457
4458	4459
4460	4461
4462	4463
4464	4465
4466	4467
4468	4469
4470	4471
4472	4473
4474	4489
4490	4491
4492	4493
4494	4495
4496	4498
4499	4500
4501	4502
4503	4508
4509	4510
4511	4512
4513	4514
4515	4516
4517	4518
4519	4520
4521	4523
4524	4525
4526	4527
4528	4529
4530	4531
4532	4533
4534	4535
4536	4537
4538	4539
4540	4541
4542	4543
4544	4545
4546	4551
4552	4555
4556	4559
4560	4562
4563	4567
4568	4569
4570	4571
4572	4574
4575	4576
4577	4578
4579	4580
4581	4582
4583	4585
4586	4587
4588	4590
4591	4602
4603	4606
4607	4609
4610	4611
4612	4614
4615	4616
4617	4623
4624	4625
4626	4627
4628	4629
4630	4631
4632	4633
4634	4635
4636	4637
4638	4639
4640	4641
4642	4643
4644	4645
4646	4648
4649	4650
4651	4652
4653	4665
4666	4675
4676	4679
4680	4681
4682	4684
4685	4690
4691	4692
4693	4694
4695	4696
4697	4698
4699	4700
4701	4702
4703	4705
4706	4707
4708	4709
4710	4712
4713	4714
4715	4717
4718	4719
4720	4721
4722	4727
4728	4730
4731	4732
4733	4742
4743	4744
4745	4746
4747	4748
4749	4750
4751	4753
4754	4755
4756	4757
4758	4761
4762	4763
4764	4765
4766	4767
4768	4769
4770	4771
4772	4773
4774	4775
4776	4777
4778	4779
4780	4781
4782	4783
4784	4785
4786	4787
4788	4789
4790	4791
4792	4793
4794	4795
4796	4797
4798	4799
4800	4801
4802	4803
4804	4805
4806	4807
4808	4809
4810	4811
4812	4814
4815	4816
4817	4818
4819	4820
4821	4822
4823	4825
4826	4827
4828	4829
4830	4831
4832	4833
4834	4835
4836	4837
4838	4839
4840	4841
4842	4843
4844	4845
4846	4847
4848	4851
4852	4854
4855	4857
4858	4859
4860	4861
4862	4863
4864	4865
4866	4867
4868	4869
4870	4873
4874	4875
4876	4877
4878	4879
4880	4881
4882	4883
4884	4885
4886	4887
4888	4889
4890	4891
4892	4894
4895	4898
4899	4909
4910	4911
4912	4913
4914	4915
4916	4931
4932	4933
4934	4947
4948	4951
4952	4959
4960	4962
4963	4966
4967	4975
4976	4982
4983	4984
4985	4986
4987	4988
4989	4990
4991	4993
4994	4996
4997	4998
4999	5001
5002	5003
5004	5005
5006	5007
5008	5010
5011	5012
5013	5014
5015	5017
5018	5019
5020	5021
5022	5023
5024	5025
5026	5027
5028	5029
5030	5031
5032	5034
5035	5036
5037	5039
5040	5042
5043	5044
5045	5046
5047	5049
5050	5059
5060	5061
5062	5065
5066	5067
5068	5071
5072	5073
5074	5079
5080	5081
5082	5086
5087	5092
5093	5095
5096	5099
5100	5110
5111	5116
5117	5130
5131	5155
5156	5159
5160	5161
5162	5168
5169	5175
5176	5196
5197	5200
5201	5202
5203	5204
5205	5206
5207	5209
5210	5211
5212	5214
5215	5216
5217	5218
5219	5221
5222	5232
5233	5234
5235	5236
5237	5238
5239	5240
5241	5242
5243	5245
5246	5247
5248	5249
5250	5252
5253	5257
5258	5264
5265	5280
5281	5293
5294	5300
5301	5305
5306	5307
5308	5309
5310	5313
5314	5315
5316	5317
5318	5319
5320	5321
5322	5323
5324	5325
5326	5329
5330	5331
5332	5334
5335	5336
5337	5351
5352	5354
5355	5358
5359	5361
5362	5363
5364	5365
5366	5367
5368	5371
5372	5373
5374	5379
5380	5381
5382	5384
5385	5386
5387	5389
5390	5391
5392	5398
5399	5403
5404	5407
5408	5409
5410	5411
5412	5413
5414	5416
5417	5419
5420	5421
5422	5423
5424	5425
5426	5428
5429	5430
5431	5432
5433	5434
5435	5437
5438	5439
5440	5441
5442	5443
5444	5445
5446	5447
5448	5449
5450	5451
5452	5453
5454	5455
5456	5457
5458	5459
5460	5461
5462	5463
5464	5465
5466	5467
5468	5475
5476	5485
5486	5490
5491	5495
5496	5509
5510	5511
5512	5513
5514	5516
5517	5518
5519	5521
5522	5524
5525	5526
5527	5533
5534	5545
5546	5547
5548	5549
5550	5551
5552	5553
5554	5555
5556	5557
5558	5559
5560	5561
5562	5569
5570	5571
5572	5573
5574	5577
5578	5584
5585	5592
5593	5594
5595	5596
5597	5605
5606	5611
5612	5624
5625	5626
5627	5629
5630	5631
5632	5653
5654	5655
5656	5657
5658	5659
5660	5661
5662	5671
5672	5696
5697	5699
5700	5702
5703	5704
5705	5707
5708	5714
5715	5719
5720	5721
5722	5723
5724	5725
5726	5730
5731	5733
5734	5735
5736	5737
5738	5740
5741	5749
5750	5768
5769	5771
5772	5774
5775	5777
5778	5779
5780	5782
5783	5785
5786	5788
5789	5790
5791	5792
5793	5795
5796	5797
5798	5806
5807	5809
5810	5811
5812	5821
5822	5825
5826	5829
5830	5831
5832	5835
5836	5837
5838	5840
5841	5842
5843	5845
5846	5847
5848	5849
5850	5851
5852	5853
5854	5855
5856	5857
5858	5859
5860	5861
5862	5863
5864	5865
5866	5869
5870	5872
5873	5875
5876	5879
5880	5881
5882	5883
5884	5885
5886	5887
5888	5889
5890	5893
5894	5895
5896	5897
5898	5899
5900	5901
5902	5907
5908	5912
5913	5917
5918	5919
5920	5921
5922	5924
5925	5935
5936	5950
5951	5954
5955	5956
5957	5958
5959	5960
5961	5965
5966	5967
5968	5970
5971	5972
5973	5974
5975	5977
5978	5979
5980	5981
5982	5990
5991	5992
5993	5994
5995	5996
5997	6013
6014	6015
6016	6018
6019	6020
6021	6022
6023	6029
6030	6033
6034	6037
6038	6039
6040	6042
6043	6044
6045	6047
6048	6052
6053	6061
6062	6063
6064	6067
6068	6069
6070	6071
6072	6073
6074	6075
6076	6077
6078	6083
6084	6088
6089	6090
6091	6093
6094	6095
6096	6097
6098	6118
6119	6120
6121	6122
6123	6124
6125	6126
6127	6128
6129	6130
6131	6133
6134	6135
6136	6137
6138	6139
6140	6141
6142	6143
6144	6146
6147	6162
6163	6168
6169	6174
6175	6177
6178	6179
6180	6181
6182	6183
6184	6195
6196	6210
6211	6212
6213	6214
6215	6217
6218	6219
6220	6222
6223	6224
6225	6226
6227	6231
6232	6233
6234	6235
6236	6239
6240	6241
6242	6243
6244	6245
6246	6247
6248	6249
6250	6251
6252	6253
6254	6255
6256	6257
6258	6259
6260	6261
6262	6263
6264	6265
6266	6267
6268	6271
6272	6273
6274	6275
6276	6277
6278	6279
6280	6282
6283	6286
6287	6290
6291	6292
6293	6295
6296	6297
6298	6320
6321	6325
6326	6328
6329	6331
6332	6338
6339	6340
6341	6342
6343	6345
6346	6347
6348	6349
6350	6351
6352	6353
6354	6357
6358	6359
6360	6362
6363	6364
6365	6367
6368	6369
6370	6371
6372	6373
6374	6375
6376	6377
6378	6382
6383	6385
6386	6387
6388	6389
6390	6391
6392	6393
6394	6406
6407	6413
6414	6472
6473	6474
6475	6477
6478	6484
6485	6487
6488	6490
6491	6507
6508	6509
6510	6511
6512	6513
6514	6519
6520	6521
6522	6523
6524	6533
6534	6550
6551	6552
6553	6554
6555	6556
6557	6567
6568	6574
6575	6584
6585	6587
6588	6589
6590	6595
6596	6601
6602	6615
6616	6617
6618	6633
6634	6645
6646	6658
6659	6663
6664	6665
6666	6671
6672	6678
6679	6681
6682	6683
6684	6685
6686	6687
6688	6689
6690	6691
6692	6693
6694	6697
6698	6699
6700	6702
6703	6704
6705	6707
6708	6709
6710	6711
6712	6719
6720	6721
6722	6723
6724	6728
6729	6731
6732	6733
6734	6735
6736	6737
6738	6739
6740	6741
6742	6743
6744	6745
6746	6747
6748	6749
6750	6751
6752	6753
6754	6758
6759	6760
6761	6762
6763	6766
6767	6770
6771	6772
6773	6774
6775	6776
6777	6778
6779	6781
6782	6783
6784	6785
6786	6792
6793	6797
6798	6805
6806	6827
6828	6842
6843	6844
6845	6846
6847	6849
6850	6862
6863	6866
6867	6875
6876	6878
6879	6880
6881	6885
6886	6887
6888	6897
6898	6899
6900	6901
6902	6906
6907	6909
6910	6917
6918	6923
6924	6926
6927	6929
6930	6931
6932	6956
6957	6966
6967	6970
6971	6974
6975	6976
6977	6978
6979	6980
6981	6983
6984	6985
6986	6987
6988	6989
6990	6991
6992	6993
6994	6997
6998	7001
7002	7006
7007	7008
7009	7010
7011	7012
7013	7014
7015	7025
7026	7028
7029	7039
7040	7042
7043	7045
7046	7048
7049	7055
7056	7058
7059	7083
7084	7085
7086	7088
7089	7100
7101	7105
7106	7110
7111	7113
7114	7115
7116	7120
7121	7122
7123	7124
7125	7129
7130	7131
7132	7133
7134	7135
7136	7137
7138	7141
7142	7143
7144	7146
7147	7148
7149	7150
7151	7155
7156	7157
7158	7159
7160	7161
7162	7163
7164	7166
7167	7169
7170	7171
7172	7177
7178	7179
7180	7183
7184	7194
7195	7196
7197	7198
7199	7202
7203	7207
7208	7209
7210	7219
7220	7221
7222	7230
7231	7232
7233	7241
7242	7250
7251	7253
7254	7264
7265	7267
7268	7277
7278	7281
7282	7283
7284	7287
7288	7289
7290	7291
7292	7294
7295	7319
7320	7324
7325	7326
7327	7328
7329	7330
7331	7334
7335	7351
7352	7354
7355	7358
7359	7362
7363	7370
7371	7382
7383	7386
7387	7393
7394	7395
7396	7404
7405	7406
7407	7415
7416	7419
7420	7421
7422	7438
7439	7455
7456	7457
7458	7459
7460	7461
7462	7466
7467	7468
7469	7478
7479	7490
7491	7492
7493	7497
7498	7510
7511	7514
7515	7516
7517	7520
7521	7523
7524	7529
7530	7532
7533	7545
7546	7557
7558	7568
7569	7577
7578	7580
7581	7586
7587	7599
7600	7601
7602	7605
7606	7619
7620	7623
7624	7636
7637	7638
7639	7640
7641	7642
7643	7650
7651	7657
7658	7660
7661	7663
7664	7665
7666	7687
7688	7689
7690	7691
7692	7693
7694	7695
7696	7697
7698	7699
7700	7707
7708	7710
7711	7724
7725	7726
7727	7734
7735	7739
7740	7748
7749	7751
7752	7754
7755	7761
7762	7766
7767	7769
7770	7771
7772	7773
7774	7777
7778	7782
7783	7784
7785	7804
7805	7810
7811	7813
7814	7817
7818	7823
7824	7827
7828	7831
7832	7834
7835	7837
7838	7842
7843	7846
7847	7850
7851	7857
7858	7864
7865	7868
7869	7875
7876	7877
7878	7879
7880	7882
7883	7885
7886	7887
7888	7890
7891	7892
7893	7904
7905	7911
7912	7914
7915	7920
7921	7925
7926	7927
7928	7929
7930	7931
7932	7943
7944	7946
7947	7948
7949	7950
7951	7962
7963	7964
7965	7966
7967	7969
7970	7971
7972	7975
7976	7977
7978	7979
7980	7982
7983	7986
7987	7988
7989	7990
7991	7994
7995	7996
7997	7998
7999	8012
8013	8030
8031	8032
8033	8038
8039	8041
8042	8043
8044	8046
8047	8048
8049	8051
8052	8053
8054	8056
8057	8058
8059	8060
8061	8062
8063	8066
8067	8069
8070	8072
8073	8074
8075	8077
8078	8079
8080	8082
8083	8084
8085	8086
8087	8089
8090	8092
8093	8101
8102	8103
8104	8105
8106	8107
8108	8109
8110	8113
8114	8115
8116	8117
8118	8119
8120	8121
8122	8123
8124	8125
8126	8127
8128	8129
8130	8131
8132	8133
8134	8135
8136	8137
8138	8139
8140	8147
8148	8164
8165	8177
8178	8180
8181	8182
8183	8185
8186	8189
8190	8191
8192	8207
8208	8210
8211	8212
8213	8215
8216	8217
8218	8219
8220	8222
8223	8224
8225	8236
8237	8250
8251	8265
8266	8267
8268	8270
8271	8272
8273	8274
8275	8278
8279	8286
8287	8291
8292	8306
8307	8308
8309	8310
8311	8312
8313	8314
8315	8323
8324	8327
8328	8336
8337	8344
8345	8346
8347	8384
8385	8389
8390	8391
8392	8394
8395	8397
8398	8399
8400	8401
8402	8403
8404	8405
8406	8409
8410	8411
8412	8413
8414	8415
8416	8417
8418	8419
8420	8426
8427	8431
8432	8433
8434	8438
8439	8443
8444	8449
8450	8455
8456	8462
8463	8467
8468	8469
8470	8483
8484	8485
8486	8487
8488	8498
8499	8505
8506	8509
8510	8512
8513	8515
8516	8518
8519	8521
8522	8529
8530	8563
8564	8569
8570	8573
8574	8575
8576	8581
8582	8584
8585	8587
8588	8591
8592	8606
8607	8610
8611	8612
8613	8617
8618	8622
8623	8624
8625	8626
8627	8630
8631	8636
8637	8644
8645	8646
8647	8666
8667	8679
8680	8681
8682	8683
8684	8685
8686	8690
8691	8706
8707	8708
8709	8710
8711	8714
8715	8716
8717	8731
8732	8733
8734	8735
8736	8738
8739	8741
8742	8743
8744	8749
8750	8751
8752	8756
8757	8762
8763	8772
8773	8778
8779	8797
8798	8804
8805	8807
8808	8811
8812	8832
8833	8836
8837	8845
8846	8847
8848	8873
8874	8920
8921	8923
8924	8951
8952	8954
8955	8956
8957	8960
8961	8963
8964	8965
8966	8975
8976	8993
8994	8995
8996	8998
8999	9004
9005	9014
9015	9018
9019	9026
9027	9046
9047	9058
9059	9071
9072	9079
9080	9081
9082	9102
9103	9104
9105	9106
9107	9117
9118	9119
9120	9127
9128	9138
9139	9148
9149	9150
9151	9154
9155	9156
9157	9159
9160	9162
9163	9164
9165	9167
9168	9169
9170	9176
9177	9178
9179	9182
9183	9184
9185	9189
9190	9207
9208	9214
9215	9217
9218	9219
9220	9222
9223	9231
9232	9254
9255	9266
9267	9272
9273	9287
9288	9290
9291	9297
9298	9304
9305	9310
9311	9313
9314	9329
9330	9341
9342	9354
9355	9357
9358	9359
9360	9362
9363	9364
9365	9371
9372	9374
9375	9377
9378	9381
9382	9387
9388	9390
9391	9392
9393	9394
9395	9399
9400	9401
9402	9403
9404	9410
9411	9415
9416	9417
9418	9419
9420	9424
9425	9435
9436	9441
9442	9446
9447	9448
9449	9452
9453	9461
9462	9464
9465	9466
9467	9470
9471	9472
9473	9474
9475	9478
9479	9482
9483	9485
9486	9487
9488	9489
9490	9491
9492	9494
9495	9496
9497	9498
9499	9500
9501	9502
9503	9506
9507	9508
9509	9510
9511	9512
9513	9518
9519	9520
9521	9522
9523	9524
9525	9526
9527	9530
9531	9532
9533	9539
9540	9543
9544	9547
9548	9549
9550	9551
9552	9561
9562	9567
9568	9571
9572	9574
9575	9583
9584	9585
9586	9587
9588	9593
9594	9595
9596	9597
9598	9599
9600	9602
9603	9604
9605	9606
9607	9609
9610	9611
9612	9614
9615	9616
9617	9620
9621	9623
9624	9626
9627	9628
9629	9635
9636	9638
9639	9640
9641	9642
9643	9646
9647	9651
9652	9653
9654	9657
9658	9659
9660	9662
9663	9664
9665	9667
9668	9672
9673	9674
9675	9680
9681	9687
9688	9690
9691	9693
9694	9698
9699	9703
9704	9705
9706	9711
9712	9713
9714	9715
9716	9718
9719	9720
9721	9722
9723	9724
9725	9726
9727	9728
9729	9730
9731	9734
9735	9736
9737	9738
9739	9740
9741	9742
9743	9746
9747	9748
9749	9750
9751	9752
9753	9754
9755	9758
9759	9760
9761	9762
9763	9764
9765	9766
9767	9770
9771	9774
9775	9791
9792	9797
9798	9800
9801	9802
9803	9806
9807	9809
9810	9812
9813	9814
9815	9818
9819	9820
9821	9822
9823	9824
9825	9826
9827	9829
9830	9831
9832	9833
9834	9836
9837	9842
9843	9846
9847	9850
9851	9874
9875	9878
9879	9880
9881	9883
9884	9885
9886	9887
9888	9894
9895	9899
9900	9902
9903	9905
9906	9908
9909	9911
9912	9914
9915	9916
9917	9918
9919	9920
9921	9922
9923	9924
9925	9926
9927	9928
9929	9930
9931	9932
9933	9934
9935	9938
9939	9940
9941	9942
9943	9944
9945	9946
9947	9950
9951	9952
9953	9954
9955	9957
9958	9959
9960	9964
9965	9966
9967	9969
9970	9971
9972	9973
9974	9975
9976	9977
9978	9979
9980	9981
9982	9983
9984	9985
9986	9987
9988	9989
9990	9991
9992	9993
9994	9995
9996	9997
9998	9999
10000	10001
10002	10003
10004	10005
10006	10007
10008	10009
10010	10011
10012	10013
10014	10015
10016	10017
10018	10019
10020	10021
10022	10023
10024	10025
10026	10027
10028	10029
10030	10031
10032	10033
10034	10035
10036	10037
10038	10039
10040	10041
10042	10043
10044	10045
10046	10047
10048	10049
10050	10051
10052	10053
10054	10055
10056	10057
10058	10059
10060	10061
10062	10063
10064	10065
10066	10067
10068	10069
10070	10071
10072	10073
10074	10075
10076	10077
10078	10079
10080	10081
10082	10083
10084	10085
10086	10087
10088	10089
10090	10091
10092	10093
10094	10095
10096	10097
10098	10099
10100	10101
10102	10103
10104	10105
10106	10107
10108	10109
10110	10111
10112	10113
10114	10115
10116	10117
10118	10119
10120	10121
10122	10123
10124	10125
10126	10127
10128	10129
10130	10131
10132	10133
10134	10135
10136	10137
10138	10139
10140	10141
10142	10143
10144	10145
10146	10147
10148	10149
10150	10151
10152	10153
10154	10155
10156	10157
10158	10159
10160	10161
10162	10163
10164	10165
10166	10167
10168	10169
10170	10171
10172	10173
10174	10175
10176	10177
10178	10179
10180	10181
10182	10183
10184	10185
10186	10187
10188	10189
10190	10191
10192	10193
10194	10195
10196	10197
10198	10199
10200	10201
10202	10203
10204	10205
10206	10207
10208	10209
10210	10211
10212	10213
10214	10215
10216	10217
10218	10219
10220	10221
10222	10223
10224	10225
10226	10227
10228	10229
10230	10231
10232	10233
10234	10235
10236	10237
10238	10239
10240	10241
10242	10243
10244	10245
10246	10247
10248	10249
10250	10251
10252	10253
10254	10255
10256	10257
10258	10259
10260	10261
10262	10263
10264	10265
10266	10267
10268	10269
10270	10271
10272	10273
10274	10275
10276	10277
10278	10279
10280	10281
10282	10283
10284	10285
10286	10287
10288	10289
10290	10291
10292	10293
10294	10295
10296	10297
10298	10299
10300	10301
10302	10303
10304	10305
10306	10310
10311	10314
10315	10316
10317	10318
10319	10321
10322	10323
10324	10325
10326	10327
10328	10329
10330	10331
10332	10333
10334	10335
10336	10337
10338	10339
10340	10341
10342	10343
10344	10345
10346	10347
10348	10349
10350	10351
10352	10353
10354	10355
10356	10357
10358	10359
10360	10361
10362	10363
10364	10365
10366	10367
10368	10369
10370	10371
10372	10373
10374	10375
10376	10377
10378	10379
10380	10381
10382	10383
10384	10385
10386	10387
10388	10389
10390	10391
10392	10393
10394	10395
10396	10397
10398	10399
10400	10401
10402	10403
10404	10405
10406	10407
10408	10409
10410	10411
10412	10413
10414	10415
10416	10417
10418	10419
10420	10421
10422	10423
10424	10425
10426	10427
10428	10429
10430	10431
10432	10433
10434	10435
10436	10437
10438	10439
10440	10441
10442	10443
10444	10445
10446	10447
10448	10449
10450	10451
10452	10454
10455	10456
10457	10458
10459	10460
10461	10464
10465	10467
10468	10472
10473	10475
10476	10477
10478	10479
10480	10481
10482	10483
10484	10485
10486	10487
10488	10489
10490	10491
10492	10493
10494	10495
10496	10497
10498	10499
10500	10501
10502	10503
10504	10505
10506	10507
10508	10509
10510	10511
10512	10513
10514	10515
10516	10517
10518	10519
10520	10523
10524	10525
10526	10527
10528	10529
10530	10531
10532	10533
10534	10540
10541	10543
10544	10545
10546	10547
10548	10549
10550	10551
10552	10553
10554	10555
10556	10557
10558	10559
10560	10561
10562	10564
10565	10566
10567	10568
10569	10570
10571	10574
10575	10585
10586	10589
10590	10591
10592	10593
10594	10595
10596	10615
10616	10617
10618	10619
10620	10621
10622	10623
10624	10625
10626	10627
10628	10629
10630	10631
10632	10633
10634	10635
10636	10637
10638	10639
10640	10641
10642	10643
10644	10645
10646	10647
10648	10649
10650	10651
10652	10653
10654	10655
10656	10657
10658	10659
10660	10661
10662	10663
10664	10665
10666	10667
10668	10673
10674	10675
10676	10677
10678	10679
10680	10681
10682	10683
10684	10685
10686	10687
10688	10689
10690	10691
10692	10693
10694	10695
10696	10697
10698	10699
10700	10702
10703	10705
10706	10707
10708	10709
10710	10711
10712	10713
10714	10715
10716	10719
10720	10725
10726	10729
10730	10732
10733	10735
10736	10739
10740	10742
10743	10746
10747	10748
10749	10751
10752	10754
10755	10756
10757	10758
10759	10760
10761	10762
10763	10765
10766	10767
10768	10769
10770	10771
10772	10773
10774	10775
10776	10778
10779	10781
10782	10784
10785	10786
10787	10789
10790	10791
10792	10793
10794	10795
10796	10798
10799	10816
10817	10818
10819	10820
10821	10822
10823	10827
10828	10862
10863	10866
10867	10874
10875	10880
10881	10883
10884	10887
10888	10894
10895	10906
10907	10910
10911	10913
10914	10915
10916	10917
10918	10921
10922	10923
10924	10925
10926	10927
10928	10929
10930	10941
10942	10943
10944	10947
10948	10949
10950	10954
10955	10962
10963	10968
10969	10970
10971	10972
10973	10974
10975	10976
10977	10978
10979	10982
10983	10984
10985	10988
10989	10991
10992	10993
10994	10997
10998	11016
11017	11018
11019	11029
11030	11031
11032	11056
11057	11060
11061	11062
11063	11065
11066	11069
11070	11074
11075	11080
11081	11083
11084	11086
11087	11089
11090	11101
11102	11103
11104	11107
11108	11110
11111	11114
11115	11119
11120	11122
11123	11126
11127	11139
11140	11151
11152	11157
11158	11162
11163	11174
11175	11179
11180	11182
11183	11186
11187	11197
11198	11199
11200	11202
11203	11217
11218	11221
11222	11224
11225	11229
11230	11233
11234	11235
11236	11238
11239	11246
11247	11248
11249	11255
11256	11257
11258	11266
11267	11271
11272	11274
11275	11277
11278	11283
11284	11291
11292	11293
11294	11295
11296	11297
11298	11300
11301	11302
11303	11305
11306	11308
11309	11311
11312	11313
11314	11315
11316	11317
11318	11319
11320	11321
11322	11323
11324	11325
11326	11327
11328	11329
11330	11331
11332	11333
11334	11336
11337	11338
11339	11356
11357	11361
11362	11378
11379	11380
11381	11389
11390	11397
11398	11402
11403	11405
11406	11414
11415	11418
11419	11420
11421	11456
11457	11464
11465	11505
11506	11507
11508	11509
11510	11511
11512	11513
11514	11515
11516	11517
11518	11519
11520	11521
11522	11523
11524	11525
11526	11527
11528	11529
11530	11531
11532	11533
11534	11535
11536	11537
11538	11539
11540	11541
11542	11543
11544	11545
11546	11547
11548	11549
11550	11551
11552	11553
11554	11555
11556	11557
11558	11559
11560	11561
11562	11563
11564	11565
11566	11567
11568	11569
11570	11571
11572	11573
11574	11575
11576	11578
11579	11587
11588	11590
11591	11593
11594	11595
11596	11597
11598	11599
11600	11601
11602	11603
11604	11607
11608	11609
11610	11626
11627	11630
11631	11632
11633	11634
11635	11636
11637	11638
11639	11641
11642	11643
11644	11645
11646	11658
11659	11660
11661	11662
11663	11666
11667	11668
11669	11670
11671	11672
11673	11674
11675	11677
11678	11679
11680	11681
11682	11684
11685	11687
11688	11689
11690	11691
11692	11694
11695	11696
11697	11698
11699	11701
11702	11703
11704	11705
11706	11707
11708	11709
11710	11711
11712	11713
11714	11715
11716	11717
11718	11719
11720	11723
11724	11725
11726	11729
11730	11733
11734	11746
11747	11749
11750	11781
11782	11784
11785	11803
11804	11806
11807	11809
11810	11829
11830	11831
11832	11833
11834	11839
11840	11843
11844	11845
11846	11847
11848	11849
11850	11858
11859	11862
11863	11865
11866	11867
11868	11872
11873	11881
11882	11883
11884	11886
11887	11888
11889	11891
11892	11893
11894	11898
11899	11901
11902	11903
11904	11914
11915	11917
11918	11922
11923	11924
11925	11926
11927	11931
11932	11935
11936	11944
11945	11958
11959	11960
11961	11962
11963	11975
11976	11977
11978	11979
11980	11981
11982	11986
11987	11990
11991	12007
12008	12009
12010	12028
12029	12031
12032	12038
12039	12042
12043	12046
12047	12049
12050	12051
12052	12054
12055	12057
12058	12059
12060	12064
12065	12067
12068	12070
12071	12073
12074	12076
12077	12079
12080	12082
12083	12085
12086	12088
12089	12105
12106	12115
12116	12119
12120	12121
12122	12123
12124	12127
12128	12133
12134	12136
12137	12138
12139	12140
12141	12142
12143	12158
12159	12160
12161	12162
12163	12164
12165	12166
12167	12168
12169	12171
12172	12173
12174	12175
12176	12179
12180	12181
12182	12183
12184	12185
12186	12187
12188	12189
12190	12191
12192	12193
12194	12195
12196	12197
12198	12199
12200	12202
12203	12205
12206	12207
12208	12209
12210	12211
12212	12213
12214	12215
12216	12217
12218	12219
12220	12221
12222	12223
12224	12225
12226	12227
12228	12229
12230	12231
12232	12235
12236	12239
12240	12241
12242	12244
12245	12246
12247	12248
12249	12250
12251	12253
12254	12255
12256	12257
12258	12259
12260	12265
12266	12267
12268	12275
12276	12278
12279	12286
12287	12288
12289	12291
12292	12293
12294	12295
12296	12297
12298	12306
12307	12310
12311	12314
12315	12321
12322	12325
12326	12327
12328	12329
12330	12331
12332	12338
12339	12341
12342	12346
12347	12349
12350	12351
12352	12358
12359	12360
12361	12362
12363	12368
12369	12373
12374	12378
12379	12380
12381	12382
12383	12385
12386	12387
12388	12390
12391	12393
12394	12395
12396	12397
12398	12399
12400	12401
12402	12403
12404	12405
12406	12407
12408	12411
12412	12413
12414	12415
12416	12417
12418	12419
12420	12421
12422	12423
12424	12425
12426	12432
12433	12434
12435	12436
12437	12438
12439	12440
12441	12442
12443	12444
12445	12446
12447	12448
12449	12450
12451	12452
12453	12454
12455	12456
12457	12458
12459	12463
12464	12467
12468	12470
12471	12472
12473	12474
12475	12476
12477	12478
12479	12481
12482	12483
12484	12485
12486	12487
12488	12489
12490	12491
12492	12493
12494	12495
12496	12497
12498	12499
12500	12501
12502	12503
12504	12505
12506	12507
12508	12509
12510	12512
12513	12514
12515	12516
12517	12518
12519	12520
12521	12522
12523	12524
12525	12526
12527	12533
12534	12535
12536	12538
12539	12548
12549	12551
12552	12553
12554	12557
12558	12559
12560	12561
12562	12563
12564	12569
12570	12571
12572	12573
12574	12577
12578	12579
12580	12581
12582	12585
12586	12587
12588	12591
12592	12593
12594	12596
12597	12598
12599	12601
12602	12603
12604	12605
12606	12607
12608	12609
12610	12611
12612	12613
12614	12616
12617	12629
12630	12632
12633	12635
12636	12639
12640	12641
12642	12644
12645	12646
12647	12649
12650	12651
12652	12654
12655	12657
12658	12659
12660	12665
12666	12667
12668	12674
12675	12677
12678	12685
12686	12687
12688	12706
12707	12716
12717	12741
12742	12752
12753	12759
12760	12761
12762	12763
12764	12765
12766	12767
12768	12769
12770	12775
12776	12777
12778	12779
12780	12781
12782	12784
12785	12790
12791	12794
12795	12796
12797	12801
12802	12805
12806	12807
12808	12811
12812	12827
12828	12829
12830	12831
12832	12833
12834	12836
12837	12839
12840	12841
12842	12845
12846	12854
12855	12866
12867	12872
12873	12886
12887	12889
12890	12893
12894	12895
12896	12897
12898	12907
12908	12910
12911	12912
12913	12914
12915	12916
12917	12928
12929	12931
12932	12933
12934	12940
12941	12942
12943	12944
12945	12946
12947	12950
12951	12958
12959	12966
12967	12969
12970	12979
12980	12982
12983	12985
12986	13003
13004	13010
13011	13013
13014	13018
13019	13021
13022	13031
13032	13033
13034	13047
13048	13052
13053	13061
13062	13065
13066	13074
13075	13079
13080	13082
13083	13094
13095	13097
13098	13108
13109	13110
13111	13112
13113	13114
13115	13117
13118	13120
13121	13129
13130	13132
13133	13140
13141	13143
13144	13160
13161	13171
13172	13173
13174	13175
13176	13178
13179	13184
13185	13195
13196	13206
13207	13208
13209	13210
13211	13214
13215	13217
13218	13222
13223	13224
13225	13227
13228	13229
13230	13231
13232	13233
13234	13235
13236	13237
13238	13239
13240	13241
13242	13243
13244	13245
13246	13247
13248	13249
13250	13251
13252	13253
13254	13255
13256	13282
13283	13297
13298	13309
13310	13318
13319	13328
13329	13330
13331	13333
13334	13337
13338	13358
13359	13361
13362	13401
13402	13412
13413	13415
13416	13417
13418	13419
13420	13421
13422	13424
13425	13426
13427	13429
13430	13431
13432	13433
13434	13435
13436	13437
13438	13439
13440	13442
13443	13446
13447	13449
13450	13455
13456	13460
13461	13462
13463	13468
13469	13470
13471	13480
13481	13489
13490	13501
13502	13503
13504	13507
13508	13509
13510	13511
13512	13513
13514	13515
13516	13517
13518	13520
13521	13523
13524	13540
13541	13543
13544	13546
13547	13548
13549	13550
13551	13553
13554	13557
13558	13575
13576	13588
13589	13590
13591	13606
13607	13613
13614	13623
13624	13634
13635	13639
13640	13641
13642	13645
13646	13650
13651	13652
13653	13654
13655	13658
13659	13663
13664	13666
13667	13669
13670	13671
13672	13673
13674	13676
13677	13678
13679	13680
13681	13682
13683	13684
13685	13686
13687	13688
13689	13690
13691	13692
13693	13695
13696	13697
13698	13703
13704	13705
13706	13707
13708	13710
13711	13713
13714	13717
13718	13719
13720	13722
13723	13725
13726	13727
13728	13729
13730	13732
13733	13734
13735	13736
13737	13738
13739	13741
13742	13744
13745	13746
13747	13748
13749	13750
13751	13753
13754	13755
13756	13757
13758	13759
13760	13761
13762	13765
13766	13767
13768	13769
13770	13771
13772	13775
13776	13777
13778	13779
13780	13781
13782	13783
13784	13785
13786	13787
13788	13789
13790	13791
13792	13793
13794	13795
13796	13797
13798	13799
13800	13801
13802	13803
13804	13805
13806	13807
13808	13809
13810	13811
13812	13813
13814	13815
13816	13817
13818	13819
13820	13825
13826	13827
13828	13829
13830	13831
13832	13833
13834	13835
13836	13837
13838	13839
13840	13841
13842	13843
13844	13846
13847	13849
13850	13851
13852	13853
13854	13864
13865	13876
13877	13879
13880	13885
13886	13887
13888	13892
13893	13900
13901	13904
13905	13911
13912	13913
13914	13918
13919	13922
13923	13935
13936	13937
13938	13942
13943	13944
13945	13948
13949	13951
13952	13953
13954	13957
13958	13959
13960	13961
13962	13963
13964	13965
13966	13967
13968	13969
13970	13971
13972	13973
13974	13975
13976	13977
13978	13980
13981	13982
13983	13984
13985	13986
13987	13989
13990	13993
13994	13996
13997	14000
14001	14006
14007	14008
14009	14010
14011	14013
14014	14020
14021	14024
14025	14029
14030	14034
14035	14041
14042	14043
14044	14045
14046	14047
14048	14049
14050	14051
14052	14053
14054	14055
14056	14057
14058	14059
14060	14061
14062	14063
14064	14065
14066	14067
14068	14069
14070	14071
14072	14073
14074	14075
14076	14077
14078	14079
14080	14082
14083	14084
14085	14086
14087	14089
14090	14091
14092	14093
14094	14095
14096	14097
14098	14099
14100	14101
14102	14104
14105	14106
14107	14108
14109	14110
14111	14113
14114	14115
14116	14117
14118	14119
14120	14121
14122	14123
14124	14125
14126	14127
14128	14129
14130	14131
14132	14133
14134	14135
14136	14137
14138	14139
14140	14141
14142	14143
14144	14145
14146	14147
14148	14149
14150	14151
14152	14153
14154	14155
14156	14157
14158	14159
14160	14161
14162	14163
14164	14165
14166	14167
14168	14169
14170	14171
14172	14173
14174	14175
14176	14177
14178	14179
14180	14181
14182	14183
14184	14185
14186	14187
14188	14189
14190	14191
14192	14193
14194	14195
14196	14197
14198	14199
14200	14201
14202	14203
14204	14205
14206	14207
14208	14216
14217	14219
14220	14221
14222	14223
14224	14225
14226	14227
14228	14230
14231	14232
14233	14237
14238	14242
14243	14244
14245	14248
14249	14250
14251	14252
14253	14256
14257	14258
14259	14270
14271	14273
14274	14275
14276	14277
14278	14282
14283	14285
14286	14287
14288	14291
14292	14293
14294	14298
14299	14300
14301	14305
14306	14309
14310	14311
14312	14315
14316	14317
14318	14323
14324	14325
14326	14327
14328	14331
14332	14333
14334	14335
14336	14337
14338	14339
14340	14341
14342	14343
14344	14345
14346	14347
14348	14349
14350	14351
14352	14353
14354	14355
14356	14357
14358	14359
14360	14362
14363	14364
14365	14366
14367	14368
14369	14371
14372	14373
14374	14375
14376	14377
14378	14379
14380	14385
14386	14390
14391	14392
14393	14394
14395	14396
14397	14398
14399	14402
14403	14404
14405	14406
14407	14408
14409	14410
14411	14413
14414	14415
14416	14417
14418	14419
14420	14421
14422	14423
14424	14425
14426	14427
14428	14429
14430	14431
14432	14433
14434	14435
14436	14437
14438	14439
14440	14442
14443	14444
14445	14446
14447	14452
14453	14464
14465	14469
14470	14471
14472	14477
14478	14487
14488	14491
14492	14501
14502	14503
14504	14505
14506	14507
14508	14509
14510	14512
14513	14514
14515	14516
14517	14518
14519	14520
14521	14522
14523	14524
14525	14526
14527	14528
14529	14530
14531	14540
14541	14542
14543	14545
14546	14549
14550	14553
14554	14555
14556	14557
14558	14559
14560	14561
14562	14563
14564	14565
14566	14567
14568	14569
14570	14571
14572	14573
14574	14575
14576	14577
14578	14581
14582	14585
14586	14589
14590	14591
14592	14593
14594	14595
14596	14597
14598	14599
14600	14602
14603	14605
14606	14607
14608	14609
14610	14611
14612	14613
14614	14615
14616	14618
14619	14620
14621	14622
14623	14624
14625	14626
14627	14628
14629	14630
14631	14634
14635	14644
14645	14646
14647	14648
14649	14651
14652	14653
14654	14655
14656	14657
14658	14663
14664	14666
14667	14668
14669	14687
14688	14696
14697	14719
14720	14723
14724	14726
14727	14734
14735	14737
14738	14742
14743	14745
14746	14750
14751	14752
14753	14754
14755	14760
14761	14777
14778	14780
14781	14783
14784	14788
14789	14790
14791	14796
14797	14802
14803	14807
14808	14811
14812	14813
14814	14816
14817	14818
14819	14834
14835	14836
14837	14841
14842	14847
14848	14853
14854	14866
14867	14869
14870	14877
14878	14902
14903	14904
14905	14914
14915	14916
14917	14919
14920	14936
14937	14938
14939	14949
14950	14951
14952	14957
14958	14963
14964	14966
14967	14968
14969	14979
14980	14986
14987	14990
14991	14992
14993	14994
14995	15006
15007	15008
15009	15037
15038	15042
15043	15047
15048	15062
15063	15064
15065	15066
15067	15068
15069	15081
15082	15083
15084	15086
15087	15105
15106	15107
15108	15121
15122	15123
15124	15137
15138	15139
15140	15152
15153	15169
15170	15176
15177	15181
15182	15185
15186	15187
15188	15189
15190	15191
15192	15193
15194	15195
15196	15211
15212	15215
15216	15217
15218	15221
15222	15225
15226	15227
15228	15235
15236	15238
15239	15242
15243	15245
15246	15256
15257	15258
15259	15262
15263	15266
15267	15268
15269	15270
15271	15272
15273	15274
15275	15277
15278	15279
15280	15281
15282	15283
15284	15286
15287	15289
15290	15291
15292	15295
15296	15297
15298	15299
15300	15301
15302	15303
15304	15305
15306	15308
15309	15310
15311	15313
15314	15315
15316	15317
15318	15320
15321	15323
15324	15325
15326	15327
15328	15329
15330	15331
15332	15333
15334	15335
15336	15339
15340	15342
15343	15345
15346	15351
15352	15357
15358	15359
15360	15361
15362	15363
15364	15365
15366	15367
15368	15369
15370	15371
15372	15374
15375	15376
15377	15378
15379	15380
15381	15382
15383	15385
15386	15387
15388	15389
15390	15391
15392	15393
15394	15395
15396	15397
15398	15399
15400	15402
15403	15404
15405	15407
15408	15409
15410	15411
15412	15413
15414	15415
15416	15426
15427	15428
15429	15430
15431	15433
15434	15457
15458	15459
15460	15474
15475	15483
15484	15491
15492	15495
15496	15498
15499	15500
15501	15502
15503	15505
15506	15507
15508	15509
15510	15512
15513	15514
15515	15518
15519	15521
15522	15523
15524	15525
15526	15527
15528	15529
15530	15531
15532	15533
15534	15535
15536	15537
15538	15541
15542	15544
15545	15546
15547	15548
15549	15551
15552	15553
15554	15555
15556	15557
15558	15559
15560	15561
15562	15563
15564	15565
15566	15567
15568	15569
15570	15571
15572	15573
15574	15575
15576	15577
15578	15579
15580	15581
15582	15583
15584	15585
15586	15587
15588	15589
15590	15592
15593	15594
15595	15596
15597	15598
15599	15601
15602	15603
15604	15605
15606	15607
15608	15609
15610	15611
15612	15613
15614	15615
15616	15617
15618	15620
15621	15622
15623	15625
15626	15628
15629	15631
15632	15633
15634	15636
15637	15638
15639	15640
15641	15642
15643	15644
15645	15646
15647	15650
15651	15652
15653	15655
15656	15657
15658	15661
15662	15663
15664	15665
15666	15675
15676	15677
15678	15679
15680	15681
15682	15683
15684	15685
15686	15687
15688	15691
15692	15693
15694	15695
15696	15697
15698	15701
15702	15704
15705	15710
15711	15713
15714	15717
15718	15719
15720	15721
15722	15725
15726	15729
15730	15731
15732	15733
15734	15735
15736	15738
15739	15740
15741	15742
15743	15744
15745	15746
15747	15748
15749	15750
15751	15752
15753	15755
15756	15760
15761	15762
15763	15767
15768	15770
15771	15773
15774	15775
15776	15777
15778	15780
15781	15783
15784	15786
15787	15789
15790	15791
15792	15795
15796	15797
15798	15799
15800	15802
15803	15805
15806	15808
15809	15810
15811	15813
15814	15815
15816	15822
15823	15827
15828	15831
15832	15833
15834	15840
15841	15845
15846	15847
15848	15849
15850	15853
15854	15855
15856	15857
15858	15859
15860	15861
15862	15863
15864	15872
15873	15874
15875	15879
15880	15885
15886	15889
15890	15891
15892	15893
15894	15898
15899	15901
15902	15903
15904	15905
15906	15908
15909	15910
15911	15913
15914	15915
15916	15919
15920	15921
15922	15923
15924	15926
15927	15929
15930	15932
15933	15934
15935	15936
15937	15939
15940	15941
15942	15943
15944	15945
15946	15947
15948	15949
15950	15961
15962	15963
15964	15974
15975	15976
15977	15978
15979	15980
15981	15982
15983	15985
15986	15987
15988	15990
15991	15992
15993	15994
15995	15998
15999	16001
16002	16007
16008	16009
16010	16011
16012	16013
16014	16015
16016	16017
16018	16019
16020	16021
16022	16023
16024	16025
16026	16027
16028	16029
16030	16031
16032	16033
16034	16035
16036	16039
16040	16041
16042	16094
16095	16096
16097	16099
16100	16107
16108	16114
16115	16116
16117	16118
16119	16123
16124	16128
16129	16144
16145	16155
16156	16157
16158	16159
16160	16161
16162	16163
16164	16165
16166	16167
16168	16169
16170	16171
16172	16173
16174	16175
16176	16177
16178	16179
16180	16183
16184	16185
16186	16187
16188	16189
16190	16191
16192	16193
16194	16196
16197	16207
16208	16209
16210	16211
16212	16213
16214	16218
16219	16228
16229	16242
16243	16244
16245	16247
16248	16255
16256	16257
16258	16259
16260	16261
16262	16263
16264	16271
16272	16273
16274	16277
16278	16299
16300	16301
16302	16303
16304	16318
16319	16321
16322	16325
16326	16357
16358	16366
16367	16373
16374	16379
16380	16381
16382	16385
16386	16388
16389	16391
16392	16393
16394	16395
16396	16398
16399	16402
16403	16405
16406	16407
16408	16409
16410	16411
16412	16413
16414	16415
16416	16417
16418	16419
16420	16421
16422	16423
16424	16425
16426	16427
16428	16429
16430	16435
16436	16440
16441	16449
16450	16459
16460	16464
16465	16466
16467	16468
16469	16472
16473	16479
16480	16481
16482	16483
16484	16485
16486	16487
16488	16491
16492	16505
16506	16508
16509	16511
16512	16514
16515	16517
16518	16522
16523	16547
16548	16552
16553	16577
16578	16580
16581	16583
16584	16585
16586	16613
16614	16615
16616	16631
16632	16633
16634	16635
16636	16640
16641	16642
16643	16647
16648	16649
16650	16651
16652	16653
16654	16655
16656	16658
16659	16660
16661	16663
16664	16667
16668	16669
16670	16671
16672	16673
16674	16675
16676	16677
16678	16679
16680	16681
16682	16683
16684	16685
16686	16687
16688	16689
16690	16691
16692	16693
16694	16695
16696	16697
16698	16699
16700	16702
16703	16705
16706	16707
16708	16709
16710	16711
16712	16713
16714	16715
16716	16717
16718	16719
16720	16721
16722	16723
16724	16725
16726	16727
16728	16729
16730	16732
16733	16734
16735	16736
16737	16738
16739	16741
16742	16743
16744	16745
16746	16747
16748	16749
16750	16751
16752	16753
16754	16755
16756	16757
16758	16759
16760	16761
16762	16763
16764	16765
16766	16767
16768	16769
16770	16771
16772	16785
16786	16787
16788	16813
16814	16817
16818	16819
16820	16822
16823	16824
16825	16826
16827	16828
16829	16830
16831	16833
16834	16837
16838	16842
16843	16844
16845	16849
16850	16856
16857	16858
16859	16863
16864	16877
16878	16880
16881	16888
16889	16890
16891	16892
16893	16897
16898	16910
16911	16917
16918	16919
16920	16924
16925	16948
16949	16950
16951	16952
16953	16958
16959	16961
16962	16963
16964	16965
16966	16967
16968	16970
16971	16972
16973	16974
16975	16976
16977	16978
16979	16980
16981	16983
16984	16985
16986	16988
16989	16990
16991	16995
16996	16997
16998	16999
17000	17001
17002	17003
17004	17010
17011	17012
17013	17014
17015	17021
17022	17029
17030	17034
17035	17038
17039	17041
17042	17043
17044	17045
17046	17048
17049	17050
17051	17053
17054	17068
17069	17073
17074	17075
17076	17085
17086	17089
17090	17092
17093	17094
17095	17105
17106	17107
17108	17109
17110	17111
17112	17113
17114	17115
17116	17117
17118	17119
17120	17121
17122	17123
17124	17126
17127	17138
17139	17142
17143	17144
17145	17146
17147	17149
17150	17152
17153	17154
17155	17163
17164	17165
17166	17167
17168	17177
17178	17180
17181	17186
17187	17193
17194	17195
17196	17197
17198	17199
17200	17201
17202	17205
17206	17209
17210	17213
17214	17216
17217	17218
17219	17220
17221	17222
17223	17224
17225	17227
17228	17236
17237	17250
17251	17253
17254	17258
17259	17260
17261	17265
17266	17279
17280	17284
17285	17288
17289	17290
17291	17294
17295	17298
17299	17302
17303	17307
17308	17309
17310	17312
17313	17314
17315	17317
17318	17319
17320	17326
17327	17329
17330	17336
17337	17344
17345	17346
17347	17348
17349	17351
17352	17353
17354	17355
17356	17357
17358	17360
17361	17362
17363	17374
17375	17378
17379	17381
17382	17395
17396	17405
17406	17407
17408	17409
17410	17411
17412	17413
17414	17415
17416	17417
17418	17419
17420	17431
17432	17439
17440	17441
17442	17448
17449	17453
17454	17455
17456	17457
17458	17459
17460	17461
17462	17463
17464	17474
17475	17476
17477	17480
17481	17483
17484	17491
17492	17494
17495	17498
17499	17506
17507	17509
17510	17512
17513	17514
17515	17516
17517	17518
17519	17521
17522	17523
17524	17530
17531	17532
17533	17534
17535	17537
17538	17539
17540	17541
17542	17546
17547	17550
17551	17552
17553	17554
17555	17557
17558	17559
17560	17561
17562	17563
17564	17565
17566	17567
17568	17569
17570	17571
17572	17573
17574	17575
17576	17577
17578	17579
17580	17581
17582	17583
17584	17585
17586	17588
17589	17590
17591	17593
17594	17595
17596	17598
17599	17606
17607	17614
17615	17617
17618	17626
17627	17629
17630	17631
17632	17633
17634	17635
17636	17643
17644	17647
17648	17649
17650	17651
17652	17653
17654	17655
17656	17657
17658	17659
17660	17661
17662	17666
17667	17671
17672	17673
17674	17675
17676	17677
17678	17683
17684	17687
17688	17689
17690	17691
17692	17700
17701	17705
17706	17707
17708	17709
17710	17711
17712	17713
17714	17715
17716	17732
17733	17735
17736	17737
17738	17739
17740	17741
17742	17743
17744	17745
17746	17747
17748	17755
17756	17768
17769	17770
17771	17772
17773	17775
17776	17777
17778	17779
17780	17781
17782	17783
17784	17785
17786	17788
17789	17790
17791	17792
17793	17794
17795	17797
17798	17801
17802	17805
17806	17807
17808	17809
17810	17811
17812	17813
17814	17816
17817	17818
17819	17821
17822	17823
17824	17825
17826	17827
17828	17829
17830	17831
17832	17833
17834	17835
17836	17837
17838	17839
17840	17841
17842	17848
17849	17860
17861	17863
17864	17868
17869	17870
17871	17872
17873	17879
17880	17895
17896	17899
17900	17901
17902	17907
17908	17924
17925	17931
17932	17933
17934	17936
17937	17938
17939	17941
17942	17943
17944	17945
17946	17947
17948	17949
17950	17951
17952	17953
17954	17955
17956	17957
17958	17962
17963	17966
17967	17973
17974	17975
17976	17978
17979	17981
17982	17985
17986	17993
17994	17997
17998	17999
18000	18003
18004	18005
18006	18007
18008	18009
18010	18011
18012	18013
18014	18015
18016	18017
18018	18019
18020	18021
18022	18023
18024	18025
18026	18027
18028	18029
18030	18031
18032	18033
18034	18035
18036	18037
18038	18040
18041	18042
18043	18044
18045	18046
18047	18049
18050	18052
18053	18054
18055	18056
18057	18069
18070	18071
18072	18073
18074	18075
18076	18077
18078	18079
18080	18081
18082	18083
18084	18085
18086	18087
18088	18089
18090	18091
18092	18094
18095	18098
18099	18103
18104	18106
18107	18108
18109	18110
18111	18113
18114	18116
18117	18118
18119	18121
18122	18123
18124	18125
18126	18128
18129	18130
18131	18134
18135	18136
18137	18138
18139	18141
18142	18143
18144	18145
18146	18147
18148	18150
18151	18152
18153	18157
18158	18159
18160	18161
18162	18163
18164	18165
18166	18167
18168	18169
18170	18171
18172	18173
18174	18175
18176	18177
18178	18179
18180	18181
18182	18183
18184	18185
18186	18187
18188	18189
18190	18191
18192	18193
18194	18195
18196	18197
18198	18199
18200	18201
18202	18203
18204	18205
18206	18207
18208	18210
18211	18214
18215	18217
18218	18219
18220	18221
18222	18224
18225	18226
18227	18229
18230	18231
18232	18233
18234	18235
18236	18237
18238	18255
18256	18262
18263	18265
18266	18268
18269	18272
18273	18282
18283	18284
18285	18286
18287	18291
18292	18293
18294	18295
18296	18299
18300	18303
18304	18305
18306	18309
18310	18312
18313	18315
18316	18317
18318	18319
18320	18322
18323	18334
18335	18336
18337	18344
18345	18346
18347	18353
18354	18355
18356	18357
18358	18359
18360	18361
18362	18366
18367	18368
18369	18370
18371	18374
18375	18376
18377	18378
18379	18380
18381	18382
18383	18385
18386	18387
18388	18389
18390	18391
18392	18393
18394	18395
18396	18397
18398	18399
18400	18402
18403	18404
18405	18407
18408	18410
18411	18414
18415	18416
18417	18418
18419	18420
18421	18422
18423	18424
18425	18426
18427	18428
18429	18430
18431	18432
18433	18434
18435	18436
18437	18439
18440	18441
18442	18443
18444	18445
18446	18447
18448	18449
18450	18451
18452	18453
18454	18455
18456	18457
18458	18459
18460	18461
18462	18463
18464	18465
18466	18467
18468	18469
18470	18471
18472	18473
18474	18475
18476	18477
18478	18481
18482	18483
18484	18485
18486	18488
18489	18490
18491	18493
18494	18495
18496	18497
18498	18499
18500	18501
18502	18503
18504	18505
18506	18507
18508	18509
18510	18511
18512	18513
18514	18515
18516	18517
18518	18520
18521	18522
18523	18524
18525	18526
18527	18529
18530	18531
18532	18533
18534	18535
18536	18539
18540	18541
18542	18543
18544	18545
18546	18547
18548	18549
18550	18551
18552	18553
18554	18555
18556	18557
18558	18559
18560	18561
18562	18563
18564	18565
18566	18568
18569	18570
18571	18583
18584	18585
18586	18587
18588	18589
18590	18591
18592	18593
18594	18595
18596	18597
18598	18599
18600	18601
18602	18603
18604	18605
18606	18607
18608	18609
18610	18611
18612	18613
18614	18615
18616	18617
18618	18619
18620	18621
18622	18623
18624	18626
18627	18638
18639	18640
18641	18642
18643	18644
18645	18646
18647	18650
18651	18652
18653	18654
18655	18657
18658	18661
18662	18665
18666	18667
18668	18669
18670	18671
18672	18673
18674	18675
18676	18677
18678	18679
18680	18681
18682	18683
18684	18685
18686	18687
18688	18717
18718	18720
18721	18722
18723	18724
18725	18726
18727	18747
18748	18749
18750	18753
18754	18756
18757	18758
18759	18760
18761	18762
18763	18765
18766	18775
18776	18786
18787	18788
18789	18805
18806	18807
18808	18813
18814	18840
18841	18861
18862	18882
18883	18885
18886	18896
18897	18898
18899	18912
18913	18923
18924	18935
18936	18937
18938	18940
18941	18954
18955	18956
18957	18966
18967	18970
18971	18975
18976	18978
18979	18981
18982	18983
18984	18985
18986	18987
18988	18989
18990	18994
18995	18997
18998	18999
19000	19001
19002	19021
19022	19023
19024	19025
19026	19050
19051	19052
19053	19066
19067	19073
19074	19084
19085	19088
19089	19090
19091	19095
19096	19099
19100	19109
19110	19120
19121	19123
19124	19137
19138	19141
19142	19149
19150	19151
19152	19156
19157	19163
19164	19177
19178	19179
19180	19182
19183	19185
19186	19187
19188	19189
19190	19191
19192	19193
19194	19195
19196	19197
19198	19199
19200	19202
19203	19204
19205	19206
19207	19208
19209	19210
19211	19213
19214	19215
19216	19217
19218	19219
19220	19221
19222	19223
19224	19225
19226	19227
19228	19229
19230	19231
19232	19233
19234	19235
19236	19237
19238	19239
19240	19241
19242	19243
19244	19246
19247	19250
19251	19254
19255	19257
19258	19259
19260	19261
19262	19263
19264	19265
19266	19267
19268	19269
19270	19271
19272	19273
19274	19275
19276	19277
19278	19279
19280	19281
19282	19283
19284	19285
19286	19287
19288	19289
19290	19291
19292	19293
19294	19295
19296	19297
19298	19299
19300	19306
19307	19310
19311	19312
19313	19314
19315	19316
19317	19318
19319	19322
19323	19324
19325	19326
19327	19328
19329	19330
19331	19334
19335	19336
19337	19338
19339	19340
19341	19342
19343	19346
19347	19348
19349	19350
19351	19352
19353	19354
19355	19358
19359	19360
19361	19362
19363	19364
19365	19366
19367	19370
19371	19372
19373	19374
19375	19376
19377	19378
19379	19382
19383	19384
19385	19386
19387	19388
19389	19390
19391	19394
19395	19396
19397	19398
19399	19403
19404	19405
19406	19407
19408	19409
19410	19411
19412	19413
19414	19415
19416	19417
19418	19419
19420	19421
19422	19423
19424	19425
19426	19427
19428	19429
19430	19431
19432	19433
19434	19435
19436	19437
19438	19439
19440	19441
19442	19443
19444	19445
19446	19447
19448	19449
19450	19451
19452	19453
19454	19455
19456	19457
19458	19459
19460	19461
19462	19463
19464	19465
19466	19467
19468	19469
19470	19471
19472	19473
19474	19475
19476	19477
19478	19479
19480	19481
19482	19483
19484	19485
19486	19487
19488	19489
19490	19491
19492	19493
19494	19495
19496	19497
19498	19499
19500	19502
19503	19506
19507	19508
19509	19510
19511	19513
19514	19515
19516	19517
19518	19519
19520	19521
19522	19523
19524	19525
19526	19527
19528	19529
19530	19531
19532	19533
19534	19535
19536	19537
19538	19539
19540	19541
19542	19543
19544	19545
19546	19547
19548	19549
19550	19551
19552	19553
19554	19555
19556	19557
19558	19559
19560	19561
19562	19563
19564	19565
19566	19567
19568	19569
19570	19571
19572	19573
19574	19575
19576	19577
19578	19579
19580	19581
19582	19583
19584	19585
19586	19587
19588	19589
19590	19591
19592	19593
19594	19595
19596	19597
19598	19599
19600	19602
19603	19604
19605	19606
19607	19609
19610	19611
19612	19613
19614	19615
19616	19617
19618	19619
19620	19621
19622	19623
19624	19625
19626	19627
19628	19629
19630	19631
19632	19633
19634	19635
19636	19637
19638	19639
19640	19641
19642	19643
19644	19645
19646	19647
19648	19649
19650	19651
19652	19653
19654	19655
19656	19657
19658	19659
19660	19662
19663	19666
19667	19669
19670	19671
19672	19673
19674	19675
19676	19677
19678	19679
19680	19681
19682	19683
19684	19685
19686	19687
19688	19689
19690	19691
19692	19693
19694	19695
19696	19697
19698	19699
19700	19702
19703	19705
19706	19707
19708	19709
19710	19711
19712	19713
19714	19715
19716	19717
19718	19719
19720	19721
19722	19723
19724	19725
19726	19727
19728	19729
19730	19731
19732	19733
19734	19735
19736	19737
19738	19739
19740	19741
19742	19743
19744	19745
19746	19747
19748	19749
19750	19751
19752	19753
19754	19755
19756	19757
19758	19759
19760	19761
19762	19763
19764	19765
19766	19767
19768	19769
19770	19771
19772	19773
19774	19775
19776	19777
19778	19779
19780	19781
19782	19783
19784	19785
19786	19787
19788	19789
19790	19791
19792	19793
19794	19795
19796	19797
19798	19799
19800	19802
19803	19805
19806	19807
19808	19809
19810	19811
19812	19813
19814	19815
19816	19817
19818	19819
19820	19821
19822	19823
19824	19825
19826	19827
19828	19829
19830	19831
19832	19833
19834	19835
19836	19837
19838	19839
19840	19841
19842	19843
19844	19845
19846	19847
19848	19849
19850	19851
19852	19853
19854	19855
19856	19857
19858	19859
19860	19861
19862	19863
19864	19865
19866	19867
19868	19869
19870	19871
19872	19873
19874	19875
19876	19877
19878	19879
19880	19881
19882	19883
19884	19885
19886	19887
19888	19889
19890	19891
19892	19893
19894	19895
19896	19897
19898	19899
19900	19903
19904	19905
19906	19907
19908	19909
19910	19911
19912	19913
19914	19915
19916	19917
19918	19919
19920	19921
19922	19923
19924	19925
19926	19927
19928	19929
19930	19931
19932	19933
19934	19935
19936	19937
19938	19939
19940	19941
19942	19943
19944	19945
19946	19947
19948	19949
19950	19951
19952	19953
19954	19955
19956	19957
19958	19959
19960	19961
19962	19963
19964	19965
19966	19967
19968	19969
19970	19971
19972	19973
19974	19975
19976	19977
19978	19979
19980	19981
19982	19983
19984	19985
19986	19987
19988	19989
19990	19991
19992	19993
19994	19995
19996	19997
19998	19999
20000	20003
20004	20005
20006	20007
20008	20009
20010	20011
20012	20013
20014	20015
20016	20017
20018	20019
20020	20021
20022	20023
20024	20025
20026	20027
20028	20029
20030	20031
20032	20033
20034	20035
20036	20037
20038	20039
20040	20041
20042	20043
20044	20045
20046	20047
20048	20049
20050	20051
20052	20053
20054	20055
20056	20057
20058	20059
20060	20061
20062	20063
20064	20065
20066	20067
20068	20069
20070	20071
20072	20073
20074	20075
20076	20077
20078	20079
20080	20081
20082	20083
20084	20085
20086	20087
20088	20089
20090	20091
20092	20093
20094	20095
20096	20097
20098	20099
20100	20102
20103	20105
20106	20107
20108	20109
20110	20111
20112	20113
20114	20115
20116	20117
20118	20119
20120	20121
20122	20123
20124	20125
20126	20127
20128	20129
20130	20131
20132	20133
20134	20135
20136	20137
20138	20139
20140	20141
20142	20143
20144	20145
20146	20147
20148	20149
20150	20151
20152	20153
20154	20155
20156	20157
20158	20159
20160	20161
20162	20163
20164	20165
20166	20167
20168	20169
20170	20171
20172	20173
20174	20175
20176	20177
20178	20179
20180	20181
20182	20183
20184	20185
20186	20187
20188	20189
20190	20191
20192	20193
20194	20195
20196	20197
20198	20199
20200	20203
20204	20205
20206	20207
20208	20209
20210	20211
20212	20213
20214	20215
20216	20217
20218	20219
20220	20221
20222	20223
20224	20225
20226	20227
20228	20229
20230	20231
20232	20233
20234	20235
20236	20237
20238	20239
20240	20241
20242	20243
20244	20245
20246	20247
20248	20249
20250	20251
20252	20253
20254	20255
20256	20257
20258	20259
20260	20261
20262	20263
20264	20265
20266	20267
20268	20269
20270	20271
20272	20273
20274	20275
20276	20277
20278	20279
20280	20281
20282	20283
20284	20285
20286	20287
20288	20289
20290	20291
20292	20293
20294	20295
20296	20297
20298	20299
20300	20303
20304	20305
20306	20307
20308	20309
20310	20311
20312	20313
20314	20315
20316	20317
20318	20319
20320	20322
20323	20326
20327	20329
20330	20331
20332	20333
20334	20335
20336	20337
20338	20339
20340	20341
20342	20343
20344	20345
20346	20347
20348	20349
20350	20351
20352	20353
20354	20355
20356	20357
20358	20359
20360	20361
20362	20363
20364	20365
20366	20367
20368	20369
20370	20371
20372	20373
20374	20375
20376	20377
20378	20379
20380	20381
20382	20383
20384	20385
20386	20387
20388	20389
20390	20391
20392	20393
20394	20395
20396	20397
20398	20399
20400	20401
20402	20403
20404	20406
20407	20408
20409	20410
20411	20413
20414	20415
20416	20417
20418	20419
20420	20421
20422	20423
20424	20425
20426	20427
20428	20429
20430	20431
20432	20433
20434	20435
20436	20437
20438	20439
20440	20441
20442	20443
20444	20445
20446	20447
20448	20449
20450	20451
20452	20453
20454	20455
20456	20457
20458	20459
20460	20461
20462	20463
20464	20465
20466	20467
20468	20469
20470	20471
20472	20473
20474	20475
20476	20477
20478	20479
20480	20481
20482	20483
20484	20485
20486	20487
20488	20489
20490	20491
20492	20493
20494	20495
20496	20497
20498	20499
20500	20501
20502	20503
20504	20505
20506	20507
20508	20509
20510	20511
20512	20513
20514	20515
20516	20517
20518	20519
20520	20521
20522	20523
20524	20525
20526	20527
20528	20531
