4	10
752	756
825	831
832	846
850	863
864	869
870	872
874	876
890	907
908	909
912	922
928	943
944	954
956	966
974	1003
1012	1019
1024	1026
1051	1058
1065	1066
1067	1070
1073	1099
1100	1121
1130	1138
1146	1148
1150	1186
1187	1200
1203	1213
1217	1218
1220	1222
1224	1235
1236	1254
1260	1270
1277	1287
1498	1511
1512	1514
1515	1523
1524	1534
1535	1543
1549	1550
1552	1567
1568	1591
1633	1637
1638	1639
1646	1647
1659	1663
1665	1670
1686	1699
1704	1722
1727	1766
1802	1803
1804	1806
1834	1842
1844	1847
1850	1859
1860	1872
1876	1890
1912	1914
1991	2033
2044	2049
2060	2070
2071	2081
2084	2086
2090	2110
2111	2130
2136	2150
2183	2193
2210	2218
2220	2227
2236	2243
2245	2254
2260	2266
2268	2283
2289	2294
2296	2308
2314	2326
2333	2346
2354	2362
2363	2389
2390	2406
2408	2415
2476	2509
2511	2515
2516	2517
2519	2536
2545	2563
2585	2592
2597	2602
2610	2614
2615	2621
2622	2626
2627	2632
2637	2639
2640	2648
2649	2664
2667	2674
2677	2709
2819	2823
2825	2826
2834	2848
3125	3133
3141	3174
3189	3194
3196	3204
3208	3229
3279	3284
3285	3289
3290	3298
3303	3337
3341	3351
3354	3405
3420	3430
3431	3450
3460	3462
3475	3490
3492	3507
3512	3519
3520	3522
3526	3537
3543	3563
3565	3570
3573	3575
3581	3594
3595	3597
3600	3616
3900	3901
3903	3912
3915	3920
4030	4046
4053	4081
4082	4083
4084	4131
4133	4140
4142	4147
4148	4158
4162	4165
4166	4170
4171	4174
4177	4186
4188	4207
4209	4224
4236	4241
4400	4402
4431	4432
4440	4441
4564	4565
4849	4850
4903	4907
4917	4918
4921	4934
5063	5065
5223	5235
5251	5252
5254	5257
5259	5266
5268	5269
5270	5274
5275	5291
5292	5293
5296	5300
5301	5307
5358	5365
5424	5425
5468	5485
5487	5490
5491	5493
5494	5509
5511	5512
5513	5514
5516	5518
5519	5521
5525	5529
5532	5551
5555	5562
5578	5590
5591	5592
5597	5635
5636	5652
5709	5714
5716	5719
5722	5724
5728	5733
5741	5749
5751	5769
5781	5782
5801	5811
5968	5973
5980	5990
6364	6365
6397	6405
6415	6416
6417	6469
6478	6483
6484	6487
6493	6504
6512	6516
6517	6518
6520	6522
6526	6535
6536	6539
6544	6551
6552	6557
6558	6563
6564	6571
6572	6574
6576	6595
6597	6615
6618	6622
6625	6628
6629	6645
6942	6975
7003	7006
7017	7041
7050	7059
7104	7106
7107	7109
7118	7123
7222	7232
7233	7241
7243	7264
7317	7322
7328	7344
7346	7351
7357	7360
7363	7382
7383	7385
7388	7395
7396	7399
7400	7404
7408	7413
7420	7426
7427	7439
7442	7454
7469	7473
7477	7478
7479	7488
7493	7508
7512	7514
7518	7523
7525	7532
7534	7544
7546	7574
7578	7601
7606	7608
7611	7623
7626	7637
7644	7650
7653	7657
7661	7667
7670	7686
7692	7695
7702	7723
7728	7734
7739	7754
7796	7809
8153	8164
8165	8179
8200	8201
8226	8251
8635	8636
8640	8651
8652	8666
8667	8682
8692	8702
8703	8709
8717	8721
8725	8732
8737	8742
8755	8762
8766	8775
8779	8795
8799	8804
8879	8923
8926	8937
8938	8950
8954	8960
8967	8992
8999	9011
9019	9026
9029	9036
9038	9047
9048	9063
9064	9085
9086	9101
9111	9117
9120	9121
9124	9138
9141	9145
9146	9147
9149	9161
9170	9176
9177	9178
9179	9180
9181	9182
9183	9184
9187	9207
9209	9213
9224	9231
9232	9233
9236	9253
9257	9268
9275	9283
9284	9297
9298	9305
9306	9310
9316	9329
9334	9342
9346	9348
9409	9410
9412	9413
9420	9424
9433	9435
9860	9867
9901	9906
16081	16096
16100	16103
16105	16113
16121	16123
16125	16128
16129	16143
16146	16154
16185	16189
16270	16271
16313	16318
16700	16701
17051	17055
17059	17068
17079	17091
17231	17236
17237	17245
17249	17255
17264	17289
17292	17294
17299	17303
17320	17324
17486	17491
17603	17605
17622	17623
17900	17902
17905	17939
17972	17977
17980	17985
18400	18402
18500	18502
18600	18602
18692	18705
18706	18719
18725	18745
18748	18749
18751	18753
18764	18768
18769	18775
18776	18795
18796	18805
18815	18845
18847	18869
18871	18885
18886	18893
18894	18896
18899	18925
19000	19002
19003	19023
19024	19049
19055	19066
19071	19074
19075	19083
19086	19090
19092	19095
19096	19123
19125	19136
19141	19149
19152	19156
19157	19174
19245	19247
19300	19303
19304	19305
19308	19310
19400	19402
19600	19602
19700	19702
