74512
100821
85030
80016
59280
96220
163089
27616
51650
1105
1758
500
44057
42628
113486
155988
83098
27650
91092
74377
102863
122328
110532
108704
4725
98268
83425
8061
1958
11776
29058
17217
1773
14896
11735
1503
793
606
1000
15192
21682
33858
103633
244630
1540
198943
4552
307778
2232
154652
115616
1962
1341
276860
2569
66036
199614
1334
3949
30870
174670
83419
36787
3143
129419
106649
10722
3962
2942
29072
43212
34496
1500
27606
36108
109495
1123
1448
3207
2682
3690
172228
53158
26773
2724
28734
35583
32348
1204
27914
23594
10332
20042
39148
12772
7472
1168
1499
3299
2873
1313
1780
11931
8464
119638
137859
4287
2633
1095
1489
3225
2622
1042
1436
3214
114360
216156
1814
4109
4130
1866
301040
53752
3387
1466
1637
47350
3302
17623
46032
3869
3287
3811
48003
7751
3063
1176
12446
37743
20260
1411
1784
3906
5566
24369
49311
7971
1561
1958
6426
72442
49022
9016
50821
28804
21892
35682
32090
74633
26163
1625
1816
106652
22268
37898
30873
45113
23648
20611
1476
1865
4032
3301
1359
1753
3893
3247
1351
8737
7692
16482
57378
71038
60137
92210
87216
49405
41670
71743
66638
67429
67109
45831
126081
68690
55290
195727
178709
195869
3755
1640
2037
4052
3406
3533
2926
14939
25087
21935
17885
15409
11857
1730
2179
13447
3617
4872
10700
4256
3744
5502
10413
4422
3570
1620
2014
4162
3728
1544
1938
4255
3547
1711
2105
4139
3353
1375
1769
3945
3417
1420
1814
4009
3494
1504
3651
6112
9577
18026
381131
11779
249
217
222
6501
8401
16065
6785
24
8
8
24
24
8
8
24
24
8
8
24
24
8
8
24
77
94
940
8090
12163
39336
23790
11347
14485
20833
31334
16591
81
29
54
30
35
35
30
3365
19357
50692
17655
42
162
615
16288
280
335
25236
17959
11045
22548
7637
298
2807
3552
41084
28642
2819
4595
27404
4936
4667
23863
4335
348
176
13554
7676
184
20336
13727
29711
17076
401
2521
26456
40875
431
345
799
692
65
65
689
1840
10544
8858
13342
14363
163
127
42517
20264
27399
55085
1064
2279
3338
36513
38225
1193
4827
53982
3475
16985
430
391
3252
17181
1006
3268
36929
18244
2348
4114
14946
11753
1467
1098
22192
39659
1262
2148
766
767
1453
982
936
936
1511
3283
11822
45427
43358
243
9983
27236
16739
975
947
842
9533
60501
17118
988
2019
4089
25202
17330
22125
23427
385
8604
14250
1487
3410
34735
18566
14683
1024
1049
3245
74312
364
27830
4042
32229
1854
1525
1496
1493
1424
817
52112
7704
28919
889
966
73158
1201
3390
25134
71201
1305
523
397
12927
69502
1180
8733
1725
6210
32509
39203
1515
30535
34199
534
3409
21730
1144
1129
62950
138921
2335
2041
2193
1754
833
20277
77793
60056
124890
66687
98297
48482
47377
2260
1884
828
746
1687
1060
404
404
1060
1060
404
404
1060
1060
404
404
1060
1225
544
534
2392
3979
18346
3642
8752
449
198506
597
242
205
229
24
8
8
24
24
8
8
24
216
8
1235
1030
2689
15226
21719
10156
11644
7485
4839
3518
8894
126
124
160
81
68
45
118
24
8
8
24
24
8
8
24
24
8
8
24
24
8
8
24
24
8
8
24
24
8
8
24
1060
199
199
1605
11020
5574
7460
11225
6344
13865
10489
10794
12119
7930
9602
5720
8206
11103
918
574
24
8
8
24
24
8
8
24
535
355
348
2857
2721
4214
5532
493
6790
17530
5631
235
186
186
235
628
296
313
4424
15345
247
247
6674
7910
947
202
231
220
164
164
220
60
64
64
60
231
2168
1128
17911
9369
20189
23241
5117
4771
15411
5835
6049
416
464
528
322
306
499
379
309
309
379
306
235
235
306
300
193
194
301
153
122
298
2927
7141
53554
73926
52255
65403
59282
59144
95115
87693
26069
48877
19188
13693
5526
733
9300
18255
17164
7366
8585
6469
837
1316
1224
580
608
1227
1310
2788
664
8225
6963
1887
5186
2643
27100
6903
624
1160
912
428
428
912
1083
3213
5869
27669
1310
9594
3088
13154
4559
9385
38111
20534
27101
6659
1066
1882
1574
691
539
994
1306
570
23114553
23710042
21208803
16011163
14325419
3649
6333
16577
9607
9025
16103
18892
26823
35398
35646
2846
2689
6542
5510
1724
3659
4965
76105
3722
3545
6388
4235
1591
3820
4399
27767
506670
27819
4775
219
257
14120
23
33300
7518
19047
2206
44849
129
16995
4106
2462
50433
17918
14542
117
2977
83009
24
8
8
1923
25883
2496
34528
113
155
426
126
120
2121
17327
42557
21701
27797
34634
123
150
36
10
10
36
36
10
10
36
92
72
1937
74888
2135
26746
41492
6913
21213
2667
31359
17901
18461
349
3192
78700
801
597
512
716
649
412
426
611
649
444
444
649
2613
584
17559
19251
15588
28929
978
1569
1542
893
2807
17516
1380
10507
70093
15241
2314
5072
2962
920
890
1519
1610
3581
25487
10232
45342
14822
16930
4074
15275
43240
864
1393
10747
42005
892
1455
1499
874
874
1418
22416625
21974329
20559645
18309064
18403688
16679177
1492305
11027
5906
5711
9382
555312
4180
4121
7382
3990
5184
50492
54118
63934
4021
60462
58454
44143
5233
22732
39901
3384
1704
1732
3368
3387
1709
50018
55311
22762
4229
62795
3423
3459
21497
1833
3353
4409
97549
9641
80781
25433
1606
3420
52585
56317
27386
4419
3985
1562
1550
3779
3519
1718
20533
9698
27276
8685
2147
4073
3663
1615
3995
55769
28227
29890
6433
25858
20651
24244
4671
6279
60098
17117
4378
4090
46390
14525
23750
4414
2684
2687
54514
175460
158539
30347
18870
28356
8569
88961
26595
34434
19452
23919
61012
99904
1855
32224
8481
4572
2339
2367
4714
35105
31379
5440
76524
234041
5631
712753
48543
2847
110455
54247
2858
2834
4899
8539
40524
9328
24506
129027
5514
20244
630859
13605
63964
35080
17143
17170
230
156
19847
20918
389
33264
39972
514
536
599
47850
11793
558
3231
24827
645
402
387
107
93
93
107
385
25489
84106
118267
2702
3212
2308
6979
2726
4964
1939
92222
115334
5637
2600
14284
5093
10105
5660
12608
14484
41712
192613
13253
4412
4507
21033
10072
13894
8949
21574
9356
40935
111155
60950
9222
17512
8007
21874
11654
12068
30689455
28204765
26042490
22198917
14778065
12161
5815
8936
9072
25035
6224
17322
78138
28690
29091
12768
17309
8348
35657
64112
34451
7233
67469
6099
16279
77077
8111
51144
19043
13256
8421
7119
4630
30324
31357
56628
15447
3630
4064
4980
4132
3093
6631
1370
517
575
575
517
377
315
315
377
377
315
315
2422
111225
2739
40754
22403
10940
20354
31554
21524
28677
19031
27396
32333
424
422
5376
98089
571
523
654
36125
25237
23277
54987
8995
32134
531
2549
62573
534
27216
32937
31843
585
543
20159
26802
42927
28921
25764
52985
4843
59260
12214
65200
4517
30760
3501
25607
104762
38477
36290
43876
53466
27469
1021
994
1325
1324
1007
72307
49794
1341
1024
971
1297
1297
971
971
54648
41564
69915
60976
72503
28805
71466
84063
79372
1399
82775
20956
46487
93096
82650
9404
15157
47538
35561
32767
88811
2673
465415
13991
53267
14761
10889
35022
28530
21896
11592
14828
14923
18523
11325
64032
46229
52206
38910
43488
16844
19229
53715
78163
13250
44903
70746
22891
62303
16194
43979
20807
22788
14862
135282
27074
22552
53692
26495
34616
47798
26340
27950
66274
48402
20134
47019
26905
3455
2822
2542
2621
2447
2243
2706
2638
2863
3224
3528
3383
2707
2603
3260
78098
13985
57096
61952
31294
2150
2270
5008
100280
66199
10721
35202
32374
19141
61351
16322
36727
1839
2059
6196
26934
24502
1861
38514
57368
1469
26861
18801
4171
24977
2152
2345
4418
48030
45799
2267
4789
47091
7453
29606
10331
1973
39076
64657
2355
2852
2852
311774
15291
84419
75785
3605
22656
58377
27856
47550
37678
13307
3278
3401
3382
5111
123118
3438
2610
2165
9235891
24127441
22895637
3485475
5866
4975
29833
17989
80494
31001
10002
9793
11884
5879
6522
38788
11090
46142
41329
5534
8653
73557
25220
6541
9703
8865
6031
54119
14591
47378
47381
22873
12023
70010
11802
25584
48528
9407
49034
10453
8947
5190
5190
9098
9950
6481
6481
9950
33386
23466
81372
11359
43868
6083
9221
9379
6019
8170
28431
51398
6670
6640
10128
28443
35377
8322
29043
9434
33067
12734
39727
47196
6720
6657
10152
9327
6534
6534
9327
8610
15991
27262
30828
6174
10225
23892
21756
27531
9586
9324
5902
5990
9204
21570
37252
8840
10026
9689
476339
424413
77529
82054
48066
11541
11021
22653
77469
74488
145770
35682
12041
94033
58155
139117
73516
81855
48142
79478
22834
29691
16337
20075
32671
16814
22006
25306
16447
19209
20449
20641000
25961257
24842780
24654217
22032110
20082545
70927
124429
148443
190393
184034
191352
215331
152345
371385
276221
178606
139995
379899
145671
215152
205968
211491
153233
247334
150530
287414
233807
343511
185562
343686
212244
206408
319876
265508
267765
216056
380847
299544
433222
297916
191358
224849
453171
236771
287802
291569
414603
254119
196059
326529
156893
241703
401551
200232
250260
181213
238921
178499
235023
188003
132163
179730
165904
203306
2177532
28413266
33110286
36111691
35291978
33593879
28403102
10387437
10434848
13936563
10052
16270
25972
12057
16228
24745
13354
6870
6453
11991
23709
138875
164332
71079
78283
93871
108408
20126
10029
12057
18661
23455
185926
193404
71635
79763
19759
21425
29991
11878
16604
23237
25039
13926
19548
28684
14726
21013
23629
10417
26855796
34299456
34668597
33832584
32246753
28173745
22141835
15950985
13586355
11892664
9662161
8771449
8287987
3249736
3933192
3945325
7407176
8571343
9291952
8728188
7057379
2396424
2873544
12911
5544680
6351343
653562
1790667
3174932
4571
2294
2142
3374
4037
2053
2033
3519
2883
2349
1746
5936
13389
31855
37658
20431
1532
1483
3368
3302
1578
1632
3402
3300
1314
3570
61238
37967
71576
66280
79505
32426
32255
36776
228260
5721
227531
1640
1496
3487
3566
37548
36401
3613
3484
1639
1639
3484
41077
13309
1404
3438
3701
1590
1633
7324
85990
43859
34385
61684
26833
4837
10545
3704
3824
4425
106298
6388
122980
53755
41141
82553
30766
1734
4246
62720
18310
96311
4567
24908
112950
37535
72011
1514
1561
4231
10124
16438
1702
3833
3600
1676
1676
6139
18797
23450
1393
3519
167475
1583
1648
32107
22149
85762
38150
161285
72524
85562
64032
1859
61133
3883
1866
1866
3883
3835
1682
1682
3835
4001
1823
69793
81645
117814
62158
5051
10569
68312
96333
108995
5170
102827
31424
37024
157462
90154
87993
154381
183389
42349
2764
4483
6090
2978
3004
212078
255698
3335
3140
4913
5094
2789
2765
82081
177914
121020
22215
63819
68384
210959
101332
5704
88682
73202
45780
140939
61427
91175
97192
14674
5620
158360
6576
302724
573748
18097
23965
23399
40082
82743
29612
29127
40221
24346
35004
24187
43838
19000
31626
25386
45433
26822
31839
32378
42320
24034
32599
30849
49968
32923
36133
37328
43439
27953
31809
127799
95730
76841
88986
117289
64283
34848
37939
46721
35115
40615
38921
46489
29289
33272
90477
51722
15064
15380
21821
89506
71683
124930
44861
168987
5372
10177
340609
3848
1459
1194
1485
550
203
585
2794
76302
70557
63453
137646
704
150955
1448
104365
79344
87766
11982
78282
1752
4235
70475
58438
107656
89285
132108
75586
83308
49889
156322
4678
168575
1004
71624
130674
1200
40810
53593
84236
61181
19888
899
84380
1518
1140
27787
75892
44313
58092
72068
22022
76783
2634
6024
90844
42612
44936
83843
53194
51318
77032
36778
1128
1076
2985
4265
19189
30229
81357
30272
52594
135605
2614
17892
7926
3946
573
3637
25697635
19296238
51509
147159
109345
157020
106154
204619
277597
99686
190423
218085
154495
256559
201859
214386
209069
230070
134653
208118
276052
204999
208621
212614
164263
208721
308800
144486
179101
213601
121033
176953
266155
174999
227564
298790
168614
232458
250775
222143
274742
211270
193072
256728
253808
126894
137878
319387
188100
259358
238419
276569
146552
243946
270025
185860
251535
238561
184255
262075
256022
130001
211403
252253
141903
210601
247283
156783
202700
244708
134965
206874
248113
151804
231214
145432
289032
300510
160014
253182
272375
211307
293511
320996
152101
247414
262591
139357
145337
194286
217307
207156
277496
208768
367827
200214
300297
185961
278633
323682
185781
199747
285646
328250
151204
277057
288948
231563
213296
253306
187817
162428
178594
333238
179783
254630
454169
130300
237148
208413
208018
281653
189707
376277
183674
417334
208267
364047
246482
300361
235092
291706
264205
298732
269774
263520
469439
291579
259396
324172
285110
336574
492339
113563
422436
329636
331018
277061
332517
362102
294573
350358
303032
279460
346418
417138
332542
359465
325889
365938
256650
289622
271329
259814
282860
245180
968008
284116
275736
378660
343525
338052
286684
322431
373275
288249
442151
232357
310645
389168
351647
396855
274940
322316
286231
284747
304774
300015
271988
263249
351567
272783
271923
270969
266390
264938
285325
275489
308573
291953
263817
236166
251875
325694
288974
196957
287649
113518
206327
23989493
1334
401
1710
22162
90348
119075
391346
145292
1010491
45947
80192
7133
4439
4890
46238
91972
4716
44612
49058
31899
1703
1995
2725
1968
1948
1898
1918
2724
326
2594
23321
147190
33842
221116
42501
73003
9771
28810
60224
275088
186269
206961
87153
14740
24706
174653
179917
155888
166029
60837
156164
133268
208543
5551
119484
4491
348038
165352
9473
249652
15080
105167
5634
77280
103953
81660
86724
39281
2854
21518
117201
96993
39463
32661
7971
7811
3039
2933
24302
27551
28126
47269
32743
51129
40903
48988
8267
8041
4716
16675
35098
54961
44812
3605
8043
7904
2762
3045
8125
7628
3185
104138
3489589
253535
379549
393601
395164
505850
453003
393912
338806
142338
61436
4838
20786002
55
50
58
46
0
0
0
0
0
0
0
0
0
0
0
0
0
0
0
0
0
0
0
0
0
0
0
0
0
0
0
0
0
0
0
0
0
0
0
0
0
0
0
0
0
0
0
0
0
0
0
0
0
0
0
0
0
0
0
