4644
4772
4945
5093
5228
5332
5509
5786
5834
5922
5922
5922
5922
5994
6061
6257
6515
6649
6698
6854
6982
7160
7366
7551
7738
7744
7904
8045
8056
8056
8072
8119
8144
8145
8169
8184
8184
8184
8184
8184
8216
8256
8319
8524
8977
8976
9363
9369
9953
9953
10267
10497
10497
10497
11045
11045
11175
11578
11578
11585
11628
11909
12037
12095
12095
12300
12473
12484
12484
12484
12526
12602
12656
12656
12690
12741
12921
12921
12921
12921
12921
12925
13213
13298
13334
13336
13382
13435
13487
13487
13535
13568
13579
13608
13666
13682
13690
13690
13690
13690
13690
13690
13690
13706
13713
13962
14206
14206
14206
14206
14206
14206
14206
14206
14206
14206
14434
14852
14852
14852
14851
14851
15397
15499
15499
15499
15499
15566
15566
15595
15665
15665
15665
15669
15749
15755
15755
15755
15773
15831
15861
15861
15861
15861
15865
15903
15982
15987
15987
15987
15991
16105
16182
16190
16275
16318
16352
16411
16469
16584
16621
16621
16621
16796
16830
16886
16935
17011
17042
17072
17072
17072
17072
17072
17072
17072
17072
17072
17072
17074
17092
17098
17149
17209
17276
17369
17473
17530
17581
17665
17748
17861
17947
18039
18280
18360
18438
18743
18978
19377
19376
19376
19376
19377
19377
19381
19381
19407
19451
19494
19527
19551
19564
19564
19564
19583
19583
19585
19599
19599
19599
19607
19622
19622
19622
19622
19622
19622
19622
19622
19622
19622
19622
19622
19622
19622
19622
19622
19622
19622
19622
19622
19622
19622
19622
19622
19627
19633
19644
19674
19705
19730
19730
19730
19730
19741
19761
19793
19800
19800
19800
19800
19800
19800
19800
19800
19800
19800
19800
19800
19800
19800
19800
19800
19800
19800
19800
19801
19813
19826
19887
19923
19942
19963
19993
20036
20065
20065
20065
20065
20065
20065
20065
20065
20071
20108
20191
20222
20222
20222
20222
20255
20255
20255
20308
20343
20362
20403
20415
20415
20425
20424
20511
20571
20576
20583
20638
20643
20652
20703
20709
20709
20708
20737
20751
20752
20789
20813
20867
20899
20899
20904
20951
21038
21038
21038
21038
21038
21038
21038
21038
21041
21062
21074
21097
21118
21118
21118
21207
21231
21292
21418
21418
21418
21424
21499
21579
21579
21587
21703
21708
21739
21739
21739
21744
21779
21779
21786
21856
21889
21889
21896
21924
21945
21945
21945
21992
22081
22081
22081
22081
22081
22081
22081
22081
22081
22081
22087
22109
22179
22249
22249
22265
22309
22330
22330
22330
22330
22346
22450
22476
22476
22476
22482
22517
22543
22574
22612
22612
22627
22648
22648
22653
22707
22735
22759
22759
22759
22764
22880
22880
22924
22929
22981
22981
22981
22981
22981
22981
22981
23064
23071
23127
23127
23127
23240
23240
23245
23285
23401
23401
23401
23401
23424
23537
23537
23549
23549
23560
23610
23676
23676
23723
23775
23775
23779
23811
23811
23811
23937
24205
24205
24205
24204
24205
24205
24232
24362
24483
24776
24926
25140
25229
25318
25318
25318
25318
25318
25318
25318
25318
25318
25318
25318
25318
25318
25318
25318
25318
25318
25318
25318
25318
25318
25321
25325
25363
25364
25381
25381
25381
25381
25381
25381
25381
25381
25381
25381
25381
25381
25381
25381
25381
25381
25381
25385
25385
25390
25418
25456
25475
25492
25506
25511
25515
25531
25531
25531
25531
25531
25531
25531
25531
25531
25531
25531
25531
25531
25531
25531
25531
25531
25531
25531
25531
25531
25531
25531
25531
25531
25531
25531
25531
25531
25531
25531
25531
25531
25531
25531
25531
25549
25559
25571
25592
25602
25627
25648
25667
25689
25703
25722
25731
25745
25764
25765
25765
25765
25765
25765
25765
25765
25765
25765
25765
25765
25765
25765
25769
25773
25777
25783
25783
25791
25817
25827
25827
25827
25827
25827
25827
25827
25827
25833
25854
25854
25854
25866
25878
25878
25878
25878
25878
25878
25878
25878
25878
25878
25878
25878
25878
25882
25884
25914
25929
25962
26001
26009
26015
26037
26042
26052
26052
26052
26052
26052
26052
26052
26052
26052
26052
26052
26052
26052
26052
26052
26052
26052
26052
26052
26052
26052
26053
26058
26066
26156
26286
26369
26481
26584
26684
26848
26995
27034
27113
27146
27165
27172
27172
27187
27214
27229
27238
27252
27259
27259
27259
27259
27259
27259
27259
27259
27263
27263
27276
27287
27289
27294
27294
27335
27344
27344
27344
27344
27344
27344
27344
27344
27349
27358
27399
27399
27413
27414
27435
27440
27453
27514
27548
27593
27604
27604
27604
27604
27604
27604
27604
27604
27604
27747
26656
23388
23046
23240
23240
23240
23232
23241
23241
23251
23272
23303
23345
23388
23388
23388
23394
23393
23393
23398
23399
23518
23518
23518
23518
23518
23518
23523
23523
23568
23396
23439
23445
23445
23445
23470
23470
23526
23530
23560
23563
23637
23637
23667
23673
23678
23760
23793
23817
23817
23822
23955
23955
23955
23955
23959
24002
24007
24064
24064
24064
24064
24064
24064
24068
24096
24164
24200
24248
24301
24301
24301
24301
24301
24301
24301
24301
24301
24301
24301
24301
24301
24305
24434
24438
24477
24546
24558
24600
24604
24656
24684
24717
24717
24722
24851
24851
24851
24851
24851
24851
24851
24851
24851
24851
24851
24851
24851
24855
24855
24883
24915
24938
24984
24984
24984
24984
24984
24988
25016
25016
25032
25148
25174
25179
25186
25187
25187
25187
25187
25187
25194
25232
25245
25311
25334
25357
25362
25383
25452
25452
25452
25472
25533
25533
25533
25533
25533
25533
25533
24983
25247
25018
25371
25199
25100
25203
25200
25197
25196
25201
26098
26098
26099
26104
26104
26112
26192
26269
26367
26370
26470
26553
26619
26624
26659
26716
26717
26716
26717
26716
26717
26716
26797
26897
26929
26933
27041
27040
27041
27069
27070
27069
27068
27221
27229
27353
27393
27393
27392
27476
27562
27602
27601
27602
27601
27602
27601
27602
27601
27634
27642
27684
27694
27695
27694
27695
27694
27698
27795
27838
27885
27889
27924
27958
27990
27989
27995
28090
28116
28115
28116
28186
28206
28244
28245
28244
28245
28327
28606
28876
28918
28937
28975
28984
29124
29158
29210
29238
29273
29360
29511
29510
29564
29568
29569
29568
29569
29568
29618
29672
29678
29801
30190
30189
31361
31431
31432
31600
31687
31686
31687
31686
31696
31756
31766
31801
32010
32014
32037
31918
31944
32044
32098
32125
32152
32152
32152
32186
32220
32220
32270
32337
32337
32337
32337
32419
32434
32434
32435
32466
32466
32466
32465
32465
32465
32465
32465
32465
32524
32713
32879
32878
32876
32876
32873
32870
32868
32868
33051
33185
33181
33180
33173
33171
33166
33165
33161
33165
33252
33540
33529
33528
33526
33507
33503
33496
33493
33475
33480
33516
33654
33706
33693
33650
33641
33583
33549
33521
32586
30669
29452
18350
17136
17094
17075
17053
17041
17012
17006
17014
17092
17132
17146
17137
17111
17108
17137
17210
17182
17173
17239
17232
17222
17332
17322
17382
17386
17387
17370
17349
17319
17345
17361
17449
17455
17451
17448
17446
17443
17444
17444
17444
17444
17444
17444
17444
17444
17444
17444
17444
17444
17444
17444
17449
17634
17639
17705
17744
17761
17790
17840
17875
17922
17954
18002
18053
18053
18053
18063
18228
18228
18228
18228
18294
18337
18372
18458
18470
18524
18524
18528
18628
18628
18674
18726
18781
18781
18781
18814
18856
18928
18973
19015
19104
19109
19208
19229
19331
19335
19381
19385
19426
19578
19647
19712
19776
19866
19911
19911
19911
19911
19911
19911
20030
20114
20114
20114
20114
20114
20114
20114
20114
20201
20275
20393
20499
20620
20662
20778
20920
21046
21046
21181
21217
21297
21452
21588
21602
21629
21704
21760
21812
21949
21949
21919
21926
22004
22005
22006
22050
22078
22079
22079
22079
22080
22079
22082
22175
22235
22290
22327
22376
22375
22379
22446
22535
22536
22589
22681
22685
22766
22766
22801
22800
22801
22802
23008
23022
23023
23087
23106
23137
23180
23186
23206
23283
23334
23334
23394
23423
23423
23423
23423
23423
23423
23423
23423
23423
23424
23423
23424
23423
23424
23423
23424
23558
23581
23675
23773
23822
23822
23822
23826
23990
24094
24108
24165
24217
24245
24341
24366
24425
24425
24425
24432
24476
24511
24511
24570
24660
24660
24705
24736
24741
24779
24779
24779
24782
24861
24938
24938
24945
25015
25024
25064
25077
25077
25137
25234
25234
25234
25234
25236
25239
25366
25484
25484
25520
25620
25662
25740
25795
25812
25811
25811
25811
25816
26010
26009
26008
26009
26118
23917
23129
23164
23164
23164
23204
23212
23336
23366
23364
23366
23364
23366
23370
23428
23435
23497
23559
23560
23558
23665
23691
23692
23690
23692
23691
23772
23780
23849
23916
23945
23954
24056
24064
24094
24157
24161
24244
24241
24243
24242
24243
24241
24243
24242
24243
24241
24287
24320
24437
24444
24508
24509
24507
24509
24508
24513
24540
24605
24604
24605
24603
24630
24674
24678
24704
24706
24753
24767
24813
24879
24878
24879
24877
24879
24878
24879
24877
24885
24900
24930
24969
24970
24968
24996
25019
25053
25051
25053
25052
25053
25051
25074
25124
25129
25127
25129
25052
25071
25217
25375
25468
25478
25476
25502
25650
25791
26099
26163
26161
26336
26453
26769
26896
27029
27103
27233
27232
27234
27232
27232
27238
27239
27239
27243
27241
27243
27241
27536
26715
26524
23857
23569
23627
23627
23615
23643
23605
23723
23727
23710
23716
23972
24112
24088
24104
24372
24377
24417
24415
24427
24522
24507
24503
24536
24660
24830
24897
25021
25102
25098
25230
25284
25352
25461
25647
25823
26166
26320
26370
26420
26635
26701
26806
26878
27133
27232
27240
27232
27236
27353
27510
27522
27547
27562
27551
27561
27566
27594
27607
27603
27614
27624
27787
31254
36020
36316
37087
34651
34177
34248
34121
34333
34333
34333
34329
34332
34332
34332
34332
34333
34333
34333
34331
34271
34226
34176
34137
34112
34094
34093
34092
34092
34094
34095
34096
34101
34118
34114
34128
34135
34146
34148
34154
34162
34171
34173
34177
34186
34197
34201
34198
34197
34656
34907
35164
33921
31319
27302
19227
15711
15152
12878
12400
11844
11844
11780
11939
11940
11997
12309
11700
11674
11582
11582
11706
11708
11623
11690
11659
11673
11616
11616
11615
11616
11615
11616
11615
11615
11614
11615
11615
11616
11622
11639
11686
11749
11779
11778
11779
11777
11779
11778
11779
11777
11779
11778
11784
11879
11939
12053
12166
12300
12348
12397
12457
12848
12850
13219
13218
13219
13217
13219
13275
13331
13329
13331
13330
13331
13329
13397
13417
13418
13416
13418
13417
13417
13421
13559
13632
13684
13784
13824
13828
13844
13842
13844
13848
14028
14034
14235
14325
14394
14517
14566
14565
14571
14674
14698
14854
14856
14894
15074
15128
15241
15240
15241
15239
15253
15274
15275
15273
15275
15274
15275
15281
15301
15338
15339
15337
15617
15616
15617
15663
15693
15842
15905
16164
16293
16433
16544
16545
16639
16641
16640
16641
16639
16641
16640
16641
16639
16641
16640
16754
16892
17084
17182
17179
17188
17294
17452
17625
17626
17795
17845
17895
18160
18300
18441
18679
18976
19045
19046
19044
19046
19045
19046
19389
19806
19805
19806
19804
19806
19805
19806
19949
20238
20447
20484
20582
20694
21053
21222
21220
21359
21476
21549
21790
21889
22040
22208
22222
22224
22223
22224
22222
22224
22223
22224
22222
22224
22331
22332
22330
22332
22331
22332
22330
22332
22331
22332
22330
22332
22331
22332
22330
22332
22331
22332
22330
22332
22331
22332
22330
22332
22331
22332
22490
22568
22640
22724
22825
22883
22884
22882
22884
22883
22884
22882
22884
22883
22889
22988
23038
23037
23038
23036
23136
23219
23405
23460
23731
23730
23729
23728
23727
23727
23727
23727
23727
23727
23727
23731
23859
23968
24068
24297
24297
24552
24552
24733
24861
25011
25030
25159
25159
25167
25284
25378
25566
25712
25937
26061
26192
26269
26520
26524
26792
26792
26909
27126
27126
27189
27278
27417
27519
27546
27546
27682
27682
27682
27728
27858
27926
28020
28140
28168
28284
28282
28292
28442
28512
28584
28721
28807
28897
29020
29081
29081
29081
29079
29081
29108
29150
29278
29326
29408
29631
29631
29655
29661
29663
29663
29661
21422
19634
19636
19634
19624
19620
19612
19625
19750
19759
19807
19837
19916
20050
20101
20222
20314
20362
20405
20447
20568
20723
20771
20795
20870
20886
21046
21047
21056
21056
21067
21059
21147
21220
21337
21484
21558
21663
21717
21829
21986
22006
22069
22182
22199
22201
22201
22323
22350
22490
22619
22633
22651
22721
22759
22799
22849
22861
22950
23039
23027
23047
23038
23058
23052
23027
23034
23029
23037
23045
23037
23057
23071
23096
23163
23169
23266
23354
23384
23463
23524
23586
23708
23829
23845
23911
23919
23925
23928
23906
23900
23939
24058
24051
24185
24192
24230
24316
24370
24438
24500
24567
24584
24700
24692
24800
24797
24844
24855
24857
24874
24872
24870
24907
24910
24931
25264
25269
25268
25257
25261
25241
25224
25414
25430
25659
25703
25892
26081
26205
26270
26344
26425
26583
26630
26632
26863
26997
27091
27289
27403
27520
27747
27749
27941
28040
28168
28237
28305
28518
28600
28755
28831
28905
28990
29239
29368
29491
29575
29755
29727
29722
29717
29742
29761
29799
29775
29786
29795
29963
30105
30205
30199
30281
30457
30566
30691
30712
30753
30942
31069
31252
31276
31256
31256
31281
31324
31329
31328
31352
31445
31438
31422
31387
31365
31367
31382
31398
31396
31467
31498
31510
31542
31614
31768
31768
31772
31788
31795
15806
15806
15806
15809
15853
16016
16223
16895
17151
18883
18959
19096
19096
19096
19096
19170
19318
19318
19384
19463
19510
19510
19510
19510
19510
19510
19510
19510
19510
19510
19510
19559
19884
19947
20422
20514
20656
20671
20734
20862
21475
21889
22337
22539
22565
22612
22976
23363
23677
24006
24087
24398
24631
25055
25055
25293
25293
26051
26371
26379
26910
26938
27167
27167
27313
27510
27671
27847
27925
27925
27962
28181
28365
28445
28508
28508
28508
28508
28508
28548
28597
28653
28749
28792
28885
28961
29059
29059
29059
29062
29088
29137
29238
29327
29327
29327
29327
29327
29327
29327
29327
29327
29334
38754
38753
38735
38722
38615
32331
30502
30431
30378
30364
30358
30357
12265
12265
12265
12265
12266
12266
12266
12266
12266
12266
12266
12266
12266
12266
12266
12266
12266
12266
12266
12266
12266
12266
12266
12266
12266
12266
12266
12266
12266
12266
12266
12266
12266
12266
12266
12266
12266
12266
12266
12266
12266
12266
12266
12266
12266
12266
12266
12266
12266
12266
12266
12266
12266
12266
12266
12266
12266
12266
12266
12266
