74	78
81	83
85	89
91	93
101	102
104	105
119	122
123	126
127	128
129	134
135	139
145	146
149	152
156	158
159	163
166	170
171	175
178	180
182	190
194	206
207	209
210	214
215	216
217	221
222	224
228	230
231	233
234	236
238	242
251	252
265	266
279	280
281	285
293	298
301	302
303	309
310	317
318	323
325	326
332	340
341	342
343	350
351	353
355	358
359	365
367	370
371	374
375	377
379	387
389	393
398	404
405	413
416	424
425	431
436	438
442	448
449	451
452	453
455	456
465	466
467	470
471	477
481	482
483	485
486	494
501	502
505	506
508	509
511	521
528	543
544	554
562	563
564	568
572	574
577	578
579	582
583	585
586	587
589	595
602	603
610	611
626	627
632	636
637	638
640	642
643	650
652	659
661	662
663	664
665	671
672	677
679	680
683	689
691	694
695	707
709	711
715	716
717	719
720	726
727	736
737	748
752	756
758	762
765	775
778	779
780	784
785	789
790	794
795	804
808	809
812	816
817	819
820	823
828	830
835	840
841	845
847	850
851	860
863	869
871	874
878	879
880	882
883	891
895	906
909	911
913	917
919	923
924	926
927	933
937	944
947	955
958	962
963	965
972	974
985	986
987	989
991	996
1001	1010
1011	1013
1015	1018
1020	1028
1029	1035
1036	1040
1041	1047
1048	1050
1051	1060
1061	1078
1082	1083
1086	1088
1089	1094
1098	1099
1100	1107
1112	1116
1117	1126
1127	1147
1151	1152
1153	1155
1156	1160
1161	1162
1163	1164
1165	1174
1175	1188
1189	1190
1193	1194
1196	1212
1218	1226
1232	1245
1246	1247
1248	1250
1251	1253
1256	1262
1263	1264
1268	1269
1271	1304
1307	1322
1329	1330
1332	1337
1341	1362
1363	1367
1369	1370
1373	1381
1383	1384
1388	1397
1398	1400
1401	1403
1406	1408
1417	1418
1423	1425
1426	1435
1437	1439
1441	1474
1475	1478
1479	1484
1494	1503
1504	1506
1508	1509
1510	1514
1515	1519
1521	1524
1525	1526
1529	1538
1542	1543
1545	1552
1558	1565
1570	1579
1581	1582
1584	1595
1600	1607
1609	1619
1620	1634
1638	1640
1642	1643
1645	1649
1650	1658
1663	1671
1682	1683
1685	1698
1702	1706
1707	1713
1714	1723
1725	1749
1751	1780
1782	1803
1808	1821
1822	1824
1826	1827
1830	1834
1835	1838
1842	1843
1848	1849
1851	1857
1861	1863
1885	1886
1894	1899
1901	1904
1906	1917
1919	1924
1932	1934
1939	1944
1945	1960
1963	1975
1976	1978
1980	1987
1988	1998
2012	2019
2024	2028
2029	2057
2062	2063
2065	2066
2072	2073
2075	2086
2087	2092
2103	2104
2105	2118
2121	2129
2130	2133
2141	2147
2149	2156
2160	2163
2165	2167
2169	2180
2183	2202
2204	2234
2235	2238
2242	2253
2256	2258
2259	2273
2274	2276
2282	2283
2284	2286
2287	2288
2290	2296
2302	2309
2312	2313
2317	2320
2322	2323
2329	2330
2338	2340
2342	2354
2357	2362
2365	2366
2371	2376
2377	2397
2398	2411
2412	2414
2416	2417
2418	2419
2432	2433
2437	2438
2442	2443
2446	2448
2452	2453
2457	2459
2461	2463
2464	2466
2468	2470
2472	2474
2475	2477
2478	2480
2485	2486
2492	2497
2498	2503
2506	2513
2514	2523
2525	2530
2532	2540
2541	2543
2545	2546
2550	2553
2554	2555
2559	2574
2576	2585
2587	2597
2603	2610
2614	2624
2626	2656
2657	2664
2665	2679
2683	2686
2689	2691
2700	2706
2707	2713
2715	2723
2726	2743
2746	2747
2749	2750
2752	2753
2761	2762
2764	2765
2772	2773
2775	2779
2781	2803
2807	2813
2816	2818
2820	2827
2831	2835
2840	2843
2845	2856
2859	2861
2862	2870
2874	2875
2881	2913
2917	2919
2929	2930
2942	2943
2944	2945
2952	2956
2957	2973
2977	2990
2991	2997
3000	3002
3003	3006
3007	3016
3017	3043
3046	3047
3048	3050
3051	3053
3055	3060
3061	3062
3067	3082
3085	3086
3087	3089
3090	3093
3095	3107
3109	3110
3112	3115
3116	3120
3121	3130
3131	3140
3141	3158
3160	3163
3164	3176
3179	3194
3196	3197
3201	3203
3205	3206
3212	3213
3217	3218
3220	3221
3229	3230
3236	3250
3252	3254
3258	3260
3261	3263
3265	3266
3270	3273
3275	3278
3289	3290
3298	3299
3302	3304
3308	3318
3319	3322
3328	3330
3331	3336
3337	3338
3342	3343
3352	3353
3361	3362
3372	3383
3385	3393
3409	3410
3449	3451
3461	3463
3464	3466
3467	3468
3475	3484
3485	3494
3497	3506
3511	3513
3521	3530
3531	3537
3538	3543
3544	3546
3549	3555
3556	3563
3569	3575
3577	3581
3586	3594
3597	3603
3605	3608
3609	3614
3616	3622
3623	3633
3635	3638
3639	3643
3649	3650
3651	3652
3656	3664
3667	3674
3678	3693
3694	3699
3700	3705
3721	3723
3726	3739
3740	3742
3746	3750
3751	3753
3756	3767
3770	3772
3773	3783
3785	3810
3811	3812
3829	3831
3841	3849
3851	3859
3860	3865
3869	3874
3876	3884
3886	3890
3891	3892
3894	3900
3901	3903
3904	3919
3921	3928
3929	3937
3938	3967
3971	3979
3981	3990
3991	3999
4006	4010
4011	4015
4016	4023
4028	4029
4031	4032
4034	4065
4068	4072
4074	4078
4079	4080
4082	4083
4085	4086
4091	4092
4097	4104
4106	4109
4110	4122
4124	4127
4134	4139
4140	4144
4149	4161
4164	4168
4169	4182
4185	4189
4191	4195
4201	4208
4210	4227
4231	4235
4236	4239
4240	4243
4244	4253
4256	4267
4268	4270
4271	4275
4280	4289
4291	4297
4298	4306
4314	4319
4321	4323
4337	4338
4339	4342
4345	4346
4349	4354
4357	4363
4365	4366
4367	4386
4391	4392
4396	4403
4405	4406
4407	4409
4410	4426
4427	4432
4435	4440
4441	4449
4450	4456
4457	4478
4479	4486
4488	4495
4501	4510
4513	4522
4524	4529
4531	4548
4549	4556
4561	4563
4567	4569
4571	4573
4577	4587
4588	4610
4621	4623
4631	4637
4639	4641
4646	4653
4657	4674
4691	4692
4711	4712
4717	4718
4721	4722
4729	4730
4731	4732
4741	4742
4751	4754
4761	4763
4765	4766
4771	4773
4777	4778
4781	4782
4791	4792
4801	4804
4813	4814
4821	4822
4831	4833
4837	4838
4841	4842
4849	4850
4861	4863
4871	4873
4881	4882
4891	4893
4897	4898
4912	4916
4921	4923
