0
53
120
48
0
0
0
0
0
0
0
0
80
16
0
48
0
0
0
0
0
0
0
0
16
16
0
0
0
0
0
0
0
0
0
0
16
16
0
0
0
0
0
0
0
0
0
0
16
16
52
0
0
0
0
0
0
0
0
0
96
32
0
0
0
0
0
0
0
0
0
0
32
59
27
63
131
107
94
60
113
132
26
150
231
148
74
114
85
87
76
85
28
0
0
0
32
32
0
0
106
65
114
35
85
87
65
28
128
32
0
0
0
0
0
0
22
0
213
367
614
32
282
338
199
180
257
80
455
901
497
1276
2005
521
689
588
704
527
112
149
0
664
132
68
1947
99
68
0
91
57
888
372
0
0
0
355
3189
16
540
558
330
1071
218
147
0
829
216
392
2510
133
475
875
121
394
100
0
36
181
462
85
1985
951
796
498
401
255
55
132
84
24
884
564
2243
316
454
802
248
586
449
516
1711
590
329
276
6294
148
55
318
116
324
960
595
888
277
401
224
6419
419
641
432
126
1228
780
0
128
1251
1151
998
2830
76
593
346
75
237
115
0
73
72
193
171
1897
416
384
320
356
410
310
320
320
256
3560
6024
7964
126
0
269
94
58
28
0
0
0
0
0
3994
32
0
0
0
0
33
0
0
0
0
0
1089
32
1024
304
453
690
408
154
128
336
0
30
1910
81
451
0
303
474
434
683
463
197
0
373
8994
376
705
485
458
424
445
356
33
416
1012
521
6412
378
331
1102
182
60
197
219
722
282
302
32
5966
101
31
0
0
0
69
143
409
410
422
330
2148
380
216
92
607
164
254
283
329
855
320
386
1839
16
1548
724
188
73
396
284
434
0
368
346
11580
530
487
618
160
650
436
594
892
167
621
1029
2350
32
242
371
0
210
111
620
994
660
462
57
2184
336
980
646
727
1166
1270
858
367
498
522
396
3380
1429
291
548
1710
865
835
235
633
1128
266
444
9806
703
625
1112
573
118
285
249
443
398
337
432
2381
503
363
93
315
361
382
574
753
701
63
751
2048
1350
973
1563
757
119
520
1290
248
1828
1017
816
2650
998
737
199
40
38
1177
962
158
125
84
326
11308
299
212
0
68
110
0
0
60
317
286
223
5633
16
256
301
350
365
535
160
29
110
0
0
1702
16
601
429
69
306
363
358
586
517
980
395
2403
16
171
187
101
331
32
63
1120
326
146
62
11983
62
64
307
107
175
675
479
592
555
209
35
5871
149
544
592
227
938
368
167
34
655
79
280
2755
351
623
749
113
615
496
56
389
335
503
596
2550
939
196
380
204
478
617
489
692
251
1843
1027
12776
65
40
707
0
0
0
0
46
424
28
562
8115
289
367
205
64
27
1147
166
587
76
0
0
1947
32
270
262
637
90
496
594
252
546
97
109
2450
377
1169
305
631
697
311
242
0
183
44
0
17602
1115
232
0
165
0
0
81
794
641
203
390
10527
16
0
292
105
0
0
0
1901
511
788
0
12905
6648
9133
7334
8818
11283
9688
7245
6251
3511
69
115
10988
16
169
114
368
174
254
432
353
644
524
431
3882
16
2481
815
200
399
53
200
533
340
54
0
19307
32
491
43
358
206
313
474
647
442
640
80
3673
580
559
872
64
498
623
56
0
776
483
530
3517
452
385
203
35
186
1316
767
519
53
380
421
4159
1185
843
850
2178
2298
1021
648
523
2153
537
855
21257
899
104
1731
1483
1139
704
41
590
1027
150
727
7805
1675
934
927
1269
136
830
1279
886
618
1158
1290
4542
988
510
662
317
111
302
548
1280
727
640
671
4235
204
55
38
59
244
3437
1315
904
899
274
103
19587
422
824
830
1793
265
627
1226
1458
3405
317
1317
13817
1115
2621
534
1100
625
46
479
832
589
51
245
8169
989
677
27
747
837
704
844
173
1009
1363
1020
4154
16
820
1141
463
548
81
242
2579
644
613
24
19110
508
576
775
483
743
838
1207
982
544
326
55
10420
204
178
210
461
191
106
197
259
474
264
211
3850
286
648
516
102
542
454
503
786
812
1050
149
3472
1023
679
698
36
288
480
468
615
93
2145
1481
15248
179
47
622
883
1015
740
110
190
1580
737
318
9050
299
128
292
46
24
220
664
79
58
0
317
4459
357
37
315
781
76
864
851
537
588
98
422
4039
290
698
487
266
38
351
358
363
618
670
584
18580
1245
872
305
589
748
653
308
577
587
120
558
10518
760
654
621
41
0
849
812
1588
1666
466
769
9592
168
1098
907
640
679
1426
827
555
905
193
338
3969
676
480
393
704
581
610
306
497
782
355
456
3236
736
1825
954
439
456
105
256
33
136
245
117
17595
313
847
84
24
32
26
55
29
0
160
214
1739
32
42
0
0
0
0
27
208
80
0
0
1499
32
263
405
46
329
728
433
212
162
237
43
1556
209
143
91
1232
402
528
453
316
831
317
229
12314
84
1118
242
43
160
325
281
621
56
511
554
3564
811
419
269
316
509
302
127
287
535
349
895
2810
375
34
759
532
523
75
49
148
1338
410
501
4528
484
71
587
529
38
3052
1461
655
627
500
526
21886
499
763
72
530
1088
437
378
1546
1968
1038
717
10451
474
1882
280
873
1364
427
117
60
66
39
0
3946
432
53
0
0
317
439
176
382
1188
1534
591
2792
126
242
460
149
608
268
256
2559
1052
676
487
23164
1069
361
174
46
61
1597
636
771
510
830
286
10647
409
442
640
1575
1983
1722
1378
1453
1437
1755
1016
4494
1145
1585
1264
404
286
540
550
1274
1112
723
1093
3986
1359
468
934
472
1241
329
387
51
27
1847
422
17093
208
21
671
341
349
359
0
354
322
234
161
8379
465
399
466
431
447
1477
826
266
130
446
385
4230
1299
1314
368
342
1091
1175
586
389
1035
355
26
4917
134
1123
289
398
130
0
221
1161
626
1143
213
29478
1918
631
1281
593
1206
465
293
595
704
1192
655
17171
16
192
177
148
308
508
140
1129
616
370
339
14943
145
92
202
45
0
400
707
450
358
1173
1238
4439
131
312
75
425
892
661
488
176
827
458
505
2890
16
1996
874
162
202
151
293
507
504
365
623
31597
140
480
37
101
78
112
164
29
1323
1553
829
6477
641
366
451
565
622
1261
1391
1679
473
1420
940
7202
751
711
772
1618
1642
2807
1908
1633
722
776
715
6932
380
240
251
1920
994
622
199
406
2134
810
803
23420
878
1387
677
779
605
664
460
921
621
703
279
6668
1113
269
53
128
0
0
261
184
34
1023
1644
5515
1677
1310
805
387
418
465
1212
1861
449
748
1226
5036
1270
1000
475
554
539
3638
996
422
530
1116
1194
30847
1139
1194
1126
955
903
1423
1217
1368
1132
206
138
14480
127
1132
1220
1075
469
363
476
393
332
351
427
4611
989
531
171
345
448
439
540
323
142
327
360
3895
120
104
209
88
185
140
61
2229
172
39
26
28979
128
35
0
104
307
773
188
280
55
64
0
10674
96
0
64
562
78
115
407
24
440
722
583
4469
705
1500
782
581
759
126
497
489
360
178
90
3737
1056
788
788
638
507
231
244
546
1345
4109
867
22412
522
1047
1279
1336
581
396
387
1250
788
474
460
13084
535
413
515
288
347
2029
751
623
162
380
727
6303
139
101
172
1204
250
365
161
35
854
60
33
4062
256
917
176
25
169
258
310
647
464
245
491
37635
2349
380
292
134
110
42
212
160
253
608
449
20717
100
235
570
525
340
185
72
429
557
291
83
16635
16
0
0
137
223
1081
809
298
352
275
126
3305
114
0
28
666
202
0
31
266
545
350
267
3415
384
3157
689
116
138
187
175
33
263
480
392
36053
779
251
232
118
125
139
93
0
390
391
808
4110
230
437
817
282
116
134
30
862
166
210
117
5404
584
707
1132
308
175
1182
289
230
102
216
0
4089
32
351
310
2278
850
485
331
292
481
49
0
19821
285
1302
700
419
540
335
459
381
255
275
513
5997
1164
788
663
936
554
124
529
617
533
1768
628
4852
32
0
404
0
95
294
99
611
537
252
1315
5216
1219
593
227
184
465
4346
2176
1249
615
575
411
43026
70
46
35
850
141
97
231
411
1180
610
291
18498
131
1129
276
80
130
63
34
0
0
0
0
4328
774
313
264
700
633
512
1789
1691
664
1621
1567
4923
1234
1300
1002
366
155
154
236
2803
579
313
402
39456
406
278
526
366
256
1448
405
0
443
316
380
14172
459
616
542
1077
359
249
43
135
721
626
410
5039
570
1922
1415
1125
507
504
1379
639
1197
309
227
4378
1131
370
1190
1208
534
491
302
251
0
2022
1053
25051
545
341
930
429
331
362
418
1619
828
826
1777
17288
1093
1018
1137
1051
1658
3235
2023
954
683
918
616
11583
995
540
250
2313
809
486
643
1728
2501
1337
984
9714
302
2622
1776
595
441
1239
1067
1968
705
200
124
50835
2500
493
0
120
167
1155
1153
553
530
1380
998
25428
1024
678
1257
679
257
318
291
1069
427
450
125
19437
283
55
188
430
534
1078
437
232
154
252
46
5099
209
73
0
456
76
0
31
130
364
104
142
2930
420
3982
1142
1330
1212
191
35
0
0
0
0
41901
1047
0
56
0
0
0
0
0
0
81
202
4379
141
0
31
0
0
0
0
314
77
0
0
3013
141
0
0
0
0
732
726
1419
1423
349
622
6073
391
61
434
2953
1774
1184
587
1090
2425
679
376
26092
428
1410
1255
1258
394
139
166
130
67
92
93
6931
846
170
47
0
118
64
20
60
44
196
162
2656
32
29
64
0
0
163
330
1065
382
318
113
3009
558
1335
1224
640
493
3261
1564
634
344
1319
1281
45394
352
321
81
1200
499
253
502
566
2354
1604
1297
20562
322
1341
652
583
329
247
523
416
43
667
860
4239
875
472
379
662
557
172
357
586
989
1277
1145
4790
888
1049
1368
789
370
147
39
3245
890
0
0
45437
652
109
235
142
0
6068
1769
536
1209
1227
961
30888
415
400
351
1149
394
33
565
321
1257
589
234
7768
169
1261
560
378
332
342
1198
1165
358
480
330
5572
1010
550
466
1216
1184
598
332
430
701
6684
1581
51187
249
320
3305
487
142
63
31
1084
199
107
0
38564
32
64
0
0
0
669
246
0
29
180
217
4081
317
185
420
1107
1471
1301
465
276
585
436
442
5460
419
1554
494
114
0
0
21
35
0
32
0
57454
2437
814
298
288
317
309
380
141
73
425
643
30015
514
570
1663
214
117
130
0
951
506
407
442
22386
668
397
316
338
242
1199
531
83
74
36
0
4295
213
88
72
812
376
205
250
388
584
156
0
4595
514
4179
1100
486
427
295
120
47
25
0
366
49338
949
169
36
30
30
0
219
296
1229
1848
1515
6199
397
1378
801
1116
122
129
40
1371
637
384
266
5426
531
653
822
1208
692
1525
1421
605
431
365
323
4772
273
264
296
2311
930
393
307
246
1084
448
273
25074
343
1411
1210
558
455
494
637
618
611
528
611
5625
944
410
530
378
471
579
304
341
443
553
398
3562
262
363
398
287
189
263
291
905
466
375
368
3447
468
680
328
304
191
2513
776
336
655
410
209
49888
378
425
273
859
485
284
265
291
1661
369
285
22580
611
1184
490
270
27
79
52
0
37
37
0
4865
905
105
173
296
0
456
519
339
254
726
843
3370
624
377
331
128
0
0
0
3264
1090
327
332
49862
290
424
255
129
227
1951
286
198
312
26
131
14808
371
391
0
1009
505
169
0
31
608
86
176
4447
77
960
279
154
36
0
0
0
60
85
59
3449
815
180
298
469
616
384
222
430
1214
3370
1280
29465
118
0
374
401
141
97
90
1091
331
0
0
16025
64
0
262
235
163
861
338
501
363
368
61
4061
193
222
246
959
612
415
355
430
759
236
355
4597
296
1665
1448
974
1384
646
229
205
740
440
469
57063
4055
2016
1405
1360
1014
640
84
122
31
1038
545
33710
367
0
1503
71
42
0
0
456
210
71
57
24491
331
105
44
92
0
487
336
151
63
0
0
3101
270
28
34
527
205
0
46
46
131
127
60
3839
321
3278
746
167
38
84
40
71
105
47
128
53098
1025
274
336
457
447
1154
1072
436
317
518
456
5436
122
70
40
29
173
83
94
578
252
96
39
3648
80
0
192
0
64
553
240
385
262
208
306
3092
402
1222
612
3120
889
335
131
209
924
427
537
27020
1242
2576
1466
332
784
779
734
1181
470
410
1013
6323
1323
285
0
163
407
356
403
334
91
930
741
4860
468
587
722
603
548
366
194
1584
393
113
0
5159
73
270
24
1107
1153
4625
1185
557
284
55
134
56239
1328
1178
1283
1386
1332
1133
1164
412
2537
837
671
26558
1654
2729
1063
705
42
763
799
614
1353
1392
770
7147
1550
1235
472
229
1243
900
765
1490
733
1498
657
6662
1018
260
932
178
0
52
282
4350
1458
604
518
56490
538
1162
509
328
31
2337
1104
627
494
694
568
17292
1173
1387
1252
1283
1548
1289
282
89
1620
642
696
5124
576
1412
919
578
592
1440
897
1173
348
127
100
7217
968
486
840
1434
1349
1179
726
1099
1366
3366
1514
36694
1033
876
1308
537
476
528
428
1165
818
513
142
20493
648
640
612
1277
1601
2239
816
1451
700
893
1188
11258
339
64
44
1418
432
326
247
276
1043
294
431
7826
666
1310
398
185
53
20
0
0
0
0
258
67658
3408
3568
2479
621
234
330
341
307
307
2013
446
34314
251
305
1514
412
380
356
332
1488
693
72
41
24310
547
280
1196
1111
659
1635
1253
1212
1241
699
462
5761
847
1482
1472
1604
381
162
42
0
1063
392
0
5558
284
3858
974
207
43
0
59
128
128
0
0
58271
698
40
24
0
0
0
0
0
0
180
464
4979
171
364
256
1025
1091
125
268
1160
346
113
217
6349
1141
1072
1101
1119
1403
3713
927
1527
1630
780
1724
13423
1467
1278
197
6457
1430
372
41
140
3721
463
215
38822
874
3089
1079
421
423
458
382
415
95
1354
1442
14305
1581
735
1471
1404
720
166
215
47
244
1128
646
5951
223
0
404
390
421
1364
1421
1501
605
216
777
5856
570
506
783
1022
929
6709
1646
386
705
671
125
61376
1564
1676
585
1453
569
377
390
1282
3058
1380
957
26729
393
1077
304
65
126
80
200
206
202
145
39
6609
1059
229
384
748
1030
732
1125
1641
2092
2494
1086
8673
415
1094
1849
667
396
607
730
4449
1294
1171
485
58372
1254
1111
1225
575
423
3081
513
95
0
0
983
20089
332
68
34
607
160
56
0
0
270
0
0
4374
32
862
203
88
72
69
38
39
0
0
0
3389
947
34
30
59
64
35
33
33
0
2116
702
37541
768
429
434
540
1185
825
1228
1428
767
535
104
19442
466
530
1213
1158
504
1848
362
192
0
0
30
5952
520
563
470
1165
741
385
542
545
1068
601
529
4859
298
1667
1323
1371
747
579
521
520
292
126
355
65908
2762
1404
583
168
64
242
476
1368
1284
1397
1199
37641
2006
1394
2313
836
1280
1322
916
1668
1715
435
400
27688
1040
1155
1157
1321
900
2579
1318
1605
1830
891
1405
7229
760
1271
417
1343
382
95
35
0
822
188
145
7255
185
3714
821
134
31
273
379
519
596
526
158
63514
721
40
44
108
84
101
411
1233
1182
680
914
6102
477
447
624
574
663
662
573
1790
703
266
64
5245
32
339
364
247
575
1687
313
100
0
119
348
5893
1096
361
353
3376
1218
544
523
541
2442
351
72
35642
104
2012
416
338
262
130
289
1169
712
1196
185
7834
1461
434
682
415
511
903
893
304
147
1434
1266
6414
1230
290
1088
269
67
67
0
1316
993
611
800
7534
201
604
477
289
328
6006
2553
587
1011
1477
1301
72022
629
62
494
2382
1503
674
656
400
2641
509
554
32811
476
2133
1792
1407
890
438
30
0
0
235
958
9747
1423
504
296
322
237
78
74
101
126
985
491
4377
165
0
72
31
61
74
84
4246
1280
161
0
73511
234
64
0
37
47
2263
444
149
85
26
0
22024
32
0
38
626
322
91
256
0
641
0
63
3683
32
927
339
394
1145
798
1169
383
363
336
506
5670
1401
376
470
305
382
227
158
312
239
2671
1262
42118
32
75
777
0
216
139
170
1160
381
104
146
22911
219
129
35
0
94
907
357
198
260
290
213
5663
120
42
174
738
510
113
0
0
462
0
0
5487
32
958
236
92
97
0
0
239
91
75
139
77601
3071
1021
248
72
0
0
88
86
294
1125
1839
44177
839
407
1850
180
73
94
117
1357
317
75
28
32634
198
68
89
87
85
933
401
132
128
154
47
5733
165
0
182
702
234
0
0
0
143
49
0
3483
165
3828
777
103
0
0
0
0
0
28
63
72762
719
40
39
48
44
97
118
31
29
281
416
5589
768
744
982
414
528
705
1250
3154
963
600
1436
11930
701
459
100
82
1141
2891
1320
145
0
0
0
10304
32
0
0
2608
790
116
0
0
1512
36
0
45428
32
1112
201
0
47807
5644
551
28728
91349
100035
91394
111294
79809
79431
52357
467
0
0
0
0
0
4502
0
745
32
0
64
0
0
0
0
0
0
0
0
96
32
0
0
70
104
425
55
0
0
0
37
309
16
63
63
87
91
43
70
74
64
152
182
121
16
0
0
0
32
288
487
811
554
463
751
1746
802
370
292
350
289
530
460
356
727
1615
515
2782
202
29
216
267
454
487
723
1495
416
301
381
4670
204
109
0
0
26
697
64
0
30
46
36
4398
193
33
0
291
359
475
483
379
742
570
673
1847
96
1140
639
558
382
371
185
126
491
328
522
3805
337
144
283
361
127
0
46
197
282
1612
799
8613
216
0
396
337
383
404
517
1195
570
177
54
6461
160
64
0
208
568
1198
415
715
701
293
207
3401
348
413
192
642
181
97
62
0
623
362
416
2472
325
818
596
557
152
28
69
357
380
623
582
12882
754
388
0
197
318
529
247
567
458
937
602
7035
16
39
897
609
783
629
629
1137
640
79
108
7184
684
296
414
411
418
1878
1348
149
1142
799
429
4847
16
468
600
1070
555
73
163
29
799
168
92
3007
52
1782
90
37
37
48
84
36
48
86
144
12790
188
103
89
66
0
237
367
373
506
902
688
4631
149
125
643
128
537
2612
299
1376
700
432
188
3059
332
667
540
717
508
1423
236
114
352
370
366
3854
302
66
35
1763
96
105
71
121
1209
392
125
11726
118
218
169
256
0
64
64
0
34
34
0
1903
636
33
0
0
235
365
331
371
230
503
467
1831
464
509
520
382
391
174
122
665
187
119
0
2227
354
499
241
386
187
2216
659
144
58
102
302
16357
566
262
392
866
345
310
251
125
1039
376
256
9112
843
845
421
237
320
242
223
321
507
825
1118
6585
890
663
1076
800
572
740
863
513
370
929
745
5433
1136
779
1397
388
668
436
1314
3764
1813
1486
938
18550
389
1368
1381
950
565
2255
346
39
0
0
0
11117
111
0
0
94
0
0
0
0
40
0
95
1737
267
331
270
245
78
21
0
0
0
64
0
1681
599
423
418
422
1179
1069
446
150
33
2321
666
16401
368
350
1035
221
345
429
810
1185
757
371
274
9496
146
90
0
207
311
1454
649
237
29
0
241
4184
632
396
477
1100
702
529
269
115
964
68
116
2973
112
630
118
192
231
324
234
485
309
460
37
22075
674
212
352
707
628
547
389
208
161
1179
431
11415
684
552
1770
263
61
0
40
1276
829
387
584
11740
445
434
295
114
539
1676
819
795
446
288
317
4739
478
601
313
1357
759
464
613
371
1643
425
673
5316
486
3174
2082
1465
807
694
495
521
558
1396
1235
24963
874
872
221
151
175
104
97
268
792
1095
601
6420
1075
967
1233
1040
466
424
452
1074
683
661
1490
7272
1181
634
547
375
0
1981
389
61
1472
1298
554
8293
396
166
105
2356
1200
650
744
893
2551
1309
449
20906
474
1040
451
278
410
271
113
375
335
169
227
7388
456
27
40
75
67
32
156
390
622
567
164
6079
871
1476
1071
1400
1237
598
383
1226
520
317
371
5907
505
486
675
885
536
2979
1715
1006
876
956
706
25214
402
396
504
1568
862
554
496
165
1951
568
243
13333
279
657
103
201
208
194
188
299
0
269
74
6518
1545
224
80
712
320
115
55
131
94
922
229
4861
154
0
85
184
287
515
593
3196
1327
504
133
24128
490
346
360
180
107
1843
514
369
353
429
682
12252
509
307
196
672
131
0
135
139
485
130
99
2557
269
307
111
0
224
201
296
200
140
152
193
2043
478
212
43
27
245
174
0
31
257
1835
696
18254
451
464
770
367
318
185
136
1059
220
486
487
9631
399
79
70
106
96
534
510
549
650
662
632
5063
1244
1109
672
762
255
0
29
125
664
267
172
3729
295
293
231
148
135
56
63
397
0
0
0
27694
1376
655
319
348
407
349
223
79
135
933
705
13957
737
429
1199
294
438
511
488
1620
1143
572
321
13686
217
54
65
67
35
763
548
569
543
542
584
4624
366
125
250
1040
606
211
337
557
2140
1419
466
4830
302
3210
1020
287
131
69
288
505
564
445
631
31441
515
468
259
139
145
67
86
125
73
487
831
4165
352
126
238
0
0
179
179
1351
428
412
722
4301
599
212
215
151
35
1208
917
749
547
446
268
4580
445
447
510
2586
979
424
553
387
2054
229
113
21764
173
1309
804
1416
1348
802
571
449
184
60
35
5886
280
35
35
0
0
0
0
0
0
45
36
1545
155
26
25
59
123
124
85
217
40
0
0
967
201
331
153
76
907
3757
884
359
98
74
33
35692
393
565
627
1148
617
151
328
232
1408
812
413
15574
346
611
422
325
500
467
598
492
265
218
599
4491
806
561
611
200
67
57
283
254
33
300
261
2545
119
253
282
439
549
431
357
3058
1159
245
374
36019
143
528
355
213
316
1834
536
364
539
577
710
13131
351
534
273
1091
507
538
1361
1281
1772
771
876
5850
229
1266
413
62
26
208
391
435
583
246
64
4946
649
625
461
352
370
496
302
53
177
3402
1412
22094
312
171
769
175
149
290
467
1012
814
448
265
16321
289
307
338
463
686
1613
766
99
72
248
639
4239
109
110
400
1920
1155
442
521
301
510
123
254
5049
258
976
539
432
473
235
125
349
144
0
64
48634
1847
581
303
315
408
243
287
296
349
802
810
25224
639
664
1612
290
37
36
36
843
602
38
23
19939
675
436
307
214
53
1237
600
574
883
1273
1090
5383
355
409
283
999
521
281
470
398
1275
570
312
3931
625
3712
1178
321
536
271
184
89
0
0
41
46739
403
153
51
0
0
394
669
318
271
702
135
5181
109
0
302
486
679
504
148
961
274
212
757
4667
1393
591
1084
690
582
1745
816
524
323
264
426
5577
327
407
285
3426
497
43
231
736
1828
352
71
28760
173
626
242
27
62
33
33
0
0
0
0
3902
458
0
0
0
0
0
34
45
72
282
449
2475
455
443
650
374
99
67
99
906
326
192
101
5273
1030
973
624
539
970
4287
1638
267
0
496
1024
57465
808
400
872
1988
686
114
479
697
3035
742
489
27646
606
1526
597
701
150
33
0
0
0
0
33
6574
448
1616
1402
66
0
0
0
0
0
213
34
3392
83
0
87
0
0
0
0
3300
732
33
0
51458
117
0
0
0
0
1001
220
83
0
0
0
17244
119
0
0
203
37
0
0
0
246
0
0
1579
119
286
34
0
0
0
0
0
0
0
0
1970
390
222
0
0
0
0
0
0
0
937
683
32375
117
0
261
128
0
0
0
390
130
49
0
12255
117
0
0
0
0
331
205
0
0
0
0
1874
117
0
0
276
27
54
0
0
69
0
0
1572
117
235
82
0
52
0
0
0
292
0
0
57213
1718
611
0
0
0
0
0
0
0
198
159
28841
93
0
945
0
0
0
0
328
127
0
0
20756
90
0
0
0
0
352
208
0
40
0
0
1862
90
0
0
226
82
0
0
0
34
0
0
1377
90
2254
1090
169
0
0
0
0
0
0
0
47831
341
78
0
0
0
0
0
0
0
183
77
3214
109
0
60
0
0
0
0
237
39
0
0
1899
109
0
0
0
0
325
176
0
0
0
0
1579
109
0
0
1344
228
39
0
0
344
0
0
16175
109
200
1081
662
854
563
166
140
755
103
0
7858
616
44
491
