0
0
0
0
0
0
0
0
0
0
0
0
0
0
0
0
0
0
0
0
0
0
0
0
0
0
0
0
0
0
0
0
0
0
0
0
0
0
0
0
0
0
0
0
0
0
0
0
0
0
0
0
0
0
0
0
0
0
0
0
0
0
0
0
0
0
0
0
0
0
0
0
0
2
0
3
1
1
0
0
3
1
1
0
2
0
1
0
0
0
1
0
0
0
0
0
0
0
0
0
2
2
0
1
1
0
0
0
0
0
0
0
0
0
0
0
0
0
30
59
82
82
99
127
125
125
148
148
180
276
285
346
365
365
378
377
408
431
431
431
431
431
431
431
432
432
432
432
433
432
433
433
433
433
433
471
610
610
615
647
651
716
716
716
716
717
729
786
796
796
867
887
888
947
947
947
947
976
1018
1018
1003
1073
1205
1218
1236
1237
1236
1237
1235
1235
1235
1235
1234
1261
1332
1374
1373
1376
1401
1432
1539
1538
1539
1538
1530
1530
1531
1598
1598
1608
1642
1663
1772
1772
1789
1789
1837
1818
1909
1923
1923
1989
2038
2038
2038
2034
1980
2040
2038
2038
2048
2055
2055
2061
2062
2062
2062
2063
2062
2061
2064
2064
2064
2064
2064
2064
2064
2064
2064
2064
2065
2065
2057
2057
2057
2055
2055
2055
2055
2055
2055
2055
2055
2055
2056
2056
2056
2056
2056
2056
2056
2056
2056
2056
2056
2056
1970
1970
2046
2046
2056
2041
2063
2061
2061
2061
2061
2061
2059
2059
2058
2058
2089
2158
2150
2211
2236
2236
2236
2235
2311
2311
2338
2360
2393
2409
2418
2433
2433
2472
2516
2515
2519
2587
2620
2636
2636
2640
2652
2655
2670
2669
2669
2669
2676
2676
2676
2676
2676
2676
2676
2680
2746
2773
2800
2837
2853
2868
2870
2870
2871
2871
2905
2930
2937
2935
2969
2968
2998
2998
3000
3029
3029
3029
3078
3067
3089
3089
3093
3097
3162
3177
3183
3184
3184
3165
3186
3153
3169
3169
3197
3141
3195
3195
3201
3197
3197
3197
3198
3142
3145
3183
3195
3196
3198
3178
3178
3178
3193
3167
3176
3195
3195
3186
3171
3161
3131
3161
3160
3189
3171
3169
3184
3184
3191
3193
3191
3166
3173
3156
3188
3198
3198
3196
3186
3193
3188
3192
3201
3199
3190
3166
3180
3180
3188
3150
3151
3200
3174
3199
3199
3179
3165
3132
3121
3175
3149
3149
3149
3139
3139
3168
3188
3184
3174
3120
3196
3196
3198
3196
3196
3199
3199
3199
3201
3201
3191
3191
3191
3191
3191
3191
3191
3191
3193
3193
3202
3215
3226
3226
3228
3239
3249
3243
3280
3279
3279
3279
3279
3279
3283
3283
3305
3351
3351
3353
3373
3408
3459
3493
3491
3492
3498
3498
3497
3497
3497
3497
3497
3497
3498
3498
3498
3498
3501
3501
3501
3556
3556
3556
3564
3565
3600
3632
3633
3631
3628
3639
3738
3772
3772
3772
3772
3772
3772
3772
3771
3808
3825
3839
3840
3852
3853
3884
3899
3898
3921
3951
3985
3942
3937
3981
3981
4002
4001
4036
4116
4151
4174
4172
4173
4177
4187
4187
4187
4186
4186
4186
4186
4186
4186
4272
4272
4354
4355
4369
4383
4383
4383
4383
4383
4384
4385
4385
4385
4385
4386
4386
4434
4432
4448
4448
4482
4517
4517
4518
4518
4518
4551
4584
4573
4574
4616
4650
4650
4650
4650
4650
4650
4650
4632
4634
4634
4634
4634
4634
4634
4633
4618
4637
4637
4635
4551
4551
4551
4551
4551
4551
4551
4551
4522
4522
4413
4413
4351
4480
4451
4092
4092
3912
3908
3909
4022
3999
3998
3998
4000
4000
3998
3999
3998
3998
4012
4058
4094
4116
4155
4184
4181
4181
4177
4178
4183
4230
4231
4230
4304
4321
4321
4321
4323
4323
4325
4325
4378
4376
4398
4382
4438
4458
4458
4459
4466
4502
4567
4527
4527
4527
4591
4591
4591
4588
4640
4652
4669
4722
4732
4733
4733
4732
4787
4837
4862
4862
4913
4959
4919
4947
4942
4957
4958
4947
4965
4953
4966
4967
4967
4950
4967
4958
4958
4941
4933
4926
4932
4932
4953
4928
4928
4938
4946
4952
4960
4976
4923
4923
4953
4973
4976
4958
4975
4922
4915
4961
4968
4968
4969
4968
4941
4956
4955
4971
4935
4970
4965
4967
4966
4966
4966
4959
4954
4955
4954
4968
4963
4963
4916
4971
4930
4949
4973
4973
4973
4929
4944
4952
4951
4923
4974
4973
4940
4938
4977
4979
4979
4974
4966
4977
4977
4978
4963
4966
4952
4952
4961
4948
4937
4918
4918
4981
4969
4977
4948
4948
4949
4951
4972
4960
4962
4965
4964
4960
4964
4964
4960
4943
4937
4975
4975
4940
4940
4944
4960
4975
4974
4974
4976
4977
4977
4978
4974
4975
4975
4974
4972
4971
4966
4972
4966
4966
4965
4949
4949
4933
4957
4947
4954
4975
4936
4936
4953
4969
4965
4970
4970
4966
4971
4970
4967
4967
4978
4962
4990
4991
4990
4991
4924
4967
4987
4987
4985
4953
4986
4981
4984
4987
4983
4984
4984
4984
4986
4983
4985
4985
4985
4985
4974
4982
4982
4984
4929
4929
4946
4962
4964
4969
4971
4982
4991
4984
4984
4962
4959
4959
4962
4959
4944
4954
4939
4956
4933
4936
4918
4919
4929
4929
4911
4910
4915
4917
4917
4916
4918
4932
4915
4914
4914
4914
4967
4923
4933
4941
4941
4946
4940
4940
4977
4945
4961
4956
4977
4981
4981
4931
4930
4917
4924
4954
4967
4964
4911
4942
4963
4963
4957
4956
4966
4959
4963
4938
4955
4961
4968
4973
4973
4970
4970
4972
4971
4973
4982
4982
4983
4982
4982
4982
4982
4982
4982
4982
4981
4982
4983
4983
4983
4983
4983
4983
4983
4983
4982
4982
4982
4982
4984
4984
5006
5015
5015
5012
5035
5044
5047
5045
5051
5051
5049
5049
5049
5049
5062
5083
5125
5120
5162
5168
5185
5187
5188
5188
5189
5191
5191
5190
5217
5225
5254
5254
5254
5275
5315
5318
5322
5326
5375
5414
5415
5415
5425
5459
5480
5513
5552
5562
5562
5577
5616
5663
5664
5664
5671
5730
5732
5779
5792
5768
5768
5804
5843
5843
5845
5865
5869
5905
5913
5949
5946
5960
6043
6043
6064
6073
6066
6081
5989
6046
6043
6048
6054
6059
5995
5997
6005
6109
6107
6109
6107
6107
6107
6107
6097
6100
6100
6100
6100
6134
6176
6176
6210
6197
6265
6283
6284
6284
6284
6284
6284
6358
6358
6380
6408
6433
6452
6456
6393
6474
6474
6474
6474
6474
6471
6476
6534
6532
6538
6538
6556
6561
6568
6605
6557
6587
6560
6580
6560
6560
6576
6589
6587
6562
6556
6617
6618
6616
6617
6618
6554
6553
6564
6621
6565
6562
6561
6567
6566
6636
6636
6636
6636
6636
6637
6637
6643
6651
6651
6672
6665
6668
6691
6691
6715
6715
6740
6740
6782
6804
6827
6872
6906
6935
6934
6937
6943
6943
6992
7003
6987
6978
7069
7067
7064
7062
7177
7197
7210
7209
7210
7210
7212
7212
7210
7210
7259
7259
7259
7270
7216
7239
7318
7317
7338
7404
7414
7334
7344
7433
7448
7447
7495
7527
7566
7566
7566
7566
7566
7566
7565
7611
7660
7661
7738
7781
7798
7790
7802
7802
7802
7802
7802
7802
7802
7835
7852
7858
7822
7892
7929
7928
7958
7959
8017
7976
8018
8036
8036
8062
8062
8107
8129
8129
8179
8183
8183
8182
8182
8198
8248
8280
8318
8356
8378
8378
8380
8380
8380
8380
8380
8381
8381
8291
8344
8371
8348
8349
8365
8381
8349
8376
8304
8340
8344
8347
8300
8299
8291
8306
8303
8292
8364
8297
8365
8290
8373
8368
8359
8379
8371
8385
8383
8379
8375
8346
8356
8356
8349
8345
8374
8353
8347
8353
8363
8375
8359
8366
8342
8355
8357
8347
8376
8383
8381
8381
8381
8381
8381
8381
8381
8381
8382
8382
8295
8373
8376
8306
8386
8387
8387
8386
8377
8303
8353
8351
8346
8305
8308
8372
8302
8305
8301
8306
8349
8348
8350
8359
8303
8351
8354
8305
8350
8293
8294
8294
8340
8298
8333
8385
8385
8385
8403
8403
8400
8326
8386
8385
8399
8393
8396
8386
8394
8398
8398
8397
8398
8398
8397
8388
8384
8394
8397
8395
8396
8395
8402
8398
8400
8398
8398
8399
8398
8398
8401
8399
8399
8399
8382
8383
8382
8382
8382
8382
8379
8379
8379
8379
8379
8379
8385
8385
8385
8385
8384
8384
8390
8428
8428
8438
8527
8567
8585
8579
8664
8662
8660
8688
8688
8686
8713
8722
8722
8722
8725
8830
8845
8851
8884
8896
8897
8945
9001
8948
9026
9025
9072
9105
9068
9098
9180
9194
9219
9237
9249
9258
9310
9321
9345
9388
9418
9426
9441
9455
9506
9509
9525
9525
9533
9618
9624
9624
9632
9635
9631
9633
9638
9638
9638
9637
9637
9637
9637
9637
9634
9634
9634
9653
9669
9700
9734
9741
9745
9774
9792
9797
9797
9818
9817
9817
9817
9823
9823
9854
9853
9854
9850
9850
9903
9896
9916
9930
9930
9930
9949
9999
9998
9998
10008
10008
10008
10008
10022
10024
10020
10024
10023
10046
10063
10062
10066
10066
10066
10066
10063
10064
10064
10064
10085
10117
10147
10150
10182
10200
10221
10221
10221
10221
10220
10219
10219
10236
10296
10312
10311
10313
10308
10319
10319
10319
10319
10319
10319
10367
10358
10374
10385
10400
10384
10471
10476
10475
10475
10475
10476
10476
10476
10477
10402
10393
10394
10476
10478
10481
10477
10478
10480
10478
10478
10478
10477
10477
10477
10484
10506
10504
10503
10542
10553
10551
10551
10551
10586
10600
10634
10653
10655
10713
10717
10757
10776
10775
10775
10829
10823
10843
10813
10916
10910
10932
10931
11000
11001
11044
11045
11047
11049
11049
11049
11049
11049
11053
11106
11106
11077
11109
11109
11054
11067
11158
11157
11158
11158
11173
11206
11219
11181
11185
11232
11250
11231
11231
11231
11231
11228
11228
11233
11266
11315
11349
11373
11375
11384
11383
11383
11383
11383
11383
11383
11383
11383
11383
11383
11383
11381
11382
11382
11362
11366
11375
11354
11306
11326
11361
11360
11299
11353
11314
11374
11366
11381
11381
11381
11381
11380
11381
11402
11437
11465
11465
11497
11541
11543
11557
11552
11554
11554
11598
11595
11584
11609
11611
11658
11617
11679
11680
11680
11680
11681
11711
11753
11760
11712
11719
11744
11728
11765
11806
11810
11807
11796
11886
11887
11888
11889
11910
11944
11880
11957
11975
11997
12019
12019
12019
12032
12053
12106
12142
12160
12208
12240
12265
12275
12269
12276
12269
12228
12197
12240
12252
12241
12260
12243
12189
12235
12212
12209
12203
12207
12217
12253
12259
12288
12288
12242
12291
12275
12280
12209
12288
12207
12221
12289
12286
12204
12281
12283
12279
12200
12214
12254
12284
12283
12282
12281
12280
12280
12280
12279
12279
12197
12275
12260
12271
12206
12201
12233
12264
12232
12264
12260
12258
12272
12261
12261
12272
12273
12273
12271
12276
12276
12272
12270
12275
12274
12276
12277
12277
12279
12278
12281
12281
12281
12281
12280
12281
12281
12281
12281
12281
12281
12282
12282
12264
12265
12264
12204
12274
12273
12274
12274
12274
12274
12274
12277
12279
12279
12279
12279
12279
12279
12279
12279
12279
12279
12279
12279
12279
12279
12279
12279
12279
12279
12279
12279
12279
12279
12279
12290
12290
12290
12290
12290
12290
12289
12283
12208
12293
12292
12279
12286
12294
12294
12272
12281
12200
12292
12292
12220
12288
12280
12278
12287
12289
12287
12201
12286
12285
12287
12286
12286
12286
12288
12286
12283
12286
12285
12285
12285
12285
12285
12285
12285
12285
12284
12286
12285
12285
12285
12285
12285
12285
12311
12343
12401
12421
12429
12429
12436
12511
12482
12563
12574
12559
12557
12560
12593
12628
12603
12736
12763
12780
12793
12793
12793
12791
12795
12832
12845
12902
12900
12959
12994
13000
12996
13001
13030
13035
13035
13063
13083
13083
13078
13093
13096
13098
13124
13129
13138
13118
13118
13125
13140
13096
13177
13077
13083
13184
13107
13182
13083
13083
13083
13083
13077
13077
13077
13077
13069
12991
12991
12921
12919
12919
12919
13023
13020
12930
13023
12992
12990
13022
13022
13022
13022
13022
13022
13045
13048
13061
13091
13091
13093
13096
13141
13146
13147
13158
13183
13168
13277
13291
13297
13300
13354
13385
13397
13425
13405
13485
13534
13533
13515
13601
13606
13610
13614
13618
13633
13634
13634
13634
13634
13634
13633
13634
13634
13634
13638
13638
13638
13638
13638
13638
13636
13637
13637
13637
13655
13657
13689
13718
13725
13752
13770
13711
13750
13794
13795
13795
13799
13829
13851
13860
13855
13855
13855
13855
13855
13855
13855
13855
13855
13855
13837
13835
13836
13836
13860
13853
13867
13896
13897
13896
13893
13922
13960
13974
13978
14016
14018
14018
14018
14018
14029
14034
14037
14050
14064
14060
14095
14102
14102
14103
14104
14106
14106
14106
14106
14106
14106
14106
14106
14106
14108
14121
14119
14122
14147
14160
14160
14160
14169
14212
14244
14278
14268
14312
14311
14311
14311
14311
14311
14328
14391
14408
14408
14408
14409
14408
14408
14405
14410
14319
14358
14340
14412
14399
14324
14330
14409
14410
14409
14409
14404
14389
14404
14406
14413
14375
14404
14364
14333
14339
14329
14359
14363
14397
14374
14396
14379
14394
14395
14399
14395
14395
14392
14397
14391
14358
14388
14389
14401
14402
14369
14343
14353
14354
14338
14346
14347
14337
14341
14347
14398
14389
14396
14410
14416
14419
14406
14407
14416
14406
14399
14400
14403
14403
14415
14405
14418
14418
14417
14409
14395
14405
14409
14403
14409
14415
14424
14426
14425
14423
14419
14420
14420
14412
14405
14411
14384
14384
14397
14398
14393
14392
14385
14390
14393
14378
14390
14394
14397
14394
14378
14393
14393
14394
14393
14393
14393
14393
14393
14393
14391
14392
14392
14400
14416
14416
14432
14432
14432
14433
14431
14465
14473
14516
14513
14513
14513
14513
14513
14513
14513
14575
14577
14612
14648
14654
14670
14686
14686
14686
14680
14682
14682
14682
14682
14682
14740
14764
14770
14770
14752
14778
14778
14778
14778
14776
14776
14776
14781
14781
14778
14778
14778
14778
14778
14778
14778
14779
14778
14778
14775
14779
14806
14810
14836
14860
14875
14900
14914
14870
14936
14937
14950
14950
14950
14950
14951
14952
14950
14951
14949
14949
14949
14949
14954
14954
14954
14954
14954
14954
14968
14969
14978
14990
15006
15006
15009
15027
15050
15072
15102
15083
15135
15156
15205
15206
15205
15215
15260
15261
15268
15205
15245
15329
15333
15331
15331
15410
15436
15459
15416
15368
15442
15351
15431
15414
15437
15438
15439
15438
15438
15439
15441
15441
15441
15443
15443
15444
15444
15444
15443
15443
15443
15443
15439
15439
15439
15439
15439
15439
15439
15440
15440
15440
15440
15440
15441
15441
15441
15441
15438
15439
15439
15439
15439
15440
15439
15439
15439
15439
15439
15440
15440
15440
15440
15440
15441
15440
15440
15440
15455
15440
15440
15444
15413
15413
15372
15439
15454
15454
15450
15454
15458
15458
15459
15458
15458
15459
15458
15458
15458
15458
15458
15458
15461
15461
15461
15461
15461
15461
15460
15462
15523
15527
15520
15534
15534
15538
15513
15528
15597
15598
15598
15598
15598
15604
15625
15663
15677
15626
15658
15626
15626
15630
15640
15647
15699
15723
15693
15780
15798
15816
15816
15816
15830
15877
15919
15910
15929
15929
15927
15931
15952
15987
16005
16022
16068
16100
16114
16114
16115
16117
16117
16117
16120
16120
16120
16120
16032
16112
16108
16111
16111
16112
16112
16111
16076
15991
16079
15990
15997
16056
15997
16055
16052
15988
15993
16002
15996
16059
15997
15987
15981
15981
15976
15990
15998
16045
15993
15992
16002
15991
16075
16074
16074
15985
15994
15992
16052
16063
16075
16053
16021
16081
16082
16083
16083
16083
16083
16071
16025
16021
16022
16033
16032
16036
16090
16105
16106
16106
16087
16071
16068
16075
16068
16080
16093
16020
16035
16007
16009
16039
16008
16008
16008
16066
16081
16062
16060
16077
16076
16079
16077
16085
16014
16018
16097
16096
16098
16096
16100
16103
16048
16063
16037
16094
16075
16089
16020
16069
16095
16086
16082
16099
16086
16086
16102
16099
16076
16086
16071
16084
16061
16061
16081
16074
16078
16085
16027
16098
16099
16089
16020
16014
16017
16093
16097
16096
16096
16096
16095
16095
16115
16139
16144
16144
16144
16143
16162
16196
16196
16196
16196
16196
16196
16196
16196
16196
16196
16200
16202
16163
16241
16248
16253
16253
16277
16287
16285
16317
16315
16316
16316
16316
16343
16377
16381
16402
16440
16446
16465
16469
16469
16469
16465
16505
16492
16455
16519
16520
16500
16564
16515
16581
16587
16592
16599
16659
16605
16684
16686
16687
16687
16687
16687
16689
16689
16689
16694
16694
16693
16694
16694
16694
16694
16694
16694
16694
16694
16694
16716
16716
16716
16718
16718
16718
16718
16718
16718
16718
16714
16718
16718
16716
16720
16719
16650
16717
16717
16709
16716
16717
16716
16694
16652
16647
16639
16648
16643
16722
16673
16670
16644
16698
16708
16632
16718
16651
16702
16709
16712
16715
16715
16715
16715
16709
16712
16714
16736
16722
16739
16735
16735
16710
16694
16697
16709
16709
16662
16733
16726
16689
16729
16653
16710
16729
16729
16729
16729
16715
16726
16728
16718
16714
16714
16711
16699
16693
16653
16675
16726
16727
16727
16707
16731
16723
16725
16711
16659
16727
16716
16728
16721
16730
16729
16729
16691
16628
16695
16700
16700
16702
16671
16701
16630
16687
16638
16691
16698
16698
16694
16694
16693
16694
16694
16694
16694
16694
16694
16694
16698
16702
16700
16689
16678
16680
16673
16676
16613
16673
16696
16683
16700
16702
16616
16647
16693
16689
16685
16686
16694
16689
16611
16615
16647
16678
16642
16690
16713
16725
16724
16725
16725
16725
16725
16665
16724
16720
16720
16720
16720
16720
16720
16720
16720
16719
16719
16719
16723
16723
16721
16721
16721
16721
16721
16721
16721
16721
16721
16721
16720
16721
16721
16722
16722
16721
16721
16721
16721
16721
16717
16718
16795
16759
16815
16815
16869
16816
16812
16886
16881
16898
16931
16932
16943
16981
17057
17013
17120
17125
17123
17124
17124
17124
17124
17124
17129
17162
17230
17265
17274
17289
17291
17336
17366
17412
17442
17460
17477
17477
17522
17474
17533
17562
17614
17615
17615
17615
17615
17638
17631
17631
17675
17696
17695
17695
17724
17781
17770
17813
17834
17855
17809
17968
17919
17919
17924
17970
17926
17921
17920
18005
18003
17988
17932
17933
17924
17913
18005
17952
17985
17989
17936
17991
17989
17920
17927
17925
18009
18008
18006
18007
18007
18007
18007
18010
18010
18016
18053
18053
18054
18055
18055
18055
18090
18138
18194
18216
18225
18225
18256
18256
18256
18256
18256
18256
18260
18320
18283
18388
18397
18398
18470
18513
18543
18544
18558
18665
18721
18758
18761
18761
18761
18761
18763
18763
18816
18842
18842
18906
18919
18921
18921
18921
18927
18971
18948
19041
19048
19056
19109
19113
19134
19182
19228
19226
19226
19226
19231
19231
19227
19230
19276
19317
19317
19320
19311
19360
19458
19458
19537
19568
19584
19646
19650
19665
19712
19790
19793
19793
19822
19934
19919
20023
20035
20034
20031
20032
20031
20031
20083
20177
20209
20317
20332
20338
20351
20362
20364
20387
20446
20460
20478
20524
20530
20604
20588
20588
20588
20685
20634
20708
20708
20759
20771
20773
20817
20847
20894
20910
20963
20905
21034
21052
21055
21055
21055
21055
21069
21235
21352
21413
21448
21464
21484
21487
21484
21485
21488
21484
21480
21482
21487
21487
21487
21488
21488
21488
21488
21488
21490
21491
21491
21491
21526
21526
21526
21526
21526
21526
21520
21522
21522
21522
21522
21522
21526
21526
21526
21527
21527
21527
21527
21527
21527
21525
21525
21525
21529
21529
21527
21527
21511
21451
21435
21511
21510
21519
21525
21509
21515
21525
21527
21529
21528
21527
21528
21526
21528
21528
21522
21524
21527
21527
21527
21526
21526
21527
21528
21528
21529
21528
21528
21528
21538
21538
21538
21538
21538
21539
21536
21537
21537
21536
21538
21537
21529
21529
21529
21529
21528
21528
21528
21528
21528
21528
21528
21528
21531
21531
21530
21530
21530
21530
21530
21530
21530
21531
21531
21531
21504
21507
21506
21506
21506
21506
21506
21507
21506
21499
21496
21415
21492
21491
21503
21501
21502
21502
21503
21504
21499
21499
21499
21499
21497
21497
21497
21499
21497
21497
21499
21501
21500
21501
21499
21499
21504
21504
21504
21504
21501
21502
21502
21502
21502
21502
21502
21502
21502
21502
21501
21502
21502
21502
21502
21502
21502
21502
21502
21502
21526
21526
21526
21526
21526
21526
21526
21526
21526
21526
21524
21529
21530
21498
21530
21521
21533
21513
21530
21458
21515
21514
21514
21459
21508
21524
21529
21528
21530
21451
21530
21433
21433
21433
21433
21433
21431
21431
21431
21431
21427
21427
21427
21427
21427
21427
21427
21427
21433
21433
21432
21432
21432
20970
20963
20963
20780
18239
12155
3821
0
0
0
0
0
0
0
0
0
0
0
0
0
0
0
0
0
0
0
0
0
0
0
0
0
0
0
0
2
0
0
0
0
0
0
0
0
0
0
0
1
0
0
1
0
0
1
1
0
0
0
0
0
0
49
92
181
221
216
283
306
398
415
415
427
442
455
461
499
601
612
611
607
607
607
607
647
718
795
779
838
839
863
881
938
938
938
938
938
938
939
935
935
935
935
935
919
919
919
919
951
981
1022
1023
1024
1092
1134
1180
1179
1179
1222
1235
1273
1291
1314
1312
1312
1396
1423
1461
1470
1467
1467
1509
1524
1524
1524
1524
1532
1563
1623
1665
1704
1705
1705
1708
1751
1789
1810
1856
1910
1918
1918
1918
1915
1915
1915
1915
1928
1959
2026
2023
2094
2134
2134
2134
2168
2161
2196
2197
2197
2197
2197
2197
2197
2230
2270
2275
2303
2313
2367
2398
2421
2421
2421
2421
2435
2479
2528
2558
2579
2614
2614
2614
2621
2644
2698
2698
2743
2776
2802
2826
2828
2828
2828
2865
2930
2923
2959
3021
3025
3025
3026
3027
3038
3117
3127
3179
3214
3241
3229
3220
3220
3205
3211
3197
3194
3194
3229
3252
3280
3282
3282
3282
3282
3281
3280
3280
3281
3281
3283
3283
3283
3283
3283
3285
3283
3285
3283
3285
3290
3285
3284
3284
3284
3284
3314
3336
3358
3388
3431
3411
3469
3469
3469
3465
3465
3509
3542
3581
3613
3632
3650
3647
3691
3671
3712
3717
3772
3794
3799
3796
3796
3802
3814
3817
3848
3851
3851
3853
3855
3854
3855
3854
3854
3853
3853
3853
3852
3852
3852
3850
3850
3850
3850
3850
3850
3850
3850
3850
3859
3855
3855
3855
3855
3867
3883
3906
3917
3943
3938
3939
3993
4004
4028
4032
4058
4059
4059
4060
4059
4059
4059
4059
4058
4075
4110
4113
4148
4148
4177
4175
4175
4175
4175
4195
4209
4252
4261
4290
4332
4334
4353
4355
4354
4356
4356
4338
4310
4352
4354
4354
4356
4355
4354
4355
4337
4349
4300
4340
4350
4359
4359
4341
4352
4351
4344
4351
4347
4344
4343
4338
4333
4356
4325
4355
4360
4358
4364
4307
4359
4304
4359
4350
4359
4342
4300
4346
4352
4352
4356
4356
4355
4355
4355
4355
4350
4350
4350
4350
4350
4350
4350
4350
4350
4350
4350
4350
4352
4354
4354
4354
4353
4352
4352
4352
4352
4352
4352
4352
4379
4383
4416
4447
4487
4462
4511
4513
4513
4513
4590
4613
4638
4652
4675
4685
4687
4733
4733
4759
4763
4831
4854
4855
4855
4855
4855
4855
4862
4868
4892
4925
4936
4936
4936
4971
4977
4999
5039
5073
5102
5147
5173
5173
5173
5174
5175
5174
5172
5172
5173
5173
5173
5208
5227
5247
5253
5277
5312
5312
5320
5317
5317
5340
5411
5467
5478
5488
5514
5513
5512
5518
5548
5635
5648
5684
5695
5693
5693
5693
5749
5786
5796
5865
5887
5918
5934
5934
5939
5982
6008
6010
6066
6085
6086
6087
6087
6105
6167
6190
6235
6275
6283
6295
6291
6297
6296
6254
6302
6290
6284
6255
6275
6299
6282
6255
6277
6285
6250
6261
6301
6293
6306
6297
6303
6304
6304
6304
6302
6276
6295
6307
6247
6273
6283
6260
6293
6299
6299
6295
6306
6268
6287
6269
6268
6283
6293
6294
6299
6299
6300
6298
6299
6243
6282
6298
6311
6309
6309
6309
6305
6288
6282
6266
6228
6248
6295
6297
6287
6287
6291
6297
6292
6301
6301
6302
6301
6300
6302
6300
6311
6307
6307
6307
6307
6307
6307
6309
6309
6295
6308
6308
6244
6264
6250
6305
6248
6309
6304
6287
6293
6296
6305
6304
6275
6277
6286
6272
6300
6296
6274
6286
6281
6284
6276
6281
6282
6275
6273
6297
6296
6293
6289
6304
6304
6303
6300
6304
6291
6302
6307
6307
6280
6283
6281
6284
6294
6294
6295
6295
6264
6266
6266
6266
6302
6302
6302
6302
6302
6302
6304
6304
6303
6303
6303
6303
6330
6338
6408
6426
6475
6505
6508
6508
6508
6585
6602
6613
6613
6614
6617
6660
6637
6688
6691
6765
6753
6776
6788
6789
6785
6785
6785
6788
6785
6787
6787
6787
6782
6782
6782
6782
6782
6787
6786
6811
6812
6815
6815
6817
6847
6850
6849
6849
6849
6849
6849
6849
6852
6870
6906
6916
6920
6924
6976
7014
7032
7050
7052
7051
7051
7050
7037
7050
7049
7051
7050
7050
7051
7050
7054
7043
7042
7017
6997
6991
7042
6988
6995
7031
7051
7051
7051
7051
7052
7050
7051
7050
7050
7049
7054
7053
7052
7051
7051
7051
7051
7051
7051
7051
7088
7099
7132
7135
7145
7177
7179
7179
7178
7181
7213
7263
7305
7313
7330
7328
7330
7376
7402
7440
7493
7520
7564
7572
7564
7560
7560
7560
7560
7560
7565
7627
7648
7657
7657
7714
7748
7745
7745
7783
7819
7832
7832
7856
7943
7950
8014
8011
8049
8055
8084
8083
8083
8083
8083
8123
8145
8186
8203
8253
8303
8324
8353
8352
8353
8351
8351
8352
8351
8351
8358
8300
8355
8353
8353
8353
8353
8353
8353
8366
8398
8403
8431
8481
8485
8506
8508
8531
8531
8531
8549
8605
8599
8640
8679
8684
8684
8693
8738
8774
8808
8866
8893
8899
8905
8905
8905
8903
8889
8889
8875
8875
8836
8874
8858
8886
8888
8887
8887
8887
8897
8893
8893
8893
8893
8893
8893
8893
8893
8893
8893
8893
8891
8890
8890
8890
8891
8891
8892
8891
8890
8890
8890
8890
8891
8891
8891
8891
8894
9024
9070
9068
9084
9084
9084
9084
9090
9108
9182
9212
9218
9239
9239
9239
9240
9240
9315
9317
9314
9325
9327
9356
9372
9400
9405
9424
9462
9461
9465
9527
9629
9613
9624
9638
9637
9637
9637
9637
9636
9636
9637
9637
9631
9631
9631
9656
9717
9726
9780
9812
9858
9857
9857
9857
9869
9869
9966
10015
10015
10036
10037
10049
10069
10115
10114
10185
10182
10171
10240
10249
10258
10275
10346
10345
10410
10410
10472
10588
10603
10604
10605
10605
10605
10605
10628
10631
10641
10694
10695
10695
10699
10728
10786
10806
10814
10861
10933
10942
10942
10961
11009
11019
11028
11036
11037
11037
11038
11052
11081
11134
11173
11197
11201
11233
11221
11231
11271
11302
11298
11409
11441
11437
11438
11437
11453
11467
11481
11481
11485
11533
11552
11576
11596
11646
11647
11647
11647
11665
11741
11752
11831
11869
11846
11872
11872
11872
11872
11872
11872
11872
11916
11926
11928
11942
11976
12005
12004
11993
12004
12004
11990
11970
11976
12010
11992
12009
12010
12009
12010
12009
12010
12010
12010
12011
12034
12153
12193
12202
12202
12202
12209
12224
12270
12321
12316
12359
12360
12409
12447
12469
12472
12498
12516
12526
12557
12603
12611
12611
12613
12709
12773
12772
12771
12788
12787
12787
12787
12787
12787
12787
12792
12785
12785
12784
12784
12784
12824
12910
12910
12904
12923
12922
12922
12922
12922
12922
13007
13101
13122
13121
13124
13123
13129
13212
13263
13257
13257
13286
13332
13364
13429
13445
13457
13459
13465
13495
13522
13538
13562
13591
13598
13595
13596
13624
13761
13783
13785
13783
13782
13782
13782
13780
13780
13780
13780
13780
13780
13780
13780
13780
13788
13785
13785
13785
13785
13785
13785
13785
13785
13785
13786
13780
13769
13774
13772
13785
13785
13785
13786
13785
13785
13785
13785
13783
13768
13782
13757
13772
13781
13774
13773
13778
13778
13778
13761
13719
13794
13782
13780
13776
13778
13805
13806
13775
13792
13775
13762
13764
13756
13771
13793
13754
13748
13748
13748
13748
13748
13748
13748
13748
13743
13740
13841
13740
13740
13740
13740
13740
13740
13740
13743
13743
13742
13742
13742
13740
13740
13740
13740
13740
13740
13740
13740
13740
13729
13729
13729
13729
13729
13729
13730
13730
13730
13730
13730
13730
13734
13734
13734
13734
13735
13735
13735
13735
13735
13734
13734
13734
13735
13735
13736
13736
13736
13736
13736
13736
13736
13736
13736
13736
13737
13737
13733
13733
13733
13733
13733
13733
13733
13733
13735
13736
13728
13728
13728
13728
13728
13728
13728
13728
13730
13728
13728
13728
13731
13731
13731
13731
13731
13731
13732
13731
13731
13731
13731
13731
13733
13733
13733
13733
13735
13735
13735
13735
13735
13735
13735
13735
13732
13732
13733
13733
13733
13733
13733
13733
13733
13733
13733
13733
13746
13743
13745
13745
13745
13745
13745
13745
13745
13745
13745
13745
13752
13752
13752
13752
13752
13752
13752
13752
13753
13753
13753
13753
13734
13734
13734
13734
13734
13734
13739
13736
13736
13736
13736
13736
13738
13738
13738
13738
13739
13739
13739
13739
13739
13739
13739
13739
13740
13740
13740
13738
13738
13738
13738
13738
13738
13738
13738
13738
13747
13740
13740
13740
13740
13740
13740
13740
13740
13740
13744
13743
13743
13743
13743
13743
13743
13743
13743
13743
13746
13746
13746
13746
13742
13742
13742
13742
13742
13742
13745
13743
13743
13743
13743
13743
13746
13746
13746
13746
13746
13746
13746
13746
13746
13746
13746
13746
13738
13738
13737
13742
13775
13727
13775
13775
13774
13702
13701
13701
13720
13714
13714
13715
