12	13
30	31
45	46
60	61
72	73
120	121
170	171
180	181
240	241
290	291
293	294
308	309
312	313
317	318
320	321
326	327
331	332
335	337
338	339
342	343
344	345
353	354
356	357
362	363
365	366
367	368
374	375
380	381
384	385
389	391
392	393
398	399
401	403
410	411
419	421
428	429
431	433
446	447
449	450
455	457
464	465
467	469
474	475
476	477
482	483
485	486
504	505
516	517
524	525
533	534
540	541
542	543
545	546
551	553
557	558
566	567
569	570
575	577
578	579
585	587
617	618
620	621
629	630
635	637
647	649
653	654
656	657
662	663
671	673
684	685
695	697
698	699
704	705
707	709
750	751
756	757
768	769
810	811
816	817
840	841
876	877
900	901
960	961
990	991
1020	1021
1032	1033
1056	1057
1080	1081
1093	1094
1129	1130
1132	1134
1140	1143
1160	1161
1164	1166
1186	1187
1195	1196
1207	1208
1212	1214
1219	1220
1222	1223
1228	1229
1236	1238
1246	1247
1248	1251
1255	1256
1260	1261
1272	1273
1296	1297
1300	1302
1309	1310
1312	1313
1318	1319
1320	1322
1332	1333
1336	1337
1344	1346
1348	1349
1354	1355
1357	1358
1363	1364
1375	1376
1380	1383
1384	1385
1390	1391
1410	1411
1416	1417
1441	1442
1453	1454
1459	1460
1465	1466
1476	1477
1488	1489
1492	1494
1498	1501
1524	1525
1530	1532
1540	1541
1543	1544
1545	1546
1560	1561
1572	1573
1588	1589
1596	1598
1608	1609
1611	1612
1620	1621
1656	1657
1680	1681
1710	1711
1716	1717
1740	1741
1749	1750
1800	1801
1836	1837
1890	1891
1896	1897
1920	1921
1965	1966
1980	1981
1983	1984
1998	2002
2008	2009
2011	2012
2035	2036
2040	2041
2076	2077
2100	2101
2119	2120
2122	2123
2130	2133
2138	2139
2160	2161
2172	2174
2179	2183
2215	2216
2220	2221
2222	2225
2227	2228
2236	2237
2242	2243
2250	2252
2256	2257
2260	2261
2263	2265
2280	2281
2302	2303
2305	2306
2310	2312
2314	2315
2316	2317
2370	2373
2400	2402
2415	2416
2438	2439
2450	2452
2459	2461
2463	2464
2469	2470
2475	2476
2490	2491
2493	2494
2496	2497
2508	2509
2521	2522
2526	2527
2529	2530
2535	2536
2538	2539
2550	2551
2553	2554
2556	2557
2565	2566
2577	2581
2586	2587
2595	2596
2610	2612
2613	2614
2616	2617
2646	2647
2653	2654
2655	2656
2670	2672
2676	2677
2697	2698
2700	2703
2714	2715
2760	2762
2766	2767
2769	2770
2772	2773
2781	2782
2790	2791
2792	2793
2796	2797
2802	2803
2817	2818
2823	2824
2826	2827
2838	2839
2847	2848
2853	2854
2856	2857
2868	2869
2877	2879
2880	2881
2907	2908
2916	2917
2940	2941
2964	2965
2970	2971
2982	2983
2987	2989
2991	2994
2999	3002
3003	3005
3010	3011
3030	3031
3060	3061
3069	3070
3077	3078
3096	3097
3107	3109
3110	3111
3116	3117
3119	3121
3132	3133
3155	3157
3161	3162
3164	3165
3173	3174
3176	3178
3182	3183
3188	3189
3200	3201
3208	3209
3214	3215
3216	3217
3240	3241
3250	3251
3253	3254
3300	3302
3304	3305
3310	3311
3316	3317
3325	3326
3328	3329
3334	3337
3349	3350
3355	3356
3360	3362
3379	3380
3382	3383
3384	3386
3400	3401
3406	3407
3409	3410
3418	3419
3420	3421
3424	3425
3427	3428
3436	3437
3451	3453
3454	3455
3460	3461
3463	3464
3469	3470
3478	3479
3480	3482
3487	3488
3490	3491
3492	3493
3502	3503
3504	3506
3511	3512
3540	3542
3559	3560
3600	3601
3624	3625
3636	3637
3643	3644
3652	3653
3655	3656
3660	3661
3676	3677
3679	3680
3690	3691
3696	3697
3712	3713
3715	3716
3720	3722
3724	3725
3730	3731
3739	3740
3748	3749
3750	3752
3756	3757
3760	3761
3766	3767
3775	3776
3787	3788
3816	3817
3840	3841
3862	3863
3864	3866
3871	3872
3876	3877
3880	3881
3883	3886
3898	3899
3900	3903
3907	3908
3910	3911
3916	3918
3919	3920
3925	3926
3934	3935
3937	3938
3943	3944
3949	3950
3952	3953
3955	3956
3960	3962
3970	3973
3979	3980
3996	3997
4008	4009
4017	4018
4021	4022
4026	4027
4035	4036
4038	4040
4050	4051
4053	4054
4058	4060
4070	4072
4082	4083
4092	4093
4094	4095
4109	4111
4118	4119
4128	4129
4130	4132
4138	4139
4140	4141
4152	4153
4170	4171
4176	4177
4179	4180
4182	4183
4188	4189
4191	4192
4197	4198
4206	4207
4209	4210
4215	4216
4218	4221
4223	4225
4227	4228
4231	4232
4233	4234
4236	4237
4248	4249
4254	4255
4260	4261
4284	4285
4296	4297
4311	4312
4314	4316
4320	4322
4323	4324
4329	4330
4335	4336
4338	4339
4344	4345
4356	4357
4365	4366
4368	4369
4374	4375
4377	4378
4383	4384
4389	4390
4392	4393
4395	4397
4407	4409
4410	4411
4416	4417
4419	4420
4440	4441
4482	4487
4489	4490
4495	4498
4505	4506
4512	4513
4515	4516
4518	4520
4530	4532
4536	4537
4557	4558
4572	4573
4578	4582
4590	4591
4596	4597
4605	4607
4611	4612
4617	4619
4620	4624
4632	4633
4635	4636
4641	4642
4644	4645
4657	4658
4662	4663
4668	4670
4674	4675
4677	4679
4680	4681
4695	4696
4710	4711
4716	4719
4729	4731
4738	4741
4752	4756
4764	4767
4779	4780
4800	4804
4805	4806
4812	4813
4814	4815
4817	4818
4826	4829
4832	4833
4836	4837
4838	4839
4847	4849
4856	4857
4859	4862
4865	4866
4868	4870
4872	4873
4875	4876
4877	4879
4883	4885
4886	4888
4892	4893
4897	4899
4905	4906
4909	4911
4920	4922
4934	4936
4943	4945
4946	4948
4952	4954
4955	4958
4961	4962
4968	4970
4985	4986
4988	4989
4993	4996
5003	5007
5009	5010
5012	5013
5017	5019
5025	5026
5028	5032
5036	5037
5039	5041
5045	5046
5048	5049
5053	5056
5057	5058
5063	5066
5070	5078
5085	5086
5088	5092
5099	5104
5105	5107
5108	5110
5117	5118
5130	5132
5136	5138
5145	5148
5149	5151
5153	5154
5159	5161
5162	5163
5168	5169
5175	5178
5186	5187
5189	5191
5195	5197
5204	5206
5208	5209
5210	5211
5213	5214
5216	5217
5220	5223
5232	5233
5235	5237
5249	5252
5255	5257
5264	5265
5279	5281
5288	5290
5292	5293
5297	5298
5306	5308
5310	5311
5315	5317
5324	5325
5327	5329
5342	5343
5345	5347
5352	5353
5364	5365
5376	5377
5378	5379
5384	5386
5400	5403
5405	5406
5413	5415
5424	5427
5432	5437
5444	5445
5447	5449
5460	5461
5462	5463
5468	5469
5488	5491
5495	5497
5498	5499
5516	5518
5520	5521
5522	5523
5525	5526
5534	5535
5543	5545
5552	5553
5558	5559
5561	5562
5565	5566
5573	5575
5576	5577
5580	5582
5592	5593
5594	5596
5602	5603
5604	5605
5608	5609
5611	5612
5620	5622
5625	5627
5629	5630
5635	5636
5638	5639
5640	5641
5644	5646
5647	5648
5653	5655
5662	5663
5665	5666
5677	5678
5680	5681
5685	5686
5688	5689
5701	5702
5710	5711
5715	5716
5719	5721
5724	5726
5730	5731
5736	5737
5743	5744
5745	5747
5749	5750
5760	5762
5773	5774
5775	5776
5784	5786
5788	5789
5790	5792
5794	5795
5796	5799
5805	5807
5809	5811
5812	5814
5822	5824
5827	5828
5830	5831
5835	5836
5856	5858
5865	5866
5869	5870
5880	5881
5893	5896
5905	5907
5916	5917
5925	5926
5938	5939
5947	5948
5955	5957
5962	5963
5976	5977
5985	5986
5998	6002
6007	6008
6012	6013
6015	6016
6023	6025
6030	6033
6036	6037
6045	6046
6048	6049
6053	6054
6075	6076
6083	6084
6090	6092
6105	6106
6108	6109
6120	6122
6128	6130
6136	6140
6143	6145
6158	6159
6165	6166
6170	6171
6176	6177
6179	6184
6195	6196
6204	6205
6210	6212
6216	6217
6218	6219
6225	6226
6227	6229
6239	6242
6245	6246
6248	6252
6254	6258
6263	6269
6272	6273
6274	6277
6285	6286
6288	6289
6290	6291
6293	6294
6300	6301
6302	6304
6308	6309
6313	6315
6317	6318
6320	6321
6323	6326
6332	6334
6335	6338
6341	6342
6344	6345
6359	6364
6375	6378
6383	6386
6390	6393
6396	6399
6401	6402
6408	6410
6415	6416
6418	6422
6428	6429
6432	6434
6436	6437
6442	6443
6448	6449
6454	6455
6456	6459
6460	6461
6466	6467
6469	6472
6475	6476
6480	6483
6492	6497
6505	6507
6511	6512
6514	6515
6516	6518
6520	6521
6522	6525
6527	6530
6534	6537
6539	6541
6552	6556
6569	6578
6588	6589
6600	6601
6619	6620
6628	6629
6630	6631
6634	6635
6636	6638
6648	6650
6660	6662
6664	6666
6670	6671
6672	6673
6676	6677
6679	6681
6684	6686
6687	6690
6697	6698
6703	6705
6706	6707
6720	6722
6724	6725
6730	6733
6744	6745
6757	6758
6760	6761
6766	6767
6775	6776
6780	6782
6784	6785
6793	6794
6799	6800
6804	6806
6808	6809
6810	6812
6820	6821
6828	6829
6835	6836
6841	6842
6852	6854
6868	6869
6871	6872
6880	6881
6883	6885
6889	6890
6891	6892
6895	6896
6898	6899
6907	6908
6925	6926
6930	6932
6934	6937
6940	6941
6948	6951
6952	6953
6970	6971
6984	6987
6990	6991
6994	6998
7003	7004
7006	7007
7008	7009
7018	7019
7020	7022
7024	7025
7030	7031
7038	7042
7044	7046
7048	7049
7050	7051
7056	7057
7072	7073
7080	7082
7087	7088
7104	7106
7108	7109
7114	7115
7116	7117
7122	7124
7128	7130
7138	7139
7147	7148
7150	7151
7156	7157
7164	7166
7200	7201
7212	7213
7230	7231
7236	7237
7260	7261
7272	7273
7296	7297
7299	7300
7326	7331
7336	7337
7344	7345
7349	7352
7356	7357
7373	7374
7379	7381
7392	7393
7396	7398
7404	7405
7410	7411
7415	7417
7424	7425
7426	7434
7438	7439
7440	7442
7453	7454
7465	7466
7473	7474
7476	7477
7500	7504
7513	7514
7515	7516
7525	7526
7527	7528
7530	7532
7537	7538
7541	7542
7549	7550
7560	7563
7572	7576
7583	7587
7592	7594
7597	7600
7601	7602
7605	7606
7609	7610
7611	7612
7616	7617
7619	7623
7625	7626
7628	7629
7634	7636
7637	7638
7643	7645
7646	7647
7650	7651
7652	7653
7655	7658
7661	7662
7664	7665
7669	7671
7673	7674
7679	7683
7688	7689
7692	7695
7697	7699
7700	7701
7702	7703
7705	7707
7709	7710
7715	7719
7724	7725
7727	7731
7733	7734
7739	7743
7751	7755
7757	7758
7760	7761
7765	7767
7769	7771
7776	7779
7784	7785
7787	7791
7796	7797
7801	7803
7806	7807
7811	7815
7825	7826
7827	7828
7830	7831
7836	7838
7849	7850
7860	7862
7869	7871
7873	7876
7884	7885
7886	7887
7897	7900
7904	7905
7908	7912
7922	7924
7932	7933
7934	7936
7944	7945
7946	7948
7953	7954
7956	7960
7962	7963
7969	7972
7978	7979
7980	7981
7982	7984
7993	7998
8001	8002
8004	8005
8006	8008
8009	8011
8012	8013
8016	8020
8027	8028
8029	8032
8036	8037
8039	8041
8045	8047
8048	8049
8053	8056
8057	8059
8064	8068
8077	8080
8084	8085
8089	8092
8101	8104
8112	8116
8125	8128
8132	8134
8137	8146
8149	8154
8160	8164
8173	8176
8180	8181
8184	8188
8190	8191
8197	8200
8204	8205
8207	8212
8220	8221
8222	8226
8233	8238
8240	8241
8245	8251
8257	8260
8268	8272
8281	8284
8292	8296
8297	8299
8300	8301
8305	8308
8309	8310
8311	8313
8316	8320
8324	8325
8329	8332
8333	8334
8339	8344
8352	8356
8365	8369
8370	8373
8377	8383
8389	8394
8399	8401
8402	8404
8412	8413
8414	8416
8420	8421
8424	8425
8426	8427
8433	8435
8437	8440
8451	8453
8454	8455
8461	8464
8466	8467
8469	8470
8473	8474
8475	8476
8478	8479
8485	8486
8490	8492
8493	8494
8496	8497
8505	8506
8508	8509
8514	8516
8520	8521
8532	8535
8549	8553
8556	8557
8565	8566
8581	8583
8592	8593
8604	8605
8610	8611
8613	8614
8616	8617
8619	8620
8622	8623
8628	8629
8634	8635
8640	8644
8645	8646
8649	8650
8664	8665
8670	8671
8676	8678
8679	8680
8688	8690
8697	8698
8702	8704
8706	8707
8712	8713
8714	8715
8717	8718
8726	8727
8736	8739
8745	8746
8747	8751
8760	8761
8784	8785
8796	8797
8804	8805
8808	8809
8816	8817
8820	8823
8824	8826
8831	8833
8840	8841
8843	8845
8849	8850
8852	8853
8856	8860
8861	8862
8868	8870
8873	8874
8876	8877
8882	8883
8888	8889
8892	8894
8897	8898
8903	8908
8911	8912
8916	8917
8919	8920
8928	8929
8934	8935
8949	8950
8952	8953
8958	8959
8970	8971
8973	8974
8976	8977
8988	8989
9000	9002
9012	9013
9024	9025
9027	9028
9030	9032
9042	9043
9045	9046
9051	9052
9054	9055
9060	9061
9062	9063
9069	9070
9091	9094
9102	9103
9108	9109
9111	9112
9115	9116
9120	9122
9123	9124
9129	9131
9132	9133
9138	9139
9141	9142
9144	9145
9162	9163
9183	9184
9189	9191
9204	9205
9210	9211
9222	9223
9246	9247
9252	9253
9255	9256
9258	9259
9271	9272
9276	9277
9279	9280
9291	9292
9297	9298
9309	9310
9312	9313
9323	9325
9329	9332
9333	9335
9345	9346
9348	9349
9355	9356
9375	9377
9378	9379
9390	9391
9392	9393
9398	9399
9410	9412
9426	9427
9429	9430
9435	9436
9439	9440
9444	9446
9447	9448
9451	9452
9480	9482
9503	9507
9510	9515
9518	9519
9530	9531
9540	9546
9552	9558
9561	9562
9564	9571
9572	9577
9582	9586
9588	9589
9591	9592
9595	9598
9600	9603
9604	9605
9608	9609
9613	9615
9617	9618
9625	9627
9628	9629
9630	9634
9636	9637
9641	9642
9650	9651
9656	9661
9673	9676
9677	9679
9683	9686
9687	9688
9690	9692
9696	9697
9698	9702
9703	9705
9710	9713
9715	9717
9720	9721
9722	9724
9726	9729
9734	9736
9737	9739
9740	9741
9746	9753
9755	9757
9762	9766
9770	9772
9774	9776
9780	9783
9784	9786
9788	9790
9791	9793
9796	9798
9808	9813
9828	9829
9840	9841
9845	9851
9854	9858
9863	9865
9870	9878
9893	9894
9899	9903
9908	9909
9911	9915
9917	9918
9923	9927
9930	9933
9934	9940
9941	9942
9948	9952
9956	9957
9965	9966
9971	9973
9974	9975
9980	9981
9986	9987
9990	9993
9998	9999
10000	10001
10004	10006
10007	10011
10020	10022
10026	10028
10034	10036
10041	10042
10044	10045
10046	10048
10050	10054
10056	10057
10059	10060
10062	10063
10067	10069
10071	10072
10080	10081
10083	10085
10086	10088
10104	10105
10106	10108
10110	10114
10119	10120
10122	10123
10125	10126
10128	10129
10131	10132
10140	10141
10142	10144
10152	10153
10154	10156
10158	10159
10164	10165
10166	10168
10170	10171
10173	10174
10178	10179
10182	10183
10185	10186
10188	10191
10200	10204
10214	10216
10218	10219
10224	10228
10231	10234
10238	10243
10245	10246
10248	10252
10260	10263
10274	10275
10284	10287
10290	10293
10302	10303
10305	10306
10308	10309
10320	10324
10329	10330
10346	10349
10350	10355
10356	10360
10362	10364
10370	10372
10377	10378
10382	10383
10394	10395
10406	10407
10410	10412
10416	10419
10427	10431
10436	10437
10440	10442
10445	10446
10463	10466
10470	10474
10478	10479
10480	10482
10488	10491
10499	10503
10505	10507
10508	10509
10517	10518
10524	10527
10530	10533
10536	10539
10541	10542
10548	10552
10556	10557
10560	10563
10568	10569
10574	10575
10583	10588
10590	10591
10596	10599
10601	10602
10607	10612
10616	10617
10619	10621
10644	10645
10650	10653
10656	10659
10668	10671
10680	10682
10694	10695
10704	10707
10710	10713
10716	10717
10728	10729
10743	10744
10750	10751
10754	10757
10761	10762
10765	10768
10770	10772
10773	10774
10779	10780
10788	10791
10794	10795
10804	10805
10806	10807
10814	10817
10821	10822
10826	10829
10830	10831
10833	10834
10836	10838
10839	10840
10842	10844
10848	10850
10857	10858
10860	10861
10866	10868
10869	10870
10884	10885
10890	10892
10896	10897
10908	10909
10911	10912
10914	10915
10922	10924
10929	10930
10932	10937
10938	10939
10941	10942
10946	10948
10950	10952
10953	10954
10958	10984
10989	10990
10992	10996
10998	10999
11005	11008
11010	11012
11016	11017
11019	11022
11029	11034
11040	11041
11052	11053
11058	11059
11070	11104
11106	11107
11112	11114
11126	11128
11130	11132
11133	11134
11138	11142
11145	11146
11147	11150
11154	11155
11159	11164
11172	11174
11186	11187
11190	11200
11202	11212
11214	11217
11222	11226
11228	11259
11268	11271
11276	11277
11280	11286
11291	11295
11303	11307
11309	11313
11321	11322
11327	11331
11336	11338
11340	11343
11345	11346
11351	11355
11363	11366
11369	11373
11376	11377
11378	11379
11381	11382
11387	11389
11390	11391
11399	11404
11424	11427
11430	11433
11441	11442
11448	11451
11460	11464
11465	11471
11475	11476
11478	11483
11486	11488
11498	11522
11524	11554
11556	11559
11561	11562
11566	11571
11579	11590
11594	11596
11603	11604
11606	11608
11610	11612
11615	11617
11621	11623
11640	11643
11645	11646
11648	11649
11654	11656
11657	11658
11663	11666
11670	11672
11675	11677
11688	11689
11690	11691
11693	11694
11695	11696
11700	11733
11735	11739
11748	11751
11759	11789
11792	11802
11808	11814
11819	11856
11858	11883
11897	11898
11910	11917
11921	11922
11925	11926
11928	11929
11931	11932
11936	11937
11943	11970
11972	11973
11976	11980
11988	11992
12000	12002
12008	12015
12018	12021
12022	12023
12025	12026
12030	12035
12040	12043
12045	12047
12053	12055
12060	12062
12090	12095
12106	12107
12112	12113
12115	12116
12120	12123
12124	12127
12133	12136
12145	12160
12165	12167
12170	12172
12175	12176
12180	12181
12183	12185
12190	12191
12193	12196
12199	12200
12205	12208
12210	12212
12217	12219
12220	12221
12226	12227
12229	12231
12235	12236
12238	12239
12240	12246
12253	12254
12262	12263
12270	12273
12276	12277
12286	12287
12295	12296
12300	12303
12330	12333
12336	12338
12340	12341
12345	12347
12349	12350
12358	12363
12367	12368
12376	12377
12388	12389
12390	12393
12400	12402
12406	12407
12415	12416
12418	12419
12420	12421
12433	12434
12448	12449
12450	12452
12456	12458
12466	12467
12480	12483
12487	12488
12493	12494
12502	12503
12508	12509
12510	12513
12517	12522
12525	12527
12529	12532
12538	12539
12540	12545
12556	12557
12565	12566
12570	12573
12576	12578
12580	12581
12583	12584
12595	12596
12598	12599
12600	12603
12604	12605
12607	12608
12613	12615
12622	12627
12630	12634
12636	12638
12640	12641
12643	12644
12646	12647
12660	12663
12690	12692
12703	12704
12709	12721
12723	12725
12727	12736
12739	12748
12750	12755
12756	12759
12760	12761
12763	12765
12769	12771
12774	12775
12778	12779
12782	12786
12788	12789
12794	12797
12802	12803
12804	12808
12810	12812
12813	12815
12816	12819
12830	12831
12840	12842
12855	12856
12867	12872
12876	12878
12879	12880
12888	12890
12894	12895
12897	12898
12900	12904
12906	12907
12912	12916
12921	12922
12924	12932
12936	12940
12950	12951
12960	12963
12966	12967
12972	12977
12986	12987
12990	12992
12996	13000
13010	13012
13020	13023
13031	13034
13039	13042
13044	13047
13048	13049
13050	13052
13057	13058
13060	13061
13066	13069
13075	13076
13080	13085
13090	13091
13093	13096
13105	13108
13110	13112
13117	13118
13120	13121
13126	13127
13128	13130
13135	13136
13138	13139
13140	13143
13165	13167
13170	13172
13180	13181
13189	13190
13192	13193
13198	13202
13204	13210
13213	13217
13221	13222
13227	13232
13236	13237
13239	13241
13246	13247
13251	13253
13255	13258
13263	13266
13279	13280
13282	13283
13284	13289
13291	13292
13296	13298
13301	13303
13306	13307
13308	13310
13318	13319
13324	13325
13333	13334
13348	13349
13350	13352
13366	13367
13368	13373
13375	13376
13380	13385
13404	13405
13410	13411
13413	13415
13419	13420
13426	13427
13428	13430
13440	13447
13452	13453
13454	13459
13464	13465
13467	13472
13479	13480
13491	13492
13500	13503
13504	13505
13507	13509
13512	13513
13517	13521
13522	13523
13525	13527
13529	13532
13536	13544
13551	13556
13558	13561
13563	13565
13569	13570
13575	13576
13587	13588
13590	13592
13599	13601
13605	13606
13611	13612
13614	13616
13617	13618
13620	13621
13623	13624
13626	13627
13635	13636
13638	13639
13647	13649
13656	13657
13659	13660
13668	13669
13671	13672
13680	13684
13686	13687
13692	13696
13701	13702
13710	13712
13727	13733
13743	13744
13752	13756
13764	13768
13770	13771
13773	13774
13779	13780
13782	13783
13791	13792
13797	13804
13806	13807
13812	13813
13815	13817
13821	13822
13824	13825
13827	13828
13833	13837
13839	13840
13842	13844
13851	13852
13857	13858
13860	13861
13866	13868
13869	13871
13873	13877
13884	13887
13896	13900
13903	13905
13909	13912
13917	13918
13919	13921
13929	13930
13935	13937
13944	13945
13947	13948
13950	13952
13958	13960
13962	13963
13964	13965
13970	13973
13977	13978
13986	13987
14001	14003
14004	14006
14012	14014
14028	14030
14038	14039
14040	14042
14052	14053
14062	14063
14070	14072
14077	14083
14088	14096
14098	14099
14100	14105
14124	14125
14127	14129
14130	14132
14139	14140
14147	14150
14160	14165
14170	14171
14173	14174
14175	14176
14179	14180
14182	14183
14187	14193
14197	14198
14201	14203
14208	14209
14213	14214
14215	14216
14220	14222
14224	14226
14235	14236
14239	14240
14242	14243
14244	14245
14250	14252
14254	14258
14272	14274
14280	14283
14284	14285
14292	14295
14296	14297
14299	14300
14308	14309
14310	14312
14320	14321
14324	14325
14332	14333
14340	14348
14353	14355
14357	14360
14367	14373
14392	14395
14405	14407
14414	14415
14420	14422
14423	14425
14427	14428
14430	14433
14436	14437
14460	14464
14468	14469
14474	14476
14477	14478
14490	14492
14501	14502
14504	14506
14510	14511
14513	14514
14519	14523
14528	14529
14531	14533
14546	14548
14549	14552
14555	14557
14558	14559
14564	14565
14567	14569
14573	14574
14580	14583
14591	14593
14594	14596
14600	14601
14603	14605
14610	14612
14616	14617
14640	14643
14670	14673
14693	14694
14700	14703
14705	14706
14711	14713
14714	14715
14720	14721
14729	14733
14741	14742
14747	14749
14760	14763
14790	14792
14801	14802
14810	14811
14816	14817
14820	14823
14834	14835
14837	14838
14846	14847
14850	14853
14861	14862
14864	14865
14870	14871
14876	14877
14879	14883
14885	14886
14894	14895
14903	14905
14910	14912
14927	14929
14933	14934
14940	14943
14969	14972
14975	14977
14978	14979
14987	14989
15000	15003
15005	15006
15011	15013
15020	15021
15023	15025
15030	15033
15038	15039
15041	15042
15047	15049
15060	15063
15074	15076
15090	15093
15098	15100
15104	15105
15106	15109
15113	15115
15116	15117
15120	15123
15131	15133
15140	15141
15143	15145
15150	15153
15180	15183
15200	15201
15205	15206
15208	15209
15210	15212
15217	15218
15220	15222
15226	15227
15232	15233
15235	15236
15238	15239
15240	15242
15247	15248
15268	15269
15270	15272
15277	15278
15280	15281
15289	15290
15300	15302
15307	15308
15313	15314
15315	15318
15325	15326
15330	15333
15340	15341
15355	15356
15358	15359
15360	15363
15375	15376
15388	15389
15390	15392
15397	15398
15400	15401
15406	15407
15409	15411
15420	15423
15430	15431
15433	15434
15439	15440
15442	15443
15448	15453
15457	15458
15460	15461
15466	15470
15480	15483
15493	15494
15496	15497
15498	15499
15502	15503
15505	15506
15510	15513
15516	15517
15526	15527
15529	15531
15535	15537
15540	15544
15547	15548
15553	15554
15556	15557
15562	15563
15570	15572
15580	15581
15586	15587
15592	15593
15598	15599
15607	15608
15613	15614
15615	15617
15630	15632
15634	15637
15643	15644
15649	15650
15652	15653
15658	15659
15660	15663
15670	15671
15676	15677
15679	15680
15685	15686
15688	15689
15690	15692
15694	15698
15703	15704
15705	15707
15719	15723
15724	15725
15730	15731
15739	15740
15742	15743
15748	15749
15750	15752
15757	15758
15766	15767
15768	15769
15772	15773
15780	15783
15793	15794
15810	15812
15829	15830
15835	15836
15838	15839
15840	15842
15856	15857
15862	15863
15870	15872
15880	15881
15889	15890
15895	15896
15898	15902
15907	15909
15913	15914
15916	15917
15925	15926
15930	15932
15934	15935
15940	15941
15943	15944
15949	15950
15952	15953
15960	15963
15984	15985
15990	15992
16012	16013
16018	16021
16029	16030
16056	16057
16062	16063
16068	16069
16074	16075
16078	16081
16086	16087
16104	16105
16107	16108
16110	16111
16116	16117
16125	16126
16128	16129
16134	16135
16137	16138
16140	16142
16143	16144
16146	16147
16155	16156
16161	16162
16170	16171
16176	16178
16194	16195
16200	16202
16213	16214
16221	16222
16224	16225
16226	16232
16237	16238
16239	16240
16242	16243
16248	16249
16251	16252
16260	16262
16266	16267
16269	16270
16273	16274
16275	16276
16278	16279
16284	16285
16290	16291
16293	16294
16296	16298
16305	16306
16310	16312
16320	16321
16322	16323
16326	16327
16329	16330
16334	16337
16346	16348
16349	16351
16353	16354
16357	16358
16368	16369
16371	16372
16380	16381
16386	16387
16416	16418
16425	16429
16470	16471
16476	16477
16485	16486
16487	16489
16494	16495
16497	16498
16500	16501
16503	16504
16512	16513
16515	16516
16521	16522
16524	16525
16530	16531
16538	16540
16550	16551
16557	16558
16560	16562
16563	16564
16566	16567
16578	16579
16584	16585
16587	16589
16590	16592
16596	16597
16605	16606
16608	16609
16620	16623
16632	16633
16635	16636
16641	16643
16647	16648
16650	16651
16656	16657
16659	16660
16665	16666
16674	16675
16677	16678
16683	16684
16695	16696
16704	16705
16710	16711
16713	16714
16716	16717
16719	16720
16731	16732
16737	16738
16742	16743
16746	16747
16755	16756
16758	16760
16770	16771
16773	16774
16776	16777
16782	16783
16785	16786
16800	16802
16808	16809
16811	16813
16817	16818
16829	16831
16835	16837
16838	16839
16856	16858
16862	16863
16872	16873
16884	16885
16896	16897
16900	16907
16908	16909
16910	16912
16913	16914
16919	16920
16931	16933
16937	16939
16940	16941
16946	16947
16950	16953
16956	16957
16958	16959
16961	16962
16968	16969
16979	16981
16982	16983
16988	16989
16992	16993
16997	16998
17011	17012
17016	17017
17018	17019
17024	17025
17027	17029
17041	17042
17052	17053
17060	17061
17063	17065
17071	17072
17075	17077
17084	17085
17093	17094
17096	17097
17100	17103
17105	17106
17108	17110
17113	17115
17117	17118
17123	17127
17130	17133
17138	17139
17141	17142
17156	17157
17160	17161
17168	17169
17184	17185
17186	17187
17190	17193
17201	17203
17208	17209
17220	17221
17232	17233
17242	17245
17249	17251
17253	17255
17261	17262
17268	17270
17276	17277
17280	17281
17282	17283
17294	17296
17300	17301
17303	17305
17309	17313
17316	17319
17330	17331
17340	17343
17354	17355
17360	17361
17370	17373
17378	17379
17387	17392
17396	17397
17399	17402
17405	17406
17420	17421
17423	17425
17429	17431
17433	17434
17436	17439
17444	17446
17447	17450
17453	17454
17456	17457
17460	17462
17474	17475
17480	17481
17489	17493
17498	17499
17501	17502
17507	17509
17510	17511
17516	17517
17520	17521
17525	17526
17531	17533
17534	17536
17540	17541
17549	17553
17556	17559
17561	17562
17567	17571
17576	17577
17579	17581
17585	17586
17594	17595
17604	17605
17610	17611
17616	17617
17620	17621
17626	17627
17629	17631
17635	17636
17638	17642
17644	17645
17653	17654
17656	17657
17662	17663
17670	17672
17674	17675
17676	17678
17683	17684
17734	17735
17736	17737
17740	17741
17748	17750
17752	17754
17758	17762
17770	17771
17776	17777
17779	17780
17788	17789
17790	17791
17794	17795
17796	17798
17803	17804
17806	17807
17808	17810
17815	17816
17820	17823
17826	17829
17836	17838
17844	17846
17856	17858
17880	17882
17916	17918
17923	17924
17926	17927
17940	17943
17944	17945
17947	17948
17950	17951
17959	17960
17962	17963
17968	17969
17970	17972
17983	17984
17992	17993
17995	17996
18000	18002
18004	18005
18013	18014
18030	18032
18036	18037
18038	18039
18041	18042
18047	18049
18050	18051
18056	18057
18059	18061
18065	18068
18072	18073
18074	18075
18083	18085
18089	18091
18092	18093
18096	18097
18101	18102
18110	18111
18116	18117
18119	18122
18125	18126
18128	18129
18134	18135
18137	18138
18143	18145
18150	18152
18161	18162
18164	18165
18180	18181
18182	18183
18188	18189
18191	18193
18197	18198
18200	18201
18208	18211
18215	18217
18218	18219
18224	18226
18227	18229
18236	18237
18242	18243
18254	18255
18270	18271
18272	18273
18276	18277
18281	18282
18290	18291
18299	18301
18305	18306
18308	18309
18317	18318
18323	18325
18326	18327
18332	18333
18336	18337
18341	18342
18344	18345
18350	18351
18359	18361
18365	18367
18374	18375
18381	18382
18383	18385
18390	18391
18392	18393
18396	18397
18415	18416
18420	18422
18424	18425
18433	18435
18436	18437
18442	18443
18450	18453
18460	18461
18463	18464
18469	18471
18475	18477
18478	18479
18480	18481
18484	18486
18510	18512
18514	18515
18516	18517
18520	18521
18523	18524
18529	18530
18535	18536
18540	18541
18544	18545
18547	18549
18552	18553
18556	18557
18570	18572
18576	18577
18583	18584
18586	18587
18592	18593
18607	18608
18616	18618
18624	18626
18628	18629
18630	18631
18636	18638
18643	18644
18646	18647
18652	18653
18660	18662
18664	18665
18670	18671
18690	18691
18696	18697
18704	18709
18715	18717
18723	18724
18728	18731
18756	18757
18760	18761
18765	18766
18769	18770
18780	18782
18784	18785
18787	18788
18790	18791
18804	18805
18815	18817
18821	18822
18830	18831
18833	18834
18839	18841
18842	18843
18848	18849
18853	18855
18857	18858
18863	18867
18870	18873
18875	18877
18881	18882
18884	18885
18899	18903
18912	18913
18924	18925
18932	18934
18935	18937
18941	18942
18948	18949
18950	18951
18953	18954
18962	18964
18968	18969
18971	18973
18980	18981
18984	18985
18986	18987
18991	18994
18996	18997
18998	18999
19004	19005
19007	19009
19016	19017
19020	19024
19026	19027
19034	19035
19040	19041
19043	19044
19049	19050
19057	19059
19067	19068
19082	19084
19091	19095
19100	19101
19104	19107
19109	19114
19116	19117
19121	19122
19127	19129
19136	19137
19152	19153
19166	19167
19170	19171
19175	19176
19178	19179
19184	19189
19193	19194
19196	19197
19202	19203
19205	19206
19210	19215
19219	19221
19222	19223
19228	19229
19230	19233
19236	19238
19240	19241
19248	19249
19261	19264
19266	19270
19278	19280
19284	19285
19297	19298
19305	19306
19309	19310
19333	19334
19345	19346
19356	19357
19377	19378
19380	19382
19386	19387
19392	19393
19395	19396
19404	19405
19413	19414
19417	19419
19422	19423
19428	19432
19437	19439
19449	19450
19453	19454
19455	19456
19464	19466
19470	19472
19478	19480
19485	19487
19490	19492
19494	19495
19497	19499
19500	19502
19503	19504
19509	19510
19512	19513
19530	19531
19536	19537
19539	19540
19551	19552
19554	19555
19563	19565
19573	19574
19578	19579
19581	19582
19584	19586
19590	19592
19597	19599
19609	19611
19620	19622
19639	19641
19648	19649
19651	19660
19665	19666
19668	19671
19682	19683
19689	19690
19694	19696
19698	19699
19704	19707
19710	19711
19716	19718
19722	19723
19725	19726
19728	19730
19731	19732
19734	19735
19740	19745
19754	19755
19758	19759
19761	19762
19764	19769
19776	19777
19785	19786
19788	19789
19797	19799
19800	19801
19803	19804
19806	19807
19811	19816
19821	19823
19824	19828
19836	19840
19845	19846
19848	19852
19862	19864
19866	19867
19872	19876
19881	19882
19884	19888
19893	19894
19896	19900
19902	19903
19905	19907
19910	19912
19914	19915
19920	19923
19934	19936
19944	19948
19953	19954
19955	19960
19965	19966
19970	19972
19992	19996
19998	19999
20004	20008
20009	20010
20018	20020
20024	20026
20027	20028
20030	20032
20033	20034
20036	20037
20040	20044
20048	20049
20051	20056
20064	20068
20069	20071
20075	20080
20084	20085
20087	20092
20093	20095
20096	20097
20100	20103
20105	20106
20112	20116
20120	20121
20123	20124
20126	20128
20132	20133
20136	20140
20141	20142
20147	20152
20156	20157
20159	20164
20172	20176
20183	20188
20190	20200
20204	20205
20208	20212
20220	20224
20228	20229
20231	20236
20240	20241
20244	20248
20251	20252
20256	20260
20264	20265
20268	20272
20273	20275
20277	20278
20291	20296
20300	20301
20304	20311
20318	20320
20327	20332
20340	20343
20345	20346
20352	20356
20360	20361
20363	20368
20372	20375
20388	20392
20400	20401
20405	20423
20429	20430
20431	20433
20437	20439
20448	20451
20454	20455
20456	20457
20460	20464
20472	20476
20480	20481
20483	20488
20489	20493
20496	20499
20503	20504
20508	20511
20515	20518
20519	20526
20534	20538
20540	20541
20543	20545
20548	20553
20568	20569
20570	20572
20576	20577
20580	20583
20585	20586
20588	20589
20593	20595
20597	20598
20603	20607
20609	20612
20627	20629
20630	20632
20636	20637
20639	20641
20645	20647
20657	20659
20660	20661
20666	20667
20669	20671
20675	20680
20688	20692
20693	20695
20700	20703
20705	20707
20712	20713
20717	20719
20729	20730
20731	20732
20736	20737
20739	20743
20749	20753
20757	20762
20772	20774
20784	20786
20790	20791
20796	20797
20812	20813
20818	20819
20820	20822
20827	20828
20830	20831
20839	20840
20845	20846
20848	20849
20850	20851
20854	20855
20857	20858
20863	20864
20866	20867
20872	20873
20875	20876
20880	20883
20887	20888
20890	20891
20917	20918
20923	20924
20926	20927
20928	20929
20941	20942
20950	20951
20956	20957
20964	20965
20970	20972
20977	20978
20983	20984
20986	20987
20988	20990
20998	20999
21000	21002
21010	21011
21016	21017
21030	21031
21060	21062
21070	21071
21084	21085
21088	21089
21090	21091
21094	21095
21103	21104
21105	21107
21108	21109
21112	21113
21120	21122
21130	21131
21144	21145
21150	21151
21156	21158
21163	21164
21168	21169
21175	21176
21180	21182
21184	21185
21190	21195
21199	21200
21214	21215
21216	21217
21220	21222
21223	21224
21228	21230
21232	21234
21240	21242
21247	21248
21250	21251
21256	21257
21268	21269
21274	21275
21276	21278
21283	21285
21286	21287
21304	21305
21310	21311
21316	21317
21319	21320
21324	21326
21328	21329
21336	21338
21348	21350
21355	21356
21360	21362
21367	21368
21379	21380
21384	21386
21388	21389
21394	21395
21397	21398
21403	21404
21406	21407
21408	21410
21412	21413
21420	21422
21424	21426
21430	21431
21433	21434
21440	21441
21453	21454
21456	21457
21460	21461
21463	21464
21468	21469
21479	21482
21487	21488
21496	21498
21499	21500
21505	21506
21508	21509
21510	21511
21514	21515
21516	21518
21523	21524
21526	21527
21528	21529
21532	21533
21535	21536
21541	21542
21559	21560
21564	21566
21568	21570
21574	21575
21576	21578
21583	21584
21586	21589
21600	21601
21603	21604
21608	21609
21611	21613
21635	21637
21638	21639
21648	21649
21653	21654
21686	21688
21690	21691
21692	21693
21696	21697
21716	21717
21722	21723
21725	21727
21732	21734
21737	21738
21740	21741
21746	21747
21755	21757
21758	21759
21776	21777
21785	21786
21791	21793
21794	21795
21800	21801
21803	21805
21812	21813
21818	21819
21821	21823
21824	21825
21830	21832
21840	21841
21854	21855
21857	21859
21863	21865
21872	21873
21875	21877
21878	21880
21884	21885
21887	21889
21893	21894
21900	21901
21902	21903
21908	21909
21911	21913
21926	21928
21929	21932
21947	21949
21953	21955
21956	21957
21960	21962
21965	21967
21971	21973
21974	21975
21983	21985
21992	21993
21998	22001
22005	22009
22019	22021
22025	22026
22029	22030
22035	22036
22038	22040
22044	22046
22047	22048
22065	22066
22068	22069
22074	22075
22080	22081
22083	22084
22092	22093
22098	22099
22107	22109
22111	22115
22125	22130
22134	22137
22143	22144
22149	22150
22155	22156
22167	22171
22176	22177
22182	22185
22188	22189
22194	22195
22200	22201
22209	22213
22218	22219
22221	22222
22230	22231
22239	22240
22245	22246
22248	22249
22254	22255
22257	22258
22260	22261
22266	22267
22272	22273
22281	22282
22284	22285
22290	22291
22296	22297
22305	22306
22308	22309
22314	22315
22317	22318
22323	22324
22332	22333
22335	22336
22344	22345
22350	22351
22353	22354
22356	22357
22359	22360
22362	22363
22377	22378
22386	22387
22395	22396
22409	22411
22421	22422
22424	22426
22440	22441
22442	22443
22466	22467
22469	22471
22475	22477
22478	22479
22490	22491
22493	22494
22500	22501
22508	22509
22518	22519
22520	22522
22524	22525
22529	22532
22535	22537
22538	22539
22545	22546
22550	22551
22559	22563
22571	22575
22580	22581
22589	22591
22592	22594
22596	22597
22598	22599
22601	22602
22610	22611
22616	22617
22620	22621
22625	22626
22628	22629
22637	22638
22643	22645
22646	22647
22650	22651
22656	22657
22693	22694
22698	22702
22707	22711
22714	22717
22725	22730
22742	22743
22748	22749
22752	22754
22760	22761
22766	22767
22769	22771
22772	22773
22776	22777
22778	22779
22781	22783
22787	22789
22800	22801
22812	22813
22829	22831
22832	22833
22836	22837
22848	22849
22856	22857
22864	22866
22872	22876
22877	22878
22883	22887
22891	22894
22895	22897
22901	22902
22904	22905
22908	22911
22919	22923
22928	22929
22932	22933
22940	22941
22945	22947
22949	22951
22953	22954
22955	22959
22970	22971
22992	22994
22996	22997
23005	23006
23011	23012
23016	23018
23020	23021
23029	23030
23032	23033
23038	23039
23040	23042
23047	23048
23050	23051
23054	23057
23058	23060
23065	23066
23074	23075
23077	23078
23083	23084
23088	23091
23092	23093
23095	23096
23101	23102
23110	23111
23113	23114
23120	23121
23122	23123
23124	23126
23128	23129
23131	23132
23137	23138
23146	23147
23149	23151
23158	23159
23160	23161
23164	23168
23173	23174
23175	23179
23182	23187
23190	23192
23194	23195
23200	23201
23203	23204
23206	23207
23211	23212
23220	23224
23226	23227
23232	23233
23235	23237
23247	23249
23250	23251
23253	23254
23256	23258
23268	23269
23271	23273
23274	23275
23280	23282
23286	23287
23289	23290
23295	23296
23301	23302
23310	23311
23316	23318
23319	23320
23331	23332
23352	23354
23361	23362
23364	23366
23371	23375
23382	23383
23391	23392
23397	23399
23400	23402
23406	23407
23431	23432
23443	23445
23450	23455
23462	23467
23473	23475
23478	23479
23480	23481
23484	23491
23505	23506
23508	23509
23511	23512
23514	23515
23523	23524
23529	23530
23547	23548
23550	23551
23562	23564
23571	23572
23580	23582
23589	23591
23596	23598
23616	23618
23622	23623
23625	23626
23628	23630
23637	23638
23640	23642
23643	23644
23646	23647
23655	23656
23670	23674
23676	23677
23679	23683
23688	23689
23697	23699
23706	23707
23730	23731
23732	23734
23739	23740
23742	23743
23748	23749
23751	23752
23766	23767
23769	23771
23775	23776
23787	23788
23796	23797
23804	23806
23808	23809
23817	23818
23829	23830
23838	23839
23850	23851
23856	23857
23862	23863
23880	23881
23886	23887
23889	23890
23899	23900
23904	23905
23907	23908
23922	23923
23928	23929
23931	23932
23937	23938
23940	23941
23946	23948
23955	23956
23958	23959
23976	23977
23997	23998
24000	24002
24006	24007
24017	24018
24020	24021
24026	24027
24029	24030
24035	24042
24050	24051
24056	24057
24060	24062
24065	24066
24095	24097
24101	24102
24119	24123
24125	24126
24128	24129
24132	24135
24137	24138
24143	24147
24150	24151
24152	24153
24155	24159
24161	24162
24170	24171
24173	24174
24180	24183
24188	24189
24197	24198
24204	24205
24209	24211
24215	24217
24230	24231
24233	24234
24240	24243
24248	24249
24251	24253
24257	24258
24278	24279
24284	24285
24287	24289
24293	24294
24296	24297
24300	24301
24305	24306
24320	24321
24323	24325
24329	24330
24332	24334
24338	24339
24340	24342
24347	24349
24371	24373
24374	24376
24380	24381
24384	24385
24391	24393
24396	24397
24398	24399
24408	24409
24413	24414
24416	24417
24431	24433
24444	24445
24446	24447
24450	24452
24455	24457
24468	24469
24474	24475
24479	24481
24488	24489
24496	24498
24500	24501
24504	24507
24509	24512
24516	24517
24518	24519
24528	24529
24542	24543
24552	24553
24572	24573
24576	24577
24588	24589
24624	24626
24636	24637
24672	24673
24690	24692
24708	24709
24720	24722
24750	24757
24759	24760
24766	24769
24774	24775
24783	24784
24788	24793
24796	24798
24803	24807
24810	24812
24816	24817
24838	24841
24847	24848
24852	24854
24862	24863
24870	24871
24877	24878
24892	24893
24898	24902
24913	24914
24925	24926
24928	24929
24934	24935
24943	24944
24945	24947
24949	24950
24955	24957
24961	24963
24964	24965
24973	24974
24979	24980
24982	24983
24988	24989
24992	24994
24996	24998
25000	25002
25005	25006
25020	25022
25024	25025
25033	25034
25044	25046
25057	25058
25069	25070
25081	25082
25093	25094
25099	25100
25102	25103
25104	25106
25108	25109
25111	25113
25116	25118
25123	25124
25126	25127
25129	25130
25132	25133
25140	25141
25144	25146
25147	25148
25153	25154
25158	25160
25162	25163
25165	25166
25168	25173
25177	25178
25180	25181
25183	25184
25185	25186
25190	25191
25192	25193
25198	25199
25200	25202
25207	25208
25210	25211
25213	25214
25216	25217
25219	25220
25225	25226
25231	25232
25234	25235
25237	25238
25249	25250
25260	25264
25267	25268
25270	25271
25273	25274
25285	25286
25290	25292
25296	25298
25309	25310
25327	25328
25333	25334
25345	25346
25357	25358
25369	25370
25378	25379
25380	25382
25387	25388
25393	25394
25414	25415
25416	25418
25419	25420
25429	25430
25453	25454
25455	25456
25458	25460
25465	25466
25467	25468
25473	25474
25476	25478
25482	25484
25488	25490
25491	25492
25506	25507
25513	25514
25525	25526
25530	25531
25536	25538
25549	25550
25560	25562
25573	25574
25585	25586
25597	25598
25605	25606
25609	25611
25613	25614
25620	25623
25628	25629
25631	25634
25640	25642
25645	25651
25655	25659
25669	25670
25673	25674
25676	25677
25681	25683
25685	25686
25693	25695
25703	25706
25710	25713
25716	25718
25729	25730
25741	25742
25753	25754
25763	25766
25769	25773
25774	25775
25776	25778
25789	25791
25796	25797
25799	25802
25805	25807
25809	25810
25813	25815
25817	25818
25823	25827
25829	25833
25835	25837
25841	25842
25844	25845
25850	25851
25859	25861
25868	25869
25875	25876
25877	25879
25886	25887
25890	25891
25896	25897
25943	25945
25946	25947
25949	25952
25955	25958
25961	25962
25969	25970
25980	25982
25991	25994
25997	25998
26003	26007
26010	26011
26012	26013
26015	26018
26021	26022
26024	26025
26029	26032
26034	26035
26040	26044
26049	26050
26052	26054
26065	26066
26067	26068
26070	26072
26076	26078
26079	26080
26083	26084
26085	26086
26089	26090
26097	26098
26101	26102
26103	26104
26106	26107
26112	26114
26115	26117
26124	26126
26130	26132
26136	26138
26149	26150
26157	26159
26161	26162
26163	26164
26166	26167
26172	26174
26181	26182
26184	26186
26190	26192
26193	26195
26196	26198
26209	26210
26211	26213
26217	26218
26226	26227
26229	26230
26233	26234
26235	26236
26238	26240
26244	26246
26250	26252
26256	26258
26259	26260
26265	26266
26269	26270
26271	26272
26277	26279
26293	26294
26295	26296
26305	26306
26310	26312
26313	26314
26316	26318
26319	26320
26322	26323
26329	26330
26340	26341
26352	26354
26365	26366
26377	26378
26382	26383
26388	26390
26391	26392
26400	26402
26406	26407
26412	26415
26420	26421
26425	26426
26428	26429
26430	26432
26434	26435
26437	26439
26443	26444
26449	26450
26464	26465
26473	26474
26487	26488
26490	26494
26502	26503
26505	26506
26511	26512
26514	26515
26520	26522
26525	26526
26529	26530
26531	26534
26538	26539
26541	26542
26550	26552
26581	26583
26588	26589
26591	26593
26609	26611
26615	26617
26624	26625
26628	26629
26633	26634
26636	26637
26640	26644
26651	26653
26654	26655
26663	26665
26670	26672
26676	26677
26678	26679
26681	26682
26685	26689
26690	26691
26696	26697
26699	26701
26705	26707
26730	26732
26736	26737
26760	26762
26774	26776
26783	26785
26790	26791
26795	26797
26801	26802
26810	26812
26816	26817
26819	26822
26825	26826
26828	26829
26843	26845
26846	26847
26851	26852
26856	26857
26861	26862
26865	26866
26870	26871
26873	26874
26879	26883
26888	26889
26894	26895
26897	26898
26900	26901
26906	26907
26909	26912
26915	26917
26933	26934
26940	26943
26969	26972
26976	26977
26978	26979
26984	26985
27000	27001
27020	27021
27024	27030
27042	27044
27048	27049
27051	27053
27086	27087
27090	27093
27096	27097
27120	27122
27137	27138
27140	27141
27152	27153
27156	27157
27164	27165
27179	27181
27188	27189
27191	27193
27197	27198
27200	27201
27208	27209
27210	27211
27214	27215
27216	27217
27226	27227
27232	27233
27238	27239
27241	27242
27259	27260
27268	27269
27270	27272
27276	27278
27283	27285
27286	27287
27298	27299
27304	27305
27307	27308
27312	27316
27321	27323
27330	27332
27337	27338
27340	27341
27346	27350
27352	27353
27358	27359
27360	27362
27367	27368
27376	27377
27382	27383
27384	27386
27390	27393
27394	27395
27400	27401
27412	27413
27421	27422
27430	27431
27432	27433
27439	27440
27444	27446
27448	27449
27450	27451
27456	27459
27463	27467
27510	27511
27516	27517
27540	27542
27570	27571
27576	27577
