133 129
31 15
20 12
34 21
18 13
80 41
55 17
11 17
119 48
11 7
8 7
22 11
9 20
42 20
2 2
19 10
1 1
7 21
12 10
18 15
9 21
11 2
37 10
41 12
21 11
17 11
84 9
94 11
19 12
10 11
85 14
81 16
22 17
20 23
22 13
23 15
21 10
22 17
17 11
22 18
131 121
4 3
98 31
86 18
26 15
1 1
1 1
1 1
58 28
10 19
1 1
2 2
2 3
63 53
2 2
27 18
6 5
137 111
2 4
8 22
1 1
19 13
12 9
5 3
3 17
9 19
25 5
34 25
75 52
2 3
10 10
14 8
11 11
11 7
2 2
12 15
15 9
181 169
17 3
4 4
3 5
3 6
1 3
3 9
1 4
2 4
1 1
1 2
17 48
1 5
1 2
3 10
1 1
1 1
8 14
5 5
2 2
2 1
1 1
1 1
1 1
8 2
6 3
10 4
2 1
8 5
6 6
2 4
36 3
1 2
1 1
16 13
4 2
5 3
3 2
2 1
5 2
27 11
18 11
68 14
23 15
23 21
20 13
5 2
3 2
21 30
10 17
9 13
16 8
12 9
9 15
20 3
27 23
20 24
13 14
133 33
18 12
36 18
9 8
26 14
68 37
1 1
7 3
26 14
21 14
22 9
11 10
47 16
9 5
20 68
13 12
20 20
22 15
18 11
12 15
6 9
42 25
3 2
1 3
14 6
28 12
33 20
49 19
44 15
24 10
19 16
85 10
87 13
19 13
107 198
11 11
11 11
79 10
82 11
73 10
27 22
24 12
25 4
14 15
34 28
2 1
4 2
28 13
18 14
23 147
21 28
13 15
12 14
16 26
41 39
11 10
15 21
