49 19
47 33
12 10
151 33
80 116
25 13
34 12
97 10
90 14
5 118
4 108
18 20
29 15
19 18
18 12
165 14
32 16
24 14
2 9
14 212
23 17
44 215
32 15
8 10
30 13
28 9
23 23
36 40
42 18
16 2
62 54
105 8
22 12
16 6
24 16
102 116
102 1
33 13
150 13
49 26
124 29
69 11
116 66
3 2
7 9
62 13
15 12
16 20
12 11
12 3
47 34
14 11
19 14
17 12
15 15
60 17
20 17
26 20
49 77
2 1
12 6
1 2
1 3
18 10
19 15
1 2
2 1
8 10
2 11
70 11
93 16
27 70
2 3
15 12
18 9
14 12
10 12
66 17
16 17
18 12
12 13
30 58
17 21
19 12
22 14
49 26
67 51
12 16
4 14
52 74
15 14
15 33
11 12
15 14
11 9
39 64
5 5
20 19
15 16
10 13
4 15
70 86
15 19
17 16
9 9
20 22
15 49
18 15
12 12
45 90
11 19
68 85
9 10
31 17
3 14
15 34
17 35
7 126
