27	32
45	51
56	62
63	69
71	80
81	87
88	93
94	96
98	105
106	111
118	134
135	137
141	157
158	170
191	195
196	202
208	225
312	313
354	367
369	370
371	391
393	400
401	407
408	412
414	426
456	457
458	463
464	468
470	473
474	478
527	534
535	538
542	549
550	552
553	559
565	575
588	589
612	613
624	625
654	658
659	663
684	685
696	697
733	734
735	740
741	743
756	757
768	769
815	817
819	830
831	835
836	838
839	866
869	884
885	886
888	899
901	907
912	914
915	925
928	933
934	938
949	950
961	962
963	970
972	981
982	988
994	997
1000	1010
1015	1021
1023	1028
1029	1030
1031	1037
1039	1042
1045	1052
1056	1058
1059	1062
1065	1071
1076	1082
1087	1089
1090	1094
1098	1105
1110	1114
1116	1117
1119	1120
1121	1126
1148	1155
1159	1160
1161	1165
1197	1201
1209	1213
1224	1225
1241	1242
1243	1249
1251	1256
1280	1281
1282	1285
1286	1289
1347	1351
1352	1358
1360	1361
1362	1369
1374	1381
1384	1386
1390	1391
1392	1401
1404	1405
1406	1413
1418	1423
1424	1433
1452	1453
1466	1470
1471	1475
1476	1479
1480	1482
1484	1489
1491	1494
1512	1513
1524	1525
1549	1565
1566	1569
1570	1573
1576	1585
1586	1602
1604	1609
1612	1617
1618	1627
1628	1630
1631	1633
1652	1658
1660	1664
1672	1676
1679	1680
1688	1689
1690	1693
1719	1726
1727	1733
1734	1747
1750	1766
1767	1768
1769	1773
1774	1777
1778	1786
1788	1789
1793	1804
1812	1816
1817	1826
1827	1840
1843	1853
1854	1859
1860	1861
1872	1873
1884	1885
1887	1893
1894	1901
1902	1903
1904	1914
1915	1923
1948	1955
1956	1957
1960	1967
1971	1976
1980	1981
2025	2026
2028	2029
2035	2043
2044	2048
2049	2050
2052	2053
2103	2105
2123	2131
2133	2137
2138	2141
2142	2144
2147	2154
2156	2158
2161	2167
2169	2177
2187	2190
2191	2194
2197	2199
2200	2204
2205	2209
2211	2213
2214	2219
2220	2227
2233	2235
2236	2238
2244	2245
2246	2249
2250	2251
2256	2258
2260	2261
2268	2269
2316	2319
2320	2332
2341	2345
2348	2350
2351	2362
2366	2371
2375	2377
2378	2379
2385	2390
2412	2413
2420	2421
2422	2427
2430	2434
2436	2438
2442	2449
2451	2454
2456	2465
2484	2485
2554	2557
2560	2561
2574	2576
2577	2581
2628	2629
2671	2682
2683	2690
2691	2703
2755	2762
2763	2767
2768	2774
2775	2780
2782	2785
2788	2815
2820	2821
2850	2851
2888	2893
2895	2903
2905	2916
2919	2933
2967	2968
2969	2980
2981	2983
2984	2992
2994	2995
2996	2998
3002	3010
3012	3018
3023	3028
3035	3039
3040	3042
3047	3050
3051	3053
3093	3095
3096	3097
3100	3107
3113	3115
3119	3123
3133	3136
3139	3146
3148	3154
3156	3159
3160	3162
3167	3174
3175	3181
3185	3187
3190	3196
3197	3200
3202	3209
3210	3217
3218	3223
3225	3226
3240	3241
3265	3268
3269	3272
3276	3278
3279	3281
3288	3289
3305	3307
3309	3313
3315	3323
3324	3329
3331	3333
3334	3337
3338	3343
3344	3350
3352	3357
3364	3366
3369	3371
3375	3381
3386	3388
3389	3391
3420	3429
3432	3436
3439	3454
3462	3467
3473	3478
3483	3486
3487	3489
3492	3497
3498	3503
3504	3505
3506	3508
3510	3517
3526	3527
3563	3566
3567	3569
3600	3604
3608	3610
3611	3616
3618	3623
3634	3637
3639	3640
3645	3651
3652	3654
3657	3664
3665	3667
3669	3671
3675	3679
3683	3691
3694	3697
3698	3702
3708	3709
3720	3721
3738	3741
3765	3770
3771	3774
3793	3802
3804	3808
3812	3815
3821	3830
3833	3837
3838	3845
3853	3855
3856	3862
3870	3872
3876	3877
3881	3892
3896	3899
3900	3901
3902	3904
3905	3908
3909	3911
3915	3916
3963	3967
3984	3986
3996	3997
4014	4016
4037	4045
4046	4057
4059	4064
4067	4080
4085	4088
4091	4093
4099	4104
4110	4116
4128	4129
4139	4141
4143	4145
4147	4153
4164	4165
4189	4194
4216	4219
4220	4222
4224	4234
4235	4237
4239	4242
4243	4248
4249	4253
4254	4259
4265	4267
4269	4270
4272	4273
4275	4283
4291	4301
4302	4303
4304	4311
4312	4316
4352	4357
4365	4367
4368	4369
4379	4384
4394	4405
4410	4412
4416	4417
4425	4432
4440	4441
4500	4501
4515	4521
4522	4538
4539	4554
4556	4558
4562	4577
4592	4599
4600	4611
4612	4614
4627	4636
4637	4645
4646	4652
4656	4662
4663	4670
4671	4678
4686	4688
4690	4693
4707	4711
4713	4717
4721	4723
4742	4750
4757	4765
4767	4775
4776	4781
4782	4785
4786	4800
4801	4803
4804	4806
4808	4810
4812	4813
4825	4836
4859	4867
4868	4871
4872	4880
4956	4957
4994	5001
5015	5018
5020	5023
5025	5027
5040	5041
5048	5050
5051	5053
5056	5065
5070	5074
5078	5079
5080	5087
5089	5092
5093	5096
5102	5103
5112	5113
5133	5137
5140	5142
5143	5145
5153	5161
5166	5169
5170	5173
5174	5181
5182	5186
5189	5192
5193	5201
5202	5213
5221	5228
5230	5231
5232	5238
5239	5247
5256	5257
5325	5333
5340	5345
5347	5350
5351	5355
5359	5364
5365	5367
5369	5372
5377	5380
5381	5386
5388	5389
5390	5391
5392	5395
5397	5408
5409	5411
5412	5425
5427	5437
5438	5440
5445	5449
5460	5468
5470	5471
5475	5481
5482	5489
5496	5497
5526	5533
5556	5557
5565	5566
5568	5569
5676	5677
5680	5685
5686	5691
5712	5713
5715	5716
5724	5725
5790	5791
5796	5797
5856	5860
5865	5869
