0
0
0
0
0
0
0
0
0
0
0
0
0
0
0
0
0
0
0
0
0
0
0
0
0
0
0
13
18
31
45
43
43
43
43
43
43
43
43
43
43
43
43
43
43
51
56
75
110
120
121
121
121
121
121
121
133
148
162
174
185
204
204
230
263
264
297
349
354
354
339
360
379
377
378
379
408
444
486
489
489
496
514
532
555
570
584
584
614
608
634
648
659
659
671
672
672
672
686
704
729
747
775
796
806
806
833
893
929
983
977
977
977
977
977
977
977
977
988
1012
1029
1059
1095
1115
1138
1159
1175
1190
1177
1193
1217
1225
1266
1260
1260
1268
1278
1278
1278
1278
1278
1288
1306
1334
1361
1376
1415
1435
1451
1473
1521
1530
1521
1539
1559
1564
1553
1553
1629
1650
1658
1668
1691
1709
1732
1753
1782
1802
1826
1824
1824
1824
1824
1824
1824
1824
1824
1824
1824
1824
1820
1820
1820
1820
1820
1820
1820
1820
1820
1820
1820
1825
1847
1871
1917
1917
1942
1955
1964
1976
1967
1968
1968
1968
1965
1965
1965
1965
1973
2002
2039
2080
2100
2135
2188
2235
2283
2322
2360
2403
2456
2502
2529
2547
2539
2539
2539
2539
2530
2530
2530
2530
2530
2530
2530
2530
2530
2530
2530
2530
2527
2527
2527
2527
2527
2527
2527
2527
2527
2527
2527
2527
2527
2527
2527
2527
2527
2527
2527
2527
2527
2527
2527
2527
2527
2527
2527
2527
2527
2527
2527
2527
2527
2527
2527
2527
2527
2527
2527
2527
2527
2527
2527
2527
2527
2527
2527
2527
2527
2527
2527
2527
2527
2527
2527
2527
2527
2527
2527
2527
2527
2527
2527
2527
2527
2527
2527
2527
2527
2527
2527
2527
2530
2530
2530
2530
2530
2530
2530
2530
2530
2530
2530
2530
2527
2527
2527
2527
2527
2527
2527
2527
2527
2527
2527
2527
2527
2527
2527
2527
2527
2527
2527
2527
2527
2527
2527
2527
2527
2527
2527
2527
2527
2527
2537
2551
2581
2605
2623
2630
2649
2639
2638
2653
2676
2681
2687
2687
2687
2727
2727
2744
2771
2793
2792
2790
2791
2792
2804
2842
2832
2840
2861
2864
2869
2879
2901
2920
2944
2970
2968
2968
2968
2978
2993
3005
3020
3028
3044
3043
3043
3065
3086
3087
3091
3107
3110
3110
3112
3127
3151
3168
3168
3168
3180
3189
3198
3197
3223
3221
3219
3232
3247
3275
3294
3290
3290
3290
3290
3290
3290
3290
3290
3290
3290
3290
3290
3290
3290
3290
3290
3290
3290
3290
3289
3289
3289
3289
3289
3289
3288
3288
3288
3288
3288
3288
3292
3292
3299
3300
3312
3324
3322
3322
3329
3335
3341
3340
3340
3340
3349
3374
3386
3386
3397
3428
3432
3440
3440
3440
3437
3437
3437
3437
3437
3437
3437
3437
3437
3437
3437
3437
3435
3435
3435
3435
3435
3435
3435
3435
3435
3435
3435
3435
3435
3435
3435
3435
3435
3435
3435
3435
3435
3435
3435
3435
3435
3435
3435
3435
3435
3435
3435
3435
3435
3432
3432
3449
3477
3481
3495
3504
3528
3521
3521
3551
3569
3578
3578
3578
3576
3576
3582
3610
3632
3626
3634
3671
3675
3675
3681
3698
3698
3707
3733
3727
3734
3741
3753
3753
3753
3753
3753
3753
3748
3753
3756
3802
3859
3860
3861
3865
3868
3882
3880
3880
3875
3875
3875
3875
3875
3875
3875
3875
3875
3875
3875
3875
3876
3876
3876
3876
3876
3876
3876
3876
3876
3876
3876
3876
3873
3873
3873
3873
3873
3873
3873
3873
3873
3873
3873
3873
3879
3879
3879
3879
3879
3879
3879
3879
3879
3879
3879
3879
3880
3880
3880
3880
3880
3880
3880
3880
3880
3880
3880
3880
3880
3880
3880
3880
3880
3880
3880
3880
3880
3880
3880
3880
3880
3880
3880
3880
3880
3880
3889
3892
3931
3929
3929
3938
3946
3979
3976
3976
3976
3976
3976
3976
3976
3976
3976
3976
3972
3972
3972
3972
3972
3972
3972
3972
3972
3972
3972
3972
3973
3973
3973
3973
3973
3973
3973
3973
3973
3973
3973
3973
3974
3974
3974
3974
3974
3974
3974
3974
3974
3974
3974
3974
3974
3974
3974
3974
3974
3974
3974
3974
3974
3974
3974
3974
3974
3974
3974
3974
3974
3974
3974
3974
3974
3974
3974
3974
3974
3983
3983
4013
4017
4023
4036
4047
4047
4066
4065
4065
4064
4064
4064
4064
4064
4064
4064
4064
4064
4064
4064
4064
4065
4065
4065
4065
4065
4065
4065
4065
4065
4065
4065
4065
4066
4066
4066
4066
4066
4066
4066
4066
4066
4066
4066
4066
4066
4066
4066
4066
4066
4066
4066
4066
4066
4066
4066
4066
4066
4066
4066
4066
4066
4066
4066
4066
4066
4066
4066
4066
4066
4066
4066
4066
4066
4066
4066
4066
4066
4066
4066
4077
4091
4091
4091
4131
4162
4192
4190
4194
4206
4218
4215
4229
4221
4240
4240
4254
4282
4295
4300
4300
4309
4310
4310
4318
4329
4354
4398
4408
4425
4450
4466
4470
4475
4480
4484
4506
4519
4544
4563
4589
4608
4620
4649
4697
4724
4780
4777
4778
4772
4773
4773
4773
4773
4783
4804
4828
4851
4891
4908
4920
4938
4958
4964
4966
4990
5009
5025
5020
5020
5042
5042
5041
5042
5053
5072
5092
5111
5160
5199
5227
5264
5282
5281
5281
5267
5281
5301
5318
5335
5349
5343
5343
5343
5343
5343
5343
5352
5374
5374
5406
5432
5437
5440
5462
5480
5492
5542
5576
5629
5629
5629
5629
5643
5674
5697
5718
5732
5732
5741
5740
5735
5736
5736
5736
5736
5736
5736
5736
5736
5736
5736
5736
5735
5736
5736
5736
5736
5736
5736
5736
5736
5736
5736
5736
5735
5736
5736
5751
5769
5799
5825
5832
5843
5855
5855
5854
5858
5882
5907
5915
5926
5938
5944
5941
5940
5940
5947
5972
6017
6034
6050
6044
6044
6044
6044
6044
6044
6044
6053
6058
6073
6073
6073
6073
6178
6180
6194
6211
6230
6253
6260
6265
6282
6284
6284
6284
6284
6284
6284
6309
6337
6335
6342
6361
6357
6357
6357
6368
6402
6419
6438
6459
6459
6463
6463
6487
6498
6512
6514
6538
6537
6537
6537
6585
6620
6618
6618
6618
6618
6629
6656
6681
6704
6727
6732
6723
6723
6723
6723
6723
6738
6781
6781
6799
6817
6822
6822
6822
6822
6855
6894
6926
6928
6937
6976
6976
6976
6976
6976
6976
6993
7015
7052
7069
7088
7083
7083
7083
7083
7083
7083
7092
7128
7128
7131
7136
7170
7167
7167
7167
7167
7167
7174
7196
7195
7235
7276
7282
7273
7273
7273
7273
7273
7273
7283
7348
7358
7338
7338
7338
7340
7340
7340
7356
7356
7382
7411
7417
7444
7451
7451
7451
7445
7445
7445
7445
7445
7445
7445
7445
7445
7445
7445
7445
7444
7444
7444
7444
7444
7444
7444
7444
7455
7472
7474
7472
7487
7521
7520
7520
7520
7520
7520
7563
7563
7603
7623
7625
7616
7616
7616
7616
7616
7616
7616
7616
7616
7616
7616
7616
7613
7613
7613
7613
7613
7613
7613
7613
7613
7613
7613
7613
7613
7613
7613
7613
7613
7613
7613
7613
7613
7621
7641
7654
7645
7645
7645
7645
7645
7645
7645
7645
7645
7653
7681
7683
7692
7692
7692
7692
7692
7692
7692
7692
7692
7692
7692
7692
7694
7694
7694
7694
7694
7694
7694
7694
7694
7694
7694
7694
7694
7694
7694
7694
7694
7707
7707
7722
7748
7757
7775
7786
7812
7812
7812
7816
7850
7884
7911
7907
7907
7907
7907
7907
7906
7906
7906
7906
7906
7906
7906
7906
7906
7906
7906
7906
7906
7906
7906
7906
7906
7906
7906
7906
7912
7912
7951
7953
7952
7952
7962
7972
7971
7971
7971
7971
7971
7971
7971
7971
7970
7970
7970
7970
7970
7970
7970
7970
7970
7970
7970
7970
7970
7970
7970
7970
7970
7970
7970
7970
7970
7970
7970
7970
7970
7970
7970
7970
7970
7970
7970
7970
7970
7970
7970
7970
7970
7970
7970
7970
7970
7970
7970
7970
7970
7970
7970
7970
7970
7970
7970
7978
7988
8016
8031
8031
8054
8069
8065
8066
8083
8121
8121
8121
8126
8126
8138
8163
8187
8210
8223
8238
8236
8236
8236
8236
8236
8236
8248
8282
8292
8303
8321
8338
8334
8334
8334
8334
8353
8390
8390
8390
8390
8390
8407
8407
8419
8432
8450
8480
8514
8509
8519
8553
8560
8560
8560
8560
8562
8562
8575
8601
8625
8659
8672
8691
8687
8687
8687
8687
8676
8676
8690
8712
8726
8723
8750
8750
8788
8774
8773
8783
8818
8838
8857
8862
8860
8860
8860
8860
8860
8860
8860
8858
8855
8855
8855
8855
8855
8855
8855
8855
8855
8855
8855
8855
8857
8857
8857
8857
8857
8857
8857
8857
8857
8857
8857
8857
8857
8857
8865
8874
8892
8900
8900
8906
8923
8934
8930
8930
8937
8942
8943
8943
8948
8950
8950
8950
8958
8959
8978
9002
8996
8996
8996
9023
9055
9053
9053
9053
9053
9053
9053
9053
9046
9046
9046
9046
9046
9046
9046
9046
9046
9046
9046
9046
9050
9050
9050
9050
9050
9050
9050
9050
9050
9050
9050
9050
9051
9051
9051
9051
9051
9051
9051
9051
9051
9051
9051
9051
9051
9051
9051
9051
9051
9051
9051
9051
9051
9051
9051
9051
9051
9059
9085
9089
9110
9131
9135
9137
9155
9163
9172
9192
9221
9245
9252
9269
9264
9264
9280
9303
9307
9307
9337
9336
9334
9334
9334
9334
9342
9367
9392
9388
9401
9432
9467
9464
9460
9460
9470
9501
9530
9553
9566
9574
9585
9606
9616
9625
9641
9655
9665
9682
9695
9702
9702
9702
9718
9743
9741
9750
9763
9763
9763
9763
9775
9792
9818
9839
9849
9849
9860
9882
9902
9916
9924
9939
9960
9987
10016
10016
10041
10043
10043
10057
10058
10058
10058
10058
10058
10058
10058
10058
10058
10058
10058
10058
10057
10057
10057
10057
10057
10057
10055
10055
10060
10062
10073
10110
10116
10120
10120
10120
10132
10155
10184
10187
10187
10185
10185
10185
10185
10185
10185
10185
10186
10191
10203
10204
10204
10204
10204
10206
10206
10205
10202
10202
10202
10202
10202
10202
10205
10205
10210
10216
10218
10218
10218
10218
10218
10218
10218
10218
10218
10218
10218
10218
10214
10214
10214
10214
10214
10214
10214
10214
10214
10214
10214
10214
10214
10214
10214
10226
10235
10304
10339
10369
10406
10429
10429
10465
10475
10478
10492
10514
10529
10529
10558
10573
10576
10596
10625
10641
10635
10653
10680
10700
10707
10697
10698
10698
10698
10698
10719
10733
10762
10778
10839
10838
10862
10901
10921
10914
10913
10914
10913
10914
10918
10923
10923
10954
10954
10970
10998
11003
11033
11033
11051
11077
11087
11087
11139
11173
11192
11217
11254
11269
11295
11326
11326
11316
11336
11336
11336
11335
11335
11340
11352
11358
11379
11401
11449
11479
11512
11531
11534
11521
11521
11522
11522
11522
11522
11522
11522
11522
11530
11541
11585
11590
11590
11602
11610
11626
11630
11638
11647
11667
11691
11710
11710
11719
11732
11771
11783
11799
11822
11850
11854
11882
11894
11899
11916
11923
11923
11923
11923
11932
11948
11956
11984
12008
12052
12074
12114
12133
12128
12128
12145
12168
12178
12197
12212
12212
12213
12213
12213
12213
12213
12213
12213
12213
12213
12213
12213
12213
12215
12215
12215
12208
12207
12207
12207
12207
12207
12207
12207
12207
12216
12216
12216
12222
12248
12257
12291
12317
12348
12348
12349
12348
12350
12368
12408
12445
12444
12444
12447
12447
12453
12485
12503
12522
12556
12574
12592
12606
12607
12598
12598
12608
12622
12644
12660
12668
12690
12694
12692
12692
12692
12692
12692
12692
12692
12692
12692
12692
12689
12689
12689
12689
12689
12689
12689
12689
12689
12689
12689
12689
12688
12688
12688
12688
12696
12712
12752
12795
12835
12843
12841
12841
12845
12845
12845
12845
12849
12865
12910
12946
12959
12958
12962
12962
12961
12961
12961
12972
12995
13027
13045
13065
13065
13063
13063
13063
13064
13064
13064
13064
13064
13064
13064
13064
13064
13064
13064
13064
13063
13063
13063
13063
13063
13063
13063
13063
13063
13063
13063
13063
13063
13063
13063
13063
13063
13063
13063
13063
13063
13063
13063
13063
13063
13063
13063
13063
13063
13063
13063
13063
13063
13064
13064
13064
13065
13065
13065
13065
13065
13065
13065
13081
13125
13201
13202
13206
13200
13201
13210
13210
13211
13252
13282
13283
13283
13285
13285
13285
13289
13289
13289
13289
13289
13289
13289
13289
13289
13289
13289
13289
13288
13288
13288
13288
13288
13288
13288
13288
13288
13288
13288
13288
13288
13288
13288
13288
13288
13288
13288
13288
13288
13288
13288
13288
13288
13288
13288
13288
13288
13288
13288
13288
13288
13288
13288
13288
13283
0
0
64
62
62
43
0
0
0
0
0
0
0
0
0
0
0
0
0
0
0
0
12
31
41
60
66
83
82
105
105
105
133
151
165
168
168
179
202
201
201
224
240
240
240
240
247
271
285
312
331
354
341
341
354
389
395
395
395
394
413
444
476
486
502
508
508
508
512
535
553
559
561
582
579
581
581
581
581
581
581
581
581
575
575
575
582
610
622
622
630
643
647
647
647
644
653
672
672
692
716
746
754
754
760
792
830
829
829
829
845
872
872
896
928
954
972
970
970
978
1006
1032
1054
1059
1083
1080
1080
1080
1080
1080
1080
1078
1085
1103
1103
1231
1230
1230
1230
1230
1230
1230
1230
1235
1235
1271
1336
1355
1355
1357
1357
1357
1357
1356
1356
1383
1402
1402
1402
1439
1439
1439
1439
1439
1439
1439
1439
1442
1442
1442
1442
1442
1442
1442
1442
1442
1442
1442
1442
1442
1442
1442
1442
1442
1442
1442
1442
1442
1442
1442
1442
1442
1442
1442
1442
1442
1442
1442
1442
1442
1442
1442
1442
1442
1442
1442
1442
1442
1442
1442
1442
1442
1442
1442
1442
1448
1450
1456
1456
1488
1480
1481
1480
1491
1501
1531
1539
1564
1589
1606
1594
1594
1594
1594
1594
1594
1594
1594
1594
1593
1599
1602
1649
1656
1656
1656
1656
1670
1693
1693
1724
1766
1786
1803
1800
1808
1831
1850
1873
1890
1891
1891
1891
1885
1885
1925
1983
2054
2069
2071
2071
2071
2071
2071
2085
2117
2117
2215
2215
2215
2215
2215
2215
2215
2224
2223
2255
2272
2287
2287
2287
2287
2287
2287
2287
2287
2287
2287
2287
2287
2286
2285
2285
2285
2285
2285
2285
2285
2285
2285
2285
2289
2289
2289
2289
2289
2289
2289
2289
2309
2309
2340
2335
2343
2365
2366
2366
2366
2366
2375
2405
2442
2460
2460
2460
2486
2516
2516
2516
2515
2515
2531
2559
2592
2593
2608
2629
2614
2614
2614
2620
2654
2659
2659
2659
2699
2697
2698
2702
2725
2739
2784
2793
2792
2792
2792
2792
2792
2792
2792
2792
2792
2792
2792
2786
2786
2786
2786
2786
2786
2786
2786
2786
2787
2787
2787
2787
2787
2787
2787
2787
2787
2787
2787
2787
2782
2782
2782
2782
2782
2782
2782
2782
2782
2782
2782
2782
2782
2782
2782
2782
2782
2782
2782
2782
2782
2782
2782
2782
2782
2782
2782
2782
2782
2782
2782
2782
2782
2782
2782
2782
2782
2782
2782
2782
2782
2782
2782
2782
2782
2782
2782
2782
2782
2782
2782
2782
2782
2782
2782
2782
2782
2782
2790
2797
2807
2807
2807
2807
2855
2855
2855
2855
2855
2855
2855
2855
2848
2848
2848
2848
2848
2848
2857
2867
2867
2919
2930
2924
2925
2925
2925
2925
2925
2925
2925
2925
2925
2925
2925
2925
2924
2924
2924
2924
2924
2924
2924
2924
2924
2924
2924
2924
2924
2924
2924
2924
2924
2924
2924
2924
2924
2924
2924
2924
2924
2924
2924
2924
2924
2924
2924
2924
2924
2923
2923
2923
2932
2932
2932
2932
2932
2932
2932
2932
2932
2932
2932
2932
2927
2927
2927
2927
2927
2927
2927
2927
2927
2927
2927
2927
2927
2927
2927
2927
2927
2927
2927
2927
2927
2927
2927
2927
2927
2927
2927
2927
2927
2927
2927
2934
2938
2953
2983
3030
3069
3115
3151
3174
3197
3222
3222
3262
3290
3309
3343
3378
3417
3451
3451
3483
3513
3539
3559
3584
3600
3612
3616
3618
3557
3556
3555
3555
3555
3555
3555
3555
3555
3555
3555
3555
3555
3555
3555
3555
3555
3555
3555
3555
3555
3555
3555
3555
3549
3549
3549
3549
3549
3549
3549
3549
3549
3549
3549
3549
3549
3549
3549
3549
3549
3549
3549
3549
3549
3549
3549
3549
3549
3549
3549
3549
3549
3549
3549
3558
3570
3596
3623
3632
3648
3641
3641
3664
3690
3728
3723
3723
3732
3755
3760
3765
3791
3789
3789
3794
3821
3831
3850
3869
3869
3869
3896
3927
3951
3951
3951
3951
3963
3991
3993
3998
4017
4016
4017
4028
4035
4047
4080
4078
4087
4107
4131
4153
4164
4175
4206
4214
4213
4230
4247
4267
4284
4283
4284
4284
4284
4284
4284
4284
4288
4288
4288
4288
4288
4288
4288
4288
4288
4288
4288
4288
4288
4288
4288
4288
4288
4288
4288
4288
4288
4288
4288
4288
4288
4288
4288
4288
4288
4288
4289
4289
4289
4289
4289
4289
4284
4284
4284
4284
4284
4284
4284
4284
4284
4284
4284
4284
4280
4280
4280
4280
4280
4280
4280
4280
4280
4280
4280
4280
4280
4280
4280
4280
4280
4280
4280
4280
4298
4313
4311
4342
4346
4346
4346
4358
4391
4421
4427
4457
4454
4464
4490
4490
4490
4504
4539
4549
4558
4583
4602
4630
4642
4638
4649
4681
4681
4681
4681
4713
4714
4736
4771
4786
4815
4812
4815
4816
4835
4846
4883
4885
4884
4884
4884
4884
4884
4884
4884
4884
4883
4883
4883
4883
4883
4883
4883
4883
4883
4883
4883
4883
4883
4883
4883
4883
4883
4883
4883
4883
4883
4883
4883
4883
4883
4883
4883
4891
4891
4927
4946
4965
4970
4993
4989
4990
4998
5019
5032
5029
5029
5054
5073
5073
5081
5107
5122
5151
5168
5200
5194
5195
5195
5195
5216
5216
5261
5256
5256
5256
5256
5256
5272
5293
5315
5338
5376
5388
5399
5391
5391
5391
5413
5437
5468
5475
5490
5493
5493
5492
5492
5492
5492
5517
5578
5652
5680
5678
5678
5678
5677
5677
5677
5677
5677
5685
5717
5729
5730
5730
5853
5851
5851
5850
5850
5848
5848
5854
5865
5897
5897
5925
5959
5959
5959
5959
5959
5959
5959
5959
5958
5958
5958
5958
5958
5958
5958
5958
5958
5958
5958
5958
5957
5957
5957
5955
5953
5953
5953
5953
5953
5953
5953
5953
5939
5939
5939
5939
5939
5939
5939
5939
5939
5948
5966
5966
5987
5987
5987
5987
5993
6005
6038
6067
6094
6132
6124
6124
6129
6129
6129
6129
6129
6138
6141
6141
6141
6141
6141
6186
6242
6327
6138
6138
6138
6138
6138
6138
6138
6138
6138
6138
6136
6147
6190
6233
6233
6233
6233
6258
6275
6297
6337
6357
6380
6381
6381
6381
6405
6430
6443
6456
6469
6467
6467
6467
6469
6507
6530
6530
6651
6649
6649
6649
6648
6648
6648
6665
6709
6784
6818
6814
6815
6813
6813
6827
6861
6890
6914
6909
6905
6905
6905
6905
6905
6950
6955
6955
6955
6955
6990
6991
7001
7033
7069
7080
7080
7085
7122
7120
7120
7120
7133
7156
7182
7219
7234
7247
7240
7240
7248
7265
7273
7270
7300
7312
7310
7310
7342
7370
7398
7414
7412
7412
7412
7416
7416
7416
7396
7396
7396
7396
7396
7396
7396
7396
7396
7396
7396
7396
7397
7397
7397
7397
7397
7397
7397
7397
7397
7397
7397
7397
7397
7397
7397
7397
7397
7397
7397
7397
7397
7397
7397
7397
7397
7404
7407
7454
7454
7611
7697
7709
7709
7709
7709
7709
7731
7764
7764
7913
7912
7912
7912
7912
7912
7912
7912
7912
7914
7914
7914
7914
7914
7914
7914
7914
7914
7914
7914
7914
7908
7907
7906
7906
7906
7934
7955
7955
7955
8012
8037
8031
8032
8032
8032
8036
8057
8074
8071
8099
8115
8114
8125
8125
8156
8175
8200
8230
8222
8222
8225
8232
8265
8265
8294
8290
8295
8295
8330
8346
8395
8394
8405
8405
8418
8445
8462
8477
8487
8489
8489
8489
8501
8522
8588
8664
8670
8670
8670
8670
8667
8667
8667
8667
8699
8720
8720
8720
8720
8825
8818
8818
8814
8814
8814
8817
8822
8850
8882
8897
8909
8909
8909
8909
8903
8903
8913
8957
8957
8964
9012
9012
9011
9011
9011
9011
9009
9009
9009
9009
9009
9009
9009
9009
9009
9009
9009
9009
9009
9009
9009
9009
9009
9009
9009
9009
9009
9009
9009
9009
9010
9019
9030
9062
9077
9105
9138
9157
9151
9151
9151
9151
9156
9200
9254
9242
9242
9242
9242
9252
9272
9296
9315
9344
9352
9372
9381
9374
9409
9427
9441
9450
9474
9471
9471
9471
9462
9462
9462
9462
9462
9462
9483
9546
9608
9656
9659
9659
9657
9657
9657
9657
9657
9692
9765
9827
9834
9835
9835
9835
9835
9835
9835
9856
9897
9920
9920
9927
9922
9922
9922
9922
9923
9935
9970
9976
9972
9972
9982
10022
10068
10097
10092
10092
10112
10112
10138
10139
10139
10139
10151
10165
10197
10231
10243
10277
10267
10267
10267
10267
10267
10267
10267
10267
10267
10263
10264
10264
10252
10252
10252
10252
10252
10252
10252
10252
10252
10252
10252
10252
10251
10251
10251
10251
10251
10251
10251
10251
10251
10251
10251
10251
10251
10251
10251
10251
10251
10251
10251
10251
10251
10251
10251
10258
10276
10280
10280
10295
10307
10307
10306
10306
10306
10306
10306
10306
10302
10302
10302
10302
10302
10302
10302
10302
10302
10302
10302
10302
10302
10302
10302
10302
10302
10302
10302
10302
10302
10302
10302
10302
10311
10309
10308
10307
10307
10307
10307
10307
10316
10343
10343
10358
10379
10403
10423
10421
10421
10421
10425
10450
10477
10508
10509
10509
10508
10508
10508
10508
10508
10508
10508
10508
10508
10508
10521
10526
10528
10528
10528
10702
10702
10702
10700
10700
10700
10707
10718
10743
10763
10793
10806
10806
10809
10829
10829
10824
10824
10842
10867
10868
10912
10918
10928
10936
10936
10952
10966
10966
10966
11008
11009
11009
10999
10999
10999
11003
11009
11057
11063
11063
11063
11063
11063
11096
11113
11154
11160
11156
11172
11208
11210
11210
11210
11210
11220
11242
11249
11249
11317
11346
11351
11348
11348
11348
11348
11348
11348
11348
11358
11358
11358
11358
11358
11358
11358
11358
11358
11358
11358
11358
11359
11359
11359
11359
11359
11359
11359
11359
11359
11359
11359
11359
11358
11358
11358
11358
11358
11358
11414
11420
11422
11422
11422
11420
11415
11404
11357
11357
11357
11357
11357
11357
11357
11357
11357
11357
11349
11349
11349
11349
11349
11349
11349
11349
11349
11353
11357
11367
11366
11389
11389
11398
11420
11419
11419
11419
11419
11419
11419
11419
11417
11417
11417
11417
11417
11417
11417
11417
11417
11417
11417
11417
11416
11420
11422
11432
11454
11465
11485
11510
11520
11519
11519
11519
11533
11553
11568
11589
11589
11589
11589
11589
11597
11621
11629
11629
11629
11623
11623
11623
11623
11642
11668
11696
11722
11719
11726
11740
11744
11738
11738
11738
11738
11750
11772
11800
11811
11811
11822
11821
11820
11840
11867
11878
11875
11875
11875
11875
11875
11875
11875
11875
11875
11888
11954
11954
12045
12093
12103
12114
12133
12139
12139
12126
12123
12123
12123
12123
12123
12123
12124
12123
12123
12123
12123
12123
12124
12124
12124
12124
12124
12131
12136
12160
12172
12207
12223
12232
12239
12257
12263
12262
12262
12261
12261
12261
12267
12284
12320
12320
12353
12353
12375
12371
12371
12384
12408
12412
12412
12461
12464
12464
12455
12455
12455
12456
12456
12456
12456
12456
12456
12456
12456
12456
12454
12454
12454
12454
12454
12454
12454
12454
12454
12454
12454
12454
12454
12454
12454
12454
12454
12454
12454
12454
12454
12454
12454
12454
12454
12454
12454
12454
12454
12454
12454
12454
12454
12454
12454
12454
12454
12454
12454
12513
12528
12532
12531
12531
12531
12531
12531
12531
12528
12503
12454
12454
12454
12454
12454
12454
12454
12454
12454
12454
12456
12520
12520
12520
12520
12520
12520
12520
12520
12520
12520
12520
12526
12526
12526
12526
12522
12508
12462
12462
12462
12461
12461
12461
12461
12461
12461
12461
0
0
7
0
0
0
0
0
0
0
0
0
0
0
0
0
0
0
0
0
0
0
0
0
0
9
27
52
71
91
107
109
107
107
122
145
143
154
178
174
175
186
209
218
216
216
216
285
282
294
343
348
348
346
346
380
401
429
465
481
500
488
487
501
526
555
567
588
588
588
588
588
588
594
629
633
633
633
633
779
777
777
777
777
777
777
777
785
815
893
947
946
946
946
946
946
946
946
954
972
996
1007
1040
1035
1035
1035
1035
1035
1035
1035
1035
1035
1035
1030
1030
1030
1031
1031
1031
1031
1031
1031
1031
1031
1031
1031
1031
1116
1031
1031
1031
12537
12645
12645
12644
12645
12638
12624
12521
12510
12455
12455
12455
12455
12455
12455
12455
12455
12455
12455
12455
12455
12491
12491
12482
12482
12482
12482
12482
12482
12482
12482
12482
12482
12482
12482
12482
12482
12482
12482
12482
12482
12482
12482
12482
1041
1035
1098
1093
1087
1081
1035
1035
1035
1035
1035
1035
1035
1032
1032
1032
1032
1032
1032
1032
1032
1032
1032
1032
1032
1031
1031
1031
1031
1047
1058
1057
1057
1078
1085
1085
1085
1087
1096
1125
1132
1167
1198
1214
1210
1217
1249
1249
1284
1305
1305
1305
1320
1345
1347
1347
1356
1386
1420
1458
1465
1465
1478
1474
1473
1488
1488
1528
1559
1567
1585
1597
1597
1596
1596
1596
1596
1596
1614
1638
1638
1638
1684
1684
1684
1686
1686
1686
1705
1709
1715
1793
1894
1977
1984
1980
1980
1977
1977
1977
1977
1977
1977
1977
1985
1989
2032
2048
2091
2098
2106
2121
2127
2121
2121
2130
2130
2146
2172
2204
2211
2237
2233
2249
2249
2286
2307
2322
2321
2321
2321
2321
2321
2319
2319
2319
2319
2319
2319
2319
2319
2319
2319
2319
2319
2319
2319
2319
2319
2319
2319
2319
2319
2319
2319
2319
2319
2319
2319
2319
2319
2319
2319
2314
2314
2410
2314
12649
12650
12606
12606
12606
12606
12582
12574
12469
12469
12469
12471
12470
12470
12473
12473
12473
12473
12473
12473
12473
12473
12473
12473
12473
12481
12485
12490
12500
12520
12520
12517
12517
12517
12517
12517
12517
12517
12516
12516
12521
12530
12556
12599
12597
12596
12594
12595
12608
12594
12587
12587
12587
12587
12587
12587
12589
12588
12588
12588
12588
12588
12589
12589
12589
12589
12589
12589
12589
12589
12589
12591
2321
2323
2352
2362
2340
2305
2305
2305
2305
2305
2305
2305
2305
2305
2312
2312
2312
2312
2312
2312
2312
2312
2312
2312
2312
2312
2309
2309
2309
2309
2309
2309
2309
2309
2309
2309
2309
2309
2309
2309
2309
2309
2309
2309
2309
2309
2309
2309
2309
2309
2309
2309
2309
2309
2309
2309
2309
2309
2309
2309
2309
2309
2309
2309
2309
2309
2309
2309
2309
2309
2309
2309
2309
2309
2316
2316
2316
2316
2316
2316
2316
2316
2316
2316
2316
2316
2313
2313
2313
2329
2358
2367
2366
2391
2417
2417
2433
2458
2490
2497
2518
2548
2553
2566
2589
2590
2610
2601
2602
2611
2625
2633
2633
2668
2667
2666
2680
2705
2739
2757
2774
2796
2805
2798
2804
2823
2846
2880
2880
2880
2892
2893
2893
2893
2889
2889
2915
2952
2992
3016
3043
3081
3098
3141
3176
3166
3164
3171
3186
3193
3190
3190
3190
3190
3190
3190
3190
3190
3190
3190
3190
3190
3190
3190
3190
3190
3196
3198
3204
3233
3229
3249
3291
3291
3314
3323
3333
3345
3371
3389
3406
3432
3429
3445
3451
3451
3461
3460
3460
3460
3460
3460
3460
3460
3457
3457
3457
3457
3457
3457
3457
3463
3465
3515
3539
3555
3563
3584
3578
3579
3579
3585
3601
3622
3621
3626
3655
3652
3650
3650
3659
3679
3696
3727
3749
3779
3779
3771
3770
3770
3779
3795
3804
3855
3853
3852
3852
3866
3897
3931
3966
3993
4023
4033
4033
4041
4069
4097
4132
4146
4159
4152
4152
4152
4150
4150
4150
4150
4150
4150
4163
4192
4192
4192
4235
4249
4248
4248
4248
4248
4248
4248
4248
4248
4248
4248
4248
4248
4248
4248
4248
4258
4264
4309
4307
4307
4307
4314
4337
4342
4338
4338
4338
4338
4338
4355
4383
4383
4383
4381
4381
4381
4380
4380
4380
4380
4380
4380
4380
4380
4380
4380
4380
4380
4377
4377
4384
4383
4431
4522
4645
4717
4718
4722
4722
4722
4721
4721
4721
4721
4721
4729
4738
4779
4810
4840
4844
4835
4838
4838
4838
4844
4870
4885
4907
4925
4953
4955
4953
4953
4982
5014
5022
5033
5028
5028
5040
5064
5063
5063
5068
5077
5095
5118
5140
5148
5152
5165
5163
5164
5174
5185
5215
5247
5247
5268
5263
5263
5271
5298
5298
5298
5353
5350
5350
5350
5351
5351
5351
5351
5351
5351
5351
5351
5351
5351
5351
5351
5351
5352
5371
5424
5514
5616
5689
5725
5736
5742
5743
5737
5737
5737
5737
5737
5737
5737
5737
5737
5737
5736
5736
5736
5736
5736
5736
5736
5736
5736
5736
5736
5736
5736
5736
5741
5752
5783
5811
5834
5868
5884
5909
5909
5916
5917
5916
5916
5932
5958
5985
6006
6018
6043
6028
6029
6029
6029
6029
6029
6026
6026
6026
6026
6026
6026
6026
6026
6026
6026
6026
6026
6024
6024
6024
6024
6024
6024
6024
6024
6024
6024
6024
6024
6024
6024
6024
6024
6024
6024
6024
6024
6024
6024
6024
6024
6024
6024
6024
6024
6024
6024
6024
6024
6024
6024
6024
6024
6024
6024
6024
6024
6024
6024
6024
6024
6024
6024
6024
6024
6024
6024
6024
6024
6024
6024
6024
6024
6024
6024
6024
6024
6025
6025
6025
6025
6025
6025
6025
6025
6025
6025
6025
6025
6024
6024
6024
6024
6024
6024
6024
6024
6024
6024
6024
6024
6024
6024
6024
6024
6024
6024
6024
6024
6024
6024
6024
6024
6024
6024
6035
6068
6088
6108
6123
6132
6154
6154
6154
6154
6152
6152
6152
6152
6152
6152
6152
6152
6152
6152
6152
6156
6170
6181
6181
6181
6211
6242
6240
6240
6240
6241
6240
6240
6234
6234
6234
6234
6234
6234
6234
6234
6234
6234
6234
6234
6237
6237
6237
6237
6237
6237
6237
6237
6241
6242
6242
6286
6290
6290
6290
6290
6298
6312
6338
6350
6379
6413
6422
6416
6415
6415
6415
6415
6415
6415
6422
6433
6494
6492
6492
6492
6491
6491
6505
6505
6533
6555
6568
6607
6621
6636
6640
6640
6639
6658
6679
6700
6700
6722
6751
6748
6748
6748
6748
6748
6745
6745
6746
6746
6746
6746
6746
6746
6746
6746
6746
6746
6747
6747
6747
6747
6747
6747
6747
6747
6747
6747
6747
6747
6746
6746
6746
6746
6746
6746
6746
6746
6746
6756
6784
6837
6839
6839
6839
6839
6842
6843
6843
6859
6878
6878
6878
6878
6875
6875
6875
6875
6875
6884
6889
6934
7053
7205
7267
7264
7260
7260
7260
7260
7260
7260
7267
7287
7291
7291
7363
7372
7371
7371
7380
7396
7409
7435
7452
7470
7468
7468
7500
7526
7557
7558
7558
7558
7558
7574
7609
7607
7607
7614
7636
7657
7684
7696
7699
7717
7710
7710
7725
7740
7768
7792
7808
7813
7814
7832
7865
7888
7885
7885
7885
7885
7885
7885
7885
7885
7885
7896
7925
8018
8159
8225
8233
8231
8231
8231
8233
8233
8242
8271
8301
8320
8338
8334
8334
8346
8363
8392
8416
8417
8442
8439
8437
8437
8437
8437
8432
8432
8432
8432
8432
8432
8441
8441
8441
8441
8441
8441
8441
8441
8441
8441
8441
8441
8439
8439
8439
8439
8439
8439
8439
8439
8439
8439
8439
8439
8439
8439
8439
8439
8439
8439
8439
8439
8439
8439
8439
8439
8439
8439
8439
8439
8439
8439
8439
8439
8439
8439
8439
8439
8439
8439
8439
8439
8439
8439
8439
8439
8439
8439
8439
8439
8439
8439
8439
8439
8439
8439
8439
8439
8439
8448
8457
8475
8470
8479
8502
8511
8507
8507
8507
8507
8507
8507
8507
8507
8510
8518
8521
8553
8552
8552
8552
8561
8576
8593
8593
8619
8646
8661
8657
8657
8658
8658
8658
8665
8707
8714
8709
8716
8716
8723
8742
8742
8742
8772
8791
8790
8790
8790
8790
8790
8781
8789
8803
8806
8806
8934
8923
8949
8950
8951
8951
8951
8955
8955
8975
8975
9026
9052
9055
9055
9055
9060
9066
9085
9104
9119
9143
9147
9144
9149
9165
9178
9178
9204
9200
9200
9207
9222
9225
9226
9234
9250
9267
9286
9295
9298
9305
9309
9301
9301
9306
9314
9335
9345
9353
9362
9361
9369
9387
9392
9396
9396
9415
9413
9413
9413
9413
9413
9413
9421
9420
9456
9490
9490
9487
9487
9487
9487
9487
9487
9487
9487
9487
9487
9497
9499
9550
9646
9736
9797
9831
9853
9853
9849
9850
9850
9847
9847
9847
9862
9885
9911
9933
9961
9960
9960
9975
10008
10038
10055
10075
10083
10079
10079
10079
10078
10078
10078
10078
10078
10085
10085
10085
10085
10085
10085
10085
10085
10085
10085
10085
10085
10085
10085
10085
10085
10085
10085
10085
10085
10085
10085
10085
10085
10085
10085
10085
10085
10085
10085
10091
10098
10108
10148
10229
10238
10231
10231
10231
10231
10231
10231
10231
10231
10231
10231
10231
10231
10229
10229
10229
10229
10229
10229
10228
10228
10227
10227
10227
10227
10230
10230
10230
10230
10230
10230
10230
10230
10230
10231
10231
10231
10236
10236
10236
10236
10236
10236
10236
10236
10236
10236
10236
10236
10236
10236
10236
10236
10236
10236
10236
10236
10236
10236
10236
10236
10236
10236
10236
10236
10236
10236
10236
10236
10236
10236
10236
10236
10236
10236
10236
10236
10236
10236
10236
10236
10236
10236
10236
10236
10236
10236
10236
10236
10236
10236
10236
10236
10236
10235
10234
10234
10229
10229
10229
10229
10229
10229
10229
10229
10229
10229
10229
10229
10229
10229
10229
10229
10229
10229
10229
10229
10229
10229
10229
10229
10228
10228
10228
10228
10228
10228
10228
10228
10228
10228
10228
10228
10228
10228
10228
10228
10228
10228
10228
10228
10228
10228
10228
10228
10257
10257
10257
10257
10398
10435
10465
10497
10529
10529
10547
10562
10595
10601
10590
10590
10590
10590
10590
10590
10590
10590
10590
10590
10580
10579
10579
10579
10579
10579
10579
10579
10579
10579
10579
10579
10587
10587
10587
10588
10588
10588
10588
10588
10588
10588
10588
10588
10592
10592
10592
10592
10592
10592
10592
10592
10592
10592
10592
10592
10592
10592
10592
10592
10592
10592
10592
10592
10592
10592
10592
10592
10592
10592
10592
10592
10592
10592
10592
10592
10592
10592
10592
10592
10592
10592
10592
10592
10592
10592
10592
10592
10592
10592
10592
10592
10592
10592
10592
10591
10590
10590
10590
10590
10590
10590
10590
10590
10587
10587
10587
10587
10587
10587
10588
10588
10588
10588
10588
10588
10592
10592
10592
10592
10592
10592
10592
10592
10592
10592
10592
10592
10592
10592
10592
10592
10592
10592
10592
10592
10592
10592
10592
10592
10592
10592
10592
10592
10592
10592
10592
10592
10592
10592
10592
10592
10592
10592
10592
10592
10592
10592
10592
10592
10592
10592
10592
10592
10592
10592
10592
10592
10592
10592
10592
10592
10592
10592
10592
10592
17401
17881
17879
17887
17887
17887
17887
17887
17887
17888
17889
17890
17882
17882
17882
17882
17882
