46 38
21 10
66 31
36 43
34 76
25 26
19 21
19 52
47 41
5 61
2 17
9 149
12 4
15 6
23 49
32 18
22 4
15 13
16 12
11 4
15 36
2 2
4 2
7 6
34 47
113 65
22 43
9 10
3 4
7 6
6 9
8 8
6 6
9 7
3 3
3 3
8 4
6 3
5 5
3 2
13 5
4 3
8 15
1 1
1 6
1 3
1 1
5 5
3 18
30 16
13 26
14 10
30 39
26 13
33 18
3 8
29 18
18 7
16 26
52 44
18 13
12 3
39 46
32 31
18 18
32 23
16 19
18 38
4 12
30 29
12 16
23 7
21 29
15 19
12 49
3 11
15 18
13 18
14 17
22 12
23 32
189 205
1 1
167 107
110 163
2 2
1 1
95 28
16 7
16 6
13 7
15 8
11 7
14 3
13 4
11 4
13 10
30 40
12 17
3 5
1 2
10 13
18 27
11 15
26 22
5 10
26 20
12 6
12 25
31 44
16 16
14 3
17 30
29 35
39 76
4 11
34 18
16 9
11 6
1 1
11 5
2 3
13 17
14 4
5 4
21 35
14 13
21 22
15 20
18 45
4 12
17 21
12 19
21 41
26 31
3 2
2 3
35 5
1 1
142 31
1 1
2 5
3 6
196 200
29 22
18 13
2 6
24 20
13 5
45 56
17 14
14 8
39 77
19 38
8 11
25 9
14 16
15 18
36 46
35 25
13 19
18 16
3 10
25 28
13 25
13 16
31 89
24 20
2 11
23 20
12 5
10 25
28 38
16 10
13 3
14 30
27 31
16 15
14 16
13 9
23 7
15 16
18 21
29 27
12 12
22 13
3 10
21 15
10 4
41 53
15 11
11 4
11 30
26 29
19 14
39 90
14 9
23 28
36 73
3 25
62 53
190 50
142 3
4 4
118 5
97 1
84 7
28 47
14 15
22 7
10 8
19 301
1 7
76 15
53 13
5 5
13 53
9 67
27 33
2 3
79 103
46 56
3 3
1 1
18 8
45 33
10 9
170 184
105 57
18 11
16 10
2 4
3 3
4 4
4 3
19 1
7 6
7 6
1 1
7 6
9 9
7 7
8 7
