33 157
70 223
30 15
15 21
30 15
29 21
19 18
7 3
1 1
26 19
7 5
2 7
129 3
19 314
20 19
28 16
15 16
10 8
7 22
11 12
2 2
24 22
2 22
3 2
4 122
1 8
5 4
40 17
39 4
1 4
1 9
1 22
40 8
15 2
13 11
1 22
4 8
12 12
19 6
20 19
19 11
6 9
13 2
15 22
17 11
5 9
12 3
23 30
12 10
22 6
9 2
2 26
8 8
10 17
42 21
22 15
21 25
10 20
7 10
48 37
8 2
14 13
16 9
13 13
16 11
15 10
27 14
23 21
9 11
78 16
14 8
7 4
21 14
12 8
9 12
13 10
11 9
3 7
13 34
9 9
2 6
10 10
8 5
13 5
22 10
10 11
13 12
12 12
12 12
15 10
16 3
9 4
15 5
22 8
12 9
12 10
12 8
22 8
20 16
22 24
8 9
37 31
17 6
27 14
9 11
11 13
29 25
30 8
9 8
27 18
4 9
15 9
28 6
13 9
19 34
23 15
14 11
20 19
8 12
30 30
4 10
14 6
29 10
16 8
4 73
19 16
3 8
10 10
16 5
15 7
42 28
20 21
10 11
40 14
39 29
13 10
37 22
3 1
2 2
152 6
90 344
4 10
6 148
20 31
12 9
3 7
14 11
8 11
20 12
27 30
22 22
21 48
9 10
10 12
11 11
33 26
17 6
18 16
8 9
26 13
29 11
23 11
8 6
2 5
20 20
5 9
7 3
8 14
11 12
2 2
24 38
15 14
13 9
16 17
10 2
15 9
24 9
40 25
20 18
9 13
55 33
26 13
16 19
17 9
13 8
8 11
45 16
62 15
23 12
10 7
15 15
6 7
39 31
9 4
10 12
11 8
9 10
10 8
11 10
21 26
11 7
3 8
10 12
18 12
11 15
7 12
16 10
23 53
46 4
10 12
12 8
9 8
45 32
2 8
39 32
7 9
19 36
12 9
2 5
9 10
17 39
11 17
11 11
15 19
12 12
6 8
11 8
12 12
23 17
15 6
18 12
8 13
7 21
34 31
10 13
13 2
22 44
11 8
10 8
11 10
30 22
16 23
7 13
13 4
3 2
56 6
41 4
2 1
30 22
85 91
54 3
26 15
27 24
9 11
54 21
17 21
10 11
29 29
19 21
9 11
55 21
75 13
13 10
2 2
44 33
18 18
9 10
24 31
16 9
3 8
14 12
53 18
67 24
18 21
6 8
49 35
19 22
3 28
12 13
49 6
59 11
10 11
21 25
13 9
12 17
35 9
33 10
35 12
44 45
10 9
53 18
8 13
44 32
46 10
43 10
38 10
18 20
3 7
18 15
17 9
12 8
18 27
18 84
57 13
9 12
16 17
6 13
4 6
7 16
49 35
23 13
11 16
20 23
9 8
20 15
24 33
4 10
29 23
24 32
12 13
20 15
30 25
19 12
26 32
9 10
60 27
21 19
25 33
18 20
6 11
60 29
22 18
41 31
19 21
7 9
51 34
70 62
13 11
3 2
7 10
94 44
1 2
53 35
59 4
69 10
9 9
50 43
54 11
53 14
15 2
54 62
62 15
7 12
58 66
44 13
20 6
14 10
10 21
21 7
23 11
22 17
14 10
12 14
18 9
17 12
12 11
31 20
6 171
26 56
8 19
4 5
69 48
85 20
10 11
19 11
10 12
14 11
12 9
18 8
62 124
13 12
38 12
13 11
14 7
33 30
9 17
18 6
25 14
15 8
18 20
61 109
3 12
60 18
55 12
15 13
50 43
11 13
24 21
16 22
16 8
36 85
12 11
12 18
3 13
14 10
8 11
14 14
13 20
17 9
55 15
16 13
10 11
14 11
62 15
10 13
29 112
6 343
13 3
30 24
33 8
23 20
15 8
11 10
14 9
20 28
38 9
13 15
3 14
16 12
33 36
13 9
16 19
16 8
17 11
15 9
8 7
32 8
15 21
9 13
22 31
13 15
17 19
17 9
19 16
15 19
11 12
4 12
14 11
24 19
4 11
17 7
12 12
15 8
5 14
15 11
14 13
14 15
26 349
8 17
17 11
10 13
4 10
19 37
15 15
2 2
26 21
28 145
10 19
27 19
4 11
13 11
27 8
13 13
41 45
24 59
8 7
4 5
39 20
25 13
25 19
8 11
26 18
48 18
37 21
19 14
55 11
9 11
62 21
87 22
30 27
45 37
24 20
8 19
59 51
67 26
81 17
29 20
15 10
21 13
13 11
3 2
10 15
32 50
41 12
17 10
3 11
14 11
47 12
17 15
54 44
16 13
78 8
84 15
13 14
62 64
38 30
4 17
36 24
15 14
6 85
18 16
10 13
39 26
3 12
17 20
18 11
15 14
36 121
3 1
23 28
