0
0
0
0
0
0
0
0
0
1
1
0
1
0
1
1
0
1
2
2
2
2
2
2
2
2
0
0
0
0
0
1
1
1
1
1
2
2
2
2
2
2
2
2
1
0
3
3
3
3
3
3
3
3
3
3
4
4
4
4
4
5
5
5
5
5
5
5
5
5
5
5
5
5
5
5
5
5
5
5
5
5
5
6
6
6
6
6
6
6
6
6
6
6
6
6
6
6
6
6
7
7
7
7
7
7
7
7
8
8
8
8
8
8
8
3
3
8
8
9
9
9
9
9
3
3
8
9
8
8
9
9
3
6
3
3
3
3
3
9
9
9
9
9
10
10
10
11
11
11
11
11
11
11
11
11
11
11
11
11
11
11
11
12
12
12
12
12
12
12
0
11
11
11
11
11
11
11
11
11
11
11
11
11
11
11
11
11
11
11
11
11
11
11
11
11
11
11
11
11
11
11
11
11
11
11
11
11
11
11
13
13
13
13
13
13
13
13
13
13
13
13
13
13
13
13
13
13
13
13
13
13
13
13
13
13
13
13
13
13
13
13
13
13
13
13
13
13
13
13
13
13
13
13
13
13
13
13
13
13
13
13
13
13
13
13
13
13
13
13
13
13
13
14
14
14
14
15
13
14
14
13
15
15
13
13
15
15
15
16
16
16
16
16
13
13
16
16
16
16
16
16
13
