1
1
1
1
1
1
1
2
2
2
2
3
4
4
4
4
5
5
6
6
6
7
7
7
7
7
10
10
10
11
11
11
11
11
11
11
11
20
20
20
20
20
20
20
20
20
21
22
22
22
22
23
23
23
23
23
23
23
23
23
23
24
24
24
24
24
24
24
24
25
26
26
26
26
26
26
26
26
26
26
26
26
26
26
27
27
27
28
29
29
29
29
29
29
29
29
30
30
30
30
30
30
30
33
33
35
35
35
36
37
37
38
42
43
43
44
46
47
47
48
51
51
52
53
54
54
54
54
55
55
55
55
55
55
55
55
55
55
55
55
55
55
55
55
56
56
56
56
56
56
61
61
61
61
61
62
62
62
63
64
65
65
66
67
67
68
70
70
70
70
70
70
70
71
71
72
75
75
75
75
75
75
75
75
75
75
77
77
78
78
78
78
78
79
79
80
80
81
85
85
85
85
85
86
86
87
87
88
88
88
89
89
90
90
90
91
91
93
94
94
95
95
97
98
99
100
101
104
105
106
106
107
107
107
107
107
107
107
107
107
107
110
