1
1
1
1
1
1
1
3
3
3
3
4
4
5
5
5
6
6
7
7
7
8
8
8
8
8
12
12
12
13
13
13
13
13
13
13
13
22
22
22
22
22
22
22
22
22
22
-1
24
24
24
25
25
25
25
25
25
25
25
25
25
-1
-1
-1
26
26
26
26
26
-1
-1
28
28
28
28
28
28
28
28
28
28
28
28
28
29
29
29
-1
-1
-1
-1
-1
31
31
31
31
32
32
32
32
32
32
32
36
36
38
38
38
40
41
41
41
47
48
48
49
52
-1
54
55
58
58
59
60
61
61
61
61
62
62
62
62
62
62
62
62
62
62
62
62
62
62
62
62
63
63
63
63
63
63
68
68
68
68
68
69
69
69
70
71
72
73
74
75
75
-1
78
78
78
78
78
78
78
79
79
81
84
84
84
84
84
84
84
84
84
84
86
86
87
87
87
87
87
88
88
89
89
90
94
94
94
94
94
-1
-1
96
96
97
97
97
98
98
99
99
99
-1
100
102
103
103
104
104
-1
107
108
109
-1
113
114
115
115
-1
-1
-1
-1
116
116
116
116
116
116
119
