39 16
29 18
38 20
36 29
22 14
36 31
21 8
41 31
32 22
19 18
24 16
26 19
32 17
28 18
21 4
26 24
23 14
28 7
17 12
19 20
23 7
42 20
25 20
5 10
28 7
4 13
3 6
17 20
50 19
25 24
49 5
24 19
25 13
37 13
8 2
10 4
8 5
19 11
20 8
39 18
6 3
29 19
18 14
24 8
24 16
34 25
52 24
34 4
21 17
34 18
19 12
17 16
23 14
17 11
17 13
1 1
26 5
2 1
26 4
16 11
16 20
5 3
39 21
36 18
36 23
11 17
53 17
23 21
53 4
19 18
23 18
27 15
42 34
23 20
25 14
33 27
45 18
46 35
14 4
40 18
38 21
19 11
16 14
19 10
14 18
21 9
20 16
5 4
3 3
34 21
3 14
33 27
9 13
32 16
33 24
31 29
13 17
47 18
29 24
50 4
21 19
21 11
28 17
31 20
23 19
38 19
30 26
54 24
31 23
25 18
23 27
35 16
32 4
34 4
28 5
16 22
22 10
17 18
34 16
22 9
40 25
14 15
43 24
14 13
32 17
20 13
11 24
25 20
31 19
31 18
13 13
43 18
22 19
48 4
21 21
38 16
29 17
45 13
15 18
30 17
30 21
40 34
36 30
42 19
34 19
30 18
32 29
11 20
54 24
13 6
37 21
19 20
21 16
35 21
30 32
20 18
16 13
22 15
21 16
19 23
38 4
33 5
23 16
42 27
61 166
48 67
48 25
14 20
55 23
34 6
15 4
29 22
21 7
30 24
47 26
44 47
13 17
49 20
25 20
14 4
38 22
19 7
32 22
49 20
41 16
31 27
30 33
13 12
46 20
21 17
42 18
35 19
39 47
9 16
49 24
29 4
21 6
24 20
14 6
32 16
16 10
37 26
16 9
29 19
52 22
40 23
38 58
15 16
49 17
29 5
16 5
27 20
46 34
39 33
29 17
40 23
16 16
52 21
35 16
14 4
32 16
48 23
61 15
35 21
29 19
36 21
49 28
41 20
55 42
27 15
60 42
12 20
54 35
14 5
30 22
15 5
47 19
15 7
38 19
55 25
16 23
64 37
22 16
27 26
52 20
40 31
64 16
36 20
30 19
35 22
57 19
