152259
152143
152172
152124
152127
152127
152122
152121
152119
152119
152119
152119
152119
152119
152118
152154
152162
152156
152155
152155
152155
152155
152154
152154
152156
152156
152156
152156
152156
152156
152100
152095
152098
152095
152096
152096
152096
152096
152096
152096
152096
152096
152096
152096
152096
152096
152096
152096
152096
152096
152096
152096
152096
152096
152096
152096
152096
152096
152096
152096
152130
152130
152130
152130
152130
152130
152130
152130
152130
152130
152130
152130
152130
152151
152151
152149
152135
152129
152128
152122
152127
152128
152129
152129
152122
152124
152130
152126
152131
152127
152129
152145
152129
152136
152145
152143
152127
152144
152147
152145
152142
152145
152143
152144
152149
152149
152147
152148
152147
152147
152147
152110
152100
152099
152106
152101
152094
152094
152091
152095
152087
152093
152109
152097
152102
152104
152104
152135
152138
152139
152139
152139
152139
152139
152134
152123
152120
152119
152098
152101
152109
152107
152106
152112
152102
152091
152093
152101
152102
152083
152086
152085
152087
152096
152124
152121
152123
152125
152119
152095
152121
152126
152127
152145
152148
152125
152127
152105
152114
152118
152110
152109
152121
152115
152119
152112
152113
152123
152122
152119
152112
152119
152106
152099
152090
152088
152095
152097
152093
152094
152096
152097
152096
152096
152096
152091
152092
152099
152127
152125
152125
152124
152124
152125
152127
152128
152128
152124
152125
152124
152133
152133
152133
152134
152135
152135
152135
152135
152135
152133
152132
152132
152132
152134
152134
152140
152140
152144
152149
152153
152152
152153
152153
152154
152152
152152
152153
152152
152152
152153
152155
152155
152155
152155
152155
152155
152155
152155
152155
152155
152155
152155
152155
152155
152155
152158
152175
152237
152308
152395
152452
152522
152607
152651
152686
152683
152685
152685
152684
152681
152685
152686
152686
152685
152678
152681
152685
152684
152684
152684
152684
152684
152682
152683
152683
152680
152680
152672
152672
152691
152738
152773
152818
152856
152893
152937
152975
153001
153034
153063
153107
153122
153131
153131
153127
153129
153155
153173
153201
153204
153205
153205
153205
153204
153205
153207
153205
153204
153207
153208
153211
153249
153271
153299
153303
153303
153303
153303
153303
153303
153306
153304
153304
153304
153303
153304
153304
153320
153356
153358
153358
153412
153465
153502
153511
153506
153540
153539
153541
153567
153567
153577
153592
153593
153593
153592
153640
153688
153713
153741
153785
153784
153784
153784
153786
153784
153786
153784
153785
153783
153780
153779
153779
153781
153782
153784
153786
153787
153786
153786
153786
153786
153786
153787
153786
153786
153786
153786
153787
153786
153787
153787
153790
153828
153914
153959
153991
154000
154007
154021
154024
154051
154067
154079
154095
154099
154112
154134
154154
154158
154173
154197
154205
154232
154252
154281
154291
154292
154339
154338
154358
154358
154401
154407
154410
154446
154446
154457
154482
154495
154518
154553
154548
154552
154548
154556
154554
154554
154558
154560
154556
154558
154556
154557
154556
154555
154557
154557
154555
154555
154560
154561
154560
154560
154560
154560
154560
154560
154560
154560
154560
154560
154560
154570
154627
154691
154752
154810
154872
154919
154962
155000
155032
155033
155036
155029
155026
155024
155030
155031
155032
155032
155032
155058
155065
155082
155095
155094
155094
155092
155092
155093
155092
155092
155140
155159
155161
155164
155199
155258
155307
155312
155314
155331
155340
155345
155365
155378
155394
155398
155399
155418
155452
155486
155533
155582
155581
155587
155591
155584
155593
155595
155596
155594
155595
155597
155596
155597
155596
155595
155594
155594
155594
155595
155596
155600
155630
155668
155723
155796
155874
155923
155952
155998
156018
156022
156033
156033
156046
156067
156080
156085
156082
156081
156081
156082
156089
156120
156190
156280
156336
156342
156358
156373
156379
156389
156405
156424
156431
156444
156450
156463
156483
156498
156513
156534
156542
156551
156579
156589
156608
156616
156624
156656
156659
156676
156688
156717
156726
156726
156749
156756
156767
156787
156795
156794
156819
156812
156815
156817
156819
156817
156816
156818
156811
156819
156825
156826
156826
156843
156872
156869
156880
156912
156939
156969
156984
157008
157008
157009
157004
157014
157011
157014
157012
157012
157014
157014
156991
156991
156996
156996
156996
156996
156996
156996
156996
156996
156996
156996
156996
156996
156996
156996
156996
156997
156997
156997
156997
156997
156997
156997
157018
157018
157018
157015
157017
157017
157017
157017
157018
157018
157018
157018
157018
157018
157018
157018
157018
157018
157018
157018
157018
157018
157018
157018
157018
157018
157018
157018
157018
157018
157018
157019
157018
157018
157019
157019
157019
157019
157018
157018
157018
157018
157018
157018
157018
157018
157018
157018
157018
157019
157018
157018
157018
157018
157018
157018
157019
157019
157018
157018
157018
157018
157018
157018
157018
157018
157020
157018
157018
157022
157025
157026
157026
157027
157028
157031
157028
157013
157014
157026
157028
157028
157029
157021
157028
157027
157025
157025
157026
157026
157027
157025
157027
157027
157026
157027
157027
157026
157023
157023
157027
157027
157027
157027
157027
157023
157025
157027
157025
157026
157028
157015
157026
157026
157028
157026
157026
157024
157024
157025
157027
157024
157015
157026
157023
157025
157024
157024
157026
157026
157026
157026
157026
157026
157026
157026
157026
157027
157026
157026
157026
157026
157026
157026
157029
157026
157030
157029
157026
157025
157026
157027
157027
157026
157027
157027
157027
157027
157027
157027
157027
157027
157027
157027
157027
157026
157025
157028
157028
157027
157028
157027
157026
157027
157027
157026
157029
157028
157028
157026
157026
157029
157029
157029
157031
157039
157058
157077
157098
157126
157156
157190
157233
157271
157325
157369
157415
157453
157463
157466
157469
157466
157472
157476
157476
157476
157476
157476
157476
157476
157476
157476
157476
157476
157476
157476
157476
157479
157480
157488
157487
157487
157484
157485
157484
157484
157484
157485
157487
157488
157488
157484
157480
157475
157026
157028
157029
157027
157029
157025
157029
157027
157027
157027
157028
157027
157027
157027
157029
157029
157041
157064
157083
157128
157161
157186
157220
157261
157316
157352
157378
157377
157379
157376
157377
157355
157355
157355
157355
157371
157376
157376
157376
157376
157376
157376
157376
157378
157381
157379
157379
157379
157379
157379
157379
157379
157379
157379
157378
157378
157378
157378
157378
157381
157381
157382
157381
157381
157382
157381
157381
157381
157381
157381
157381
157381
157381
157382
157384
157384
157384
157384
157384
157384
157384
157384
157384
157384
157384
157384
157384
157385
157384
157384
157385
157384
157385
157384
157384
157384
157384
157384
157384
157384
157384
157384
157384
157383
157382
157382
157387
157440
157444
157439
157459
157470
157479
157482
157482
157482
157500
157528
157533
157537
157559
157570
157581
157592
157595
157597
157609
157631
157636
157639
157650
157650
157660
157671
157670
157683
157695
157716
157727
157736
157756
157771
157789
157816
157829
157846
157848
157845
157866
157868
157868
157874
157896
157922
157932
157954
157973
157982
158003
158030
158032
158045
158062
158076
158090
158116
158137
158143
158142
158148
158167
158187
158197
158213
158224
158234
158251
158253
158257
158281
158306
158324
158322
158321
158325
158325
158325
158325
158325
158325
158325
158325
158325
158323
158327
158327
158327
158327
158327
158327
158327
158327
158327
158327
158327
158327
158327
158327
158327
158326
158325
158325
158325
158325
158325
158325
158325
158325
158325
158325
158325
158325
158325
158325
158325
158325
158325
158325
158325
158325
158325
158325
158325
158325
158324
158324
158324
158324
158324
158322
158322
158322
158322
158322
158322
158322
158322
158303
158302
158305
158324
158327
158328
158329
158325
158324
158322
158324
158326
158322
158321
158320
158319
158322
158320
158320
158319
158320
158324
158322
158320
158318
158297
158297
158297
158297
158297
158297
158297
158297
158297
158297
158297
158297
158297
158297
158297
158297
158297
158297
158317
158315
158316
158317
158321
158298
158313
158333
158332
158306
158318
158309
158301
158304
158308
158311
158303
158298
158298
158293
158287
158297
158288
158305
158291
158314
158326
158322
158324
158325
158325
158324
158324
158323
158323
158322
158320
158322
158324
158324
158320
158320
158324
158321
158320
158323
158315
158324
158319
158324
158323
158323
158323
158320
158318
158320
158318
158320
158319
158322
158322
158322
158322
158322
158322
158321
158321
158321
158321
158331
158331
158331
158331
158331
158331
158331
158331
158331
158331
158331
158331
158331
158331
158331
158330
158330
158330
158330
158330
158330
158330
158329
158327
158328
158329
158328
158327
158328
158320
158325
158323
158324
158324
158323
158324
158322
158322
158321
158324
158324
158325
158322
158325
158326
158329
158330
158330
158330
158330
158330
158330
158330
158330
158330
158330
158330
158330
158330
158333
158334
158335
158336
158338
158339
158339
158339
158340
158340
158339
158340
158339
158338
158340
158339
158338
158338
158336
158336
158336
158337
158337
158337
158339
158338
158336
158338
158338
158338
158338
158339
158340
158338
158338
158339
158338
158340
158340
158339
158339
158336
158338
158334
158335
158335
158340
158340
158343
158341
158341
158341
158341
158341
158341
158341
158341
158341
158341
158341
158341
158340
158341
158341
158341
158341
158341
158341
158341
158341
158342
158343
158349
158352
158352
158352
158352
158352
158352
158352
158352
158349
158347
158349
158349
158350
158350
158352
158352
158351
158349
158349
158349
158351
158351
158352
158358
158363
158375
158385
158397
158413
158430
158450
158476
158504
158535
158570
158604
158633
158670
158696
158724
158745
158762
158784
158802
158811
158812
158810
158814
158822
158812
158814
158816
158818
158819
158817
158802
158815
158816
158816
158816
158817
158816
158813
158345
158347
158348
158347
158348
158348
158348
158348
158348
158347
158346
158347
158345
158345
158346
158350
158349
158349
158349
158349
158353
158359
158366
158373
158385
158391
158403
158416
158432
158452
158460
158478
158502
158535
158555
158580
158610
158632
158651
158665
158682
158690
158697
158709
158709
158715
158716
158719
158717
158717
158718
158717
158719
158716
158718
158718
158718
158719
158719
158718
158717
158717
158717
158717
158717
158719
158719
158719
158718
158717
158717
158717
158717
158717
158717
158718
158718
158718
158719
158719
158719
158718
158719
158718
158718
158718
158720
158793
158843
158840
158842
158863
158914
158934
158937
158936
158936
158936
158947
158983
159019
159019
159041
159076
159083
159096
159098
159105
159118
159142
159157
159157
159164
159183
159208
159220
159249
159263
159293
159330
159336
159355
159385
159388
159431
159456
159461
159480
159478
159508
159512
159513
159514
159541
159565
159589
159597
159620
159661
159679
159704
159739
159744
159776
159791
159802
159854
159870
159899
159901
159905
159935
159962
159978
159986
160013
160020
160057
160072
160075
160079
160098
160113
160134
160137
160142
160142
160143
160142
160142
160143
160096
160095
160115
160100
160109
160135
160120
160141
160155
160139
160139
160139
160140
160139
160142
160140
160140
160136
160140
160139
160140
160141
160139
160139
160151
160151
160151
160151
160151
160153
160153
160152
160151
160151
160151
160151
160151
160151
160151
160152
160152
160152
160152
160152
160152
160152
160152
160152
160152
160152
160152
160152
160152
160152
160152
160152
160152
160152
160152
160152
160152
160152
160152
160152
160152
160152
160152
160152
160152
160152
160152
160152
160152
160152
160152
160152
160152
160152
160152
160152
160152
160152
160152
160152
160147
160147
160147
160147
160147
160147
160147
160147
160147
160147
160147
160147
160147
160147
160147
160147
160147
160147
160147
160147
160147
160147
160147
160147
160147
160147
160147
160147
160147
160147
160147
160147
160147
160147
160147
160147
160147
160147
160147
160147
160147
160147
160147
160147
160147
160147
160147
160147
160147
160147
160147
160147
160147
160147
160147
160147
160147
160147
160147
160147
160147
160147
160147
160147
160147
160147
160147
160147
160147
160147
160147
160147
160147
160147
160147
160147
160147
160147
160147
160147
160147
160147
160147
160147
160147
160147
160147
160147
160147
160147
160147
160147
160147
160147
160147
160147
160147
160147
160147
160147
160146
160146
160146
160146
160146
160147
160147
160147
160147
160147
160147
160147
160147
160147
160147
160147
160147
160147
160147
160147
160147
160147
160147
160147
160147
160147
160147
160147
160147
160147
160147
160147
160147
160147
160147
160147
160147
160147
160147
160147
160147
160147
160149
160147
160126
160126
160126
160126
160126
160126
160126
160126
160126
160126
160126
160126
160126
160126
160126
160126
160126
160126
160126
160126
160126
160126
160126
160126
160126
160126
160126
160126
160126
160126
160126
160126
160126
160126
160147
160147
160149
160149
160141
160145
160144
160143
160144
160143
160143
160143
160144
160144
160146
160209
160202
160214
160250
160255
160262
160309
160308
160329
160361
160375
160412
160412
160417
160422
160453
160502
160510
160514
160540
160568
160572
160586
160605
160617
160637
160649
160673
160696
160712
160762
160783
160842
160841
160841
160841
160841
160854
160908
160898
160908
160908
160908
160905
160911
160938
160965
160992
160993
160995
160993
160993
160997
160992
160993
160993
160993
160992
160993
160993
160993
160994
160994
160994
160994
160994
160994
160995
160973
160973
160973
160973
160991
160991
160996
160995
160995
161001
161001
160978
160977
160975
160973
160972
160972
160974
160974
160972
160973
160973
160974
160970
160990
160991
160992
160992
160991
160991
160992
160993
160992
160991
160991
160991
160991
160991
160991
160984
160982
160981
160978
160977
160977
160977
160977
160977
160977
160977
160977
160977
160977
160977
160976
160976
160976
160976
160976
160976
160976
160976
160976
160976
160964
160964
160964
160964
160964
160983
160984
160984
160984
160984
160984
160984
160984
160984
160984
160984
160984
160984
160984
160984
160984
160982
160981
160978
160977
160977
160977
160977
160977
160977
160977
160977
160977
160977
160977
160977
160977
160977
160977
160977
160977
160977
160977
160977
160977
160977
160977
160977
160977
160977
160977
160977
160977
160977
160977
161006
161008
161006
161010
161006
160985
160985
160985
160985
160985
160992
160993
160993
160993
160993
160993
160993
160993
160993
160993
161014
161014
161014
161014
161014
160999
161010
161009
161007
161005
161002
161001
161004
161005
161004
161008
161012
161012
161019
161022
161021
161022
161023
161024
161023
161023
161024
161023
161023
161024
161023
161022
161022
161030
161093
161111
161111
161110
161111
161115
161115
161122
161132
161161
161159
161161
161160
161164
161164
161163
161168
161169
161169
161169
161169
161169
161169
161169
161169
161169
161167
161167
161166
161166
161167
161165
161163
161163
161159
161161
161160
161158
161157
161159
161159
161160
161161
161161
161160
161160
161160
161160
161161
161159
161157
161161
161161
161159
161161
161158
161161
161168
161175
161180
161185
161184
161181
161181
161179
161176
161187
161241
161254
161255
161256
161269
161276
161303
161306
161305
161303
161305
161309
161311
161307
161310
161308
161307
161317
161326
161326
161327
161329
161329
161327
161327
161319
161315
161333
161379
161387
161391
161390
161391
161406
161423
161431
161426
161432
161431
161428
161428
161429
161420
161425
161427
161430
161429
161430
161429
161417
161417
161418
161418
161418
161442
161443
161441
161443
161436
161441
161441
161442
161441
161441
161441
161441
161438
161438
161437
161437
161429
161435
161432
161438
161441
161419
161424
161441
161440
161440
161440
161440
161440
161437
161427
161436
161436
161437
161427
161443
161439
161436
161441
161438
161440
161440
161443
161440
161453
161438
161436
161436
161434
161439
161423
161438
161432
161435
161439
161436
161435
161437
161414
161415
161423
161424
161424
161424
161424
161424
161424
161424
161424
161424
161424
161424
161424
161424
161424
161426
161424
161423
161420
161419
161419
161419
161419
161419
161419
161419
161419
161419
161419
161419
161419
161419
161419
161419
161419
161419
161419
161419
161419
161419
161419
161442
161440
161440
161441
161445
161449
161445
161432
161443
161441
161441
161442
161443
161443
161443
161443
161442
161442
161443
161444
161445
161445
161445
161445
161444
161449
161458
161482
161507
161529
161552
161574
161604
161630
161667
161714
161757
161785
161845
161854
161855
161859
161859
161860
161859
161860
161855
161855
161858
161861
161862
161862
161862
161862
161862
161862
161862
161868
161958
161963
161970
161995
162013
162017
162012
162027
162053
162097
162149
162166
162197
162237
162259
162288
162308
162329
162347
162364
162390
162421
162441
162467
162473
162487
162504
162532
162542
162579
162589
162614
162655
162657
162693
162700
162726
162759
162808
162837
162838
162838
162838
162839
162838
162838
162838
162838
162855
162877
162880
162887
162887
162914
162927
162941
162947
162948
162948
162948
162937
162935
162935
162936
162935
162935
162955
162957
162957
162957
162957
162956
162958
162957
162959
162958
162958
162956
162956
162957
162959
162960
162958
162958
162955
162954
162950
162952
162945
162946
162944
162944
162950
162949
162951
162951
162946
162950
162942
162944
162942
162947
162951
162951
162950
162951
162950
162949
162947
162947
162953
162951
162950
162928
162936
162952
162952
162952
162950
162950
162950
162950
162950
162951
162929
162951
162949
162943
162949
162952
162951
162952
162952
162951
162950
162951
162951
162952
162952
162952
162952
162952
162948
162947
162944
162944
162944
162944
162944
162944
162944
162944
162944
162944
162944
162944
162945
162945
162945
162945
162945
162945
162945
162945
162945
162945
162945
162945
162945
162945
162945
162944
162944
162945
162944
162944
162944
162944
162944
162944
162945
162949
162942
162947
162950
162927
162923
162923
162923
162923
162923
162922
162921
162922
162922
162922
162924
162920
162920
162919
162922
162921
162924
162918
162918
162915
162917
162917
162918
162921
162925
162926
162923
162916
162914
162913
162917
162919
162920
162918
162920
162918
162921
162919
162917
162917
162920
162921
162919
162919
162923
162922
162932
162954
162932
162932
162932
162932
162932
162932
162932
162932
162932
162932
162932
162951
162954
162957
162958
162957
162956
162957
162956
162956
162957
162956
162956
162957
162939
162936
162938
162938
162955
162954
162951
162950
162928
162948
162955
162952
162952
162948
162948
162950
162951
162952
162944
162944
162943
162939
162946
162944
162947
162949
162948
162947
162937
162937
162940
162942
162939
162955
162950
162951
162950
162958
162949
162944
162948
162955
162931
162935
162952
162950
162950
162952
162948
162937
162936
162912
162911
162928
162928
162928
162934
162933
162933
162933
162933
162933
162933
162926
162925
162925
162928
162926
162927
162927
162927
162927
162924
162923
162922
162921
162921
162925
162932
162931
162932
162932
162932
162932
162932
162932
162932
162932
162932
162936
162915
162915
162915
162934
162936
162936
162936
162936
162936
162936
162936
162936
162936
162936
162936
162936
162936
162936
162935
162933
162932
162929
162928
162928
162928
162928
162948
162938
162951
162953
162953
162951
162948
162947
162947
162944
162949
162953
162950
162950
162950
162948
162946
162927
162928
162942
162958
162963
162957
162958
162959
162958
162958
162958
162958
162956
162959
162971
163013
163040
163068
163114
163149
163180
163182
163183
163206
163232
163251
163258
163275
163282
163308
163311
163314
163329
163351
163362
163379
163392
163407
163424
163439
163438
163472
163494
163506
163542
163600
163641
163704
163705
163708
163709
163710
163740
163777
163816
163869
163926
163976
164002
164011
164049
164078
164105
164114
164122
164161
164200
164220
164223
164229
164260
164314
164332
164343
164338
164342
164344
164322
164325
164333
164353
164348
164308
164327
164330
164345
164348
164339
164336
164338
164328
164330
164342
164330
164330
164345
164343
164341
164338
164338
164338
164338
164338
164338
164338
164338
164338
164338
164338
164338
164335
164335
164335
164335
164335
164335
164335
164335
164335
164335
164323
164323
164325
164324
164324
164330
164332
164333
164333
164333
164333
164333
164333
164333
164333
164333
164333
164333
164333
164333
164333
164331
164330
164327
164326
164326
164326
164326
164326
164326
164326
164326
164326
164326
164326
164326
164326
164326
164326
164326
164326
164326
164326
164326
164326
164326
164326
164326
164326
164326
164326
164326
164326
164326
164326
164326
164326
164326
164326
164326
164326
164326
164326
164326
164326
164330
164332
164333
164333
164333
164333
164333
164333
164333
164333
164333
164333
164333
164333
164333
164333
164331
164330
164327
164326
164326
164326
164326
164326
164326
164326
164326
164326
164326
164326
164326
164326
164326
164326
164326
164326
164326
164326
164326
164326
164326
164326
164326
164326
164326
164326
164326
164326
164326
164326
164326
164326
164326
164326
164326
164326
164326
164326
164326
164326
164330
164332
164333
164333
164333
164333
164333
164333
164333
164333
164333
164333
164333
164333
164333
164333
164331
164330
164327
164326
164326
164326
164326
164326
164326
164326
164326
164326
164326
164326
164326
164326
164326
164326
164326
164326
164326
164326
164326
164326
164326
164326
164326
164326
164326
164326
164326
164326
164326
164326
164326
164326
164326
164326
164326
164326
164326
164326
164326
164326
164330
164332
164333
164333
164333
164333
164333
164333
164333
164333
164333
164333
164333
164333
164333
164333
164331
164330
164327
164326
164326
164326
164326
164326
164326
164326
164326
164326
164326
164326
164326
164326
164326
164326
164326
164326
164326
164326
164326
164326
164314
164314
164315
164314
164314
164330
164332
164333
164333
164333
164333
164333
164333
164333
164333
164333
164333
164333
164333
164333
164333
164331
164330
164327
164326
164326
164326
164326
164326
164326
164326
164326
164326
164326
164326
164326
164326
164326
164326
164326
164326
164326
164326
164326
164326
164326
164326
164326
164326
164326
164326
164326
164326
164326
164326
164326
164326
164326
164326
164326
164326
164326
164326
164326
164326
164330
164332
164333
164333
164333
164333
164333
164333
164333
164333
164333
164333
164333
164333
164333
164333
164331
164330
164327
164326
164326
164326
164326
164326
164326
164326
164326
164326
164326
164326
164326
164326
164326
164326
164326
164326
164326
164326
164326
164326
164326
164326
164326
164326
164326
164326
164326
164326
164326
164326
164326
164326
164326
164326
164326
164326
164326
164326
164326
164326
164330
164332
164333
164333
164333
164333
164333
164333
164333
164333
164333
164333
164333
164333
164333
164333
164331
164330
164327
164326
164326
164326
164326
164326
164326
164326
164326
164326
164326
164326
164326
164326
164326
164326
164326
164326
164326
164326
164326
164326
164326
164347
164347
164332
164333
164312
164313
164308
164307
164310
164315
164318
164326
164321
164312
164299
164345
164341
164342
164308
164292
164343
164343
164342
164343
164345
164345
164346
164346
164345
164344
164341
164342
164343
164342
164358
164355
164354
164350
164347
164340
164346
164347
164347
164347
164349
164349
164346
164344
164345
164349
164349
164349
164350
164350
164351
164349
164347
164353
164361
164350
164350
164349
164348
164346
164354
164361
164361
164362
164361
164360
164361
164361
164366
164383
164383
164383
164386
164383
164388
164385
164383
164382
164379
164378
164378
164378
164378
164363
164378
164378
164378
164378
164378
164378
164379
164379
164379
164379
164379
164379
164379
164379
164379
164379
164379
164379
164379
164379
164379
164379
164379
164379
164379
164379
164379
164379
164379
164379
164379
164379
164379
164379
164379
164379
164385
164387
164388
164388
164388
164388
164388
164388
164388
164388
164388
164388
164388
164388
164388
164388
164386
164385
164382
164381
164381
164381
164381
164381
164381
164381
164381
164381
164381
164381
164381
164381
164381
164381
164381
164381
164381
164381
164381
164381
164381
164381
164381
164381
164381
164381
164381
164381
164381
164381
164381
164381
164381
164381
164381
164381
164381
164381
164381
164381
164385
164387
164388
164388
164388
164388
164388
164388
164388
164388
164388
164388
164388
164388
164388
164388
164386
164385
164382
164381
164381
164381
164381
164381
164381
164381
164381
164381
164381
164381
164381
164381
164381
164381
164381
164381
164381
164381
164381
164381
164381
164381
164381
164381
164381
164381
164381
164381
164381
164381
164381
164381
164381
164381
164381
164381
164381
164381
164381
164381
164385
164387
164388
164388
164388
164388
164388
164388
164388
164388
164388
164388
164388
164388
164388
164388
164386
164385
164382
164381
164381
164381
164381
164381
164381
164381
164381
164381
164381
164381
164381
164381
164381
164381
164381
164381
164381
164381
164381
164381
164369
164369
164369
164369
164369
164394
164379
164382
164375
164381
164375
164381
164375
164381
164375
164381
164375
164381
164375
164381
164380
164379
164376
164376
164376
164376
164377
164376
164377
164375
164375
164372
164373
164374
164375
164374
164373
164373
164373
164376
164374
164374
164369
164370
164367
164367
164366
164366
164366
164367
164368
164368
164368
164369
164369
164370
164370
164371
164370
164370
164369
164368
164368
164362
164345
164370
164386
164388
164387
164386
164383
164385
164385
164386
164385
164385
164386
164385
164383
164382
164382
164381
164380
164377
164376
164376
164373
164373
164373
164375
164374
164375
164375
164375
164377
164394
164411
164430
164451
164468
164494
164516
164542
164570
164588
164621
164644
164680
164723
164762
164810
164846
164902
164965
164984
164985
164984
164984
164985
164985
164985
164985
164984
164969
164978
164990
164990
164992
164995
164993
164995
164994
164994
164993
164993
164990
164991
164993
164991
164990
164980
164992
164993
164985
164988
164983
164384
164382
164384
164382
164380
164379
164382
164382
164381
164383
164380
164382
164381
164382
164388
164411
164457
164517
164563
164593
164648
164711
164747
164801
164866
164934
164981
164987
164987
164985
164985
164986
164986
164985
164987
164977
164976
164985
164986
164983
164976
164979
164987
164986
164987
164987
164987
164987
165011
165043
165055
165057
165081
165092
165105
165099
165097
165102
165102
165100
165100
165098
165098
165130
165144
165146
165152
165171
165195
165194
165204
165200
165200
165202
165202
165202
165202
165202
165201
165190
165191
165191
165190
165191
165193
165196
165192
165194
165195
165199
165199
165199
165196
165197
165196
165199
165198
165196
165196
165190
165190
165192
165193
165193
165194
165193
165193
165193
165193
165193
165193
165193
165193
165193
165195
165195
165195
165195
165195
165195
165195
165195
165195
165194
165195
165195
165195
165194
165195
165194
165195
165195
165195
165196
165195
165195
165195
165195
165195
165195
165195
165195
165195
165195
165202
165203
165204
165204
165204
165204
165202
165197
165201
165201
165204
165203
165204
165203
165201
165200
165204
165202
165196
165199
165192
165196
165197
165200
165202
165202
165198
165198
165200
165196
165203
165200
165197
165201
165201
165198
165198
165196
165198
165199
165199
165200
165201
165199
165197
165197
165199
165198
165198
165198
165196
165196
165198
165193
165196
165197
165198
165199
165199
165199
165205
165200
165202
165199
165200
165200
165205
165199
165208
165205
165199
165196
165204
165208
165203
165202
165203
165203
165200
165193
165191
165195
165197
165201
165204
165205
165167
165157
165155
165159
165158
165173
165168
165168
165155
165154
165188
165204
165196
165197
165195
165195
165195
165195
165198
165199
165205
165204
165204
165204
165204
165204
165204
165204
165204
165204
165235
165274
165275
165285
165317
165323
165326
165359
165378
165376
165408
165418
165436
165474
165508
165521
165569
165578
165601
165613
165626
165666
165677
165700
165713
165750
165755
165783
165785
165782
165804
165832
165857
165864
165888
165903
165912
165943
165945
165969
165967
165968
165963
165969
165958
165977
166029
166049
166054
166090
166086
166118
166138
166145
166146
166162
166187
166205
166216
166222
166224
166239
166266
166308
166321
166351
166353
166365
166387
166414
166421
166433
166430
166428
166428
166427
166426
166428
166447
166524
166573
166645
166695
166760
166807
166830
166876
166941
166966
166962
166963
166964
166964
166963
166959
166959
166959
166959
166959
166959
166959
166959
166959
166959
166959
166959
166959
166959
166959
166965
166967
166968
166968
166968
166968
166968
166968
166968
166968
166968
166968
166968
166968
166968
166968
166966
166965
166962
166961
166961
166961
166961
166961
166961
166961
166961
166961
166961
166961
166961
166961
166961
166961
166961
166961
166961
166961
166961
166961
166961
166961
166961
166961
166961
166961
166961
166961
166961
166961
166961
166961
166961
166961
166961
166961
166961
166961
166961
166961
166965
166967
166968
166968
166968
166968
166968
166968
166968
166968
166968
166968
166968
166968
166968
166968
166966
166965
166962
166961
166961
166961
166961
166961
166961
166961
166961
166961
166961
166961
166961
166961
166961
166961
166961
166961
166961
166961
166961
166961
166961
166961
166961
166961
166961
166961
166961
166961
166961
166961
166961
166961
166961
166961
166961
166961
166961
166961
166961
166961
166963
166966
166967
166966
166966
166963
166963
166968
166964
166972
166975
166966
166974
166950
166950
166947
166945
166944
166941
166940
166940
166940
166940
166940
166940
166940
166940
166940
166940
166940
166938
166938
166959
166961
166959
166959
166959
166959
166959
166959
166947
166947
166947
166947
166947
166996
166972
166973
166971
166976
166975
166975
166975
166975
166975
166975
166975
166975
166975
166974
166971
166972
166972
166971
166971
166971
166971
166973
166972
166972
166975
166974
166974
166969
166969
166969
166969
166969
166969
166969
166969
166969
166969
166969
166969
166969
166969
166969
166969
166969
166969
166969
166969
166969
166969
166969
166969
166969
166969
166969
166969
166969
166969
166969
166969
166960
166962
166963
166963
166963
166963
166963
166963
166963
166963
166963
166963
166963
166963
166963
166963
166961
166960
166957
166956
166956
166956
166956
166956
166956
166956
166956
166956
166956
166956
166956
166956
166956
166956
166956
166956
166956
166956
166956
166956
166956
166956
166956
166956
166956
166956
166956
166956
166956
166956
166956
166956
166956
166956
166956
166956
166956
166956
166956
166956
166960
166962
166963
166963
166963
166963
166963
166963
166963
166963
166963
166963
166963
166963
166963
166963
166961
166960
166954
166953
166919
166911
166923
166925
166927
166931
166921
166924
166929
166939
166933
166935
166941
166943
166953
166953
166952
166962
166958
166954
166948
166950
166959
166961
166963
166934
166927
166939
166947
166964
166962
166960
166951
166952
166955
166956
166957
166961
166967
166963
166948
166949
166957
166960
166961
166955
166955
166955
166955
166955
166958
166976
166983
166980
166982
166959
166957
166956
166953
166952
166952
166952
166952
166952
166952
166952
166952
166952
166952
166952
166950
166951
166951
166951
166951
166951
166951
166951
166951
166951
166939
166939
166939
166939
166939
166978
166968
166967
166967
166967
166962
166964
166968
166966
166966
166961
166963
166964
166963
166964
166965
166965
166965
166964
166964
166964
166964
166966
166966
166966
166968
166967
166967
166961
166961
166956
166956
166956
166959
166963
166985
167003
167039
167064
167083
167114
167133
167159
167178
167207
167219
167217
167221
167219
167217
167220
167218
167220
167214
167221
167222
167221
167221
167219
167219
167225
167226
167235
167260
167264
167270
167282
167298
167296
167295
167306
167306
167304
167303
167304
167301
167298
167300
167313
167318
167319
167327
167344
167351
167352
167353
167352
167352
167353
167382
167421
167420
167436
167469
167469
167470
167467
167469
167475
167477
167479
167476
167475
167478
167486
167477
167483
167440
167468
167453
167452
167451
167468
167452
167450
167473
167486
167488
167489
167485
167473
167475
167476
167476
167476
167510
167514
167512
167540
167545
167548
167575
167581
167601
167617
167638
167654
167662
167657
167658
167659
167658
167661
167661
167676
167713
167730
167729
167756
167771
167773
167793
167807
167809
167840
167848
167863
167881
167905
167930
167942
167964
167961
167960
167981
167999
168001
168009
168035
168039
168047
168047
168048
168047
168047
168047
168048
168048
168077
168085
168078
168128
168159
168193
168191
168206
168219
168244
168276
168277
168285
168314
168321
168347
168353
168374
168374
168377
168400
168428
168433
168444
168461
168460
168480
168491
168515
168518
168524
168546
168568
168578
168579
168592
168610
168611
168608
168618
168650
168657
168644
168648
168648
168651
168649
168682
168682
168680
168684
168688
168685
168684
168685
168684
168682
168685
168684
168682
168680
168678
168677
168676
168681
168678
168678
168681
168675
168671
168677
168676
168680
168676
168675
168680
168678
168673
168673
168673
168672
168672
168669
168671
168672
168671
168672
168672
168676
168677
168677
168676
168679
168676
168676
168675
168676
168677
168674
168675
168670
168672
168673
168674
168675
168678
168674
168658
168664
168660
168661
168661
168660
168660
168660
168662
168663
168663
168659
168661
168664
168660
168662
168657
168659
168656
168648
168649
168650
168651
168660
168660
168663
168662
168660
168663
168659
168657
168649
168652
168653
168656
168651
168650
168652
168642
168645
168647
168650
168645
168648
168646
168653
168656
168650
168655
168646
168621
168635
168650
168653
168657
168654
168661
168659
168661
168654
168656
168650
168654
168649
168653
168653
168654
168659
168656
168640
168640
168638
168635
168637
168635
168645
168645
168632
168627
168624
168626
168627
168631
168634
168637
168635
168633
168633
168640
168635
168635
168649
168646
168648
168645
168645
168645
168645
168645
168645
168645
168645
168645
168645
168645
168646
168646
168646
168646
168646
168646
168646
168646
168646
168646
168646
168646
168646
168646
168646
168623
168624
168625
168625
168624
168646
168645
168643
168648
168649
168650
168649
168650
168652
168651
168639
168639
168640
168638
168639
168638
168638
168638
168638
168638
168638
168638
168638
168638
168638
168637
168636
168636
168636
168636
168636
168636
168635
168636
168636
168624
168623
168623
168623
168623
168672
168657
168661
168654
168660
168654
168660
168654
168660
168654
168660
168654
168659
168652
168659
168658
168657
168654
168654
168654
168655
168654
168654
168654
168654
168655
168654
168651
168649
168651
168648
168653
168651
168651
168652
168648
168644
168640
168642
168650
168635
168642
168650
168651
168645
168650
168650
168653
168653
168652
168654
168652
168651
168652
168654
168653
168655
168652
168656
168655
168663
168664
168666
168666
168666
168665
168665
168666
168666
168665
168666
168666
168666
168666
168666
168665
168663
168662
168659
168660
168658
168658
168658
168656
168657
168653
168654
168656
168654
168655
168655
168655
168655
168656
168657
168657
168657
168656
168655
168654
168656
168657
168657
168656
168656
168655
168652
168653
168650
168658
168656
168656
168656
168658
168660
168659
168661
168661
168660
168647
168638
168637
168635
168644
168644
168644
168644
168643
168644
168644
168643
168643
168654
168666
168686
168708
168721
168735
168754
168765
168801
168799
168803
168805
168805
168807
168805
168805
168805
168802
168799
168799
168799
168799
168799
168799
168799
168799
168799
168799
168799
168799
168799
168799
168799
168805
168805
168805
168805
168805
168805
168805
168805
168805
168805
168805
168805
168805
168805
168805
168818
168818
168819
168819
168819
168819
168819
168819
168819
168819
168819
168819
168819
168819
168819
168819
168817
168816
168813
168813
168813
168813
168813
168813
168813
168813
168813
168813
168813
168813
168813
168813
168813
168813
168813
168813
168813
168813
168813
168813
168815
168815
168815
168815
168815
168845
168841
168841
168841
168841
168841
168841
168841
168841
168841
168841
168841
168841
168841
168841
168841
168839
168838
168835
168835
168835
168835
168835
168835
168835
168835
168835
168835
168835
168835
168835
168835
168835
168835
168835
168835
168835
168835
168835
168835
168835
168835
168835
168835
168835
168835
168835
168835
168835
168835
168835
168835
168835
168835
168835
168835
168835
168835
168835
168835
168818
168818
168819
168819
168819
168819
168819
168819
168819
168819
168819
168819
168819
168819
168819
168819
168817
168816
168813
168813
168813
168813
168813
168813
168813
168813
168813
168813
168813
168813
168813
168813
168813
168813
168813
168813
168813
168813
168813
168813
168813
168813
168813
168813
168813
168813
168813
168813
168813
168813
168813
168813
168813
168813
168813
168813
168813
168813
168813
168813
168818
168818
168819
168819
168819
168819
168819
168819
168819
168819
168819
168819
168819
168819
168819
168819
168817
168816
168815
168814
168812
168791
168791
168791
168791
168791
168793
168793
168793
168793
168793
