2654
2649
2654
2655
2656
2656
2656
2656
2656
2656
2656
2656
2651
2651
2651
2652
2651
2651
2651
2651
2651
2651
2651
2651
2650
2650
2650
2650
2650
2650
2648
2648
2648
2648
2648
2621
2631
2653
2653
2621
2568
2647
2640
2649
2649
2649
2650
2650
2655
2655
2655
2655
2655
2655
2655
2655
2655
2656
2656
2656
2659
2652
2659
2659
2659
2659
2659
2659
2660
2659
2659
2659
2660
2660
2660
2663
2660
2660
2660
2660
2660
2661
2659
2661
2657
2657
2657
2657
2657
2657
2657
2658
2657
2657
2657
2657
2648
2648
2648
2648
2648
2648
2648
2648
2648
2656
2657
2656
2664
2664
2664
2662
2662
2662
2662
2662
2662
2662
2662
2662
2669
2669
2667
2667
2666
2666
2667
2667
2667
2667
2667
2667
2658
2658
2658
2662
2662
2662
2662
2662
2609
2648
2661
2661
2656
2656
2656
2656
2656
2656
2657
2656
2656
2656
2656
2656
2658
2658
2658
2658
2658
2658
2658
2658
2658
2658
2654
2658
2653
2653
2653
2653
2653
2653
2653
2653
2653
2653
2653
2653
2672
2672
2672
2672
2672
2672
2672
2672
2672
2672
2672
2672
2666
2666
2666
2667
2668
2668
2668
2668
2668
2668
2669
2669
2669
2664
2668
2668
2668
2667
2665
2665
2665
2665
2664
2664
2651
2651
2651
2651
2649
2645
2645
2645
2648
2650
2650
2650
2651
2656
2656
2656
2654
2655
2655
2654
2655
2652
2651
2642
2651
2651
2651
2652
2644
2636
2576
2629
2653
2652
2652
2652
2651
2651
2651
2646
2647
2646
2645
2647
2647
2647
2647
2648
2672
2662
2624
2627
2649
2663
2634
2593
2615
2626
2626
2600
2586
2601
2640
2624
2649
2649
2649
2649
2649
2647
2647
2647
2655
2655
2655
2655
2655
2655
2655
2655
2649
2648
2653
2655
2655
2655
2655
2655
2655
2655
2655
2655
2655
2656
2645
2644
2657
2657
2657
2659
2660
2661
2660
2661
2661
2660
2660
2660
2663
2663
2663
2663
2663
2665
2661
2659
2660
2661
2661
2670
2680
2678
2676
2678
2678
2676
2677
2677
2677
2673
2673
2673
2660
2660
2673
2675
2667
2665
2669
2670
2671
2671
2673
2673
2670
2670
2670
2670
2670
2670
2670
2670
2670
2670
2670
2671
2671
2672
2672
2669
2670
2669
2669
2669
2669
2669
2669
2669
2667
2668
2668
2668
2668
2668
2665
2665
2665
2665
2666
2665
2686
2686
2685
2685
2685
2679
2681
2679
2679
2677
2677
2677
2670
2678
2681
2682
2682
2682
2682
2682
2681
2681
2681
2684
2701
2719
2735
2761
2778
2795
2796
2792
2812
2838
2861
2901
2922
2901
2920
2970
2989
3001
3020
3019
3019
3019
3011
3011
3028
3025
3027
3027
3026
3026
3028
3026
3029
3029
3025
3025
3036
3036
3034
3034
3039
3037
3043
3061
3079
3104
3135
3172
3174
3141
3179
3181
3180
3181
3180
3180
3180
3180
3177
3178
3192
3194
3161
3151
3182
3190
3188
3188
3188
3189
3190
3188
3198
3210
3221
3242
3270
3275
3272
3286
3296
3297
3297
3312
3317
3315
3304
3347
3317
3348
3350
3354
3367
3380
3389
3398
3407
3415
3414
3413
3413
3413
3413
3416
3432
3450
3451
3450
3488
3488
3508
3516
3505
3522
3555
3510
3539
3559
3547
3558
3556
3556
3556
3556
3556
3556
3556
3556
3556
3556
3556
3556
3553
3553
3553
3553
3553
3553
3553
3553
3553
3553
3530
3555
3557
3557
3557
3557
3559
3550
3545
3558
3558
3558
3558
3550
3554
3534
3563
3563
3563
3563
3563
3563
3563
3563
3563
3563
3565
3565
3565
3565
3565
3565
3565
3565
3565
3565
3565
3565
3567
3567
3567
3567
3567
3567
3567
3567
3488
3555
3563
3509
3462
3523
3492
3516
3543
3547
3549
3553
3551
3527
3524
3552
3601
3627
3646
3657
3691
3704
3725
3748
3780
3801
3830
3862
3887
3908
3915
3924
3928
3898
3973
3972
3973
3972
3972
3972
4004
4004
4004
4004
4004
4004
4004
4004
4004
4020
4019
4024
4017
4016
4015
4015
4014
4015
4017
4016
4015
4014
4016
4014
4021
4021
4021
4019
4020
4020
4019
4020
4020
4020
4022
4019
4027
4025
4021
4047
4076
4114
4152
4174
4189
4190
4189
4189
4201
4201
4201
4201
4212
4219
4220
4243
4259
4277
4302
4275
4302
4302
4301
4303
4315
4342
4353
4349
4376
4409
4437
4444
4444
4443
4442
4458
4478
4489
4487
4478
4503
4512
4527
4527
4523
4523
4523
4518
4518
4518
4518
4518
4518
4518
4521
4540
4568
4551
4584
4597
4597
4618
4626
4631
4632
4667
4658
4667
4647
4687
4686
4685
4685
4685
4685
4685
4685
4678
4678
4678
4674
4674
4674
4674
4674
4674
4674
4674
4674
4674
4674
4674
4672
4672
4672
4672
4672
4672
4672
4672
4672
4672
4672
4672
4672
4672
4648
4653
4670
4634
4646
4627
4585
4596
4606
4605
4583
4601
4629
4683
4679
4686
4742
4778
4806
4838
4865
4891
4913
4942
4977
5003
5032
5034
5050
5038
5100
5109
5103
5146
5176
5175
5175
5175
5175
5175
5175
5175
5174
5174
5175
5175
5191
5191
5191
5191
5200
5215
5218
5218
5227
5231
5231
5233
5237
5237
5237
5239
5239
5239
5239
5240
5241
5247
5261
5281
5318
5342
5359
5338
5333
5320
5341
5331
5358
5366
5363
5362
5383
5383
5382
5382
5382
5382
5382
5415
5420
5423
5423
5433
5444
5471
5466
5489
5510
5511
5511
5515
5530
5552
5543
5565
5590
5626
5627
5624
5626
5649
5650
5650
5664
5682
5677
5683
5681
5681
5681
5711
5767
5766
5766
5766
5766
5765
5765
5766
5766
5766
5766
5766
5766
5766
5768
5769
5769
5769
5769
5769
5758
5758
5758
5763
5768
5787
5790
5777
5796
5814
5819
5820
5845
5846
5864
5867
5879
5892
5900
5902
5901
5902
5904
5921
5963
5941
5944
5980
5983
5991
6012
6012
6004
6041
6053
6053
6034
6049
6048
6043
6043
6043
6043
6043
6043
6043
6043
6043
6032
6032
6032
6032
6032
6032
6031
6031
6031
6031
6031
6031
6034
6034
6034
6034
6034
6034
6034
6034
6034
6034
6034
6034
6035
6035
6035
6035
6035
6035
6035
6035
6035
6035
6035
6035
6030
6030
6030
6030
6030
6030
6030
6030
6030
6030
6030
6030
6030
6030
6030
6030
6030
6030
6030
6030
6030
6030
6030
6030
6030
6030
6030
6030
5946
6030
6032
6026
5975
5951
5997
5992
5966
5986
5946
5919
5920
5921
5944
5939
5967
6044
6068
6101
6143
6180
6218
6265
6312
6358
6350
6362
6388
6466
6464
6466
6483
6484
6484
6484
6483
6484
6484
6484
6484
6483
6483
6483
6503
6504
6505
6508
6527
6529
6529
6529
6529
6529
6529
6529
6532
6532
6532
6532
6532
6532
6532
6532
6535
6538
6532
6555
6573
6605
6654
6674
6644
6682
6682
6683
6683
6683
6683
6683
6698
6725
6732
6718
6716
6753
6765
6769
6768
6768
6768
6785
6778
6778
6777
6786
6801
6801
6819
6825
6826
6826
6834
6855
6863
6880
6895
6904
6903
6903
6903
6903
6903
6903
6903
6903
6907
6908
6928
6946
6954
6948
6980
6989
6989
7014
7015
7016
7009
7053
7053
7053
7056
7053
7052
7052
7051
7049
7021
7009
7036
7043
7044
7016
7020
7044
7044
7010
7019
7022
7049
7048
7059
7045
7058
7058
7031
7058
7058
7058
7058
7058
7058
7059
7049
7052
7057
7061
7010
7012
7023
7026
7021
7057
7047
7049
7053
7053
7054
7055
7056
7056
7058
7058
7057
7057
7057
7057
7067
7019
7052
7064
7065
7064
7064
7064
7064
7066
7066
7056
7036
7043
7052
7063
7064
7064
7064
7064
7064
7064
7064
7064
7061
7061
7061
7061
7061
7061
7061
7061
7061
7061
7061
7061
7061
7061
7061
7061
7061
7061
7061
7061
7061
7061
7061
7061
7059
7059
7059
7059
7059
7059
7059
7059
7059
7059
7059
7059
7059
7059
7059
7059
7059
7059
7059
7059
7059
7059
7059
7059
7060
7060
7060
7060
7060
7060
7060
7060
7060
7060
7060
7060
7060
7060
7060
7060
7060
7060
7060
7060
7060
7060
7060
7060
7060
7060
7060
7060
7060
7060
7060
7060
7060
7060
7060
7060
7060
7060
7060
7060
7060
7060
7060
7060
7060
7060
7060
7060
7050
7059
7059
7059
7059
7059
7059
7059
7059
7060
7060
7060
7062
7062
7062
7062
7062
7062
7062
7062
7062
7062
7062
7062
7061
7061
7061
7061
7061
7061
7061
7061
7061
7061
7061
7061
7061
7061
7061
7061
7061
7061
7061
7061
7061
7061
7061
7061
7061
7061
7061
7061
7061
7061
7061
7061
7061
7061
7061
7061
7060
7060
7060
7060
7060
7060
7060
7060
7060
7060
7060
7060
7060
7060
7060
7060
7060
7060
7060
7044
7017
6995
7024
7041
7044
7055
7053
7058
7063
7063
7063
7062
7062
7062
7063
7063
7063
7063
7062
7062
7062
7062
7062
7062
7062
7062
7063
7063
7063
7062
7062
7062
7062
7062
7062
7062
7062
7062
7062
7062
7063
7063
7063
7063
7063
7063
7063
7063
7063
7063
7063
7063
7060
7060
7060
7060
7060
7060
7060
7060
7060
7060
7060
7060
7060
7060
7060
7060
7060
7060
7060
7060
7060
7060
7060
7060
7060
7060
7060
7060
7060
7060
7060
7060
7060
7060
7060
7060
7060
7060
7060
7060
7060
7060
7060
7060
7060
7060
7060
7060
7060
7060
7060
7060
7060
7060
7060
7060
7060
7060
7060
7060
7060
7060
7060
7060
7060
7051
7055
7062
7061
7061
7061
7026
7060
7005
7019
7040
7034
7004
7050
7049
7056
7057
7056
7041
7045
7038
7030
7027
7024
7026
7046
7055
7077
7086
7077
7048
7077
7074
7072
7112
7149
7153
7169
7206
7208
7210
7208
7208
7186
7186
7186
7186
7186
7186
7177
7172
7171
7175
7153
7141
7139
7140
7133
7148
7161
7172
7170
7187
7189
7189
7189
7188
7194
7194
7194
7194
7194
7194
7194
7194
7194
7194
7194
7194
7194
7194
7194
7194
7194
7194
7194
7194
7194
7194
7194
7194
7212
7212
7212
7212
7212
7212
7212
7212
7212
7212
7212
7212
7215
7212
7212
7212
7212
7212
7212
7212
7212
7212
7212
7212
7212
7212
7212
7212
7212
7212
7212
7212
7212
7212
7212
7212
7212
7212
7212
7212
7212
7212
7212
7212
7226
7246
7264
7280
7265
7265
7264
7317
7349
7353
7353
7353
7353
7353
7353
7354
7352
7353
7353
7366
7368
7381
7386
7386
7398
7420
7421
7419
7381
7419
7419
7419
7420
7420
7420
7420
7421
7419
7425
7419
7417
7417
7417
7417
7417
7417
7417
7417
7431
7480
7510
7509
7515
7515
7521
7538
7548
7562
7568
7592
7622
7623
7624
7612
7612
7607
7592
7604
7622
7623
7623
7611
7598
7605
7596
7560
7595
7610
7608
7611
7611
7611
7600
7622
7621
7603
7579
7579
7591
7603
7612
7608
7608
7608
7608
7611
7607
7610
7595
7600
7595
7580
7580
7580
7580
7582
7567
7595
7583
7587
7595
7595
7600
7599
7600
7600
7598
7585
7571
7567
7561
7560
7570
7599
7617
7617
7609
7609
7621
7621
7614
7607
7618
7603
7604
7588
7588
7597
7588
7570
7574
7576
7587
7584
7560
7558
7571
7605
7618
7622
7624
7624
7624
7610
7624
7625
7624
7624
7624
7624
7621
7621
7621
7621
7621
7631
7649
7649
7662
7678
7678
7687
7701
7703
7692
7711
7758
7758
7758
7758
7758
7758
7687
7749
7741
7722
7713
7722
7715
7714
7722
7718
7706
7705
7712
7713
7730
7753
7750
7751
7746
7740
7721
7722
7731
7751
7751
7751
7754
7754
7756
7755
7759
7758
7759
7759
7759
7758
7758
7758
7761
7761
7761
7761
7761
7761
7761
7761
7761
7761
7761
7761
7757
7757
7757
7757
7757
7757
7757
7757
7757
7757
7757
7757
7757
7757
7757
7757
7757
7757
7757
7757
7757
7757
7757
7757
7757
7756
7701
7693
7752
7752
7754
7753
7754
7753
7753
7753
7758
7767
7770
7781
7779
7781
7794
7794
7794
7794
7794
7794
7792
7792
7784
7793
7792
7792
7792
7793
7791
7791
7790
7790
7798
7798
7798
7798
7798
7798
7798
7798
7798
7798
7798
7798
7796
7796
7796
7795
7797
7790
7789
7788
7798
7795
7784
7781
7782
7782
7778
7778
7790
7799
7798
7798
7798
7796
7801
7801
7795
7783
7781
7797
7793
7791
7797
7797
7795
7796
7796
7796
7791
7791
7792
7792
7792
7790
7790
7790
7790
7790
7791
7791
7792
7792
7792
7792
7792
7792
7792
7793
7787
7784
7793
7794
7789
7786
7791
7791
7791
7791
7791
7791
7791
7791
7790
7790
7791
7791
7791
7791
7791
7791
7791
7791
7791
7791
7791
7790
7794
7794
7794
7794
7794
7794
7794
7794
7794
7796
7796
7796
7795
7795
7795
7795
7795
7795
7795
7795
7795
7795
7793
7797
7798
7778
7758
7758
7757
7769
7781
7779
7787
7794
7796
7796
7786
7782
7787
7782
7778
7769
7780
7789
7798
7800
7799
7799
7783
7780
7786
7788
7790
7781
7784
7790
7790
7790
7725
7761
7749
7770
7785
7771
7789
7763
7787
7790
7790
7790
7790
7780
7796
7796
7796
7796
7752
7774
7768
7736
7768
7731
7768
7751
7776
7795
7785
7786
7795
7795
7795
7795
7795
7795
7797
7796
7805
7751
7779
7792
7852
7868
7903
7930
7878
7868
7862
7863
7878
7915
7915
7904
7908
7936
7948
7943
7982
7983
7983
7983
7993
7997
8000
8001
8019
8037
8029
8074
8064
8096
8081
8097
8114
8118
8127
8128
8129
8119
8126
8168
8171
8171
8171
8171
8172
8172
8172
8172
8174
8186
8187
8184
8188
8204
8211
8210
8211
8216
8216
8231
8238
8247
8222
8171
8192
8242
8241
8241
8248
8248
8248
8248
8248
8251
8247
8247
8247
8247
8247
8247
8249
8249
8249
8246
8251
8192
8244
8247
8246
8248
8248
8248
8247
8245
8245
8245
8246
8246
8246
8246
8246
8246
8246
8246
8248
8252
8257
8263
8273
8280
8279
8258
8225
8246
8281
8315
8305
8323
8350
8376
8384
8399
8403
8412
8358
8382
8396
8408
8420
8420
8420
8422
8416
8395
8420
8419
8419
8419
8419
8419
8411
8411
8411
8411
8411
8411
8411
8411
8411
8407
8401
8401
8405
8407
8407
8405
8408
8409
8414
8414
8414
8414
8414
8414
8418
8415
8408
8412
8391
8415
8415
8415
8415
8415
8415
8415
8423
8423
8423
8421
8422
8422
8422
8422
8422
8422
8422
8422
8417
8438
8449
8471
8487
8477
8482
8473
8531
8533
8543
8547
8558
8558
8558
8558
8567
8580
8585
8592
8595
8614
8614
8620
8623
8640
8658
8658
8658
8669
8680
8692
8708
8713
8712
8712
8714
8714
8714
8711
8696
8691
8695
8714
8714
8664
8713
8712
8709
8707
8702
8707
8696
8682
8662
8698
8682
8710
8635
8706
8715
8715
8715
8711
8711
8713
8713
8712
8716
8713
8713
8713
8715
8715
8715
8715
8715
8715
8715
8715
8715
8715
8715
8715
8705
8705
8705
8705
8705
8705
8705
8735
8807
8814
8819
8819
8823
8823
8823
8836
8857
8868
8881
8896
8926
8924
8933
8933
8953
8995
8998
8998
9003
9021
9047
9065
9073
9081
9081
9081
9097
9097
9097
9096
9096
9092
9082
9048
9073
9078
9082
9080
9072
9062
9063
9039
9036
9044
9075
9089
9075
9056
9083
9122
9167
9202
9201
9202
9202
9202
9202
9202
9202
9202
9202
9203
9194
9194
9200
9204
9212
9213
9215
9225
9233
9249
9249
9285
9317
9317
9315
9317
9316
9316
9316
9316
9316
9316
9316
9316
9324
9324
9324
9324
9324
9324
9324
9325
9324
9324
9324
9324
9323
9323
9323
9323
9323
9323
9323
9323
9323
9323
9323
9323
9323
9323
9323
9323
9323
9281
9299
9323
9324
9325
9324
9325
9325
9325
9325
9325
9325
9325
9325
9325
9325
9325
9318
9306
9282
9281
9281
9280
9275
9273
9273
9293
9296
9288
9303
9299
9293
9285
9276
9275
9274
9271
9279
9277
9278
9276
9279
9289
9313
9323
9326
9323
9324
9319
9307
9308
9293
9278
9269
9286
9317
9319
9319
9318
9318
9318
9255
9319
9319
9318
9318
9318
9323
9257
9287
9320
9321
9321
9321
9320
9322
9332
9350
9368
9397
9400
9417
9435
9410
9492
9513
9530
9598
9615
9633
9629
9649
9648
9649
9647
9644
9627
9622
9655
9686
9728
9763
9762
9787
9790
9790
9797
9790
9789
9819
9836
9824
9844
9844
9846
9840
9840
9840
9840
9840
9840
9840
9840
9842
9876
9882
9882
9877
9885
9911
9930
9950
9944
9977
10008
10008
10009
10010
10024
10034
10055
10068
10071
10059
10086
10090
10099
10099
10099
10100
10100
10105
10115
10119
10119
10130
10148
10147
10149
10152
10165
10177
10178
10179
10179
10179
10179
10148
10147
10146
10143
10137
10179
10180
10181
10194
10194
10194
10194
10194
10194
10194
10194
10194
10194
10194
10194
10188
10188
10194
10207
10232
10240
10238
10235
10225
10280
10281
10283
10283
10284
10284
10294
10295
10295
10295
10307
10323
10324
10338
10351
10335
10351
10352
10345
10350
10350
10352
10344
10325
10325
10325
10319
10324
10310
10308
10310
10325
10321
10315
10318
10314
10323
10347
10344
10348
10326
10319
10324
10353
10354
10353
10353
10353
10353
10353
10355
10357
10357
10357
10357
10357
10355
10346
10355
10359
10349
10347
10354
10350
10345
10341
10336
10356
10354
10354
10355
10355
10355
10356
10356
10356
10357
10356
10356
10347
10344
10344
10355
10355
10354
10354
10354
10347
10347
10347
10308
10334
10348
10338
10322
10330
10283
10304
10323
10351
10351
10351
10351
10351
10351
10351
10351
10351
10351
10351
10351
10357
10357
10357
10357
10357
10357
10357
10357
10357
10357
10357
10357
10357
10369
10375
10376
10385
10388
10390
10390
10391
10378
10347
10385
10385
10385
10385
10385
10385
10385
10382
10382
10396
10427
10432
10429
10437
10444
10460
10473
10498
10520
10529
10516
10526
10553
10571
10575
10578
10544
10569
10577
10578
10577
10577
10577
10578
10578
10589
10614
10629
10627
10628
10617
10656
10675
10676
10676
10676
10672
10674
10676
10676
10673
10663
10657
10658
10611
10669
10671
10671
10646
10671
10670
10682
10672
10671
10665
10668
10672
10674
10661
10638
10680
10639
10678
10672
10672
10672
10672
10672
10672
10672
10672
10672
10676
10676
10680
10701
10722
10730
10739
10740
10741
10744
10750
10748
10744
10757
10763
10770
10771
10774
10786
10792
10802
10775
10799
10800
10800
10800
10800
10802
10802
10802
10804
10804
10804
10804
10804
10804
10804
10804
10804
10801
10801
10801
10801
10801
10801
10794
10802
10749
10798
10795
10797
10796
10796
10796
10795
10795
10795
10795
10794
10795
10799
10800
10800
10808
10808
10808
10808
10808
10807
10806
10805
10803
10807
10796
10769
10747
10793
10799
10795
10804
10804
10804
10804
10804
10804
10804
10804
10806
10806
10806
10805
10804
10801
10802
10805
10806
10806
10806
10806
10806
10806
10806
10806
10806
10806
10806
10806
10806
10806
10807
10806
10805
10805
10805
10805
10805
10805
10805
10805
10805
10807
10807
10807
10798
10798
10799
10799
10799
10812
10816
10830
10831
10831
10858
10882
10890
10890
10909
10925
10949
10974
10997
11018
11030
11030
11037
11063
11064
11058
11086
11083
11101
11101
11101
11101
11101
11101
11101
11101
11107
11108
11112
11112
11123
11123
11136
11146
11158
11158
11163
11164
11189
11196
11197
11197
11203
11213
11227
11230
11231
11231
11231
11231
11234
11234
11234
11234
11234
11234
11234
11234
11234
11234
11234
11234
11239
11239
11239
11239
11239
11239
11239
11239
11239
11239
11220
11210
11223
11224
11223
11231
11230
11230
11229
11201
11229
11228
11194
11222
11191
11231
11239
11238
11238
11237
11235
11233
11233
11233
11234
11234
11263
11263
11262
11256
11255
11252
11251
11252
11252
11256
11251
11252
11256
11240
11236
11237
11254
11256
11264
11266
11266
11263
11190
11260
11261
11261
11229
11256
11250
11245
11258
11254
11253
11251
11248
11247
11253
11254
11252
11253
11251
11243
11247
11266
11257
11256
11256
11247
11230
11268
11274
11274
11270
11274
11233
11262
11251
11256
11267
11273
11285
11285
11282
11285
11284
11285
11287
11283
11283
11285
11283
11281
11298
11294
11283
11267
11301
11301
11301
11301
11301
11301
11301
11302
11302
11302
11303
11303
11296
11304
11299
11302
11302
11302
11301
11295
11297
11297
11293
11305
11305
11303
11304
11304
11300
11300
11297
11295
11292
11292
11292
11292
11296
11298
11299
11295
11293
11292
11291
11290
11301
11304
11303
11304
11304
11306
11308
11307
11308
11308
11308
11308
11311
11311
11311
11311
11309
11305
11306
11307
11304
11304
11310
11309
11309
11309
11305
11305
11309
11309
11304
11304
11306
11305
11305
11305
11306
11306
11306
11307
11304
11300
11300
11300
11300
11304
11304
11308
11304
11304
11304
11304
11304
11303
11304
11301
11302
11296
11303
11302
11274
11237
11265
11298
11274
11264
11252
11252
11258
11268
11271
11272
11276
11276
11274
11296
11282
11245
11258
11194
11243
11231
11259
11284
11304
11304
11295
11293
11293
11300
11304
11303
11302
11303
11302
11303
11290
11285
11285
11290
11289
11289
11294
11288
11287
11283
11283
11282
11298
11296
11295
11295
11295
11263
11285
11299
11299
11299
11264
11300
11300
11301
11302
11233
11301
11301
11277
11256
11271
11240
11297
11251
11298
11298
11298
11298
11298
11300
11287
11244
11278
11286
11290
11293
11311
11311
11311
11311
11311
11311
11311
11311
11311
11311
11313
11320
11328
11335
11335
11323
11313
11326
11343
11363
11348
11342
11368
11424
11442
11452
11463
11466
11474
11476
11467
11473
11472
11472
11472
11472
11472
11472
11472
11472
11472
11472
11472
11472
11472
11472
11472
11472
11480
11480
11480
11480
11480
11480
11480
11480
11480
11480
11480
11480
11480
11480
11480
11480
11480
11480
11480
11480
11480
11480
11480
11480
11480
11480
11480
11480
11480
11480
11480
11480
11480
11480
11480
11480
11480
11480
11480
11480
11480
11480
11480
11480
11480
11480
11480
11480
11480
11480
11480
11480
11480
11480
11480
11480
11480
11480
11480
11480
11479
11479
11479
11479
11479
11479
11479
11479
11479
11479
11479
11479
11475
11475
11475
11475
11475
11475
11475
11475
11475
11476
11476
11476
11476
11476
11476
11476
11476
11476
11476
11476
11476
11476
11476
11476
11473
11473
11473
11473
11473
11473
11473
11473
11473
11473
11473
11473
11473
11473
11473
11473
11480
11494
11540
11558
11555
11556
11529
11606
11573
11610
11610
11610
11610
11610
11610
11610
11619
11622
11621
11622
11633
11638
11654
11660
11673
11685
11697
11701
11701
11699
11712
11730
11731
11733
11741
11768
11774
11784
11789
11789
11789
11789
11789
11789
11792
11792
11792
11792
11792
11792
11792
11792
11792
11792
11844
11949
11913
11948
11950
11949
11949
11949
11949
11949
11949
11950
11951
11951
11949
11949
11950
11946
11942
11931
11890
11904
11939
11945
11930
11949
11943
11949
11949
11949
11949
11949
11949
11949
11949
11949
11949
11949
11950
11955
11959
11961
11962
11962
11962
11962
11962
11962
11962
11972
11982
11992
11998
12009
12025
12023
12030
12030
12030
12039
12068
12069
12074
12076
12083
12100
12112
12124
12131
12131
12131
12130
12130
12130
12129
12129
12129
12129
12129
12129
12129
12129
12129
12129
12129
12129
12127
12127
12127
12127
12063
12104
12069
12072
12058
12078
12085
12117
12125
12125
12125
12124
12124
12125
12125
12125
12125
12125
12125
12124
12124
12124
12124
12124
12124
12156
12160
12160
12158
12164
12180
12196
12211
12234
12233
12244
12305
12305
12305
12305
12305
12306
12306
12309
12324
12330
12333
12334
12353
12353
12351
12346
12353
12356
12289
12335
12335
12337
12346
12293
12321
12346
12335
12348
12295
12335
12334
12328
12293
12321
12339
12342
12341
12321
12340
12342
12339
12339
12339
12339
12348
12348
12348
12348
12348
12348
12346
12346
12346
12346
12346
12346
12346
12346
12346
12346
12346
12346
12346
12346
12346
12350
12350
12350
12354
12354
12354
12354
12354
12354
12354
12354
12353
12333
12350
12352
12348
12310
12325
12309
12316
12320
12322
12312
12284
12284
12287
12292
12288
12309
12355
12376
12390
12396
12406
12395
12392
12391
12409
12397
12392
12449
12415
12462
12475
12486
12489
12490
12485
12469
12473
12481
12485
12474
12470
12473
12473
12473
12473
12476
12490
12490
12494
12494
12483
12483
12484
12337
12338
12338
12338
12338
12338
12338
12333
12339
12340
12340
12340
12340
12340
12340
12340
12340
12340
12340
12340
12340
12340
12340
12340
12340
12340
12340
12332
12342
12342
12342
12342
12342
12339
12307
12293
12270
12270
12303
12362
12400
12426
12405
12441
12456
12537
12538
12562
12609
12609
12600
12607
12608
12607
12605
12598
12598
12611
12611
12610
12613
12613
12613
12611
12611
12611
12612
12612
12611
12610
12609
12613
12616
12618
12618
12618
12619
12600
12617
12617
12617
12619
12619
12619
12616
12617
12617
12617
12617
12617
12617
12617
12617
12624
12624
12624
12624
12637
12647
12679
12703
12698
12708
12700
12752
12705
12756
12757
12758
12759
12759
12760
12770
12773
12775
12776
12776
12778
12789
12801
12816
12818
12833
12852
12840
12862
12864
12863
12869
12880
12890
12893
12892
12912
12921
12926
12926
12926
12916
12923
12925
12928
12928
12928
12930
12930
12930
12930
12930
12930
12930
13015
13062
13061
13061
13061
13061
13061
13061
13071
13084
13091
13091
13091
13091
13085
13088
13103
13123
13140
13152
13168
13171
13173
13182
13200
13219
13234
13256
13211
13231
13258
13265
13265
13265
13265
13265
13265
13275
13291
13291
13275
13324
13277
13326
13327
13327
13327
13303
13326
13327
13320
13320
13320
13322
13322
13322
13322
13322
13322
13322
13322
13322
13321
13321
13321
13321
13317
13319
13323
13281
13321
13322
13321
13321
13335
13335
13335
13335
13335
13335
13366
13373
13374
13381
13410
13410
13413
13413
13413
13413
13413
13424
13423
13433
13446
13475
13503
13565
13522
13568
13569
13569
13569
13569
13569
13569
13569
13569
13569
13569
13569
13569
13569
13569
13569
13569
13569
13569
13565
13567
13566
13566
13569
13568
13567
13567
13567
13567
13564
13564
13566
13566
13564
13566
13528
13555
13556
13556
13556
13558
13557
13557
13557
13556
13553
13553
13559
13559
13559
13559
13559
13559
13559
13559
13559
13559
13559
13559
13562
13562
13562
13562
13562
13562
13562
13562
13562
13562
13562
13562
13561
13561
13561
13561
13561
13561
13561
13561
13561
13561
13561
13561
13561
13561
13561
13561
13564
13561
13561
13561
13561
13561
13561
13561
13561
13567
13587
13617
13632
13636
13636
13657
13664
13663
13663
13711
13720
13720
13720
13733
13742
13758
13770
13790
13795
13796
13796
13795
13797
13809
13833
13850
13839
13841
13867
13880
13871
13887
13890
13890
13896
13903
13908
13916
13916
13924
13941
13937
13946
13946
13946
13946
13943
13943
13943
13943
13943
13943
13944
13944
13944
13944
13944
13944
13945
13945
13945
13945
13945
13945
13945
13945
13945
13945
13910
13944
13939
13936
13869
13866
13872
13874
13883
13901
13913
13911
13917
13918
13929
13920
13913
13918
13923
13923
13927
13944
13944
13942
13942
13943
13947
13940
13932
13925
13922
13922
13922
13922
13922
13921
13921
13921
13921
13920
13923
13922
13944
13916
13904
13862
13881
13882
13882
13883
13907
13926
13931
13931
13931
13924
13894
13943
13937
13944
13944
13944
13947
13947
13947
13947
13947
13947
13947
13947
13947
13947
13955
13951
13970
13971
13989
14010
14029
14063
14072
14071
14093
14144
14145
14145
14143
14166
14182
14190
14212
14233
14228
14237
14237
14264
14285
14285
14300
14316
14346
14370
14383
14384
14382
14382
14382
14382
14386
14397
14402
14420
14419
14419
14419
14419
14422
14430
14442
14445
14466
14482
14501
14528
14536
14536
14536
14543
14536
14550
14549
14549
14567
14585
14625
14645
14665
14668
14671
14713
14713
14713
14729
14737
14743
14765
14791
14733
14803
14802
14806
14821
14823
14832
14844
14844
14845
14845
14845
14861
14875
14876
14876
14890
14940
14961
14964
14998
15010
15009
15043
15074
15082
15082
15082
15104
15124
15134
15145
15189
15189
15189
15195
15195
15195
15195
15195
15195
15195
15178
15171
15195
15194
15194
15185
15184
15165
15141
15140
15178
15181
15180
15180
15180
15180
15154
15185
15185
15180
15182
15185
15185
15185
15185
15185
15185
15185
15185
15187
15187
15187
15187
15187
15187
15186
15208
15213
15212
15212
15212
15207
15207
15216
15233
15233
15233
15250
15284
15281
15297
15325
15333
15331
15334
15382
15383
15383
15393
15416
15432
15447
15459
15474
15500
15510
15510
15510
15510
15510
15510
15510
15510
15538
15565
15557
15553
15559
15606
15609
15608
15608
15608
15608
15608
15608
15608
15608
15610
15619
15636
15641
15654
15665
15660
15667
15667
15681
15697
15697
15697
15706
15723
15740
15743
15748
15749
15749
15749
15750
15750
15750
15733
15755
15755
15755
15755
15755
15755
15755
15755
15755
15755
15755
15755
15759
15759
15759
15759
15759
15759
15759
15759
15759
15759
15759
15759
15756
15756
15748
15757
15745
15696
15718
15751
15748
15753
15753
15753
15723
15732
15734
15743
15733
15747
15750
15750
15732
15735
15728
15746
15752
15752
15752
15750
15747
15720
15719
15731
15749
15743
15743
15716
15730
15706
15699
15714
15714
15729
15737
15737
15749
15747
15747
15749
15756
15756
15756
15756
15756
15756
15756
15756
15756
15756
15756
15756
15758
15780
15827
15838
15833
15843
15862
15888
15923
15897
15952
15968
15964
15964
16001
16060
16061
16061
16066
16066
16074
16091
16093
16093
16096
16108
16121
16139
16151
16168
16171
16171
16186
16216
16216
16217
16229
16255
16281
16292
16291
16291
16291
16300
16312
16312
16339
16339
16340
16340
16340
16340
16369
16400
16400
16400
16418
16437
16472
16496
16505
16570
16573
16574
16574
16576
16577
16588
16588
16588
16588
16588
16586
16586
16586
16586
16586
16586
16588
16588
16601
16609
16610
16610
16607
16621
16632
16649
16668
16691
16705
16705
16712
16748
16756
16756
16759
16769
16802
16813
16829
16860
16876
16876
16875
16875
16875
16875
16878
16856
16877
16877
16877
16875
16855
16804
16804
16786
16821
16860
16877
16871
16877
16872
16873
16873
16873
16873
16873
16873
16873
16874
16848
16823
16870
16874
16873
16865
16876
16859
16830
16863
16874
16875
16877
16877
16871
16878
16878
16878
16878
16868
16880
16878
16877
16849
16869
16863
16776
16826
16845
16803
16803
16860
16868
16838
16828
16864
16855
16817
16866
16835
16812
16868
16861
16833
16850
16866
16846
16861
16845
16853
16848
16853
16871
16871
16871
16882
16927
16830
16861
16914
16941
16941
16941
16941
16963
16965
17010
16973
17016
17053
17053
17053
17054
17070
17129
17129
17129
17129
17151
17165
17168
17168
17175
17158
17164
17151
17181
17186
17142
17174
17175
17186
17145
17179
17178
17147
17181
17170
17173
17174
17179
17171
17157
17182
17174
17173
17174
17174
17177
17183
17185
17183
17217
17224
17235
17234
17256
17271
17272
17272
17267
17267
17157
17273
17273
17272
17271
17271
17271
17271
17286
17294
17304
17313
17326
17277
17326
17326
17326
17327
17267
17282
17325
17326
17327
17327
17327
17327
17327
17327
17327
17327
17327
17327
17327
17327
17328
17328
17328
17328
17328
17354
17356
17356
17369
17396
17397
17397
17396
17435
17446
17467
17468
17469
17469
17429
17440
17465
17465
17465
17462
17462
17462
17462
17463
17456
17437
17468
17467
17467
17467
17467
17468
17468
17459
17466
17465
17465
17465
17465
17433
17460
17465
17465
17466
17466
17466
17466
17466
17499
17500
17511
17511
17511
17511
17511
17529
17552
17558
17558
17591
17612
17653
17681
17688
17688
17688
17688
17706
17733
17732
17729
17731
17780
17739
17788
17786
17786
17786
17786
17782
17782
17782
17782
17784
17806
17806
17807
17806
17816
17823
17843
17839
17853
17873
17870
17880
17880
17900
17922
17922
17924
17937
17961
17985
17986
17962
17981
17994
17994
17995
17992
17993
17993
17993
17993
17987
17987
17987
17987
17987
17987
17987
17987
17987
17987
17987
17987
17987
17987
17987
17987
17987
17987
17987
17987
17987
17987
17987
17987
18003
18003
18003
18003
18002
17988
18003
18003
18003
18003
18003
18003
18002
18002
18002
18002
18002
18002
18002
18002
18002
18001
18001
18001
18002
18002
18043
18034
18047
18047
18047
18047
18047
18047
18047
18047
18046
18046
18046
18046
18046
18023
18047
18047
18048
18048
18045
18045
18045
18045
18045
18046
18046
18046
18046
18046
18046
18075
18104
18108
18109
18110
18165
18172
18172
18172
18174
18174
18174
18174
18174
18174
18179
18179
18212
18223
18239
18250
18278
18289
18289
18306
18336
18352
18386
18397
18397
18397
18397
18397
18397
18430
18448
18434
18428
18435
18500
18502
18510
18510
18508
18511
18528
18535
18535
18536
18548
18557
18575
18591
18619
18622
18634
18634
18643
18659
18667
18687
18692
18691
18694
18702
18702
18704
18702
18702
18699
18699
18699
18699
18699
18699
18701
18701
18701
18701
18701
18701
18701
18701
18701
18701
18701
18701
18704
18704
18693
18705
18689
18705
18705
18705
18705
18705
18705
18705
18702
18702
18704
18726
18743
18748
18738
18781
18781
18781
18781
18781
18781
18789
18790
18788
18813
18831
18874
18924
18911
18927
18927
18927
18924
18921
18924
18912
18923
18922
18906
18923
18923
18923
18923
18924
18929
18929
18907
18900
18871
18870
18865
18907
18926
18926
18918
18927
18885
18921
18915
18921
18892
18882
18923
18923
18923
18923
18923
18923
18916
18916
18916
18916
18916
18916
18916
18916
18916
18916
18916
18916
18916
18916
18916
18916
18916
18916
18916
18916
18916
18916
18916
18916
18924
18924
18924
18924
18944
19132
19201
19195
19159
19193
19203
19204
19207
19165
19189
19206
19206
19206
19206
19206
19206
19207
19207
19207
19202
19202
19202
19202
19227
19344
19419
19411
19384
19384
19384
19384
19407
19407
19407
19406
19406
19406
19406
19387
19387
19350
19352
19354
19343
19354
19354
19430
19508
19567
19608
19667
19723
19784
19818
19869
19969
20015
20061
20060
20060
20061
20065
20065
20065
20066
20065
20065
20052
20092
20160
20198
20193
20189
20192
20210
20250
20355
20365
20364
20377
20393
20493
20539
20539
20525
20561
20661
20734
20722
20688
20740
20752
20700
20726
20750
20754
20750
20750
20744
20741
20696
20715
20741
20738
20730
20730
20717
20750
20717
20722
20747
20748
20746
20719
20736
20719
20737
20737
20676
20737
20738
20738
20738
20738
20738
20738
20738
20743
20743
20751
20798
20903
20912
20917
20917
20933
21065
21150
21165
21166
21162
21173
21280
21417
21413
21413
21413
21413
21413
21413
21413
21497
21576
21601
21596
21597
21615
21725
21802
21796
21798
21812
21883
21924
21919
21923
21939
21935
21937
21937
21938
21938
21938
21938
21938
21944
21944
21944
21944
21944
21944
21942
21942
21942
21942
22058
21942
21942
21942
21942
21942
21942
21942
21942
21942
21942
