0
0
0
0
0
0
0
0
0
0
0
0
0
0
0
0
0
0
0
0
0
0
0
0
0
0
0
0
0
525
1059
1065
1056
829
1106
1117
1076
612
965
976
1122
721
1071
1053
1050
1050
1056
1059
1053
1053
1056
1056
1053
1050
810
798
354
1053
1053
1050
1064
1064
1057
1053
1050
1056
1062
1062
1056
1050
721
450
906
894
1062
1062
1053
1059
1062
1059
1053
1059
1058
625
1051
1056
1059
1053
1056
1062
1062
1059
696
924
276
846
864
1053
815
695
672
492
606
492
96
234
282
558
432
330
96
372
0
0
276
0
0
0
0
357
870
1050
1053
278
561
454
451
0
744
846
1052
906
1050
1056
1056
1059
1065
1056
1050
1094
1061
992
1050
1050
1041
999
558
786
1008
837
906
1020
978
486
558
354
234
987
1032
1062
804
1056
1059
1059
1065
1069
1066
1059
1056
1056
1053
1053
1011
963
762
371
498
1044
786
930
528
840
486
492
426
480
480
444
540
276
468
348
426
239
195
222
0
222
0
0
492
1020
1002
507
450
474
1050
1050
456
756
642
615
987
354
702
706
354
373
373
98
365
0
0
622
747
375
361
411
963
1050
1056
1059
1054
559
236
225
379
366
1084
1074
1042
1055
1051
916
413
655
1096
1092
999
1050
1050
709
1008
1056
1065
1059
1056
1062
1062
1062
843
1053
1053
1036
443
780
507
583
503
559
552
540
481
0
679
387
1195
926
1014
1060
1051
708
498
564
222
486
1008
1050
1056
1062
1056
1050
1050
1056
1062
1062
1074
1062
1050
954
1053
1047
1002
222
984
1056
1062
1059
1056
1056
1053
1050
1050
1050
1053
1041
1062
1056
504
492
1050
1053
1053
444
954
840
783
1047
753
279
492
558
276
1053
1044
1005
1056
1056
1053
828
990
564
225
357
354
0
0
96
0
834
647
540
707
314
1034
1056
840
978
1053
1053
1056
618
627
683
828
282
1053
1053
390
1053
1050
1050
1050
1053
801
1059
1062
1057
1059
1059
1053
1050
1053
1062
1059
237
354
1056
1056
1050
843
948
1051
601
282
1050
1053
936
1053
1050
660
1056
1062
1065
1059
222
1050
1061
379
1072
1062
1038
453
240
0
192
354
0
435
1135
1038
1075
1137
755
907
763
892
860
1115
1161
1199
1124
996
1047
690
846
1109
1122
1053
1053
1056
1035
501
1050
714
780
774
402
540
276
354
96
222
96
492
282
330
432
450
241
483
360
795
840
994
1008
1118
656
1067
1042
1059
822
1068
1065
967
1053
1059
1059
237
1053
1056
1088
818
756
921
988
375
712
500
234
369
0
899
411
1140
539
618
103
1060
966
330
222
940
584
283
527
1161
1112
1109
498
698
593
598
610
618
670
1080
973
797
564
675
510
390
814
857
906
109
851
545
894
837
500
945
962
1043
1148
1087
1074
1077
531
0
0
0
0
0
0
0
0
0
0
0
0
0
0
0
0
0
0
0
0
0
548
1073
1056
936
1050
1053
1056
1031
414
788
1035
801
787
1065
410
1098
1077
525
0
0
0
0
0
0
0
0
0
0
0
0
0
0
0
525
1050
525
0
0
0
0
0
0
0
0
0
0
586
1140
695
1151
1227
1033
583
652
824
217
110
237
239
588
777
1145
1137
1077
1063
1176
1149
818
818
900
1140
972
1197
1192
1124
1129
1034
1034
834
1183
1105
1050
1053
446
600
348
354
372
0
372
396
0
276
0
279
909
300
368
958
916
1054
924
705
561
451
474
951
720
615
225
1059
666
1053
1053
357
492
0
846
96
276
330
0
380
198
457
766
1072
1067
1057
761
799
1060
1026
503
282
276
486
368
828
461
192
676
875
756
1033
1122
1121
276
282
733
654
876
308
1103
640
955
1091
786
648
528
549
619
644
649
588
546
1038
413
1066
1056
1059
585
405
358
96
606
354
235
570
472
624
801
1075
656
451
871
277
1076
600
593
959
1056
979
1075
1071
1075
1056
525
0
0
0
0
0
1
0
0
0
0
0
0
0
0
0
0
0
0
0
0
0
0
0
0
0
0
0
0
0
0
0
0
0
525
1070
1105
1086
1080
1110
808
987
594
876
0
652
530
875
1240
1095
1213
1272
1234
1019
1042
1058
1141
1172
1205
1200
1194
1202
1033
1123
871
1179
1330
1191
1152
1081
1060
1056
1053
807
1053
1053
714
830
702
558
492
198
276
0
396
756
557
703
0
1068
986
1072
228
795
278
360
378
348
384
222
378
96
369
981
945
1086
908
1052
985
698
593
1038
375
603
1082
1056
234
1050
1032
372
415
414
96
234
1110
1082
948
619
822
1052
780
812
1009
958
348
569
495
778
650
1046
438
1126
837
833
228
364
1036
515
290
1108
918
866
1061
834
838
283
1203
1315
1056
1050
510
1056
966
396
833
1043
416
414
0
432
1053
471
1050
642
759
1032
0
606
0
222
753
463
785
837
469
1080
437
1060
458
591
519
517
662
243
1060
1056
804
282
834
388
973
952
763
282
754
372
786
917
527
690
1214
1117
1054
1081
1086
1058
1050
1052
1052
525
0
0
0
0
0
0
0
0
0
0
0
0
0
0
0
0
0
0
0
0
0
0
0
0
0
0
0
0
0
0
0
0
0
0
0
0
0
0
0
0
0
0
0
0
0
0
0
0
0
0
0
0
0
0
0
0
0
0
0
0
0
0
0
0
0
0
0
0
527
1134
1133
1053
1064
1095
1170
1165
1039
413
398
547
564
329
0
415
439
796
1179
1169
1277
1159
1144
1124
1214
1220
1231
1207
1294
1182
1122
1067
1056
1059
1050
864
1050
1053
1055
789
810
558
474
276
0
926
608
402
855
1137
1056
528
417
993
396
432
96
276
330
834
360
99
0
384
276
444
248
563
660
931
1041
1100
912
1133
1098
604
276
510
354
369
0
594
971
827
585
380
1147
400
1062
888
279
96
907
650
276
357
684
930
96
779
919
597
0
731
1025
562
1212
849
1073
1059
1037
997
847
492
757
450
277
834
414
939
643
1013
577
671
731
395
925
498
510
788
1195
1053
1053
1068
1068
1053
1053
1050
780
1114
927
1139
1080
1062
1072
555
1068
1056
1103
379
930
1085
1062
1066
1069
1067
348
1065
1067
1053
1050
615
648
1050
1051
1070
1076
384
846
1139
1175
380
217
1138
1119
1098
1101
1044
222
925
1057
1062
723
354
702
960
528
867
1051
847
1040
636
755
380
497
494
0
432
576
702
441
954
467
584
664
942
777
492
415
414
414
450
332
97
0
102
0
0
0
98
97
96
0
906
1053
225
372
276
384
469
433
396
192
0
0
96
0
354
564
237
192
192
222
276
222
396
96
330
96
0
276
276
96
0
96
96
96
276
0
96
0
96
0
96
0
96
96
222
540
330
192
396
96
432
468
372
276
96
276
0
432
0
96
222
330
96
366
96
0
0
222
432
276
0
0
222
375
560
972
657
804
792
372
604
498
594
1055
1053
1056
1087
1078
525
0
0
0
0
0
0
0
0
0
0
0
0
0
0
0
0
0
0
0
0
0
0
0
0
0
0
0
0
0
0
0
0
0
0
0
0
0
0
0
0
0
0
0
0
0
0
0
0
0
0
0
0
0
0
0
0
0
0
0
0
0
0
0
0
0
0
0
0
0
0
0
0
531
1056
1038
1050
901
552
1144
561
534
640
1023
822
538
381
237
0
356
96
282
96
225
225
225
0
399
98
333
225
222
0
96
276
0
0
222
222
96
279
0
225
96
336
96
475
432
540
276
330
276
432
276
510
828
432
492
609
357
194
384
96
96
96
0
0
0
222
0
192
0
192
276
234
354
432
276
222
0
0
222
0
96
0
0
96
0
0
0
0
96
96
96
0
0
0
96
0
234
96
0
276
0
0
0
96
0
96
0
96
0
0
0
492
101
278
356
720
966
583
813
891
1017
1056
1079
1085
1065
1065
1059
1050
1077
1079
1096
1091
1138
266
1118
1031
368
391
355
364
463
0
418
289
4
245
113
544
312
896
527
594
561
762
737
665
696
435
633
700
1114
1062
1056
762
433
558
1053
758
612
384
277
299
254
0
418
988
737
528
125
373
539
933
977
932
1085
1056
1056
1050
1056
517
1050
1057
600
1053
1053
729
432
561
1056
603
990
594
720
1050
615
942
966
456
979
705
416
564
282
984
834
552
951
789
564
486
432
894
396
372
636
915
1059
1059
534
0
0
0
0
0
0
0
0
0
0
0
0
0
0
531
1056
870
810
936
1038
354
513
222
354
96
222
192
234
824
724
731
552
913
306
113
1215
617
857
1056
1065
1064
101
203
438
290
471
0
666
242
644
492
194
581
875
698
679
1131
1134
405
924
373
756
1003
723
1029
1057
954
1065
1053
1050
354
1059
402
489
498
378
1075
1273
829
984
610
0
567
620
601
749
494
1108
589
1005
374
1081
1103
418
616
523
1127
905
293
1079
1129
380
497
958
1064
384
244
285
230
0
1115
1100
1059
1086
468
0
444
399
121
402
0
0
0
108
112
403
832
684
477
332
0
0
0
264
1159
1068
665
306
386
255
373
362
360
0
109
517
621
396
336
0
237
834
653
0
461
383
952
0
591
877
611
890
543
476
247
369
372
894
253
614
516
116
659
386
225
886
427
967
1053
1056
429
787
450
530
557
364
564
102
561
279
278
276
0
821
856
231
880
1248
0
599
583
229
1132
88
1111
1050
1056
519
1059
1056
1131
1152
383
1074
402
909
437
1094
1082
380
399
0
346
143
739
914
912
215
474
382
783
531
308
489
232
0
290
0
235
238
718
570
1050
1056
1059
1060
1059
528
0
0
0
0
0
0
0
0
0
0
0
0
0
0
0
0
0
0
0
0
0
0
0
0
0
0
0
0
0
0
0
0
0
0
0
0
525
1056
1105
537
1080
1039
757
606
636
376
222
97
0
741
528
541
814
422
1073
1062
1062
1053
1050
1053
933
603
624
845
1023
1014
372
612
1009
1058
564
1050
435
1059
588
576
432
474
444
558
354
96
227
373
414
282
0
229
234
453
101
99
1025
736
357
108
0
0
246
247
387
401
373
372
493
497
966
486
360
430
100
631
756
745
543
530
608
285
0
222
0
225
222
396
222
396
0
0
96
0
99
0
0
0
276
225
0
276
223
359
375
374
369
0
0
424
493
360
354
0
0
0
354
354
372
194
98
97
238
234
222
354
354
96
354
0
0
234
444
391
494
589
540
222
354
583
330
648
234
600
374
356
222
444
222
421
379
197
0
0
496
607
448
735
547
115
249
413
278
403
378
373
358
730
384
244
245
247
246
210
381
267
262
238
355
562
427
360
252
363
0
374
360
715
223
193
1116
1136
833
1130
641
1005
1080
785
1100
1056
996
1050
354
777
1074
702
753
804
758
1147
255
497
758
1019
964
1121
1110
862
822
244
1080
592
570
842
403
676
1102
1154
1005
1188
1298
1313
963
909
1111
1231
1150
813
288
143
276
1222
0
419
290
884
583
1132
819
591
510
421
636
747
368
107
868
1040
677
1209
1191
875
300
639
474
643
515
624
247
736
1216
1122
1073
798
402
414
235
470
508
235
375
524
507
459
361
1026
707
492
234
740
277
729
519
919
1076
1147
1158
1103
567
699
435
480
925
642
1047
435
738
721
396
0
192
282
744
1062
1059
1068
1099
1141
1110
1014
1064
369
96
96
96
234
0
330
233
0
222
224
222
0
354
281
331
632
529
525
592
609
393
496
692
479
565
663
954
543
577
519
476
677
831
1108
1142
1174
1137
1083
723
195
486
1055
1077
1100
1082
882
333
495
745
418
414
432
276
330
397
0
96
384
511
286
285
285
374
343
0
489
428
231
379
242
102
102
0
226
0
420
1050
717
1117
1104
1059
1058
710
896
918
864
480
690
558
828
954
493
637
372
277
222
222
276
96
1078
439
901
869
855
313
414
1250
869
1092
907
648
102
0
333
794
734
112
601
582
678
99
858
98
1127
530
966
276
768
739
514
987
1058
1050
1050
723
501
897
648
717
1093
1101
1075
1059
1118
802
960
623
384
509
391
1083
495
620
628
1107
1086
1118
1114
1056
1050
817
244
606
921
1053
738
1059
1065
1059
900
234
936
600
705
1020
657
1044
492
978
978
414
780
0
0
0
357
0
0
354
1167
1293
1085
1066
681
96
363
402
1088
929
443
835
563
1165
402
660
805
1121
1211
1058
470
864
478
1169
1037
859
1074
1065
1062
1065
1068
1059
1053
1053
1038
876
914
1131
1104
376
350
388
535
0
399
437
854
1083
1095
1198
1072
1178
1202
1204
1096
1053
1055
488
1002
1050
744
222
414
192
414
357
222
735
227
1094
6
101
657
355
836
801
1215
901
1064
1062
1056
1050
1050
396
840
504
373
372
355
570
975
957
234
1017
750
746
972
1056
1056
531
0
0
0
0
0
0
0
0
0
0
0
0
0
0
0
531
1056
1050
1100
1155
1102
852
978
600
750
852
978
540
564
96
432
432
492
870
276
795
547
628
433
105
4
275
363
0
1026
647
412
413
628
374
240
141
131
380
317
413
352
0
243
104
427
572
537
332
223
1063
811
532
843
1073
1115
744
441
1097
1053
1053
1056
1062
1056
1135
1128
1050
701
960
609
1062
1106
1162
1110
360
377
225
438
560
1075
1149
1048
914
1046
1055
917
1343
1343
1253
1229
1269
1111
1182
1184
1099
1067
276
939
807
525
606
1156
1363
1324
1267
228
336
442
96
501
468
102
949
783
728
1090
1056
369
1053
970
1056
906
492
603
674
468
586
1150
1074
610
405
926
934
728
1041
990
1212
830
807
690
224
974
602
774
1007
586
623
1149
475
1085
495
237
565
543
0
778
524
196
1076
452
711
360
392
1021
1022
813
1050
1056
1062
1059
1104
323
110
594
1216
1124
1053
1062
1059
393
1056
1056
1050
1053
564
906
501
336
594
498
0
354
701
490
995
743
771
381
1014
1242
1075
1063
234
396
96
925
610
0
489
619
760
244
490
1074
1105
1093
1059
1075
1075
454
376
1080
1058
1114
0
358
391
501
505
105
771
797
590
411
533
391
461
414
0
1113
364
1106
1099
1082
1068
1059
1056
1056
673
332
333
192
444
96
0
198
511
778
405
1036
581
1104
1084
746
511
676
764
373
0
340
283
829
97
235
837
600
600
496
592
391
246
864
1060
1008
985
355
1042
894
994
1107
764
810
368
885
653
1191
574
656
1117
1056
1056
714
810
834
414
972
828
576
1017
495
936
780
276
354
354
354
0
396
222
0
222
276
0
931
865
382
674
1059
1056
1056
1003
1092
1153
1128
1059
606
600
705
372
350
565
97
1013
813
1060
912
545
616
909
600
1104
1035
602
1097
1018
1164
1076
1062
1056
1102
631
863
894
577
234
222
234
396
845
920
904
811
459
808
1206
994
1064
1062
1059
1070
287
852
234
237
309
619
248
1187
1141
630
606
1091
1103
1033
614
891
104
373
242
364
363
771
1155
1113
1104
1105
747
357
355
480
96
234
0
96
0
358
96
671
491
960
640
943
891
96
581
311
573
494
1076
37
859
354
514
681
390
775
1104
1104
1056
1056
1050
1056
924
414
1032
450
630
558
607
375
603
432
396
330
366
915
604
99
330
837
1083
1083
1120
1124
1068
845
333
722
358
222
276
499
474
1057
390
552
492
468
642
786
528
1032
0
654
374
375
1008
462
580
788
788
1149
1091
1075
458
966
1056
920
984
957
564
582
672
960
0
798
1044
255
521
1042
783
1050
567
853
708
555
1053
597
969
1050
417
1056
362
948
963
1062
1053
813
924
606
936
534
615
405
837
222
366
637
374
234
192
354
372
666
814
1173
759
276
1036
644
1055
444
1086
530
1005
1057
1288
568
792
96
671
953
762
301
1157
772
1103
756
372
281
600
276
222
222
585
0
762
0
540
0
838
523
650
365
740
372
1161
860
606
575
378
843
646
947
1059
1062
1056
1053
1053
1044
729
357
936
1050
432
492
1050
1056
1062
531
0
0
0
0
0
0
0
0
0
0
81071
85163
0
0
0
20
525
1050
1053
1097
1096
614
1090
1059
1069
1032
675
392
695
417
963
876
876
494
514
99
281
100
193
297
105
199
102
195
290
0
109
0
0
396
257
123
478
251
505
288
605
1050
1116
1116
561
666
692
1111
438
509
568
640
281
362
363
99
236
363
230
228
100
412
247
625
392
383
400
666
889
1038
1074
657
1077
1074
1108
707
510
245
616
383
231
231
371
297
0
0
0
235
0
370
544
0
769
666
1089
1114
1092
1054
1053
1050
1056
1059
1059
288
936
1020
456
102
867
346
513
522
443
192
379
391
239
0
259
805
686
799
495
418
402
0
361
367
236
234
0
0
373
107
4
107
372
102
385
236
237
201
0
237
0
577
387
468
279
3
366
192
277
396
222
357
225
102
0
229
228
372
385
228
234
0
105
0
233
0
112
410
282
0
0
0
99
0
0
0
230
388
232
0
0
512
0
366
355
354
0
0
0
96
2
225
354
718
723
1056
944
744
726
895
837
483
548
382
429
252
257
0
0
0
1023
1100
1070
1127
1157
1231
1149
778
1032
652
800
354
391
393
310
417
541
593
449
385
560
837
462
264
0
389
0
396
597
402
98
317
0
1109
1080
1058
1059
1056
1053
1092
1122
1084
1056
1062
1068
1079
1050
1055
1061
1107
1065
1056
1100
1161
1141
795
1119
1091
1095
1059
1056
1050
1050
1051
1085
1029
942
579
376
403
281
234
234
96
0
234
0
330
453
519
525
599
637
628
646
489
612
557
750
813
978
683
667
831
515
561
655
310
582
736
1082
880
1050
1050
1056
1056
837
786
786
450
492
504
222
222
96
0
0
330
96
222
234
222
234
354
234
354
0
234
354
354
0
354
354
222
222
396
0
0
222
0
222
0
0
96
96
0
222
0
96
0
0
0
222
276
96
0
0
0
276
0
396
276
0
0
96
96
474
612
624
808
564
558
354
372
222
224
0
0
96
330
432
96
96
384
282
672
354
499
588
606
960
1055
1055
1050
0
1050
1050
1056
1062
1059
1053
594
1059
1062
1062
559
930
1008
966
735
1053
1053
753
1053
615
811
786
510
492
222
444
222
372
486
432
0
222
222
96
0
777
774
984
1046
873
248
1134
1321
1126
1125
99
507
354
372
222
495
648
793
721
279
824
389
811
302
842
837
606
365
528
564
1132
794
450
577
377
1069
812
547
990
1050
1051
831
718
414
96
1056
1056
981
1011
703
508
222
713
222
1299
1489
1086
1079
643
483
552
414
192
355
352
651
876
976
714
804
639
569
885
747
1051
894
781
592
1032
1070
1067
1071
1065
384
809
950
494
276
222
0
222
222
192
743
451
879
505
279
96
331
494
0
355
840
601
447
514
384
992
641
389
876
469
1107
1113
1056
331
570
518
977
285
703
1073
1050
1056
1056
1050
960
960
504
816
444
732
372
702
570
600
234
285
447
387
396
552
1044
1131
1158
1128
1162
858
478
1143
1107
1006
364
1054
1054
886
1026
589
641
1054
510
882
222
234
282
276
450
578
1131
876
1055
816
643
1074
955
963
1066
1194
768
1145
990
276
354
354
400
468
455
624
452
369
880
439
1008
1056
1074
1071
891
1097
1143
1114
1108
1082
1136
1178
1111
1026
1080
1092
1106
1089
956
1116
1144
1081
1064
1063
1072
1067
1079
1079
1059
1065
534
0
0
0
0
0
0
0
0
0
0
0
0
0
0
0
0
0
0
0
0
0
0
0
0
0
0
0
0
0
0
0
531
1063
1090
1011
1068
1057
1109
1021
656
379
421
245
457
562
0
467
387
216
886
1072
1047
915
746
683
686
457
863
1113
1216
1018
1045
768
1164
1102
754
637
810
872
516
523
621
490
466
257
110
0
0
0
366
379
4
429
375
0
278
102
1053
96
96
226
355
1050
1050
1062
1062
525
0
0
0
0
0
0
0
0
0
0
0
0
0
0
0
0
531
1085
1084
1056
978
1054
1056
1023
977
512
502
365
704
1157
1187
1071
792
1193
1301
1291
815
1146
1088
1050
1068
1069
1054
1054
1050
1023
98
192
346
239
447
0
677
237
0
236
368
253
242
0
401
342
403
355
601
450
997
1082
1084
1054
1050
1053
1059
1059
1053
1053
1059
1056
496
721
642
96
354
276
354
0
96
879
530
914
778
883
633
472
1221
1127
1135
459
342
454
97
222
748
715
1035
486
372
223
730
394
790
231
612
929
1058
1056
564
96
681
419
666
296
0
745
134
794
1056
1056
718
747
1056
1050
1026
1059
867
690
1050
642
981
558
387
1349
859
1070
1059
438
438
354
276
1024
378
878
632
354
0
96
720
599
675
883
766
763
1061
831
504
822
1033
599
730
1123
1149
1120
1065
558
960
222
492
384
775
140
688
520
1177
1144
1127
360
672
1050
1074
1072
1052
1050
525
0
0
0
0
0
0
0
0
0
0
0
0
0
528
1062
1065
1062
886
1071
1071
1068
435
384
234
372
852
600
0
919
664
224
970
1155
1053
912
840
612
453
234
537
197
527
692
1092
781
1254
1090
1080
1050
1056
1056
1050
906
1002
1048
606
954
1053
360
354
354
222
222
372
1026
1050
1063
1070
1062
1062
1062
1059
1053
696
363
1059
1056
1056
1060
1055
1062
1071
1093
1092
1059
834
1050
1051
1056
1053
1053
1056
1059
967
1052
1056
1062
1056
525
0
0
0
0
0
0
0
0
0
0
0
0
0
0
0
0
0
0
0
0
0
0
0
0
525
1053
1056
558
1053
1056
1050
552
1053
1053
1059
1077
1068
492
834
954
276
96
279
384
508
886
1014
503
925
96
1148
862
1062
432
1252
1016
725
240
595
530
808
321
767
1077
957
591
354
415
649
899
662
833
379
1028
660
1101
924
420
355
561
213
435
641
100
596
505
1051
1074
1053
1053
1050
525
0
0
0
0
0
0
0
0
0
0
0
0
0
0
0
0
0
0
0
0
525
1075
1077
762
1062
1122
575
908
310
416
608
406
408
245
0
592
814
527
399
378
96
380
1094
1016
761
497
358
1050
1062
466
384
242
0
0
100
0
243
0
0
102
255
210
516
951
777
1024
960
395
0
0
221
406
235
310
0
0
314
490
1143
1095
1080
1050
1056
1056
918
417
1056
1050
831
507
1014
468
489
978
714
918
192
572
1058
830
1161
448
856
1152
769
1052
400
717
877
789
741
710
780
628
802
504
1169
739
806
569
853
812
1152
1126
894
558
384
384
0
809
711
282
1135
1056
507
366
606
627
429
669
511
663
766
697
1118
1089
814
356
520
632
1071
288
295
710
559
1200
1136
467
1067
975
1190
1060
351
922
875
241
914
1105
1117
1154
375
612
549
887
1083
1101
1056
975
852
290
928
547
1066
475
987
1090
1033
1288
1103
996
648
1165
1054
1073
864
375
801
813
522
494
1235
985
1059
1062
1053
396
699
1059
1053
1056
1075
1087
1073
1056
1056
1059
1053
1059
1101
404
1109
1056
1050
1053
1053
1050
1103
1108
1060
1076
1042
1061
642
1056
1050
570
702
576
276
510
228
414
276
0
468
354
971
1061
354
486
384
612
222
835
480
1012
438
1081
1120
726
1040
720
1010
564
1074
1250
1060
567
983
690
521
979
700
1016
1093
1050
1050
558
420
282
240
0
399
924
879
820
213
628
1220
1074
1056
984
548
776
642
235
222
0
597
512
737
587
820
400
529
666
480
1128
473
704
102
663
902
841
286
1073
1056
1050
1008
768
558
1050
1059
1065
531
0
0
0
0
0
0
0
0
0
0
0
0
0
0
0
0
0
0
0
0
0
525
1056
1059
1074
1008
668
1127
1119
1072
1054
610
1002
597
1132
1160
1110
1100
1100
1081
1054
1050
959
1112
1121
1014
1061
708
936
1072
1095
930
646
552
591
211
114
1123
1112
1165
1080
487
0
1141
1091
1081
1070
1056
1056
1050
731
1062
1056
1050
1050
1062
1068
1059
1041
852
392
552
444
929
985
1068
978
653
766
1103
1052
1094
1119
1082
1059
282
1217
746
1056
603
374
282
735
770
914
364
850
478
644
847
688
667
478
606
1121
584
948
354
572
1014
1159
1103
1050
978
234
861
827
529
1148
1053
694
372
924
399
1113
590
1053
738
902
740
1143
1043
1213
1062
597
595
374
398
486
481
1056
726
426
222
576
530
234
278
96
354
222
96
1015
535
803
759
498
638
545
810
518
1144
752
1050
586
1217
894
864
805
390
1199
744
625
1161
1134
1050
1050
1050
417
1056
1056
1055
1029
821
539
798
1083
951
0
546
1104
661
912
1064
1065
696
828
1058
1062
504
102
1059
1062
963
1080
641
1135
930
1054
1068
1069
1085
1125
1112
761
1060
816
1059
1056
1023
1060
1053
606
1068
974
514
989
963
1095
505
1146
870
866
1180
502
1135
582
1096
955
1114
1081
767
1081
492
467
928
416
548
1087
424
708
636
466
254
307
288
511
225
474
1070
1329
1109
1000
762
738
658
762
283
1088
905
665
1270
1187
1113
486
570
222
1114
1275
1075
277
354
954
385
1084
765
929
878
614
640
550
1066
1109
887
472
1070
759
1104
1083
552
1126
1081
897
1093
298
1078
669
1114
590
716
686
0
295
398
483
1048
1275
1088
858
355
793
1034
1058
960
885
372
1141
1159
1041
333
354
0
384
192
920
255
887
826
882
1116
1118
1065
617
798
1072
1082
1139
1056
1053
1053
830
528
1053
1056
1053
693
1003
1023
234
540
235
0
0
528
237
1077
598
372
933
432
883
375
276
1086
328
885
1064
1056
1059
1099
1146
1114
1059
1050
1053
1062
1017
1050
1055
957
952
1066
1055
1059
1059
1056
1062
1062
1075
1073
1065
696
1050
1056
1093
1052
1051
574
360
100
453
96
432
1159
643
1076
417
582
222
96
781
499
1041
540
1070
1111
806
1173
1077
222
660
192
1008
727
649
574
543
1228
1132
1138
841
288
496
390
97
0
486
432
569
869
580
690
331
664
392
949
642
540
931
572
659
593
1124
587
996
354
654
1142
1064
512
998
1128
1088
1067
1062
1053
1050
1050
525
0
0
0
0
0
0
0
0
0
0
0
0
0
0
0
0
0
0
0
0
0
0
0
525
1056
1059
1059
1056
1053
1059
681
795
1057
1053
1056
1053
1056
792
486
1050
528
1020
708
391
702
0
486
222
222
276
234
1183
401
1073
1059
1056
1050
1056
438
1056
621
1038
1062
576
1053
1053
1088
926
100
945
1054
1054
1050
910
705
918
702
792
558
444
546
96
1013
443
909
454
641
1251
1078
1002
579
225
225
0
630
0
222
96
378
1033
1047
767
476
940
1091
930
910
644
799
937
1101
1053
705
501
360
105
1127
625
941
367
874
1071
1096
1075
606
420
498
699
710
333
331
904
311
701
828
1117
690
1084
609
755
544
595
724
1037
1087
1075
1063
1059
1065
1062
1050
1054
528
0
0
0
0
0
0
0
0
0
0
0
0
0
0
0
0
0
528
1077
1078
1074
1077
1059
1053
1044
1053
588
372
222
510
231
844
385
792
922
1090
1050
1044
756
744
222
767
198
279
1029
888
1128
1211
1099
1090
1056
1059
1056
1067
1080
1098
1087
1056
1079
1077
846
276
96
798
617
503
1065
1076
791
416
429
999
1082
1051
1068
1067
1105
1106
587
1082
1090
1108
1078
528
0
0
0
0
0
0
0
0
0
0
0
0
0
0
0
0
0
0
0
525
1053
588
1056
1056
1017
534
564
564
564
366
948
444
835
1480
697
1074
1151
1151
1077
1053
978
1078
925
921
850
756
333
714
192
870
0
234
510
282
612
372
1011
1258
1218
1077
1153
0
0
0
1128
1062
1056
1053
1032
1050
1056
1072
482
539
253
278
418
402
0
1155
1273
1238
1188
1283
1246
1275
1180
1230
1364
1243
1227
1072
1062
1062
1056
957
921
417
357
418
1055
1266
1331
1200
1050
1079
990
1130
1221
1425
1030
1061
1061
1138
1434
1252
1053
1072
1142
1402
1052
1092
1135
1111
1052
1100
1150
1108
1080
1074
1053
1062
1078
907
1006
656
477
263
0
1121
1081
1085
1124
1093
1052
1061
1081
1093
1104
1087
1050
1121
1127
663
1055
636
1002
1056
834
414
354
222
930
1195
1446
1107
1051
1051
1093
1561
1380
570
1063
1078
1097
1509
1633
450
1062
1062
1065
361
486
1038
1383
1358
1191
1062
762
1129
1467
1411
1066
1074
1121
1322
821
1070
608
1159
680
1071
1056
1059
1065
1056
1056
1032
1050
1053
843
1008
1056
1056
1056
1056
1056
1056
873
348
0
0
0
0
0
0
0
0
0
