0
0
0
0
0
0
0
0
0
0
0
0
0
0
0
0
0
0
0
0
0
0
0
1
0
0
0
0
0
525
1059
1065
1056
834
1122
1127
1079
612
966
978
1125
732
1084
1062
1053
1062
1077
1074
1062
1068
1071
1065
1053
1050
813
805
358
1062
1065
1056
1071
1071
1059
1062
1062
1065
1065
1062
1056
1050
723
454
909
897
1062
1062
1065
1074
1065
1068
1061
1062
1068
624
1056
1065
1068
1065
1062
1062
1062
1062
705
924
280
846
868
1068
828
699
675
492
606
492
96
234
282
558
432
330
96
372
0
0
277
0
0
0
0
357
870
1053
1059
288
567
456
456
0
750
855
1053
913
1053
1056
1062
1068
1068
1062
1059
1102
1062
994
1057
1059
1044
1007
564
787
1011
840
906
1026
984
489
567
358
234
987
1032
1065
809
1059
1065
1065
1065
1071
1075
1059
1056
1062
1062
1059
1014
966
771
382
501
1050
789
934
528
841
486
492
427
481
483
447
542
279
471
351
429
240
196
222
0
222
0
0
492
1026
1008
507
453
477
1056
1056
459
756
645
621
990
360
709
712
354
375
375
96
369
0
0
623
747
372
360
411
963
1050
1056
1063
1056
559
252
230
383
370
1089
1083
1044
1059
1054
922
421
657
1105
1111
999
1053
1056
712
1008
1065
1077
1065
1059
1062
1065
1071
853
1062
1062
1042
442
795
517
592
514
572
551
544
492
0
685
389
1201
944
1027
1061
1050
708
499
564
222
489
1015
1057
1059
1062
1056
1050
1050
1056
1065
1069
1083
1065
1050
957
1053
1047
1002
222
986
1059
1074
1074
1065
1065
1062
1053
1056
1056
1056
1047
1071
1071
516
495
1053
1062
1065
456
954
843
791
1053
756
279
495
558
276
1056
1056
1014
1056
1059
1059
834
993
567
225
360
357
0
0
96
0
828
648
540
705
315
1038
1062
856
984
1062
1059
1053
619
627
692
830
288
1056
1059
393
1062
1056
1051
1050
1056
807
1062
1066
1063
1065
1068
1062
1065
1062
1060
1062
246
365
1062
1065
1056
849
951
1056
608
282
1050
1056
939
1059
1062
675
1065
1065
1068
1059
223
1053
1067
386
1072
1062
1038
456
251
0
201
363
0
441
1142
1043
1079
1150
765
914
768
905
869
1118
1168
1206
1131
1003
1047
685
846
1111
1116
1059
1065
1068
1050
512
1057
714
780
777
408
551
280
354
96
225
96
492
283
330
432
456
249
489
366
796
853
998
1003
1131
666
1062
1051
1068
832
1074
1065
972
1059
1068
1065
249
1069
1056
1089
828
755
939
995
387
719
508
238
382
1
911
415
1150
540
622
108
1065
970
330
225
937
591
285
536
1168
1119
1113
503
699
600
596
613
623
674
1077
978
801
564
678
510
390
816
857
912
125
863
545
889
838
505
948
966
1043
1150
1095
1080
1086
554
0
0
0
0
0
0
0
0
0
0
0
0
0
0
0
0
0
0
0
0
0
549
1077
1059
936
1053
1056
1062
1041
425
796
1040
809
797
1076
410
1105
1089
528
0
0
0
0
0
0
0
0
1
0
0
0
0
0
0
528
1062
534
0
0
0
0
0
0
0
0
0
0
594
1151
709
1170
1247
1040
589
655
829
221
116
240
249
591
781
1148
1157
1073
1072
1180
1156
827
823
902
1143
968
1198
1192
1147
1132
1039
1041
845
1200
1117
1056
1056
447
603
351
363
372
0
372
396
0
276
0
276
914
304
378
971
921
1065
929
708
570
465
484
953
727
624
228
1059
672
1053
1053
360
495
0
846
96
276
330
0
378
198
456
768
1078
1070
1054
767
800
1069
1029
507
292
276
486
369
826
461
192
671
881
757
1038
1125
1130
276
285
755
673
884
323
1104
658
975
1101
791
678
531
551
615
650
651
586
547
1041
411
1073
1065
1065
586
408
363
102
603
360
237
579
477
630
790
1075
663
448
875
286
1078
600
596
967
1066
986
1076
1072
1081
1060
525
0
0
0
0
0
0
0
0
3
0
0
0
0
0
0
0
0
0
0
0
0
0
0
0
0
0
0
0
0
0
0
0
0
525
1073
1117
1093
1082
1109
810
986
604
886
0
666
535
883
1251
1110
1226
1279
1243
1026
1050
1057
1142
1181
1212
1203
1197
1210
1042
1128
886
1185
1332
1197
1162
1095
1070
1059
1056
810
1059
1059
717
840
707
570
504
204
276
0
396
754
565
712
0
1075
1000
1091
239
798
279
360
382
356
389
224
378
96
374
985
940
1097
908
1071
992
708
607
1046
387
617
1082
1053
234
1050
1032
378
426
426
102
240
1112
1080
948
625
824
1058
785
816
1012
979
356
575
507
781
664
1057
442
1162
839
834
229
369
1040
513
291
1124
929
875
1076
853
842
290
1205
1331
1056
1058
513
1056
966
396
834
1041
421
420
0
438
1056
472
1056
651
768
1038
0
609
0
222
754
458
785
838
473
1087
438
1071
458
599
521
508
672
245
1056
1062
813
282
834
390
973
983
767
280
757
387
809
918
534
692
1225
1130
1065
1091
1089
1058
1050
1053
1059
528
0
0
0
0
0
5
0
0
0
0
0
0
0
0
0
0
0
0
0
0
0
0
0
0
0
0
0
0
0
0
0
0
0
0
0
0
0
0
0
0
0
0
0
0
0
0
0
0
0
0
0
0
0
0
0
0
0
0
0
0
0
0
0
0
0
0
0
0
528
1139
1141
1056
1064
1100
1193
1180
1061
429
402
557
579
350
0
434
448
812
1180
1171
1294
1164
1150
1123
1211
1225
1251
1217
1296
1200
1134
1072
1065
1094
1064
873
1053
1050
1056
791
813
561
474
276
0
927
616
412
854
1136
1056
535
423
996
396
432
99
284
330
834
366
111
0
387
276
444
249
564
664
937
1048
1104
925
1134
1103
606
281
515
359
366
0
596
978
834
586
384
1153
416
1065
898
285
96
913
667
282
362
693
942
109
796
923
601
0
736
1021
564
1218
852
1077
1068
1047
999
849
495
768
459
279
841
417
942
647
1010
579
682
737
397
939
493
519
806
1211
1059
1065
1076
1069
1056
1059
1053
786
1119
934
1145
1082
1065
1079
559
1080
1065
1110
400
955
1097
1068
1081
1076
1091
351
1063
1075
1062
1053
618
660
1056
1059
1077
1089
381
849
1143
1179
387
222
1158
1137
1103
1106
1052
222
926
1065
1068
726
361
703
960
529
867
1057
854
1049
658
779
389
509
508
0
437
577
711
448
959
477
596
670
953
790
496
415
414
414
450
333
103
0
105
0
0
0
105
102
99
0
912
1065
236
372
279
384
468
432
396
192
0
0
96
0
354
567
240
195
195
222
279
222
396
96
330
96
0
276
276
96
0
96
96
96
276
0
96
0
96
0
96
0
96
96
222
540
333
201
399
98
432
468
372
279
102
279
0
432
0
96
222
330
96
366
96
0
0
222
432
276
0
0
222
375
565
975
666
813
798
378
603
495
597
1065
1059
1059
1090
1078
525
0
0
0
0
0
0
0
0
0
0
0
0
0
0
0
0
0
0
0
0
0
0
0
0
0
0
0
0
0
0
0
0
0
0
0
0
0
0
0
0
0
0
0
0
0
0
0
0
0
0
0
0
0
0
0
0
0
0
0
0
0
0
0
0
0
0
0
0
0
0
0
0
531
1059
1041
1053
915
563
1145
568
540
658
1023
821
538
384
238
0
363
98
286
102
231
233
225
0
396
97
333
231
223
0
96
279
0
0
222
222
96
284
0
232
102
336
96
479
436
547
276
330
276
432
276
510
828
432
492
606
354
192
384
96
96
96
0
0
0
222
0
192
0
192
276
235
354
432
279
222
0
0
222
0
102
0
0
96
0
0
0
0
96
96
96
0
0
0
96
0
234
96
0
276
0
0
0
96
0
96
0
96
0
0
0
492
111
288
357
723
969
585
816
891
1020
1059
1086
1088
1074
1074
1071
1056
1081
1088
1098
1101
1178
287
1159
1046
379
405
367
366
483
3
431
295
0
245
115
572
314
905
532
603
562
771
737
679
703
439
638
702
1119
1065
1057
764
435
566
1053
768
624
390
285
305
256
0
424
993
746
543
133
380
546
942
980
944
1095
1064
1062
1059
1071
548
1053
1062
604
1056
1059
735
435
571
1065
610
999
597
720
1053
618
942
966
456
981
705
420
564
289
984
837
561
960
798
566
489
432
894
396
372
642
915
1059
1065
540
0
0
0
0
0
0
0
0
0
0
0
0
0
0
534
1065
876
810
942
1044
358
520
225
364
96
225
192
234
822
726
735
554
913
307
121
1219
627
861
1058
1062
1076
115
204
441
298
476
0
678
245
648
488
198
581
875
706
690
1142
1141
412
932
383
770
1005
726
1032
1058
957
1068
1057
1056
369
1062
405
498
504
378
1075
1280
841
1002
621
0
567
621
612
752
497
1109
589
1008
380
1085
1100
420
627
528
1130
906
298
1084
1133
384
510
959
1064
382
242
290
237
0
1119
1107
1067
1086
475
0
450
404
127
409
0
0
0
110
131
408
836
694
479
335
0
0
0
270
1175
1067
665
316
402
255
385
363
363
0
117
528
636
403
346
0
246
856
665
0
463
381
967
0
610
886
616
898
547
487
264
372
374
897
262
616
527
113
678
393
241
902
444
969
1060
1062
438
798
457
535
565
368
564
106
562
279
279
279
0
825
868
238
892
1274
0
608
596
229
1138
89
1122
1050
1062
519
1065
1062
1136
1156
390
1083
428
921
435
1098
1084
396
411
0
357
157
753
917
914
222
486
381
787
535
308
495
253
0
299
0
236
240
722
588
1065
1071
1077
1068
1059
528
0
0
0
0
0
0
0
0
0
0
0
0
0
0
0
0
0
0
0
0
0
0
0
0
0
0
0
0
0
0
0
0
0
0
0
0
531
1067
1110
557
1102
1051
764
609
645
379
231
101
0
743
528
544
826
427
1085
1065
1065
1056
1050
1059
941
606
634
867
1038
1016
372
612
1019
1069
566
1050
436
1062
604
588
447
480
450
568
360
96
243
387
414
282
0
232
231
454
100
99
1028
739
364
112
0
0
254
247
392
410
374
373
495
515
979
490
363
433
105
633
759
744
546
534
622
291
0
222
0
225
224
396
225
399
0
0
99
0
99
0
4
0
279
228
0
281
228
364
378
378
372
0
2
426
501
365
356
0
0
0
360
356
375
200
107
96
240
234
224
355
355
96
354
0
0
234
446
390
497
600
543
225
357
588
334
651
238
614
384
357
222
444
222
430
388
209
0
0
499
607
456
743
560
114
255
422
291
415
398
398
369
741
393
245
254
249
246
221
390
274
270
238
375
566
434
363
253
362
0
372
361
718
232
202
1127
1155
846
1141
652
1024
1093
794
1112
1067
1005
1054
355
779
1083
708
753
806
776
1158
264
504
785
1025
968
1148
1150
864
827
248
1092
602
581
854
413
684
1100
1158
1008
1190
1312
1318
957
927
1132
1228
1163
835
313
169
293
1234
0
424
310
898
591
1145
833
593
524
422
636
741
369
109
876
1043
685
1219
1214
884
303
644
478
642
527
627
254
738
1224
1136
1077
801
406
419
247
473
517
240
397
545
514
464
367
1024
718
498
235
740
279
736
524
922
1083
1162
1173
1118
573
702
438
480
924
642
1047
436
741
723
396
0
192
282
744
1065
1068
1074
1104
1153
1117
1019
1067
369
99
98
104
234
0
330
240
0
229
224
222
0
355
285
335
634
528
525
591
609
406
510
715
492
579
678
960
545
590
534
477
692
829
1112
1142
1191
1142
1080
731
195
486
1066
1083
1108
1086
889
345
496
749
423
422
432
276
330
399
0
96
384
513
287
288
288
376
346
0
496
443
243
380
253
113
105
0
248
1
420
1049
719
1122
1108
1065
1062
718
906
921
870
486
693
558
828
954
495
639
375
279
227
227
280
96
1081
437
899
866
868
320
421
1264
868
1101
916
650
104
0
333
795
736
112
595
582
678
105
859
106
1129
531
969
281
771
742
522
987
1060
1051
1050
743
506
906
659
722
1107
1105
1077
1059
1118
805
962
625
386
522
392
1088
501
624
636
1113
1090
1120
1128
1064
1056
820
254
639
932
1058
741
1059
1065
1059
906
238
939
609
714
1023
661
1047
498
981
978
423
792
0
0
0
354
0
0
354
1167
1284
1083
1070
699
99
366
405
1088
934
449
834
569
1165
410
663
810
1119
1209
1073
469
866
478
1177
1038
860
1077
1065
1062
1064
1065
1065
1059
1056
1040
877
914
1147
1116
393
364
398
544
0
404
444
853
1081
1098
1210
1075
1208
1208
1207
1101
1056
1059
495
1005
1053
747
227
417
195
414
367
222
738
227
1095
3
109
659
361
842
823
1216
917
1063
1065
1062
1053
1056
408
843
515
378
375
363
571
975
957
234
1020
756
753
975
1062
1065
534
0
0
0
0
0
0
0
0
0
0
0
0
0
0
0
531
1059
1056
1106
1173
1121
852
978
603
751
869
978
540
564
96
432
432
492
870
278
811
547
629
438
105
2
275
368
0
1050
663
417
445
674
400
245
138
139
399
326
416
353
0
243
99
435
584
538
338
230
1072
831
543
860
1097
1123
749
471
1111
1053
1059
1065
1068
1062
1135
1135
1062
716
966
615
1072
1106
1180
1127
364
378
237
447
555
1072
1158
1050
916
1043
1072
911
1346
1346
1257
1234
1281
1115
1167
1177
1113
1065
283
957
812
528
615
1155
1372
1327
1273
235
352
441
100
501
469
102
951
781
728
1092
1059
372
1058
969
1056
906
495
619
684
468
586
1151
1072
616
417
931
947
742
1040
994
1222
847
825
699
232
978
606
781
1010
582
625
1148
478
1101
504
243
586
571
10
777
524
197
1074
448
725
364
395
1022
1015
816
1062
1056
1065
1062
1104
330
116
621
1244
1117
1059
1074
1065
390
1056
1056
1053
1062
576
912
508
344
607
498
0
354
700
486
996
747
773
390
1010
1252
1078
1067
237
398
96
932
609
0
494
625
765
248
496
1095
1118
1100
1068
1084
1093
467
388
1082
1062
1114
0
362
409
521
520
119
776
799
597
435
561
390
464
426
8
1111
373
1123
1110
1088
1074
1065
1062
1062
681
344
344
192
444
96
0
200
509
772
432
1046
603
1115
1088
761
529
679
782
406
0
376
305
849
99
237
859
607
604
491
594
399
252
878
1059
1011
991
364
1059
897
999
1117
772
845
383
904
663
1213
580
653
1129
1065
1065
714
810
840
418
978
834
579
1026
501
941
780
279
354
354
354
0
396
222
0
224
276
0
927
870
388
675
1074
1070
1065
1005
1091
1160
1132
1062
606
600
705
372
351
564
96
1011
821
1061
921
543
612
914
605
1107
1037
616
1097
1025
1191
1086
1065
1061
1109
637
874
899
584
237
222
234
396
842
918
932
813
464
833
1219
1005
1074
1068
1065
1084
314
882
242
238
313
614
253
1197
1137
633
606
1098
1109
1046
624
896
108
390
240
363
361
771
1167
1118
1109
1109
749
357
357
483
96
235
0
96
0
354
96
672
500
960
649
946
887
99
579
312
574
507
1087
32
884
356
526
683
393
785
1122
1109
1062
1065
1056
1056
926
420
1038
453
630
558
610
372
603
435
399
330
369
912
606
110
330
840
1082
1088
1122
1132
1078
863
340
727
363
224
285
520
478
1060
391
560
494
473
646
786
529
1032
0
668
400
378
1001
469
589
798
802
1160
1096
1079
456
966
1057
925
990
960
573
583
676
960
0
804
1047
259
525
1055
792
1053
573
864
711
552
1056
604
972
1059
420
1050
368
952
966
1062
1056
813
924
607
941
534
615
409
840
226
366
648
387
234
192
355
376
665
804
1173
762
277
1035
678
1082
444
1086
535
1024
1064
1296
586
803
102
678
966
783
308
1178
772
1103
762
372
291
600
283
227
224
590
0
765
0
544
0
837
529
657
372
755
374
1162
860
606
584
379
850
647
946
1065
1067
1059
1062
1059
1047
737
357
949
1057
432
492
1050
1056
1065
534
0
0
0
0
0
0
0
0
0
0
81670
85527
92
0
0
0
525
1050
1065
1116
1105
635
1126
1080
1102
1032
676
400
698
420
961
877
876
501
524
100
286
100
192
300
107
199
102
197
299
0
107
0
4
409
268
135
491
256
515
289
615
1057
1128
1137
596
673
700
1117
455
533
593
664
292
372
377
117
243
365
241
228
102
410
249
636
398
380
411
679
900
1044
1089
668
1088
1082
1114
724
540
277
663
402
245
243
404
327
0
0
0
248
0
383
553
0
781
671
1107
1143
1113
1059
1056
1056
1065
1065
1059
288
978
1023
463
116
881
356
515
523
449
193
382
403
240
0
260
812
685
809
499
427
404
0
368
367
233
234
0
0
375
111
2
112
373
104
389
236
242
203
0
239
0
587
403
472
281
4
370
194
277
402
225
355
225
116
0
233
229
369
388
232
242
0
109
0
234
0
118
409
285
0
0
0
99
0
0
0
231
386
239
0
0
516
0
369
362
358
0
0
0
97
0
228
358
720
729
1055
966
752
747
921
853
482
560
403
438
259
253
0
7
0
1021
1100
1071
1122
1171
1247
1173
781
1076
673
873
370
403
395
308
415
547
597
452
387
580
840
461
261
0
392
0
395
600
408
105
319
0
1110
1084
1056
1060
1062
1059
1094
1127
1085
1065
1071
1077
1091
1060
1056
1068
1115
1068
1069
1111
1174
1167
811
1129
1096
1097
1059
1065
1062
1056
1052
1085
1069
959
598
401
410
301
234
238
96
0
234
0
330
453
514
531
601
638
622
671
491
622
568
751
831
994
732
704
858
527
562
660
314
596
740
1082
882
1060
1056
1062
1056
841
786
786
450
492
504
224
224
96
0
0
330
96
222
234
222
234
354
234
354
0
234
354
354
0
354
354
222
222
396
0
0
222
0
222
0
0
96
96
0
222
0
96
0
0
0
222
276
96
0
0
0
276
0
396
276
0
0
96
96
474
612
624
810
567
558
354
372
222
222
0
0
100
330
432
96
96
384
282
672
354
501
589
614
973
1059
1062
1053
0
1050
1053
1062
1067
1065
1056
594
1060
1062
1062
561
930
1008
966
736
1056
1056
759
1062
624
807
789
513
499
227
447
222
372
486
432
0
222
222
96
0
775
781
998
1063
878
254
1139
1339
1131
1137
120
534
364
376
226
516
667
801
727
287
852
387
823
301
840
846
609
376
538
580
1151
817
463
576
375
1068
810
548
983
1053
1060
837
725
414
99
1056
1062
987
1017
711
504
222
708
222
1301
1510
1108
1092
660
505
556
414
195
363
360
656
876
974
714
808
660
583
903
768
1075
909
791
613
1039
1074
1106
1071
1065
384
813
960
499
278
225
0
225
225
195
742
454
873
512
290
99
339
501
0
370
843
612
444
523
395
992
648
393
881
478
1111
1116
1062
337
570
521
971
293
714
1089
1053
1059
1056
1056
966
961
504
817
444
735
378
702
582
615
235
286
447
387
396
552
1053
1144
1174
1146
1178
880
489
1161
1123
1014
363
1053
1056
889
1034
593
648
1054
512
885
224
235
282
276
450
576
1131
880
1074
827
650
1097
968
977
1086
1220
768
1165
995
276
354
354
404
468
453
635
453
370
882
442
1020
1062
1081
1087
894
1110
1167
1138
1116
1089
1142
1208
1118
1036
1095
1101
1111
1097
963
1130
1164
1094
1072
1074
1084
1082
1082
1086
1068
1065
534
8
0
0
0
0
0
0
0
0
0
0
0
0
0
0
0
0
0
0
0
0
0
0
0
0
0
0
0
0
0
0
534
1067
1097
1027
1071
1063
1108
1029
658
387
427
252
464
569
0
477
396
226
892
1060
1051
914
754
696
691
465
863
1116
1235
1035
1049
770
1173
1110
764
651
814
876
522
538
631
507
476
281
119
0
0
0
377
377
0
430
382
8
281
109
1064
99
96
239
364
1059
1059
1068
1074
536
0
0
0
0
0
0
0
0
0
0
0
0
0
0
0
0
537
1093
1101
1068
988
1060
1059
1032
987
521
509
384
709
1169
1199
1096
798
1211
1330
1321
816
1149
1094
1053
1073
1082
1062
1067
1062
1027
98
205
352
243
454
0
683
247
0
237
376
256
251
13
401
354
411
359
610
458
1013
1097
1091
1062
1062
1073
1062
1059
1053
1056
1062
1056
495
720
642
105
366
282
354
0
96
882
529
919
782
890
642
480
1236
1132
1148
470
352
464
101
223
754
717
1032
486
381
225
734
404
811
251
627
942
1062
1065
568
101
687
431
668
299
0
750
144
801
1056
1061
726
752
1065
1053
1029
1062
870
690
1056
653
984
567
393
1356
862
1073
1064
441
444
366
281
1024
382
881
637
357
0
104
722
599
680
886
769
770
1075
842
512
827
1044
604
739
1127
1157
1122
1075
562
960
224
494
384
780
149
690
532
1190
1171
1145
374
675
1050
1078
1077
1054
1051
525
0
0
0
0
0
0
0
0
0
0
0
0
0
534
1074
1073
1065
889
1074
1071
1071
441
384
234
372
855
606
0
915
668
228
973
1156
1059
917
840
612
459
240
549
198
543
698
1100
779
1256
1100
1085
1056
1062
1059
1056
909
1002
1056
611
957
1053
364
354
354
222
222
372
1026
1056
1072
1080
1076
1065
1063
1066
1059
699
371
1062
1059
1056
1077
1065
1059
1074
1103
1101
1062
834
1053
1056
1062
1056
1056
1056
1063
983
1057
1056
1065
1068
534
0
0
0
0
0
0
0
0
0
0
0
0
0
0
0
0
0
0
0
0
0
0
0
0
534
1065
1062
564
1056
1065
1053
552
1053
1056
1062
1077
1068
493
834
954
282
96
279
384
507
881
1015
515
933
99
1157
861
1054
432
1257
1018
725
238
611
532
823
328
774
1081
963
591
354
427
648
901
663
833
387
1028
659
1105
922
428
358
562
213
435
648
102
606
508
1055
1080
1059
1062
1059
534
0
0
0
0
0
0
0
0
0
0
0
0
0
0
0
0
0
0
0
0
525
1077
1078
762
1062
1133
582
920
321
429
619
425
426
255
0
611
822
532
415
395
108
394
1118
1026
765
497
360
1059
1068
481
388
250
0
0
116
0
250
0
0
104
260
217
519
958
803
1042
978
404
0
0
227
414
235
325
0
0
327
497
1144
1114
1081
1059
1067
1059
918
417
1056
1056
837
507
1023
474
489
980
711
922
192
571
1052
837
1166
449
859
1156
765
1060
408
719
874
786
736
718
777
637
804
504
1170
727
810
572
851
823
1155
1134
900
561
384
384
0
807
714
282
1132
1061
507
366
606
624
439
667
511
666
765
704
1122
1099
817
362
527
631
1074
292
300
713
561
1225
1138
471
1072
982
1206
1063
358
923
875
248
922
1101
1121
1166
380
609
546
887
1094
1100
1059
981
864
292
925
551
1078
483
992
1101
1039
1307
1114
999
650
1173
1050
1080
876
378
804
814
525
496
1245
997
1072
1060
1053
399
705
1068
1062
1059
1080
1102
1089
1057
1056
1061
1053
1062
1109
413
1127
1060
1056
1065
1065
1056
1110
1116
1065
1082
1049
1067
654
1074
1056
573
711
582
276
508
231
420
277
0
471
354
973
1079
366
498
396
618
222
837
487
1011
448
1086
1129
725
1050
725
1017
571
1073
1259
1058
578
987
698
522
984
703
1018
1092
1069
1053
568
423
285
243
0
402
928
882
821
215
629
1230
1080
1056
984
560
797
653
250
223
0
607
512
737
590
825
405
541
673
488
1140
489
721
106
667
906
849
289
1083
1062
1062
1011
774
565
1053
1070
1076
534
0
0
0
0
0
0
0
0
0
0
0
0
0
0
0
0
0
0
0
0
0
528
1059
1059
1076
1010
671
1132
1132
1077
1050
613
1010
614
1139
1171
1129
1106
1105
1089
1058
1053
970
1123
1131
1028
1066
705
936
1081
1112
935
671
566
607
248
135
1137
1112
1172
1102
518
0
1162
1114
1091
1075
1056
1062
1059
744
1065
1062
1053
1059
1074
1077
1068
1044
858
400
552
444
928
992
1072
978
657
771
1114
1062
1096
1124
1087
1056
282
1221
766
1066
612
377
285
738
775
926
375
859
479
649
854
692
669
480
607
1126
583
951
360
578
1007
1157
1119
1062
978
234
870
828
531
1149
1054
706
378
930
399
1108
606
1059
744
901
742
1154
1045
1221
1057
599
607
390
402
488
486
1062
732
435
226
586
531
246
282
108
360
226
96
1014
534
803
769
504
644
545
813
520
1158
756
1054
589
1215
895
865
808
393
1201
747
623
1163
1130
1059
1056
1050
417
1056
1065
1060
1042
831
546
804
1084
951
0
568
1116
664
920
1067
1065
697
831
1055
1062
508
107
1068
1068
970
1092
644
1135
939
1063
1082
1071
1088
1134
1121
763
1073
828
1067
1061
1029
1067
1053
606
1072
977
518
996
963
1106
503
1155
889
879
1190
500
1138
588
1105
965
1121
1112
772
1087
493
471
934
431
562
1099
432
723
656
472
257
311
298
518
239
478
1075
1349
1124
1001
785
748
661
765
294
1095
905
676
1283
1193
1112
491
582
228
1115
1281
1073
287
359
963
395
1094
772
937
880
618
639
555
1084
1121
890
471
1076
760
1106
1087
550
1142
1082
899
1100
311
1093
691
1136
605
725
692
0
295
399
489
1054
1267
1092
862
357
796
1042
1059
969
891
374
1141
1165
1044
337
357
0
384
192
924
256
891
823
885
1126
1146
1080
621
803
1076
1086
1143
1064
1063
1056
834
540
1059
1059
1053
696
1013
1035
246
555
239
0
0
528
243
1080
607
383
939
436
889
375
279
1088
325
892
1068
1065
1062
1104
1153
1124
1071
1065
1061
1062
1020
1065
1077
973
958
1068
1059
1059
1062
1062
1065
1062
1080
1084
1074
711
1053
1059
1099
1059
1057
585
366
99
454
100
435
1161
652
1079
421
583
232
97
783
497
1040
545
1070
1114
813
1171
1081
228
666
197
1012
726
647
576
548
1242
1130
1143
853
296
498
391
97
0
489
432
573
880
585
694
330
666
389
948
647
544
936
573
660
594
1130
601
1005
361
651
1151
1068
514
999
1129
1087
1068
1068
1062
1059
1059
528
0
10
0
0
0
0
0
0
0
0
0
0
0
0
0
0
0
0
0
0
0
0
0
534
1065
1059
1065
1062
1065
1074
696
798
1058
1059
1067
1059
1059
793
486
1050
537
1020
708
399
702
0
490
226
222
276
234
1185
404
1083
1068
1062
1056
1059
441
1056
624
1046
1062
576
1059
1065
1101
932
105
952
1057
1068
1056
915
705
918
702
792
558
445
546
97
1015
444
914
456
635
1253
1075
1002
582
228
228
0
633
0
222
97
381
1040
1057
779
481
945
1093
932
917
644
810
945
1104
1053
705
508
366
113
1133
627
948
378
880
1092
1106
1087
609
426
499
706
711
336
333
909
312
708
829
1134
695
1089
615
760
554
602
733
1046
1101
1091
1067
1062
1068
1062
1050
1056
531
0
0
0
0
0
0
0
0
0
0
0
0
0
0
0
0
0
537
1092
1085
1081
1082
1062
1065
1061
1062
594
375
233
510
233
849
386
804
926
1097
1052
1050
771
759
226
762
204
286
1031
893
1133
1216
1097
1095
1065
1064
1059
1068
1081
1108
1096
1060
1080
1080
846
283
96
801
620
505
1071
1083
798
416
444
1011
1097
1059
1069
1072
1113
1115
592
1107
1102
1115
1084
531
0
0
0
0
16
0
0
0
0
0
0
0
0
0
0
0
0
0
0
525
1053
591
1062
1062
1020
537
565
564
564
366
948
445
837
1492
698
1076
1165
1166
1083
1060
990
1081
926
927
855
765
334
721
198
874
0
234
510
282
612
372
1015
1264
1214
1077
1159
0
0
0
1143
1065
1062
1056
1032
1050
1056
1074
495
544
259
278
422
402
0
1167
1277
1238
1201
1296
1261
1262
1190
1239
1367
1249
1236
1085
1068
1062
1064
960
921
423
368
427
1064
1267
1325
1198
1053
1091
1000
1131
1229
1433
1042
1075
1067
1147
1445
1252
1065
1089
1153
1410
1048
1091
1135
1121
1070
1099
1153
1112
1083
1074
1053
1063
1086
922
1030
658
492
271
0
1126
1083
1086
1132
1103
1061
1081
1083
1100
1119
1101
1062
1135
1131
673
1056
642
1014
1065
838
414
354
222
934
1196
1453
1113
1056
1059
1096
1564
1389
572
1065
1082
1107
1505
1632
456
1062
1068
1071
369
490
1049
1390
1359
1196
1068
767
1134
1480
1417
1075
1080
1128
1328
829
1075
615
1170
675
1075
1062
1074
1083
1065
1059
1032
1050
1056
852
1011
1062
1062
1053
1050
1059
1068
882
348
0
0
0
0
0
0
0
0
0
