1281
1281
1281
1281
1281
1281
1281
1281
1281
1281
1281
1281
1281
1281
1280
1280
1280
1280
1280
1280
1280
1280
1280
1280
1280
1280
1280
1280
1280
1280
1280
1280
1280
1280
1280
1280
1280
1280
1280
1280
1280
1280
1280
1280
1280
1280
1280
1280
1280
1280
1280
1280
1280
1280
1280
1280
1280
1280
1280
1280
1280
1280
1280
1280
1280
1280
1280
1280
1280
1280
1280
1280
1280
1280
1280
1280
1280
1280
1280
1280
1280
1280
1280
1280
1281
1281
1281
1281
1281
1281
1281
1281
1280
1280
1280
1280
1280
1280
1280
1280
1280
1280
1280
1280
1280
1280
1280
1280
1280
1280
1280
1280
1280
1280
1280
1280
1280
1280
1280
1280
1280
1280
1280
1280
1280
1280
1280
1280
1280
1280
1280
1280
1280
1280
1280
1280
1280
1280
1280
1280
1280
1280
1280
1280
1280
1280
1280
1280
1280
1280
1280
1280
1280
1280
1280
1280
1280
1280
1280
1280
1280
1280
1280
1281
1280
1280
1280
1280
1280
1280
1280
1280
1280
1280
1280
1280
1280
1280
1280
1280
1280
1280
1280
1280
1280
1280
1280
1280
1280
1280
1280
1280
1280
1280
1280
1280
1280
1280
1280
1280
1280
1280
1280
1280
1280
1280
1280
1280
1280
1282
1280
1280
1280
1280
1280
1280
1280
1280
1280
1280
1280
1281
1280
1280
1280
1280
1280
1280
1281
1280
1280
1280
1280
1280
1281
1280
1280
1280
1280
1280
1280
1280
1280
1280
1280
1280
1280
1280
1280
1280
1280
1280
1280
1280
1280
1280
1280
1280
1280
1280
1280
1280
1280
1280
1280
1280
1280
1280
1280
1280
1280
1280
1280
1280
1281
1280
1280
1280
1280
1280
1280
1280
1280
1280
1280
1280
1280
1283
1290
1305
1315
1313
1320
1319
1305
1305
1305
1305
1305
1305
1321
1305
1307
1325
1333
1335
1343
1342
1343
1346
1341
1341
1347
1340
1343
1342
1342
1348
1353
1351
1357
1357
1361
1366
1368
1369
1371
1375
1374
1375
1379
1376
1384
1388
1388
1388
1375
1375
1382
1387
1387
1405
1403
1394
1412
1418
1412
1416
1427
1426
1428
1428
1423
1425
1425
1423
1423
1435
1444
1448
1453
1452
1455
1453
1455
1460
1466
1469
1469
1465
1471
1481
1484
1483
1488
1486
1479
1496
1507
1507
1510
1510
1509
1518
1527
1526
1528
1512
1512
1512
1529
1534
1537
1535
1542
1544
1545
1545
1540
1542
1542
1542
1542
1542
1551
1560
1561
1577
1579
1577
1581
1580
1579
1581
1577
1583
1577
1577
1577
1577
1578
1577
1577
1577
1577
1577
1595
1577
1597
1580
1582
1584
1584
1584
1584
1585
1585
1585
1585
1585
1585
1585
1585
1585
1586
1584
1584
1584
1584
1582
1582
1598
1599
1601
1604
1600
1593
1591
1591
1590
1590
1590
1590
1590
1590
1591
1590
1590
1590
1590
1590
1590
1590
1590
1590
1590
1590
1590
1590
1590
1587
1587
1587
1587
1587
1587
1587
1587
1587
1587
1587
1587
1587
1587
1587
1587
1587
1587
1587
1587
1587
1587
1587
1587
1587
1587
1587
1587
1587
1587
1587
1587
1587
1587
1587
1587
1587
1587
1587
1587
1587
1587
1587
1587
1587
1587
1587
1592
1592
1596
1611
1610
1615
1615
1623
1623
1624
1630
1636
1615
1629
1619
1620
1620
1632
1635
1639
1644
1641
1629
1648
1650
1658
1653
1645
1648
1647
1647
1647
1651
1660
1660
1683
1681
1676
1676
1676
1676
1676
1676
1676
1682
1697
1698
1700
1704
1707
1710
1715
1715
1711
1708
1708
1708
1709
1719
1719
1727
1720
1743
1740
1737
1739
1743
1748
1748
1752
1757
1761
1760
1768
1761
1766
1765
1763
1764
1768
1770
1782
1780
1784
1791
1800
1806
1801
1804
1805
1808
1801
1819
1817
1821
1823
1820
1822
1830
1822
1821
1821
1821
1821
1821
1832
1841
1844
1845
1846
1850
1854
1853
1848
1847
1844
1844
1844
1844
1847
1855
1860
1862
1878
1883
1886
1885
1885
1890
1895
1900
1898
1884
1884
1888
1890
1888
1908
1908
1908
1908
1908
1907
1901
1908
1895
1909
1915
1919
1920
1916
1915
1933
1931
1930
1938
1938
1941
1947
1944
1943
1941
1941
1941
1941
1941
1941
1941
1941
1940
1940
1940
1940
1940
1940
1940
1940
1940
1946
1956
1956
1975
1977
1978
1980
1986
1987
1990
1991
1997
1995
2010
2003
1999
2020
2019
2024
2022
2031
2031
2025
2033
2031
2031
2031
2031
2043
2051
2067
2074
2072
2066
2066
2070
2075
2078
2083
2087
2078
2096
2096
2096
2103
2104
2104
2109
2111
2116
2116
2109
2129
2132
2130
2128
2131
2138
2137
2136
2152
2154
2154
2161
2156
2157
2156
2154
2164
2173
2172
2161
2162
2162
2184
2183
2189
2188
2193
2187
2200
2202
2207
2204
2201
2207
2211
2199
2199
2199
2200
2201
2200
2199
2199
2199
2199
2199
2199
2199
2199
2199
2199
2199
2199
2199
2199
2199
2199
2199
2199
2199
2199
2199
2199
2199
2199
2199
2199
2199
2199
2199
2199
2199
2199
2199
2199
2199
2199
2199
2199
2199
2199
2199
2199
2202
2202
2202
2202
2202
2202
2202
2202
2202
2202
2202
2202
2202
2202
2203
2206
2226
2222
2236
2235
2237
2241
2225
2228
2228
2228
2228
2228
2228
2228
2228
2228
2228
2228
2228
2234
2234
2234
2234
2235
2235
2235
2236
2234
2234
2235
2235
2234
2235
2234
2234
2235
2234
2234
2234
2234
2234
2234
2234
2234
2234
2234
2234
2234
2234
2234
2234
2234
2234
2234
2234
2234
2234
2234
2234
2255
2258
2243
2245
2260
2264
2265
2274
2274
2278
2275
2274
2275
2281
2283
2286
2286
2286
2284
2279
2289
2292
2295
2299
2297
2302
2306
2307
2316
2310
2310
2309
2309
2309
2309
2309
2331
2333
2335
2333
2337
2343
2348
2349
2335
2338
2338
2348
2349
2354
2360
2364
2367
2359
2358
2358
2358
2360
2360
2360
2360
2360
2360
2383
2388
2387
2387
2388
2388
2387
2385
2391
2391
2385
2403
2403
2409
2409
2408
2408
2407
2408
2404
2404
2404
2407
2407
2407
2402
2401
2401
2401
2401
2403
2402
2403
2403
2403
2403
2403
2403
2403
2401
2402
2402
2404
2404
2404
2404
2406
2406
2407
2396
2397
2397
2397
2397
2398
2398
2398
2398
2397
2397
2397
2397
2397
2397
2397
2397
2397
2397
2397
2397
2397
2397
2397
2397
2397
2397
2397
2397
2397
2397
2397
2403
2403
2424
2429
2431
2433
2433
2448
2451
2453
2455
2456
2453
2449
2455
2456
2456
2451
2450
2452
2452
2453
2448
2450
2457
2471
2485
2493
2495
2512
2501
2503
2503
2503
2503
2523
2515
2520
2532
2532
2541
2541
2541
2541
2560
2561
2559
2554
2554
2553
2552
2560
2562
2559
2558
2558
2556
2557
2559
2559
2559
2556
2560
2554
2562
2573
2584
2585
2596
2598
2616
2615
2626
2627
2622
2622
2628
2629
2629
2625
2626
2627
2626
2626
2624
2625
2630
2623
2632
2635
2624
2624
2624
2622
2622
2622
2622
2622
2622
2622
2622
2622
2622
2622
2622
2622
2622
2622
2622
2622
2622
2622
2622
2629
2633
2653
2655
2658
2654
2659
2659
2659
2659
2659
2656
2663
2658
2662
2666
2668
2665
2666
2666
2668
2663
2665
2667
2668
2668
2668
2666
2668
2668
2668
2668
2667
2665
2660
2668
2676
2677
2696
2697
2697
2697
2697
2694
2700
2700
2693
2694
2698
2694
2693
2693
2695
2694
2702
2700
2697
2700
2701
2704
2703
2702
2702
2702
2702
2702
2702
2699
2699
2700
2701
2699
2701
2702
2703
2698
2697
2696
2697
2698
2698
2703
2703
2703
2709
2707
2709
2710
2710
2710
2712
2713
2703
2707
2705
2705
2705
2705
2705
2705
2707
2707
2707
2706
2706
2726
2722
2730
2727
2727
2728
2728
2730
2721
2724
2723
2723
2723
2723
2723
2723
2723
2723
2723
2725
2725
2725
2725
2725
2722
2723
2736
2728
2730
2730
2729
2729
2729
2729
2729
2729
2729
2729
2729
2729
2729
2729
2729
2727
2727
2727
2727
2727
2727
2727
2727
2727
2727
2727
2727
2727
2727
2727
2727
2727
2727
2727
2727
2727
2727
2727
2727
2728
2728
2728
2728
2730
2731
2747
2749
2749
2749
2743
2747
2756
2752
2749
2752
2749
2749
2749
2749
2749
2749
2749
2749
2756
2756
2760
2759
2762
2757
2756
2756
2756
2756
2756
2756
2757
2757
2757
2757
2757
2757
2757
2757
2757
2757
2757
2757
2759
2763
2763
2763
2763
2779
2780
2770
2774
2774
2774
2774
2774
2774
2774
2774
2774
2774
2774
2774
2774
2774
2774
2794
2795
2793
2792
2792
2792
2792
2792
2792
2794
2792
2796
2801
2810
2810
2809
2811
2811
2806
2809
2809
2807
2804
2806
2805
2809
2807
2812
2812
2801
2801
2801
2801
2801
2801
2801
2803
2800
2802
2802
2803
2810
2807
2808
2795
2795
2801
2801
2800
2801
2801
2801
2801
2801
2808
2813
2812
2810
2810
2812
2810
2811
2811
2811
2791
2809
2809
2808
2809
2809
2812
2794
2798
2794
2809
2805
2807
2807
2806
2809
2803
2805
2808
2803
2804
2808
2812
2812
2805
2805
2801
2800
2801
2801
2801
2801
2800
2799
2799
2799
2799
2799
2802
2807
2809
2808
2807
2806
2806
2806
2808
2810
2810
2810
2811
2807
2808
2798
2798
2798
2799
2806
2811
2806
2811
2810
2808
2807
2804
2808
2807
2806
2809
2807
2806
2810
2810
2810
2810
2808
2806
2811
2811
2807
2805
2808
2806
2808
2809
2809
2805
2809
2809
2809
2808
2809
2807
2810
2807
2805
2805
2806
2805
2810
2809
2799
2800
2800
2800
2798
2795
2795
2809
2809
2809
2810
2809
2810
2810
2810
2809
2796
2796
2794
2794
2794
2794
2794
2793
2793
2793
2793
2791
2791
2791
2791
2791
2791
2803
2803
2804
2804
2804
2807
2805
2797
2802
2804
2803
2795
2796
2798
2796
2796
2796
2796
2796
2796
2796
2796
2796
2796
2796
2796
2797
2796
2796
2796
2796
2804
2797
2796
2796
2796
2796
2796
2796
2796
2796
2796
2796
2796
2796
2796
2796
2796
2796
2796
2796
2796
2796
2796
2796
2796
2796
2796
2796
2796
2796
2796
2796
2796
2796
2796
2796
2802
2802
2804
2810
2827
2827
2829
2829
2826
2828
2832
2831
2844
2844
2840
2845
2842
2833
2834
2836
2836
2836
2836
2834
2834
2834
2834
2834
2836
2836
2836
2836
2836
2836
2851
2852
2855
2855
2858
2861
2862
2862
2866
2867
2870
2859
2862
2862
2861
2861
2861
2861
2861
2861
2861
2879
2861
2885
2881
2888
2891
2889
2886
2892
2892
2897
2899
2893
2896
2899
2899
2897
2896
2896
2894
2895
2899
2900
2907
2907
2907
2908
2913
2903
2904
2904
2904
2904
2904
2904
2904
2904
2904
2904
2904
2904
2904
2904
2904
2921
2920
2921
2925
2929
2933
2934
2933
2938
2940
2947
2941
2934
2938
2938
2938
2938
2938
2938
2938
2949
2954
2958
2958
2958
2977
2973
2979
2979
2977
2980
2983
2984
2981
2986
2988
2993
2997
2990
3003
3008
3011
3008
3009
3011
3001
3001
3001
3000
3004
3026
3028
3028
3026
3022
3028
3034
3019
3019
3019
3019
3040
3042
3039
3044
3031
3032
3032
3032
3034
3034
3034
3034
3034
3034
3034
3034
3034
3034
3034
3034
3034
3033
3047
3046
3046
3048
3044
3044
3044
3044
3047
3034
3033
3033
3033
3033
3033
3033
3033
3033
3033
3033
3033
3033
3033
3033
3033
3033
3033
3033
3033
3033
3033
3033
3033
3033
3033
3033
3033
3033
3033
3033
3033
3033
3033
3033
3033
3033
3033
3033
3033
3033
3033
3033
3033
3033
3033
3033
3033
3033
3032
3032
3032
3032
3032
3032
3032
3032
3032
3032
3032
3032
3032
3032
3032
3032
3032
3032
3032
3032
3032
3032
3032
3032
3032
3032
3032
3034
3055
3043
3047
3066
3066
3066
3066
3061
3067
3070
3070
3071
3071
3059
3059
3060
3060
3060
3060
3060
3061
3060
3060
3074
3074
3078
3081
3086
3086
3086
3086
3086
3086
3086
3086
3095
3105
3107
3108
3115
3113
3113
3113
3113
3119
3115
3117
3124
3134
3133
3133
3133
3133
3128
3138
3137
3144
3156
3157
3160
3160
3160
3160
3160
3157
3161
3160
3160
3168
3173
3172
3172
3172
3172
3177
3179
3181
3170
3170
3171
3172
3172
3167
3182
3181
3179
3179
3179
3179
3179
3180
3180
3178
3178
3178
3178
3178
3178
3178
3178
3178
3178
3178
3178
3179
3177
3180
3185
3186
3187
3187
3192
3197
3200
3200
3202
3202
3203
3205
3206
3206
3193
3207
3196
3197
3198
3200
3202
3220
3221
3221
3221
3221
3221
3219
3219
3223
3222
3225
3224
3222
3220
3220
3219
3223
3223
3222
3220
3220
3226
3223
3226
3219
3214
3214
3214
3214
3214
3214
3214
3214
3206
3228
3219
3211
3222
3224
3223
3223
3225
3226
3224
3220
3222
3222
3222
3226
3226
3226
3219
3218
3218
3218
3220
3220
3220
3220
3225
3228
3229
3218
3225
3224
3225
3223
3224
3224
3224
3223
3234
3235
3234
3234
3241
3241
3230
3232
3231
3233
3233
3233
3233
3231
3231
3230
3230
3230
3230
3230
3230
3231
3252
3250
3254
3256
3259
3255
3255
3255
3259
3244
3246
3248
3248
3248
3248
3247
3245
3245
3245
3245
3245
3245
3261
3252
3252
3252
3252
3252
3252
3252
3252
3252
3252
3252
3252
3252
3252
3252
3252
3252
3252
3252
3252
3252
3252
3252
3252
3252
3252
3256
3270
3258
3260
3260
3276
3276
3275
3275
3280
3280
3281
3281
3281
3281
3277
3280
3286
3288
3288
3292
3293
3295
3285
3285
3285
3285
3285
3285
3285
3285
3285
3285
3285
3285
3285
3285
3285
3285
3285
3285
3285
3285
3285
3285
3285
3289
3289
3291
3291
3309
3309
3309
3306
3302
3302
3302
3302
3302
3302
3302
3302
3302
3302
3302
3302
3302
3302
3302
3302
3320
3323
3320
3322
3327
3327
3324
3324
3324
3324
3324
3325
3326
3325
3334
3335
3334
3334
3333
3331
3336
3332
3332
3332
3335
3337
3333
3332
3333
3334
3331
3333
3331
3336
3328
3330
3325
3324
3331
3326
3324
3324
3324
3324
3324
3324
3324
3324
3324
3324
3324
3324
3324
3324
3324
3324
3324
3324
3324
3324
3324
3324
3324
3324
3324
3324
3324
3324
3324
3327
3329
3331
3352
3354
3354
3354
3354
3355
3353
3351
3352
3351
3354
3352
3352
3352
3353
3353
3354
3354
3354
3354
3354
3352
3354
3355
3360
3358
3362
3360
3358
3360
3362
3361
3363
3363
3365
3365
3369
3369
3370
3370
3370
3376
3376
3378
3381
3382
3381
3379
3379
3376
3375
3375
3373
3373
3373
3373
3373
3373
3373
3373
3373
3378
3382
3384
3382
3381
3380
3382
3383
3383
3392
3389
3394
3389
3395
3398
3391
3391
3391
3391
3391
3391
3395
3394
3384
3384
3384
3384
3387
3384
3400
3399
3388
3388
3388
3388
3388
3388
3388
3388
3388
3388
3388
3388
3388
3388
3388
3387
3387
3387
3387
3387
3389
3389
3389
3389
3389
3389
3389
3389
3389
3389
3389
3389
3389
3389
3389
3389
3389
3389
3389
3389
3389
3389
3389
3389
3389
3389
3389
3389
3389
3389
3389
3389
3389
3389
3389
3389
3389
3389
3389
3389
3389
3389
3389
3389
3389
3389
3389
3389
3387
3387
3387
3387
3387
3387
3387
3387
3387
3387
3387
3387
3387
3387
3387
3387
3387
3387
3387
3387
3387
3387
3387
3387
3387
3387
3387
3387
3387
3387
3387
3387
3387
3387
3387
3387
3387
3387
3387
3387
3388
3408
3409
3413
3410
3420
3418
3421
3425
3429
3423
3419
3422
3412
3417
3417
3417
3417
3417
3430
3432
3439
3442
3446
3448
3447
3449
3453
3453
3457
3454
3458
3463
3464
3465
3466
3447
3467
3465
3465
3450
3472
3474
3471
3477
3477
3478
3478
3479
3482
3486
3488
3490
3489
3488
3493
3491
3492
3494
3496
3503
3503
3503
3488
3492
3492
3496
3496
3494
3493
3507
3510
3510
3507
3513
3518
3517
3514
3519
3526
3531
3523
3523
3526
3529
3534
3533
3528
3528
3528
3528
3528
3524
3524
3524
3524
3524
3524
3524
3524
3524
3524
3524
3524
3524
3524
3528
3536
3540
3556
3558
3558
3559
3557
3557
3556
3555
3557
3558
3559
3559
3559
3558
3562
3562
3563
3566
3554
3571
3575
3577
3581
3580
3581
3579
3581
3582
3581
3582
3582
3581
3583
3588
3588
3595
3601
3605
3602
3602
3602
3602
3602
3604
3602
3591
3596
3596
3596
3596
3596
3596
3596
3596
3596
3595
3595
3595
3595
3595
3595
3595
3595
3595
3595
3595
3595
3595
3595
3595
3595
3595
3595
3595
3595
3595
3595
3595
3595
3595
3595
3595
3595
3595
3595
3595
3595
3595
3595
3595
3595
3595
3595
3595
3595
3595
3595
3595
3595
3595
3595
3595
3595
3595
3595
3595
3595
3595
3595
3595
3595
3595
3595
3595
3595
3595
3595
3595
3595
3595
3595
3595
3595
3595
3595
3595
3595
3595
3595
3595
3596
3595
3595
3595
3586
3604
3603
3595
3595
3593
3593
3598
3600
3596
3595
3595
3595
3595
3595
3595
3595
3594
3594
3594
3594
3594
3594
3594
3594
3594
3594
3594
3594
3594
3594
3594
3594
3594
3594
3594
3594
3594
3594
3594
3594
3594
3594
3594
3594
3594
3594
3594
3594
3594
3594
3594
3594
3594
3594
3594
3594
3594
3594
3594
3594
3594
3594
3594
3594
3594
3594
3594
3594
3594
3594
3594
3594
3594
3594
3594
3594
3595
3595
3595
3595
3595
3595
3595
3595
3595
3595
3595
3595
3595
3595
3595
3595
3595
3595
3595
3595
3595
3595
3595
3595
3595
3595
3595
3595
3595
3595
3595
3595
3595
3595
3595
3595
3595
3595
3595
3595
3595
3595
3595
3595
3595
3595
3595
3595
3595
3595
3596
3600
3604
3595
3596
3597
3597
3598
3597
3596
3597
3597
3597
3597
3597
3597
3597
3597
3597
3597
3597
3597
3597
3597
3597
3597
3597
3597
3597
3597
3597
3597
3597
3597
3597
3597
3597
3597
3597
3597
3614
3619
3625
3625
3622
3622
3625
3625
3624
3628
3636
3638
3637
3640
3641
3640
3644
3642
3630
3630
3633
3633
3633
3633
3633
3633
3633
3633
3633
3633
3632
3632
3632
3633
3649
3649
3649
3632
3632
3632
3632
3650
3652
3652
3632
3632
3632
3632
3632
3653
3651
3650
3654
3658
3659
3661
3653
3653
3653
3653
3653
3653
3653
3653
3653
3653
3653
3653
3653
3653
3653
3657
3670
3678
3681
3680
3678
3679
3684
3682
3671
3671
3671
3671
3671
3671
3671
3671
3671
3671
3675
3675
3675
3675
3675
3675
3675
3675
3675
3675
3676
3679
3681
3699
3702
3705
3706
3705
3706
3705
3706
3704
3713
3703
3703
3705
3708
3711
3714
3718
3716
3719
3725
3721
3723
3724
3728
3731
3729
3730
3730
3731
3729
3730
3727
3730
3741
3748
3752
3752
3752
3752
3752
3752
3748
3735
3740
3740
3740
3736
3752
3750
3748
3752
3753
3754
3751
3751
3751
3751
3751
3751
3735
3735
3735
3735
3747
3749
3754
3754
3754
3754
3753
3753
3750
3748
3750
3750
3751
3752
3752
3747
3747
3748
3747
3748
3748
3747
3747
3750
3750
3750
3750
3750
3750
3750
3750
3750
3752
3750
3750
3750
3753
3749
3736
3739
3739
3739
3739
3750
3753
3754
3754
3754
3754
3754
3754
3754
3750
3749
3749
3749
3748
3748
3748
3748
3748
3748
3748
3748
3748
3748
3737
3737
3736
3736
3736
3736
3736
3736
3736
3736
3736
3736
3736
3751
3750
3750
3750
3750
3737
3749
3738
3738
3738
3738
3738
3738
3739
3740
3740
3740
3741
3742
3741
3742
3741
3742
3741
3742
3741
3740
3740
3739
3740
3740
3739
3739
3739
3739
3739
3739
3739
3739
3739
3739
3739
3739
3739
3739
3739
3739
3739
3739
3739
3739
3739
3739
3739
3739
3739
3739
3739
3739
3739
3739
3739
3739
3739
3739
3739
3739
3739
3739
3739
3739
3739
3739
3739
3753
3768
3770
3769
3771
3771
3776
3776
3775
3774
3774
3785
3784
3790
3790
3792
3792
3793
3797
3779
3785
3786
3786
3787
3787
3787
3787
3787
3787
3786
3787
3803
3809
3792
3809
3814
3812
3816
3818
3822
3830
3831
3828
3825
3830
3829
3828
3832
3818
3820
3821
3821
3821
3821
3821
3821
3831
3832
3838
3841
3851
3850
3856
3853
3847
3846
3846
3845
3845
3845
3845
3851
3861
3866
3885
3885
3885
3886
3886
3885
3885
3889
3892
3888
3888
3888
3888
3888
3906
3910
3910
3895
3923
3920
3918
3922
3924
3924
3928
3921
3924
3924
3926
3926
3940
3936
3945
3956
3952
3955
3956
3962
3963
3961
3956
3971
3982
3983
3984
3992
3988
3992
3994
3975
3975
3975
3975
3979
3979
3979
3992
3999
4002
4006
4006
4012
4015
4019
4011
4012
4012
4012
4012
4013
4013
4013
4013
4015
4028
4035
4034
4035
4041
4043
4050
4046
4055
4056
4057
4045
4046
4045
4042
4053
4058
4060
4066
4065
4068
4072
4074
4074
4075
4074
4077
4077
4077
4078
4078
4082
4081
4078
4085
4095
4096
4092
4097
4101
4099
4099
4100
4101
4104
4107
4107
4109
4108
4115
4119
4119
4105
4108
4111
4111
4111
4111
4111
4109
4107
4123
4138
4120
4139
4143
4142
4145
4147
4147
4146
4147
4133
4134
4133
4149
4150
4150
4150
4156
4152
4159
4157
4159
4162
4162
4170
4168
4170
4173
4174
4176
4176
4176
4177
4178
4175
4175
4173
4173
4172
4174
4177
4176
4175
4179
4179
4178
4176
4174
4177
4176
4173
4170
4170
4173
4172
4171
4175
4174
4175
4176
4176
4175
4173
4173
4175
4176
4176
4176
4176
4176
4176
4177
4176
4175
4176
4177
4174
4171
4173
4174
4175
4175
4175
4175
4175
4173
4174
4173
4174
4175
4165
4166
4168
4168
4167
4167
4167
4167
4167
4167
4167
4167
4166
4166
4166
4166
4166
4166
4166
4166
4166
4166
4166
4166
4166
4166
4166
4167
4167
4167
4167
4167
4166
4166
4166
4166
4166
4166
4166
4166
4166
4166
4166
4166
4166
4166
4166
4166
4166
4166
4166
4166
4166
4166
4166
4166
4166
4166
4166
4166
4166
4166
4167
4167
4166
4166
4166
4166
4166
4166
4166
4166
4166
4166
4166
4166
4166
4166
4166
4166
4166
4167
4166
4166
4167
4166
4166
4166
4166
4166
4166
4166
4166
4166
4166
4166
4166
4166
4166
4166
4166
4166
4183
4184
4185
4188
4186
4172
4176
4178
4181
4201
4206
4212
4214
4221
4220
4220
4225
4227
4228
4230
4231
4235
4238
4243
4241
4249
4249
4255
4256
4261
4262
4268
4265
4255
4259
4261
4265
4280
4287
4292
4294
4296
4300
4302
4300
4305
4304
4309
4310
4309
4309
4310
4312
4311
4311
4300
4301
4324
4328
4327
4327
4332
4334
4333
4340
4339
4343
4343
4342
4338
4345
4343
4345
4346
4347
4347
4345
4347
4348
4344
4346
4345
4335
4335
4335
4335
4335
4335
4334
4329
4345
4349
4350
4347
4347
4347
4347
4349
4334
4331
4332
4337
4337
4337
4337
4351
4352
4354
4356
4357
4358
4356
4361
4361
4359
4357
4358
4358
4358
4358
4358
4358
4358
4362
4359
4358
4362
4362
4362
4358
4362
4357
4366
4352
4354
4354
4353
4371
4369
4365
4365
4367
4364
4365
4366
4363
4363
4363
4363
4368
4371
4373
4371
4371
4371
4371
4371
4371
4371
4370
4367
4369
4375
4378
4378
4382
4380
4390
4391
4390
4375
4381
4383
4378
4380
4366
4370
4371
4371
4371
4371
4371
4371
4371
4371
4371
4371
4371
4371
4371
4371
4371
4371
4371
4371
4371
4390
4400
4397
4407
4406
4406
4405
4405
4405
4405
4409
4412
4412
4402
4413
4410
4402
4402
4402
4402
4402
4402
4402
4409
4410
4418
4415
4413
4413
4413
4413
4413
4413
4411
4411
4411
4411
4410
4410
4410
4410
4410
4412
4409
4417
4404
4405
4408
4410
4429
4429
4429
4432
4433
4418
4436
4420
4439
4438
4441
4441
4441
4442
4442
4443
4442
4444
4444
4444
4444
4446
4446
4445
4444
4444
4444
4444
4445
4451
4444
4448
4448
4446
4447
4447
4443
4448
4443
4443
4446
4449
4447
4446
4451
4446
4446
4446
4444
4444
4444
4448
4449
4452
4452
4452
4452
4448
4448
4449
4450
4449
4451
4447
4447
4447
4447
4447
4447
4443
4443
4444
4448
4452
4449
4450
4450
4450
4450
4453
4458
4456
4458
4458
4459
4458
4464
4469
4464
4461
4452
4454
4454
4454
4454
4454
4454
4454
4454
4454
4454
4452
4452
4452
4469
4477
4475
4474
4479
4481
4478
4476
4479
4480
4478
4471
4471
4471
4471
4471
4472
4472
4472
4472
4472
4472
4473
4473
4473
4472
4472
4472
4490
4472
4477
4473
4474
4474
4485
4486
4485
4486
4488
4476
4479
4479
4479
4479
4479
4479
4479
4479
4479
4480
4479
4479
4479
4480
4480
4480
4480
4480
4480
4480
4479
4479
4479
4479
4479
4479
4479
4479
4479
4479
4479
4479
4479
4479
4479
4479
4479
4479
4479
4479
4479
4479
4479
4479
4480
4497
4498
4499
4480
4498
4498
4506
4508
4505
4507
4504
4510
4510
4500
4500
4507
4500
4504
4510
4511
4510
4514
4510
4517
4517
4506
4506
4508
4506
4506
4506
4506
4506
4506
4507
4506
4506
4506
4506
4507
4506
4506
4506
4506
4506
4506
4506
4506
4506
4506
4506
4506
4506
4508
4526
4526
4526
4509
4530
4531
4528
4530
4534
4528
4519
4519
4520
4520
4520
4520
4520
4520
4520
4520
4520
4515
4515
4515
4515
4514
4514
4514
4533
4534
4536
4532
4532
4533
4533
4533
4533
4533
4536
4538
4536
4539
4544
4547
4547
4549
4550
4545
4545
4548
4542
4548
4545
4545
4546
4546
4542
4542
4545
4546
4544
4544
4543
4543
4542
4543
4543
4543
4543
4545
4545
4545
4545
4545
4543
4543
4543
4543
4544
4544
4545
4545
4545
4545
4545
4545
4545
4545
4545
4545
4545
4544
4544
4545
4545
4545
4548
4548
4550
4550
4550
4550
4550
4550
4550
4550
4546
4542
4546
4548
4547
4548
4535
4536
4545
4547
4551
4550
4537
4547
4539
4537
4539
4540
4539
4539
4539
4539
4539
4540
4540
4540
4540
4540
4540
4540
4540
4540
4540
4540
4541
4538
4538
4538
4538
4538
4538
4538
4538
4538
4538
4538
4538
4538
4538
4538
4538
4538
4538
4539
4539
4539
4539
4538
4539
4539
4539
4539
4539
4539
4539
4538
4538
4540
4557
4561
4565
4571
4575
4578
4577
4577
4578
4577
4577
4579
4580
4580
4580
4581
4581
4581
4578
4579
4575
4576
4574
4586
4589
4586
4575
4576
4597
4599
4600
4600
4603
4604
4604
4604
4604
4604
4607
4607
4607
4607
4608
4611
4609
4605
4607
4612
4609
4613
4612
4613
4613
4613
4609
4613
4607
4611
4608
4608
4608
4608
4608
4608
4609
4608
4612
4613
4615
4614
4614
4616
4617
4617
4617
4620
4621
4617
4616
4616
4623
4622
4622
4627
4625
4624
4624
4625
4628
4628
4630
4627
4624
4627
4627
4627
4627
4628
4629
4627
4624
4630
4629
4628
4630
4628
4630
4633
4632
4632
4619
4621
4621
4621
4621
4621
4621
4621
4621
4621
4621
4621
4621
4621
4621
4621
4621
4621
4621
4621
4629
4633
4629
4620
4621
4623
4621
4621
4623
4623
4621
4621
4621
4621
4621
4621
4621
4621
4621
4621
4621
4621
4621
4621
4621
4621
4621
4621
4621
4621
4621
4621
4621
4621
4621
4621
4621
4621
4621
4621
4627
4632
4638
4661
4659
4666
4664
4667
4667
4667
4667
4667
4667
4667
4667
4670
4668
4663
4670
4670
4670
4671
4669
4674
4674
4678
4682
4675
4678
4681
4701
4689
4707
4711
4711
4711
4711
4715
4715
4723
4717
4721
4719
4721
4703
4704
4704
4719
4718
4717
4719
4717
4717
4717
4717
4719
4719
4720
4724
4725
4725
4726
4729
4731
4740
4734
4735
4735
4735
4737
4737
4740
4738
4746
4735
4731
4731
4731
4731
4731
4731
4731
4731
4731
4731
4733
4733
4733
4733
4736
4754
4756
4756
4757
4762
4756
4756
4764
4769
4769
4772
4774
4776
4758
4759
4772
4765
4783
4783
4786
4788
4788
4788
4792
4796
4799
4803
4801
4801
4793
4798
4800
4800
4800
4800
4799
4811
4815
4807
4829
4833
4835
4837
4840
4822
4824
4824
4824
4821
4841
4848
4852
4851
4856
4853
4858
4855
4862
4861
4853
4857
4863
4862
4855
4856
4856
4856
4854
4854
4854
4853
4871
4871
4873
4871
4874
4878
4879
4884
4884
4885
4888
4889
4890
4892
4893
4891
4892
4878
4881
4881
4881
4882
4881
4881
4881
4881
4881
4881
4881
4881
4881
4881
4881
4881
4881
4881
4881
4881
4881
4881
4881
4881
4881
4881
4881
4881
4897
4892
4890
4888
4888
4893
4886
4889
4889
4889
4894
4892
4890
4891
4890
4878
4881
4881
4881
4882
4881
4880
4881
4881
4883
4881
4881
4881
4881
4881
4881
4881
4882
4888
4891
4891
4891
4891
4891
4889
4896
4897
4884
4884
4885
4883
4882
4882
4882
4882
4882
4882
4883
4883
4882
4882
4882
4882
4882
4882
4882
4882
4882
4882
4882
4882
4882
4882
4882
4882
4882
4882
4882
4882
4882
4892
4888
4900
4901
4898
4896
4888
4887
4887
4888
4892
4888
4887
4896
4881
4883
4899
4892
4894
4898
4900
4901
4899
4890
4901
4895
4884
4886
4887
4887
4886
4888
4887
4888
4887
4888
4886
4886
4886
4886
4886
4886
4887
4887
4886
4886
4886
4888
4886
4886
4886
4886
4886
4886
4886
4886
4886
4886
4886
4886
4886
4886
4886
4886
4886
4886
4886
4886
4886
4886
4886
4886
4886
4886
4886
4886
4886
4886
4886
4886
4886
4886
4886
4886
4886
4886
4886
4886
4886
4886
4886
4886
4886
4886
4886
4886
4886
4886
4886
4886
4886
4886
4886
4886
4886
4886
4886
4886
4886
4886
4886
4886
4886
4886
4886
4882
4884
4884
4883
4883
4884
4883
4883
4884
4882
4882
4882
4882
4882
4882
4882
4882
4882
4882
4882
4882
4882
4882
4882
4882
4882
4884
4882
4882
4882
4882
4882
4882
4882
4882
4882
4882
4882
4882
4882
4882
4882
4882
4882
4882
4882
4882
4882
4882
4882
4882
4882
4882
4882
4882
4882
4882
4882
4882
4882
4882
4882
4882
4882
4882
4882
4882
4882
4882
4883
4883
4882
4882
4882
4882
4882
4882
4882
4882
4882
4882
4882
4882
4882
4882
4882
4882
4882
4882
4882
4882
4882
4883
4882
4882
4882
4882
4882
4882
4882
4882
4882
4882
4882
4882
4882
4882
4882
4882
4882
4882
4882
4882
4882
4882
4882
4882
4882
4882
4882
4901
4902
4908
4909
4908
4907
4911
4910
4912
4914
4915
4915
4917
4917
4915
4916
4916
4919
4919
4919
4919
4918
4918
4918
4921
4919
4918
4916
4923
4923
4923
4931
4934
4934
4935
4934
4932
4936
4936
4940
4940
4938
4939
4940
4941
4941
4934
4934
4934
4934
4934
4934
4934
4934
4934
4934
4934
4934
4934
4934
4934
4934
4934
4934
4934
4934
4933
4933
4933
4951
4951
4953
4957
4957
4934
4934
4953
4958
4955
4954
4954
4934
4934
4956
4955
4933
4933
4933
4933
4933
4933
4955
4933
4950
4951
4952
4957
4959
4951
4952
4952
4952
4952
4952
4952
4952
4952
4952
4953
4953
4953
4953
4953
4953
4953
4953
4953
4953
4953
4953
4959
4959
4964
4967
4969
4993
4987
4988
4994
4995
4995
4995
5000
5000
5001
5001
5002
5002
5002
5002
5002
5000
4993
4993
4999
4999
4999
5003
5002
5002
5002
5010
5009
5003
5007
5009
5014
5016
5027
5032
5038
5038
5036
5036
5041
5038
5042
5039
5029
5033
5033
5035
5044
5045
5040
5037
5048
5038
5038
5038
5045
5045
5049
5048
5051
5055
5057
5054
5055
5056
5057
5059
5060
5061
5067
5066
5067
5060
5066
5064
5064
5064
5064
5067
5072
5071
5070
5069
5070
5071
5061
5060
5061
5061
5061
5060
5063
5063
5062
5063
5061
5061
5057
5066
5068
5070
5070
5071
5058
5068
5069
5071
5072
5065
5066
5068
5069
5072
5070
5072
5079
5074
5077
5074
5073
5073
5073
5073
5073
5073
5073
5073
5071
5069
5076
5073
5076
5066
5066
5066
5061
5062
5076
5075
5077
5066
5065
5065
5065
5065
5066
5066
5066
5064
5064
5064
5065
5067
5065
5065
5065
5065
5065
5065
5065
5061
5069
5075
5077
5077
5070
5063
5062
5060
5062
5061
5061
5061
5061
5062
5066
5066
5066
5065
5073
5068
5065
5066
5067
5070
5061
5057
5072
5069
5060
5056
5057
5060
5058
5056
5056
5057
5067
5064
5076
5063
5064
5065
5069
5064
5062
5067
5067
5069
5067
5068
5069
5065
5060
5060
5063
5067
5063
5069
5060
5060
5058
5058
5070
5060
5061
5065
5059
5061
5061
5061
5064
5065
5069
5066
5065
5063
5065
5064
5064
5066
5071
5068
5071
5065
5063
5063
5063
5063
5069
5065
5072
5075
5064
5062
5062
5066
5064
5068
5074
5078
5062
5066
5065
5064
5069
5072
5069
5071
5069
5076
5069
5073
5073
5074
5074
5075
5070
5072
5069
5071
5068
5073
5077
5073
5071
5063
5069
5069
5069
5067
5062
5061
5070
5068
5070
5072
5072
5068
5068
5073
5073
5071
5073
5073
5064
5065
5071
5071
5069
5072
5059
5073
5070
5068
5073
5068
5060
5061
5062
5058
5073
5070
5069
5061
5067
5069
5066
5066
5063
5061
5070
5074
5067
5071
5068
5069
5075
5071
5071
5067
5068
5067
5075
5071
5070
5069
5072
5066
5065
5073
5076
5067
5075
5070
5072
5074
5073
5066
5064
5071
5071
5071
5069
5069
5062
5069
5074
5067
5070
5072
5073
5075
5074
5075
5074
5069
5072
5075
5078
5072
5069
5063
5070
5072
5069
5070
5071
5071
5060
5064
5066
5075
5069
5072
5072
5069
5062
5063
5071
5065
5069
5069
5075
5071
5074
5068
5060
5068
5067
5067
5063
5072
5071
5066
5066
5071
5066
5071
5073
5074
5072
5068
5068
5056
5069
5063
5073
5070
5070
5064
5071
5069
5069
5070
5071
5070
5061
5068
5076
5070
5071
5070
5069
5067
5068
5059
5063
5067
5067
5070
5069
5070
5071
5075
5069
5069
5071
5072
5073
5072
5070
5061
5062
5063
5063
5063
5063
5063
5059
5073
5070
5067
5066
5070
5075
5073
5072
5074
5073
5071
5072
5072
5073
5071
5071
5070
5076
5076
5072
5072
5067
5073
5063
5065
5073
5060
5065
5065
5065
5065
5065
5065
5065
5065
5065
5065
5065
5065
5065
5065
5076
5070
5065
5072
5069
5069
5072
5073
5069
5063
5069
5074
5079
5074
5076
5077
5075
5071
5075
5075
5073
5071
5076
5074
5074
5074
5074
5073
5072
5071
5072
5072
5075
5073
5060
5077
5073
5060
5059
5061
5060
5072
5069
5071
5078
5071
5076
5073
5077
5070
5071
5061
5060
5063
5070
5060
5070
5070
5071
5069
5065
5065
5056
5076
5069
5070
5076
5070
5066
5069
5063
5062
5063
5064
5058
5064
5065
5061
5062
5062
5057
5060
5062
5067
5076
5071
5066
5075
5063
5063
5063
5063
5063
5074
5071
5066
5067
5061
5062
5058
5059
5061
5061
5062
5062
5062
5062
5061
5059
5078
5059
5061
5061
5063
5063
5063
5063
5063
5063
5063
5063
5063
5063
5063
5063
5063
5061
5061
5061
5069
5070
5072
5071
5065
5073
5074
5064
5059
5061
5068
5071
5071
5070
5067
5072
5068
5061
5061
5067
5069
5062
5063
5062
5073
5062
5070
5075
5070
5068
5061
5061
5061
5061
5061
5061
5061
5061
5061
5062
5062
5062
5062
5062
5062
5071
5069
5066
5062
5063
5068
5065
5068
5055
5057
5068
5057
5057
5054
5069
5057
5058
5058
5060
5060
5060
5060
5060
5057
5057
5057
5057
5058
5064
5065
5061
5063
5063
5063
5063
5063
5063
5063
5063
5063
5063
5063
5064
5064
5064
5064
5071
5061
5058
5060
5074
5055
5061
5061
5065
5065
5065
5065
5079
5063
5065
5065
5070
5074
5062
5064
5065
5059
5060
5071
5063
5063
5063
5063
5063
5072
5071
5072
5072
5059
5068
5075
5061
5073
5074
5072
5075
5063
5059
5063
5063
5064
5064
5073
5072
5069
5066
5064
5064
5064
5064
5064
5065
5065
5064
5064
5064
5065
5065
5064
5064
5064
5064
5064
5065
5065
5065
5065
5065
5065
5066
5065
5065
5065
5068
5064
5078
5070
5076
5073
5069
5074
5074
5076
5071
5069
5069
5068
5072
5070
5063
5063
5074
5071
5071
5071
5071
5070
5072
5075
5074
5074
5074
5074
5074
5069
5072
5070
5070
5070
5070
5070
5072
5069
5069
5070
5069
5070
5072
5071
5064
5069
5072
5074
5074
5076
5076
5076
5076
5074
5071
5072
5072
5072
5068
5069
5064
5065
5065
5062
5061
5060
5060
5060
5060
5062
5061
5061
5058
5070
5076
5063
5073
5061
5061
5061
5063
5061
5061
5061
5063
5063
5063
5063
5063
5065
5063
5063
5063
5063
5063
5063
5063
5063
5065
5063
5063
5063
5063
5063
5063
5063
5063
5063
5064
5063
5063
5063
5063
5063
5063
5063
5063
5063
5063
5063
5063
5063
5063
5063
5063
5063
5063
5063
5063
5063
5063
5063
5063
5063
5063
5063
5063
5063
5063
5063
5063
5063
5063
5063
5064
5064
5064
5064
5064
5064
5064
5064
5064
5064
5064
5064
5064
5064
5064
5064
5064
5064
5066
5066
5065
5064
5064
5064
5064
5064
5065
5064
5064
5064
5064
5064
5064
5064
5064
5064
5064
5064
5064
5064
5064
5065
5064
5064
5064
5064
5064
5064
5064
5064
5064
5064
5064
5064
5064
5064
5064
5064
5064
5064
5064
5064
5064
5064
5064
5064
5064
5064
5064
5064
5064
5064
5064
5064
5066
5082
5083
5088
5089
5094
5095
5088
5098
5084
5089
5094
5099
5084
5084
5084
5084
5084
5084
5084
5084
5084
5086
5086
5085
5085
5086
5090
5090
5090
5090
5090
5090
5090
5091
5090
5090
5090
5090
5090
5090
5090
5090
5090
5090
5090
5090
5090
5094
5116
5108
5121
5123
5126
5124
5131
5134
5128
5132
5134
5134
5132
5134
5135
5135
5140
5149
5147
5152
5149
5152
5154
5161
5159
5151
5150
5150
5150
5150
5150
5167
5173
5174
5178
5168
5168
5168
5163
5187
5188
5193
5191
5189
5190
5197
5201
5194
5201
5198
5206
5206
5203
5206
5212
5214
5218
5222
5211
5212
5212
5212
5212
5233
5230
5235
5228
5237
5243
5243
5241
5240
5237
5237
5237
5238
5237
5239
5243
5262
5258
5267
5258
5261
5265
5265
5269
5273
5279
5276
5274
5281
5276
5280
5280
5280
5278
5300
5298
5306
5299
5312
5308
5314
5310
5314
5317
5311
5311
5318
5308
5308
5310
5330
5331
5318
5318
5323
5340
5336
5343
5345
5349
5349
5358
5357
5358
5355
5367
5373
5378
5366
5387
5381
5390
5382
5389
5387
5385
5388
5394
5394
5394
5394
5394
5394
5408
5416
5417
5424
5425
5425
5418
5420
5420
5417
5428
5430
5437
5441
5442
5442
5442
5443
5442
5446
5444
5450
5446
5439
5441
5440
5440
5441
5440
5440
5440
5442
5443
5441
5441
5441
5441
5441
5441
5441
5441
5441
5441
5441
5441
5441
5441
5441
5441
5441
5441
5441
5441
5441
5441
5441
5441
5441
5441
5441
5441
5441
5441
5441
5441
5441
5441
5441
5441
5441
5441
5452
5457
5452
5473
5460
5465
5481
5480
5472
5475
5475
5475
5475
5474
5483
5486
5489
5496
5497
5496
5505
5509
5513
5515
5518
5511
5514
5523
5524
5523
5524
5525
5527
5529
5528
5535
5537
5538
5540
5527
5527
5529
5529
5529
5550
5550
5550
5548
5547
5545
5555
5555
5545
5548
5548
5547
5547
5547
5547
5547
5563
5569
5574
5575
5580
5575
5578
5575
5577
5597
5598
5595
5594
5602
5601
5607
5609
5611
5616
5607
5607
5606
5606
5615
5621
5637
5619
5637
5638
5635
5636
5637
5644
5642
5647
5638
5638
5638
5638
5638
5638
5638
5638
5638
5638
5638
5638
5638
5638
5638
5638
5658
5656
5664
5669
5666
5672
5677
5679
5678
5670
5674
5674
5673
5673
5674
5689
5695
5697
5697
5695
5700
5696
5696
5702
5703
5702
5707
5711
5710
5718
5720
5720
5724
5726
5708
5727
5728
5732
5730
5733
5741
5742
5733
5733
5733
5731
5746
5751
5750
5756
5760
5758
5759
5745
5750
5752
5751
5751
5770
5768
5769
5774
5773
5769
5791
5794
5794
5794
5794
5779
5779
5779
5795
5797
5797
5797
5795
5795
5795
5795
5795
5797
5798
5790
5791
5786
5786
5786
5787
5787
5787
5787
5787
5787
5787
5787
5787
5787
5787
5787
5787
5787
5787
5787
5787
5787
5787
5787
5787
5787
5787
5787
5787
5787
5787
5787
5787
5787
5787
5787
5787
5787
5787
5787
5787
5787
5787
5787
5787
5787
5787
5787
5787
5787
5787
5787
5787
5787
5787
5787
5787
5787
5787
5806
5790
5792
5808
5814
5816
5818
5821
5825
5830
5827
5834
5838
5839
5828
5831
5835
5857
5857
5847
5861
5870
5876
5878
5880
5887
5887
5876
5878
5883
5885
5889
5891
5906
5914
5917
5912
5918
5921
5923
5926
5930
5931
5933
5934
5933
5936
5935
5940
5941
5931
5946
5950
5953
5955
5956
5955
5956
5960
5963
5963
5966
5968
5966
5969
5967
5973
5972
5972
5975
5974
5971
5972
5972
5979
5976
5977
5978
5979
5979
5979
5979
5979
5979
5979
5979
5979
5979
5979
5979
5979
5979
5979
5979
5979
5979
5979
5979
5979
5980
5982
5982
5981
5984
5972
5971
5973
5972
5976
5975
5975
5975
5976
5976
5977
5977
5977
5977
5977
5977
5977
5977
5976
5977
5977
5977
5974
5974
5974
5974
5974
5974
5974
5974
5974
5974
5974
5974
5974
5974
5974
5974
5974
5974
5974
5974
5974
5991
5991
5990
5997
5997
6000
6001
5987
5989
5989
5991
5991
5993
5993
5993
6010
6010
6007
6011
6011
6009
6008
6010
6011
6013
6013
6010
6008
6008
6008
6008
6009
6009
6009
6010
6010
6010
6009
6010
6012
6012
6013
6012
6014
6015
6015
6015
6015
6015
6015
6020
6021
6018
6020
6019
6019
6019
6021
6021
6020
6020
6020
6020
6020
6020
6017
6019
6017
6022
6024
6025
6028
6027
6028
6028
6027
6027
6031
6031
6027
6030
6032
6021
6021
6021
6021
6021
6023
6023
6023
6023
6024
6023
6023
6023
6023
6023
6023
6023
6025
6025
6025
6025
6025
6025
6025
6025
6025
6025
6025
6025
6025
6025
6025
6025
6026
6026
6026
6026
6026
6026
6026
6026
6025
6025
6025
6025
6025
6025
6023
6036
6033
6033
6036
6037
6036
6025
6025
6025
6025
6025
6025
6025
6025
6025
6025
6025
6030
6030
6027
6028
6025
6025
6025
6025
6027
6025
6025
6025
6024
6024
6024
6024
6024
6024
6024
6024
6024
6024
6024
6024
6024
6024
6024
6024
6024
6024
6024
6024
6024
6024
6024
6024
6024
6024
6024
6024
6024
6024
6024
6024
6024
6024
6024
6024
6024
6040
6034
6040
6043
6047
6048
6059
6063
6063
6067
6067
6071
6071
6069
6070
6068
6074
6067
6071
6074
6067
6067
6067
6070
6070
6070
6070
6070
6070
6070
6078
6078
6078
6078
6081
6081
6081
6080
6080
6078
6079
6080
6081
6083
6083
6084
6084
6085
6082
6085
6073
6094
6081
6082
6083
6095
6084
6085
6085
6086
6086
6104
6098
6106
6105
6106
6099
6099
6093
6096
6094
6096
6095
6103
6085
6102
6103
6102
6104
6105
6106
6106
6105
6102
6102
6102
6102
6102
6102
6102
6102
6102
6102
6102
6103
6102
6102
6102
6102
6102
6102
6103
6104
6105
6105
6105
6105
6105
6105
6105
6105
6105
6105
6105
6105
6108
6111
6114
6113
6113
6113
6113
6118
6118
6103
6105
6107
6107
6108
6108
6108
6109
6109
6109
6109
6109
6109
6109
6109
6109
6109
6108
6108
6108
6108
6108
6108
6108
6108
6108
6108
6108
6108
6108
6108
6108
6108
6108
6108
6108
6108
6108
6108
6108
6109
6109
6109
6109
6109
6109
6109
6109
6109
6109
6109
6109
6108
6108
6108
6109
6109
6109
6109
6109
6109
6109
6109
6109
6109
6109
6109
6108
6108
6108
6108
6108
6108
6108
6108
6108
6108
6124
6126
6128
6133
6134
6134
6133
6133
6138
6136
6139
6126
6126
6129
6129
6130
6130
6128
6128
6128
6128
6128
6128
6128
6128
6128
6129
6129
6132
6133
6133
6135
6135
6135
6134
6135
6134
6133
6133
6133
6133
6133
6132
6139
6144
6134
6134
6142
6139
6139
6140
6132
6139
6132
6129
6126
6127
6127
6127
6139
6127
6128
6132
6132
6132
6132
6132
6132
6132
6132
6132
6132
6136
6136
6135
6135
6136
6135
6134
6134
6134
6134
6134
6134
6134
6134
6134
6134
6134
6134
6134
6134
6134
6134
6134
6134
6134
6134
6134
6134
6134
6134
6134
6134
6134
6134
6134
6134
6134
6134
6134
6134
6136
6135
6134
6134
6134
6134
6136
6134
6134
6134
6134
6134
6134
6134
6134
6134
6134
6134
6134
6134
6134
6134
6134
6134
6134
6134
6134
6134
6134
6134
6134
6134
6134
6134
6134
6134
6134
6134
6136
6140
6144
6144
6144
6144
6142
6160
6161
6160
6165
6167
6165
6163
6165
6166
6165
6165
6165
6165
6162
6161
6170
6171
6171
6171
6171
6175
6175
6178
6169
6169
6171
6171
6171
6171
6171
6171
6171
6171
6171
6171
6171
6171
6171
6171
6171
6171
6171
6189
6175
6177
6195
6197
6196
6196
6197
6200
6204
6201
6200
6187
6190
6191
6191
6191
6191
6191
6188
6188
6188
6188
6188
6188
6188
6188
6188
6188
6205
6207
6208
6211
6212
6211
6211
6211
6211
6211
6211
6211
6208
6208
6210
6211
6208
6211
6213
6210
6212
6212
6214
6219
6220
6219
6218
6218
6218
6218
6218
6224
6225
6217
6217
6217
6217
6214
6230
6224
6229
6229
6229
6229
6225
6225
6231
6229
6229
6229
6228
6226
6230
6230
6222
6222
6219
6221
6226
6223
6218
6222
6228
6221
6220
6219
6219
6219
6219
6219
6220
6219
6219
6219
6216
6216
6216
6216
6216
6216
6216
6216
6216
6216
6216
6216
6216
6216
6216
6216
6216
6216
6216
6216
6216
6216
6216
6216
6216
6216
6216
6216
6216
6216
6216
6216
6216
6220
6242
6226
6228
6230
6248
6251
6251
6251
6251
6251
6249
6251
6253
6253
6254
6253
6254
6256
6252
6246
6245
6245
6245
6245
6245
6245
6245
6245
6253
6255
6258
6259
6263
6264
6270
6271
6271
6272
6276
6281
6277
6279
6276
6279
6276
6280
6280
6266
6272
6272
6273
6273
6273
6273
6273
6273
6273
6268
6284
6287
6289
6292
6294
6297
6299
6299
6299
6301
6305
6304
6292
6305
6304
6304
6307
6300
6302
6302
6304
6291
6305
6293
6293
6293
6293
6293
6293
6293
6293
6293
6293
6293
6295
6295
6295
6295
6295
6311
6297
6313
6313
6296
6315
6313
6315
6318
6319
6319
6319
6319
6319
6319
6318
6318
6321
6321
6321
6321
6322
6322
6321
6321
6328
6327
6328
6327
6327
6327
6327
6327
6327
6327
6327
6327
6329
6324
6325
6327
6327
6328
6326
6323
6323
6323
6323
6323
6324
6324
6324
6324
6324
6324
6324
6324
6324
6324
6324
6324
6324
6324
6324
6324
6324
6324
6324
6324
6324
6324
6324
6324
6324
6324
6324
6324
6324
6324
6324
6324
6324
6324
6320
6320
6337
6335
6331
6332
6330
6328
6330
6322
6334
6327
6327
6325
6327
6327
6327
6329
6327
6327
6327
6327
6327
6327
6327
6327
6323
6323
6323
6323
6323
6323
6323
6323
6323
6323
6323
6323
6323
6323
6323
6323
6323
6323
6323
6343
6333
6349
6353
6357
6360
6362
6362
6362
6366
6368
6375
6367
6365
6367
6367
6367
6356
6358
6359
6359
6359
6359
6359
6365
6370
6376
6376
6368
6373
6376
6378
6378
6378
6396
6396
6395
6391
6399
6394
6398
6397
6380
6388
6388
6388
6388
6388
6388
6388
6380
6388
6402
6405
6401
6405
6423
6422
6407
6425
6416
6420
6419
6417
6417
6418
6418
6418
6418
6418
6418
6417
6417
6417
6417
6417
6418
6417
6430
6417
6433
6439
6437
6436
6439
6440
6440
6442
6443
6445
6441
6444
6446
6443
6446
6448
6443
6443
6443
6443
6443
6444
6444
6444
6444
6444
6444
6444
6458
6461
6444
6460
6465
6468
6469
6477
6473
6474
6477
6477
6477
6479
6477
6479
6486
6487
6486
6485
6485
6486
6486
6488
6488
6489
6492
6491
6492
6497
6496
6500
6502
6500
6501
6503
6503
6503
6507
6505
6510
6514
6514
6507
6507
6507
6507
6507
6507
6509
6512
6516
6516
6516
6535
6533
6536
6536
6538
6540
6539
6534
6538
6540
6546
6544
6540
6547
6547
6547
6547
6540
6543
6543
6547
6543
6543
6543
6542
6554
6550
6556
6557
6558
6562
6567
6567
6574
6571
6572
6570
6574
6577
6577
6578
6574
6579
6578
6583
6577
6578
6585
6584
6579
6577
6577
6576
6576
6577
6579
6582
6583
6581
6586
6582
6582
6581
6580
6581
6584
6584
6584
6580
6583
6581
6582
6585
6580
6575
6575
6576
6577
6576
6576
6575
6575
6575
6577
6575
6575
6576
6575
6575
6575
6569
6581
6579
6580
6581
6578
6577
6577
6577
6578
6578
6579
6577
6577
6583
6579
6574
6576
6576
6576
6576
6576
6584
6586
6571
6576
6576
6576
6576
6576
6576
6576
6576
6576
6576
6576
6576
6576
6576
6576
6576
6576
6576
6576
6576
6576
6576
6576
6576
6576
6576
6576
6576
6576
6576
6576
6576
6576
6576
6576
6576
6576
6576
6576
6576
6576
6576
6576
6576
6576
6576
6576
6576
6576
6576
6576
6576
6576
6576
6576
6576
6576
6576
6576
6576
6576
6576
6576
6576
6573
6573
6573
6573
6573
6573
6573
6573
6573
6575
6574
6575
6574
6574
6573
6574
6574
6565
6575
6575
6584
6577
6575
6588
6575
6581
6577
6580
6570
6574
6582
6574
6580
6581
6575
6574
6573
6573
6573
6573
6574
6573
6575
6575
6575
6575
6575
6575
6574
6574
6576
6575
6575
6574
6574
6574
6574
6574
6574
6574
6574
6574
6574
6574
6574
6574
6574
6574
6574
6574
6574
6574
6574
6574
6574
6574
6574
6574
6574
6595
6599
6603
6586
6603
6608
6607
6607
6608
6612
6610
6614
6615
6614
6611
6611
6599
6601
6603
6603
6603
6603
6603
6603
6603
6603
6603
6603
6603
6603
6603
6603
6603
6603
6603
6603
6603
6603
6603
6603
6603
6604
6602
6602
6602
6602
6603
6603
6603
6603
6603
6603
6603
6603
6603
6603
6605
6622
6624
6607
6607
6607
6625
6628
6628
6625
6626
6625
6624
6624
6624
6624
6624
6627
6623
6630
6633
6634
6634
6634
6633
6629
6628
6628
6628
6628
6628
6628
6628
6628
6628
6628
6628
6628
6628
6628
6628
6628
6632
6636
6642
6661
6664
6660
6661
6664
6664
6647
6667
6665
6667
6656
6656
6656
6656
6656
6656
6656
6666
6667
6674
6671
6672
6674
6674
6674
6674
6693
6690
6691
6687
6691
6691
6693
6693
6677
6679
6681
6681
6681
6681
6681
6693
6693
6693
6693
6692
6698
6695
6694
6709
6709
6709
6694
6708
6713
6711
6713
6711
6713
6711
6714
6714
6718
6717
6715
6715
6715
6715
6715
6715
6715
6715
6716
6719
6719
6724
6724
6723
6721
6722
6722
6721
6722
6723
6730
6728
6727
6727
6729
6724
6724
6724
6729
6724
6714
6716
6721
6721
6721
6721
6721
6721
6721
6722
6722
6721
6721
6721
6722
6722
6721
6721
6721
6721
6739
6721
6721
6741
6721
6739
6739
6740
6740
6742
6744
6744
6744
6746
6746
6749
6747
6750
6755
6755
6754
6754
6753
6753
6748
6753
6755
6754
6753
6758
6759
6747
6747
6747
6747
6747
6747
6747
6747
6747
6747
6747
6746
6746
6746
6746
6746
6746
6746
6746
6746
6746
6746
6746
6746
6746
6746
6746
6746
6746
6746
6746
6746
6746
6746
6746
6747
6747
6747
6747
6747
6747
6747
6747
6747
6747
6747
6747
6747
6747
6747
6747
6747
6747
6747
6747
6747
6747
6747
6747
6747
6747
6747
6747
6747
6747
6747
6747
6747
6747
6747
6747
6747
6747
6747
6747
6747
6747
6747
6747
6747
6747
6747
6747
6747
6747
6747
6747
6748
6748
6749
6748
6749
6747
6747
6747
6747
6748
6748
6747
6747
6747
6747
6747
6747
6747
6747
6747
6747
6747
6747
6747
6747
6747
6747
6747
6747
6747
6747
6747
6747
6747
6747
6747
6747
6747
6747
6747
6747
6747
6747
6748
6748
6748
6748
6747
6747
6747
6747
6747
6747
6747
6747
6747
6747
6747
6747
6747
6747
6747
6747
6747
6747
6747
6747
6747
6747
6747
6747
6747
6747
6747
6747
6747
6747
6747
6747
6747
6747
6747
6747
6747
6747
6747
6747
6747
6747
6747
6747
6747
6747
6747
6747
6747
6747
6747
6747
6747
6747
6747
6747
6747
6747
6747
6747
6747
6747
6747
6747
6747
6747
6747
6747
6747
6747
6747
6747
6747
6747
6747
6747
6747
6747
6747
6747
6747
6747
6747
6747
6747
6747
6747
6747
6747
6747
6747
6747
6747
6747
6747
6747
6747
6747
6747
6747
6747
6747
6747
6747
6747
6747
6747
6747
6747
6747
6747
6747
6747
6747
6747
6747
6747
6747
6747
6747
6747
6747
6747
6747
6747
6747
6747
6747
6747
6747
6747
6747
6747
6747
6747
6747
6747
6747
6747
6747
6747
6747
6747
6747
6747
6747
6747
6747
6747
6747
6747
6747
6747
6747
6747
6747
6747
6747
6747
6747
6747
6747
6747
6747
6747
6747
6747
6747
6747
6747
6747
6747
6747
6747
6747
6747
6747
6747
6747
6747
6747
6747
6747
6747
6747
6747
6747
6747
6752
6771
6772
6774
6774
6774
6774
6774
6773
6776
6780
6786
6789
6790
6791
6791
6793
6792
6784
6788
6788
6786
6786
6786
6786
6785
6785
6785
6785
6785
6785
6785
6785
6785
6785
6787
6804
6809
6800
6802
6825
6825
6824
6829
6819
6819
6819
6820
6820
6821
6821
6819
6819
6819
6839
6841
6841
6845
6850
6851
6853
6855
6848
6848
6848
6848
6848
6848
6862
6861
6868
6872
6873
6866
6865
6871
6873
6862
6877
6886
6889
6891
6897
6898
6903
6905
6904
6907
6908
6908
6911
6913
6916
6916
6928
6930
6930
6931
6939
6924
6933
6933
6933
6932
6946
6948
6949
6954
6955
6955
6958
6962
6960
6951
6955
6957
6957
6955
6953
6970
6962
6965
6982
6981
6985
6985
6986
6984
6984
6985
6988
6991
6989
6989
6988
6992
6996
6995
6998
7000
7003
6985
6990
6990
6990
6993
6993
6993
6993
6995
6993
6993
6994
6993
6991
6985
7006
7011
7010
7015
7018
7019
7023
7023
7024
7027
7025
7029
7028
7014
7018
7034
7035
7035
7035
7035
7035
7035
7037
7026
7026
7026
7045
7044
7044
7032
7051
7053
7052
7055
7056
7062
7062
7070
7067
7052
7057
7057
7077
7057
7074
7073
7077
7081
7085
7082
7092
7087
7093
7082
7081
7081
7081
7081
7081
7081
7091
7090
7091
7087
7089
7091
7090
7080
7087
7087
7087
7086
7088
7086
7085
7086
7084
7085
7087
7092
7088
7088
7086
7086
7086
7084
7084
7084
7084
7084
7084
7084
7084
7084
7084
7084
7084
7084
7084
7084
7084
7084
7084
7084
7084
7084
7084
7084
7084
7084
7084
7084
7084
7084
7084
7084
7084
7084
7084
7084
7084
7084
7089
7109
7112
7110
7109
7111
7114
7110
7118
7119
7122
7115
7120
7115
7118
7121
7122
7117
7119
7111
7100
7091
7094
7099
7100
7103
7103
7101
7104
7103
7096
7097
7099
7102
7101
7097
7097
7093
7095
7095
7086
7086
7084
7082
7081
7074
7071
7074
7071
7054
7067
7070
7070
7072
7068
7047
7046
7066
7067
7068
7067
7049
7073
7073
7049
7072
7072
7070
7070
7066
7066
7049
7044
7059
7059
7048
7040
7038
7038
7040
7038
7032
7034
7027
7024
7019
7004
7021
7022
7004
7004
7004
7004
7004
7004
7005
7003
7001
7001
7001
7005
7005
7001
7001
7001
7001
7003
7003
7001
7001
7001
7001
7001
7001
7001
7001
7001
7001
7001
7001
7007
6992
6994
6995
6993
6992
6992
6992
6992
6992
6992
6992
6992
6992
6992
6992
7032
7026
7029
7020
7019
7023
7021
7022
7024
7017
7021
7020
7021
7020
7020
7019
7020
6992
6992
6988
6988
6988
6988
6988
6988
6988
6988
6988
6988
6988
6988
6988
6988
6988
6988
6988
6988
6988
6988
6988
6988
6988
6988
6988
6988
6988
6988
6988
6989
6989
6990
6989
6995
6990
6995
6993
6993
6993
6993
6993
6993
6993
6995
6993
6993
6992
6993
6993
6992
6995
6989
6991
6991
6991
6991
6991
6987
6987
6987
6988
6988
6988
6988
6993
7012
7014
7014
7013
7011
7016
7013
7013
7015
7019
7011
7013
7014
7014
7014
7014
7013
7028
7032
7039
7039
7038
7045
7048
7049
7045
7046
7051
7051
7051
7052
7051
7042
7042
7044
7059
7060
7060
7053
7053
7053
7053
7053
7053
7053
7052
7053
7053
7055
7055
7055
7053
7074
7071
7075
7077
7077
7083
7087
7094
7077
7083
7083
7083
7083
7083
7083
7099
7097
7100
7101
7110
7107
7113
7113
7116
7116
7117
7117
7116
7130
7129
7130
7135
7138
7141
7147
7140
7137
7137
7137
7145
7145
7157
7160
7164
7164
7166
7167
7167
7167
7167
7169
7169
7171
7170
7164
7164
7168
7167
7169
7168
7172
7176
7175
7173
7171
7172
7168
7168
7159
7159
7159
7159
7159
7159
7159
7161
7161
7161
7161
7161
7161
7161
7161
7161
7161
7161
7161
7160
7160
7160
7160
7160
7160
7160
7160
7160
7171
7169
7168
7165
7166
7169
7169
7170
7164
7163
7164
7163
7164
7164
7164
7162
7160
7160
7160
7160
7160
7160
7160
7160
7160
7160
7160
7158
7158
7158
7158
7158
7158
7158
7158
7158
7158
7158
7158
7158
7158
7158
7158
7158
7158
7158
7158
7158
7158
7158
7158
7158
7158
7158
7158
7158
7158
7158
7535
7536
7536
7536
7536
7541
7541
7541
7541
7541
7541
7541
7541
7541
7541
7541
7541
7541
7541
7541
7541
7541
7541
7541
7541
7541
7541
7541
7541
7541
7541
7541
7541
