84	87
163	167
209	213
221	225
228	232
234	238
274	278
287	297
300	355
357	402
404	415
416	419
420	424
426	434
435	438
444	445
451	462
465	469
527	567
571	618
619	630
632	645
646	667
674	691
705	732
733	801
840	843
854	866
875	878
879	883
886	887
892	895
915	949
951	975
978	982
983	984
986	988
989	1007
1008	1013
1020	1023
1024	1031
1032	1035
1059	1093
1094	1102
1103	1123
1124	1147
1148	1155
1172	1178
1179	1181
1184	1203
1208	1214
1217	1233
1242	1267
1272	1290
1296	1299
1303	1310
1344	1347
1348	1360
1368	1373
1380	1383
1392	1396
1397	1403
1415	1421
1424	1431
1432	1439
1440	1447
1451	1467
1469	1474
1475	1477
1478	1492
1493	1510
1517	1539
1540	1547
1548	1550
1551	1553
1557	1572
1573	1592
1593	1601
1613	1630
1639	1643
1644	1649
1680	1702
1708	1711
1714	1731
1735	1767
1779	1795
1799	1813
1814	1832
1835	1839
1840	1851
1862	1866
1870	1875
1947	1954
1957	1966
1968	1978
1983	1991
1992	1994
1995	2000
2003	2010
2014	2021
2022	2036
2038	2043
2052	2053
2055	2080
2084	2104
2110	2116
2117	2122
2123	2134
2135	2144
2145	2159
2168	2183
2191	2195
2218	2232
2235	2244
2264	2275
2288	2297
2299	2308
2309	2318
2321	2322
2327	2331
2357	2364
2365	2366
2370	2379
2383	2415
2421	2439
2442	2447
2448	2455
2472	2475
2560	2575
2576	2577
2579	2633
2635	2637
2639	2650
2666	2673
2678	2698
2699	2700
2702	2710
2712	2718
2799	2804
2805	2816
2880	2883
2930	2943
2970	2976
2977	2993
3003	3010
3011	3017
3019	3022
3023	3029
3041	3053
3060	3063
3070	3078
3082	3094
3095	3099
3101	3102
3106	3111
3118	3126
3136	3141
3147	3155
3156	3157
3159	3162
3168	3178
3179	3184
3215	3219
3228	3235
3245	3246
3289	3315
3320	3342
3345	3359
3360	3368
3370	3375
3377	3415
3416	3431
3432	3435
3436	3471
3472	3478
3480	3494
3498	3533
3539	3541
3542	3552
3553	3554
3555	3560
3564	3567
3570	3575
3578	3582
3588	3596
3616	3619
3651	3653
3670	3673
3674	3677
3691	3726
3727	3742
3743	3745
3748	3770
3781	3787
3788	3795
3796	3808
3809	3810
3814	3835
3840	3846
3853	3871
3887	3896
3897	3906
3910	3914
3929	3932
3935	3956
3957	3963
3964	3971
3974	3992
3996	4002
4008	4014
4015	4030
4040	4054
4056	4059
4062	4077
4078	4083
4089	4096
4124	4156
4159	4163
4164	4168
4178	4194
4207	4215
4217	4229
4231	4232
4234	4247
4248	4251
4257	4262
4273	4280
4288	4306
4308	4311
4319	4323
4338	4341
4344	4346
4352	4361
4362	4389
4391	4394
4395	4414
4417	4423
4424	4438
4441	4449
4450	4459
4460	4467
4483	4491
4492	4493
4523	4533
4538	4545
4546	4559
4560	4564
4566	4577
4578	4601
4608	4611
4612	4641
4644	4647
4649	4709
4730	4758
4762	4767
4770	4775
4782	4784
4805	4814
4815	4835
4837	4839
4847	4849
4852	4856
4923	4925
4926	4928
4946	4950
4989	4991
5012	5016
5040	5054
5057	5060
5064	5089
5109	5128
5131	5142
5148	5151
5160	5179
5185	5193
5195	5216
5217	5229
5230	5242
5243	5282
5294	5309
5310	5321
5327	5336
5339	5348
5349	5354
5357	5404
5405	5413
5414	5512
5516	5520
5521	5540
5543	5552
5553	5559
5564	5566
5567	5581
5582	5583
5584	5632
5635	5642
5644	5647
5648	5649
5652	5665
5676	5682
5683	5691
5692	5702
5707	5723
5724	5735
5739	5767
5769	5771
5778	5782
5785	5792
5805	5812
5815	5838
5844	5847
5850	5871
5877	5882
5883	5884
5892	5895
5896	5907
5908	5923
5925	5936
5940	5950
5952	5954
5957	5959
5964	5967
5970	5996
5999	6003
6012	6017
6018	6028
6033	6044
6045	6047
6049	6063
6065	6069
6074	6078
6084	6088
6120	6123
6138	6144
6146	6150
6161	6165
6194	6201
6205	6207
6216	6220
6221	6224
6228	6232
6242	6255
6257	6272
6274	6305
6306	6309
6311	6334
6335	6379
6380	6386
6389	6415
6417	6425
6460	6465
6466	6472
6474	6490
6491	6512
6515	6518
6520	6551
6552	6558
6571	6582
6583	6585
6586	6590
6591	6628
6629	6639
6643	6650
6652	6662
6714	6771
6772	6791
6792	6795
6813	6831
6838	6843
6861	6891
6892	6908
6911	6915
6918	6923
6929	6936
6938	6940
6942	6946
6948	6951
6952	6956
6960	6963
6976	6979
6991	6994
6995	7000
7008	7015
7016	7023
7057	7083
7087	7090
7091	7108
7109	7139
7151	7155
7158	7163
7172	7178
7179	7191
7221	7224
7236	7239
7258	7264
7266	7278
7284	7294
7301	7323
7330	7334
7335	7339
7370	7375
7376	7380
7408	7413
7415	7427
7430	7434
7435	7443
7457	7463
7465	7474
7486	7494
7501	7515
7517	7519
7524	7529
7532	7554
7556	7563
7593	7602
7606	7610
7611	7617
7622	7638
7639	7647
7652	7678
7686	7689
7691	7703
7708	7711
7712	7714
7716	7719
7728	7734
7740	7743
7776	7795
7819	7841
7843	7865
7871	7882
7885	7887
7895	7918
7920	7923
7927	7942
7943	7948
7949	7973
7976	7997
8001	8030
8036	8051
8053	8072
8073	8076
8080	8083
8085	8091
8093	8099
8169	8172
8176	8199
8200	8205
8210	8212
8239	8247
8248	8260
8280	8281
8285	8288
8295	8304
8312	8324
8337	8353
8357	8365
8366	8379
8381	8384
8386	8397
8400	8404
8412	8420
8423	8439
8443	8445
8448	8450
8454	8488
8520	8523
8572	8576
8581	8583
8615	8618
8807	8813
8816	8827
8828	8831
8842	8872
8875	8924
8926	8934
8937	8955
8956	8982
8985	9020
9023	9035
9036	9051
9085	9096
9100	9102
9108	9124
9136	9139
9143	9149
9151	9164
9165	9177
9180	9181
9185	9187
9191	9193
9205	9213
9221	9232
9233	9234
9269	9279
9283	9289
9290	9295
9300	9303
9304	9310
9311	9320
9322	9346
9352	9369
9372	9384
9385	9406
9407	9420
9432	9435
9453	9464
9466	9472
9511	9515
9516	9519
