0
0
0
0
0
0
0
0
0
0
0
0
0
0
126
0
0
0
0
145
70
0
0
0
139
0
0
153
24
0
0
0
0
0
0
0
162
94
58
59
0
0
0
0
135
78
143
144
147
150
65
133
39
140
46
152
49
169
106
0
148
0
161
51
0
0
0
0
0
0
0
0
157
41
152
219
193
204
180
177
181
47
0
0
206
51
0
156
45
0
0
0
214
47
0
173
187
0
0
0
0
0
0
0
0
0
0
0
0
0
0
0
0
0
0
0
0
0
0
0
181
30
0
0
0
0
0
0
190
70
221
72
241
81
22
0
0
0
0
0
0
0
0
185
144
171
162
174
45
26
0
0
0
0
0
156
136
0
0
0
0
0
0
85
115
72
31
0
178
204
197
215
182
198
188
178
166
169
166
179
156
130
148
128
169
237
250
201
197
172
84
0
184
0
0
0
0
0
0
0
0
0
0
0
0
0
0
0
0
263
316
236
237
233
214
203
212
224
238
231
218
213
211
163
194
212
196
156
139
144
162
184
171
173
196
200
106
165
208
234
204
152
92
30
178
177
158
140
155
150
151
163
189
178
83
172
155
79
157
140
171
186
205
172
266
195
174
46
0
133
142
130
144
46
179
177
190
0
0
0
0
0
0
166
183
188
238
265
297
193
265
202
243
249
199
186
91
32
0
219
303
232
191
314
226
287
245
218
223
191
194
42
326
165
179
294
224
230
161
205
186
211
226
235
439
137
144
143
191
203
237
275
184
224
192
159
356
170
298
157
196
230
196
237
49
174
200
176
461
162
250
191
292
272
192
175
175
193
197
228
894
249
179
224
233
278
222
133
154
270
281
258
355
183
199
181
203
220
180
206
198
230
260
264
406
168
182
230
203
190
248
234
293
202
252
246
417
201
238
253
189
45
291
229
317
290
280
200
395
256
222
140
198
213
160
200
259
195
246
233
441
128
151
138
137
51
159
177
53
205
211
231
236
0
44
187
141
28
147
43
145
52
48
0
294
222
45
0
0
211
195
236
197
224
139
149
261
298
237
234
162
141
42
125
117
137
132
144
253
47
159
174
180
173
177
169
151
89
154
146
1108
175
182
208
206
194
164
41
0
0
0
0
162
162
192
183
193
191
52
156
51
148
169
176
191
195
213
212
201
215
244
219
192
172
153
164
187
164
174
184
78
155
183
80
63
176
211
215
221
112
187
196
231
248
192
214
218
223
214
171
374
201
233
220
235
212
201
239
199
286
253
230
418
200
216
251
181
69
203
247
223
189
304
258
448
200
165
216
200
191
196
217
238
276
199
174
291
141
197
181
181
197
181
135
174
261
200
235
326
252
234
58
251
207
219
233
243
243
216
190
1212
392
128
199
284
289
260
301
232
229
173
211
363
104
188
205
230
267
286
180
254
184
276
192
360
211
173
175
160
241
196
215
178
244
310
322
442
175
143
213
195
230
157
134
129
174
178
209
340
48
237
223
130
159
182
177
242
172
224
144
302
186
227
193
246
49
0
0
0
240
234
190
309
175
187
147
188
222
234
190
176
196
205
257
327
243
279
303
320
237
189
188
196
192
171
180
569
292
240
238
207
185
156
216
235
260
263
71
333
195
193
220
223
166
243
211
220
221
235
265
2886
274
194
211
252
290
219
233
285
285
231
146
405
262
283
254
200
139
168
207
198
168
305
267
542
290
204
200
222
199
226
234
247
140
191
244
294
212
175
131
180
198
234
267
298
189
202
200
383
176
217
200
227
273
213
225
203
232
140
181
341
270
274
207
167
207
185
207
198
263
280
174
348
152
151
199
211
262
263
169
193
219
192
212
357
138
49
0
0
0
0
146
155
179
49
24
187
197
196
216
207
187
175
184
214
187
162
161
171
121
0
143
173
198
142
166
173
187
165
160
2232
229
147
0
46
136
125
81
162
148
48
164
187
173
185
200
224
248
217
268
217
202
191
196
327
228
149
70
44
203
178
89
187
177
37
241
401
206
166
230
210
318
278
234
206
218
210
187
245
208
217
263
222
168
165
183
183
181
170
108
162
134
176
161
165
84
151
0
180
111
56
133
163
181
197
194
204
226
187
246
252
260
178
187
213
143
201
140
176
215
256
230
195
195
206
187
327
325
308
215
198
298
212
206
165
208
210
149
627
207
181
276
265
303
274
236
317
266
249
236
1136
297
275
248
328
293
209
224
232
242
199
201
404
73
44
239
236
231
258
242
246
25
131
0
308
207
232
211
163
161
166
142
53
171
94
51
439
225
139
179
198
241
216
147
88
0
0
0
359
184
75
0
0
0
0
0
0
190
55
92
339
0
0
0
144
150
191
251
226
262
272
341
568
285
301
260
217
145
120
148
196
227
234
166
228
218
145
161
187
167
87
168
189
215
152
79
141
0
216
241
199
312
303
132
270
56
209
251
344
190
184
226
384
323
218
171
142
56
199
45
1216
276
295
363
296
231
236
223
217
173
179
91
428
0
184
230
246
285
173
285
173
77
0
149
332
196
224
310
266
402
361
244
172
79
197
194
646
178
78
43
218
187
169
243
267
217
206
219
525
263
252
176
120
184
24
198
66
29
193
126
308
69
29
192
171
170
242
268
302
285
263
265
557
213
211
176
161
166
185
120
199
163
103
63
208
88
0
130
102
112
128
176
234
186
233
289
437
192
195
202
35
0
0
261
158
271
407
345
681
165
49
43
155
198
194
111
29
153
51
49
1748
158
0
0
152
188
236
274
304
263
243
87
351
0
0
165
253
281
309
284
304
355
342
178
730
202
246
196
196
220
307
113
51
218
0
199
345
49
0
226
124
100
206
151
216
225
164
242
297
46
76
27
31
175
0
0
283
147
181
131
319
0
148
210
158
198
187
179
186
146
62
41
315
0
244
221
207
259
264
296
144
256
84
31
380
219
226
95
94
34
0
0
0
0
185
155
420
48
26
26
0
198
190
338
229
277
266
185
601
180
192
178
206
220
84
0
191
42
32
166
2117
107
231
226
273
236
261
216
249
185
173
47
466
131
166
152
161
31
198
45
254
151
49
42
329
0
164
262
254
387
182
96
0
0
279
179
491
215
297
180
53
0
55
0
0
197
346
225
452
80
171
227
225
324
303
239
221
284
189
181
622
215
202
95
45
0
0
0
239
32
209
192
387
157
156
161
0
170
196
209
196
190
320
297
340
49
154
207
86
86
46
46
236
247
221
224
339
218
50
0
0
0
0
0
158
257
320
203
350
0
164
27
0
240
158
0
191
278
276
278
1202
500
352
409
250
187
194
206
177
163
244
233
1091
265
242
239
287
350
349
378
286
357
426
203
1047
143
177
181
224
232
239
86
290
61
190
95
327
102
0
205
190
215
214
199
230
226
156
201
353
150
149
153
193
194
181
246
211
212
198
246
493
178
108
185
84
204
151
197
90
0
0
204
355
0
0
0
0
192
200
197
239
254
311
87
457
156
159
93
0
160
270
320
346
250
264
255
541
259
237
256
277
267
268
293
366
202
202
227
720
265
270
51
40
38
248
267
274
55
197
199
2086
308
159
199
235
222
157
250
229
338
410
341
767
213
238
36
195
338
368
211
249
146
39
0
660
148
233
242
0
241
59
205
213
84
161
32
292
0
239
240
66
0
289
245
40
0
0
246
387
0
0
151
66
245
126
0
0
0
216
263
383
279
323
334
221
240
214
208
226
239
231
48
761
0
0
0
0
0
0
248
289
193
188
186
146
101
42
52
117
204
218
253
242
180
151
197
192
167
162
170
169
141
144
158
173
183
194
168
166
0
0
120
39
0
150
146
80
0
0
0
2016
280
239
262
142
26
86
192
243
253
182
190
393
172
223
162
82
193
208
157
167
138
76
168
302
0
0
0
209
196
163
207
44
204
185
209
275
166
265
204
189
223
198
47
176
204
197
153
482
201
224
39
0
255
271
222
192
183
224
254
340
172
179
167
208
213
210
212
201
147
180
200
356
0
83
139
188
209
244
82
222
234
238
202
382
45
39
0
0
190
182
209
147
150
48
0
278
233
213
194
116
222
283
280
208
265
280
216
309
181
280
213
182
172
175
166
179
191
186
236
1424
414
188
126
205
289
258
60
239
279
200
130
515
220
182
255
300
203
238
206
145
152
235
260
367
139
82
136
218
155
75
0
164
180
204
196
365
54
0
0
136
172
183
154
177
190
234
180
321
132
52
0
155
22
0
138
0
200
117
186
356
243
268
256
167
214
162
0
0
0
200
291
462
196
202
231
182
204
228
183
190
205
236
259
260
216
250
230
165
234
242
253
229
218
231
189
185
207
225
174
199
221
241
182
189
181
161
208
210
196
209
181
176
201
181
192
201
147
218
186
1072
283
205
219
156
0
0
0
189
223
171
182
312
184
174
176
215
209
221
228
180
188
45
34
169
146
167
197
200
157
188
189
37
0
0
185
278
150
194
243
248
257
240
176
68
181
34
0
275
134
141
170
187
187
213
205
0
48
0
0
286
0
212
228
270
257
211
221
0
95
41
187
422
243
192
212
231
126
67
0
0
143
212
244
418
238
195
239
121
0
0
0
216
302
336
303
438
246
267
105
0
0
182
244
274
230
231
198
396
232
183
212
214
223
186
24
0
0
45
0
1505
102
0
0
0
0
0
0
0
0
0
0
140
236
228
248
196
286
185
170
180
163
237
206
368
178
163
133
154
125
46
251
212
142
173
183
347
42
0
47
38
36
185
238
224
269
345
258
373
244
205
207
207
195
239
246
196
188
280
219
424
235
311
242
227
220
218
219
214
239
225
235
477
146
157
148
26
141
54
136
194
196
238
72
336
162
81
204
103
49
139
52
0
0
142
295
368
177
217
182
138
43
48
0
0
0
250
232
336
149
151
207
185
161
163
176
195
207
169
251
1270
298
243
115
0
0
240
187
228
293
268
222
547
209
263
27
0
267
190
244
144
134
0
0
455
191
120
36
0
118
129
147
244
242
354
255
438
138
161
179
215
196
143
228
138
0
0
198
260
0
154
143
43
44
41
137
165
177
235
179
285
139
159
162
180
128
145
156
0
158
104
0
161
172
185
184
160
60
160
193
212
214
238
268
533
188
160
142
152
160
154
0
156
26
0
0
168
158
0
38
29
0
171
196
185
212
183
43
295
161
148
182
249
217
220
234
219
267
59
208
1370
310
79
34
0
0
202
231
302
249
185
187
449
0
177
22
0
0
0
179
224
289
211
119
312
0
190
189
195
189
88
0
191
194
187
154
230
154
187
136
237
227
199
260
223
325
437
275
917
202
161
153
167
148
143
161
171
154
147
157
297
179
198
155
200
80
0
0
0
0
46
36
249
0
148
205
186
154
168
226
219
203
84
0
261
216
185
171
158
181
188
188
0
0
175
21
304
0
0
0
0
190
189
241
235
260
212
183
348
164
85
208
225
58
241
249
219
220
150
94
1443
277
185
206
159
188
167
175
91
159
81
0
412
178
63
0
0
0
133
36
0
181
175
146
297
136
148
215
246
225
274
219
195
223
169
213
418
43
51
0
0
0
194
293
232
242
186
28
350
223
207
217
212
209
207
219
160
79
203
270
370
155
150
190
207
192
231
292
382
351
299
265
675
211
219
197
171
231
189
159
151
180
183
197
179
136
38
0
0
148
136
75
0
146
39
0
184
153
158
166
191
196
220
205
216
201
169
162
179
199
156
131
0
0
130
164
184
162
188
182
1425
297
192
178
193
177
150
156
51
24
0
121
244
173
163
182
199
167
145
200
213
230
213
197
176
147
166
171
161
0
0
0
159
61
0
0
159
184
184
193
195
248
198
237
224
224
202
229
277
128
188
214
257
233
206
189
143
220
197
215
382
237
190
214
125
222
211
195
258
210
231
231
428
49
149
181
225
163
284
333
218
225
50
144
462
178
175
52
174
229
221
103
88
183
196
239
260
201
178
196
147
78
213
188
198
167
199
91
365
178
154
161
215
229
231
217
143
215
210
241
2021
263
0
194
222
307
350
215
183
180
158
201
979
177
166
98
182
187
151
166
90
88
30
192
165
139
179
212
203
197
147
50
163
195
200
218
225
232
209
168
162
169
186
197
196
195
188
215
369
212
211
266
227
195
207
211
177
33
0
0
336
153
208
251
266
198
266
256
157
0
98
34
474
263
188
185
207
210
183
214
190
165
140
160
477
138
108
161
185
234
173
188
178
243
238
76
209
140
46
0
199
43
0
0
167
160
184
176
184
47
0
0
0
0
0
0
0
0
0
0
1438
64
133
167
32
0
0
0
199
175
44
162
298
194
208
83
26
30
0
0
176
242
225
41
206
174
235
249
177
201
196
200
199
267
242
244
208
173
232
266
301
285
233
321
222
227
234
193
542
221
289
298
274
272
250
204
205
176
189
198
686
0
0
0
0
172
118
0
163
171
196
180
233
0
210
211
185
171
46
140
179
222
180
217
322
40
0
128
42
0
148
94
232
172
192
172
480
169
171
209
260
223
209
224
149
40
236
213
347
175
53
0
0
0
0
0
222
232
172
213
1102
178
127
20
176
152
41
0
198
164
171
178
287
161
163
145
161
165
157
114
155
78
0
0
164
0
0
0
0
0
0
140
36
44
0
0
142
0
0
0
0
0
137
39
161
156
169
189
180
194
232
314
343
438
384
306
276
298
287
270
654
166
164
219
224
179
217
186
175
120
184
157
162
215
204
82
172
156
142
98
143
71
151
39
179
0
0
0
164
208
230
229
145
211
231
196
273
0
185
229
255
136
153
211
290
98
211
237
385
179
177
178
70
0
0
0
0
41
0
0
1067
256
218
183
113
43
36
215
0
0
0
225
396
44
145
51
39
42
0
137
200
180
191
196
237
202
211
243
183
235
233
54
203
232
212
204
362
0
202
236
253
246
203
213
174
238
244
220
280
203
228
188
43
43
40
188
42
41
195
202
336
210
194
52
195
235
198
191
86
188
186
240
412
186
210
188
86
166
190
254
262
214
229
272
412
193
200
249
190
176
158
150
213
202
198
191
293
272
209
152
42
45
188
210
247
153
207
212
470
0
0
0
0
0
137
215
199
125
178
182
997
209
140
222
157
141
78
0
0
0
0
0
357
48
0
137
196
186
176
0
0
202
49
142
174
146
42
0
141
49
0
139
73
187
126
74
314
88
44
134
97
0
0
0
0
0
0
0
288
195
132
0
139
177
153
182
46
0
184
179
304
48
38
0
0
0
0
0
193
94
0
0
258
0
0
0
0
0
0
0
0
0
152
89
162
0
0
0
0
0
0
0
0
0
0
165
155
0
0
0
97
184
187
208
83
30
30
0
212
197
255
177
255
256
221
254
363
368
317
309
778
363
292
295
261
261
218
186
166
182
191
191
325
190
217
233
184
176
171
178
191
180
212
205
215
162
84
165
38
199
190
179
80
26
26
0
188
0
0
38
30
0
180
0
87
0
0
192
231
221
265
184
173
227
50
172
79
177
224
249
323
184
200
73
114
195
156
200
208
210
196
146
348
0
0
97
43
38
199
206
143
224
179
134
368
194
238
218
200
250
151
148
229
263
266
246
473
156
184
215
226
135
122
63
223
196
209
237
282
140
56
273
192
209
258
295
286
77
174
249
2341
358
291
174
199
240
196
276
99
232
283
272
630
133
156
154
171
287
268
249
271
277
199
191
329
193
188
227
263
261
190
221
240
177
292
277
361
233
307
272
160
249
237
384
291
213
215
152
555
267
286
253
171
154
180
137
186
140
193
211
431
276
234
271
248
202
255
261
233
142
186
185
542
43
118
151
170
179
178
233
178
244
201
261
377
187
226
188
199
197
142
158
207
199
175
222
402
249
279
194
218
166
211
213
185
39
215
128
270
160
203
261
257
231
153
171
206
225
143
41
1548
328
210
31
165
189
186
179
195
144
222
194
537
136
131
65
119
203
208
240
244
261
267
275
263
167
32
156
222
214
231
225
191
141
67
185
312
192
238
266
167
225
231
270
233
221
212
196
343
0
0
187
49
186
223
223
257
252
239
194
217
190
192
228
203
198
213
206
114
200
80
0
299
207
149
159
98
109
104
91
216
120
0
238
315
0
0
0
0
219
102
196
89
139
84
200
289
152
156
104
0
0
0
0
157
191
95
201
219
250
257
275
213
226
212
224
198
222
292
257
1555
333
181
191
172
193
199
161
179
223
222
205
355
174
140
188
170
0
0
0
170
186
150
183
169
45
0
0
156
153
146
128
135
0
0
166
154
116
168
179
170
152
165
159
161
164
170
176
190
185
46
25
0
170
47
0
0
0
0
0
122
0
177
34
182
54
0
0
0
152
152
163
167
172
162
177
50
28
26
0
0
116
0
41
124
0
0
146
142
228
140
198
181
184
191
191
307
202
187
210
237
235
269
252
276
253
252
208
498
222
168
174
227
185
258
371
248
214
180
222
1140
339
187
183
232
228
218
250
239
248
187
173
553
161
207
200
216
212
227
194
228
165
186
236
329
324
203
202
299
252
207
177
205
193
209
210
387
242
216
184
182
247
177
145
76
203
45
171
311
238
269
244
179
175
140
144
94
189
143
203
454
184
178
192
120
39
0
0
204
257
289
228
376
193
159
29
174
178
51
199
191
201
190
197
249
146
46
42
0
0
0
0
0
0
205
224
295
232
96
54
179
224
276
274
234
191
314
428
785
167
231
136
132
151
181
89
223
53
0
0
1292
352
205
155
0
0
0
34
0
0
132
193
575
246
215
0
102
197
213
243
224
270
254
248
793
198
223
211
191
193
171
149
151
78
163
46
470
0
0
0
0
0
0
0
0
174
192
225
294
153
257
226
93
200
0
58
0
256
213
250
703
258
265
251
172
173
59
170
164
193
170
230
689
196
53
0
0
0
0
0
45
36
34
0
280
0
0
0
0
196
217
223
219
214
270
293
510
126
142
169
230
191
204
196
206
109
167
135
392
86
0
190
43
86
0
0
0
214
24
215
1634
202
0
0
251
228
218
283
205
299
238
275
1075
260
195
246
199
237
250
183
150
145
0
0
532
0
209
204
203
58
45
0
0
192
216
50
310
52
230
115
35
51
0
0
212
226
174
225
336
159
55
115
36
0
0
181
240
207
273
129
333
138
247
209
232
228
190
181
45
37
0
0
367
54
45
35
0
200
177
172
193
147
140
170
222
102
198
209
227
238
168
209
184
197
164
180
377
0
151
206
191
189
148
51
37
153
37
0
297
210
330
263
255
209
243
242
169
244
253
228
2077
320
192
215
228
233
254
235
174
60
166
181
423
192
44
0
0
0
0
0
191
158
157
28
148
124
0
0
155
83
177
175
56
36
48
45
148
118
0
0
54
149
179
172
192
185
114
43
193
153
140
200
141
214
179
141
126
85
163
64
236
207
216
225
190
195
172
139
182
260
298
242
424
219
230
202
201
84
182
201
171
0
189
45
256
132
63
169
48
52
0
45
0
0
0
0
184
193
197
90
191
52
198
209
129
157
250
235
305
257
236
256
201
173
210
56
212
0
0
0
3391
136
0
0
183
173
243
247
238
196
207
165
528
0
0
0
0
184
248
265
264
177
186
51
408
53
158
50
187
264
214
95
34
190
52
183
283
235
156
144
0
53
0
137
52
0
0
0
289
0
0
0
0
142
55
44
0
182
0
58
168
0
0
0
0
0
0
0
0
180
55
0
160
0
0
215
145
53
0
0
0
0
0
0
241
206
169
147
194
199
203
202
195
188
276
281
584
305
329
335
268
235
278
261
194
216
216
222
859
317
271
280
188
27
160
182
230
239
302
138
1665
260
171
151
141
181
184
175
167
172
147
171
336
138
147
136
136
50
147
47
0
45
177
48
151
0
0
0
0
146
168
168
166
184
195
255
282
258
228
178
25
288
69
109
0
86
82
0
361
78
0
217
237
231
317
322
285
274
283
300
484
261
259
255
229
94
151
63
0
42
41
233
317
0
0
182
228
276
271
272
252
211
195
27
478
0
201
189
220
202
198
249
81
33
0
0
363
49
213
161
221
171
169
52
183
159
83
0
368
196
256
154
202
210
190
80
204
196
106
32
1763
218
26
46
183
56
228
0
48
0
153
175
545
200
205
247
184
247
223
164
190
153
172
237
429
231
198
230
320
308
169
184
185
0
0
233
385
199
228
230
220
239
265
284
299
307
374
288
956
242
228
226
232
255
241
237
234
182
183
187
178
191
216
180
173
177
147
74
149
184
159
140
121
152
145
88
68
54
0
0
129
197
196
210
278
184
199
221
185
178
199
0
149
35
0
0
286
0
144
179
191
170
0
0
139
206
214
241
291
188
222
211
211
259
277
237
235
29
0
0
2305
329
205
213
215
202
174
164
186
204
142
199
624
206
188
41
31
0
149
205
216
168
181
245
381
247
216
196
189
145
233
31
210
185
263
260
497
268
281
333
308
319
220
170
254
244
116
214
491
50
258
245
268
302
90
0
55
273
255
220
351
145
196
208
177
211
180
192
173
177
162
164
261
207
226
218
249
239
253
194
145
213
240
185
382
167
166
154
169
241
241
218
261
139
161
321
374
236
231
238
226
188
231
232
212
244
92
228
413
169
229
195
220
249
214
172
204
207
165
176
1359
283
222
146
190
145
179
211
245
199
139
231
475
208
212
227
178
151
217
194
222
255
209
239
394
293
202
209
199
235
217
224
198
219
213
180
239
0
227
181
232
168
53
0
0
152
174
192
282
180
216
182
195
145
209
195
180
167
190
194
308
190
199
193
185
181
257
219
216
248
233
218
723
255
235
242
218
129
200
71
249
238
161
236
256
142
90
0
0
163
244
356
346
297
371
323
727
177
188
229
226
216
218
445
274
266
230
179
369
217
230
251
239
234
262
231
212
209
238
246
1420
254
288
214
257
364
367
397
378
296
242
279
1033
285
342
362
370
327
308
246
230
169
249
317
601
211
245
244
344
375
309
342
390
360
296
292
646
240
270
258
196
218
220
127
161
136
177
186
192
219
154
147
192
244
217
222
231
264
216
184
174
167
173
166
177
191
177
193
171
180
163
51
174
149
156
107
23
24
0
167
165
190
189
168
274
122
167
163
155
194
214
202
210
175
155
168
204
48
37
0
0
127
44
149
88
26
0
0
141
125
48
0
0
0
0
127
124
149
203
255
1202
332
253
281
262
233
217
286
246
210
179
200
359
192
203
203
223
242
215
194
211
247
221
183
216
192
272
272
144
131
186
218
227
198
162
162
181
221
212
215
216
193
190
191
159
202
217
169
232
211
227
244
248
221
207
210
195
49
29
162
141
120
47
0
164
180
55
162
189
165
157
125
137
148
157
184
203
181
156
166
183
183
175
139
170
172
191
47
130
175
176
172
165
168
150
146
189
36
26
0
0
0
0
0
0
0
0
0
44
0
0
0
0
0
0
193
173
205
219
210
407
273
169
167
140
167
138
157
184
129
50
0
387
45
181
188
76
213
92
43
26
171
148
0
256
204
183
141
188
180
199
208
187
151
173
223
264
201
143
180
127
140
93
0
185
240
296
192
340
195
202
83
147
170
201
255
231
97
160
168
262
41
0
0
0
0
152
180
206
47
0
46
287
0
201
202
148
180
175
189
52
190
75
169
228
139
34
35
0
0
0
152
188
170
178
111
223
184
238
160
189
227
171
168
190
210
199
180
300
148
188
164
151
70
168
91
96
28
25
0
3565
243
256
184
224
240
231
219
223
115
0
49
552
0
134
27
76
72
42
0
0
158
140
120
208
0
0
138
175
169
193
201
221
221
252
266
312
212
171
124
173
49
143
116
161
186
255
257
376
211
177
219
149
89
193
172
156
195
86
37
253
147
164
144
135
174
187
234
218
216
172
248
316
57
213
51
202
217
173
214
149
0
226
189
260
162
196
177
210
212
294
278
311
287
241
245
426
288
291
254
201
186
238
197
195
245
206
271
522
225
185
192
215
230
222
239
230
222
182
170
1264
234
158
176
123
59
0
0
0
0
0
0
394
179
279
268
235
244
151
92
189
160
176
180
429
283
359
325
283
321
371
377
255
152
156
126
390
228
258
232
48
172
191
51
48
176
244
201
425
0
229
193
247
272
304
299
276
272
321
331
728
300
305
295
334
333
207
343
433
433
394
336
1281
268
472
339
255
238
257
275
232
253
311
196
795
317
263
142
318
331
407
234
219
227
243
313
839
360
343
248
288
313
192
155
294
323
251
247
551
258
199
223
273
319
308
273
271
343
365
299
2236
391
277
216
183
382
339
334
258
240
282
296
658
204
343
339
243
233
223
261
325
239
198
186
753
288
223
209
297
260
310
211
283
199
201
203
651
169
238
310
318
267
249
281
257
222
299
368
506
147
261
318
322
257
253
364
349
309
308
336
844
280
278
330
244
254
317
188
190
214
211
207
418
86
194
192
211
244
214
251
191
195
242
200
505
179
204
232
204
207
230
156
201
226
266
378
625
255
235
243
237
299
243
241
285
243
273
238
496
283
218
232
181
224
284
321
211
228
263
279
1289
349
249
253
271
228
220
218
211
164
207
195
740
257
201
279
370
273
194
212
257
317
250
198
427
303
345
246
353
346
342
234
336
474
386
276
885
285
255
215
243
354
412
300
358
366
270
254
848
324
292
328
446
433
339
300
380
363
298
384
971
261
314
403
366
299
297
421
270
331
405
356
972
375
375
291
302
413
340
331
369
415
388
391
1213
343
372
364
209
384
367
338
261
367
243
211
1069
254
196
245
249
254
193
260
255
158
199
252
665
194
37
0
204
202
205
284
247
240
245
199
1809
213
214
188
193
192
0
198
39
180
83
150
324
0
195
204
233
326
245
290
194
241
269
288
835
190
201
149
200
162
161
144
182
182
158
188
293
193
291
248
259
237
204
196
272
255
228
149
776
210
222
226
208
191
196
103
183
204
224
235
240
0
0
236
226
205
206
121
184
236
285
251
392
309
256
218
195
226
176
245
185
259
218
217
361
177
240
221
159
226
248
284
235
298
187
192
623
222
244
176
265
309
246
336
337
419
331
277
1149
263
253
223
273
249
285
230
240
237
250
236
1479
304
281
236
317
146
219
193
195
220
237
491
791
227
256
288
234
282
244
243
0
261
82
226
359
154
152
200
52
185
95
0
0
0
0
0
262
0
0
192
34
0
193
68
292
313
318
217
419
248
246
257
202
268
205
239
239
0
194
246
909
285
214
203
230
288
263
266
299
269
231
279
1122
224
243
205
240
195
0
140
0
0
0
0
407
0
0
166
42
253
233
215
217
241
276
289
477
161
196
246
225
273
176
238
195
221
160
31
543
88
30
0
0
181
0
0
154
172
192
148
2737
425
339
266
306
212
201
217
190
203
225
151
596
141
155
197
299
226
188
280
282
422
273
349
999
271
170
263
232
289
416
290
268
251
261
257
1140
289
290
242
256
317
210
211
274
312
222
243
1015
395
244
196
422
351
269
190
306
301
213
318
954
222
189
281
234
181
242
254
71
254
185
255
551
238
201
159
184
143
0
174
27
0
0
219
426
171
0
0
0
141
187
146
0
189
314
318
601
204
236
293
285
189
182
169
190
40
39
150
530
161
187
26
238
197
192
157
0
142
154
196
2061
64
0
0
0
136
135
140
42
0
0
0
299
167
40
218
199
286
298
283
204
249
267
271
525
145
0
0
0
254
189
225
215
200
290
238
660
251
242
266
268
249
25
0
0
284
173
179
492
237
244
284
339
338
245
262
257
339
359
294
1007
237
204
262
162
287
222
244
264
225
233
190
366
258
209
320
327
175
249
336
248
207
248
186
295
178
0
184
173
29
203
158
0
0
155
28
161
0
178
182
189
195
98
0
0
0
0
0
261
0
168
0
165
0
0
0
0
0
0
0
1408
64
0
0
186
35
0
0
0
0
0
0
281
177
176
135
190
173
189
270
256
208
85
33
267
0
221
251
225
152
196
211
193
251
222
25
213
333
304
192
162
137
163
165
154
147
158
156
166
208
248
219
162
165
189
209
219
229
0
0
184
38
71
0
0
0
0
0
140
88
144
164
176
159
174
184
179
143
157
157
247
211
220
223
338
181
262
238
170
188
32
137
41
116
263
72
378
133
195
0
221
242
202
288
252
176
187
199
491
179
170
134
24
0
127
156
152
200
64
0
1310
280
204
219
199
207
201
218
228
244
159
137
484
238
222
275
244
245
246
270
208
219
264
182
313
160
207
235
189
196
194
189
170
204
206
171
373
191
219
250
226
227
226
208
232
187
230
246
274
185
132
203
188
183
185
192
196
196
224
235
372
188
221
227
258
195
200
183
165
225
252
184
223
180
212
228
305
209
209
208
233
250
179
170
389
292
312
255
206
192
190
160
192
222
260
313
537
163
69
279
310
224
222
198
220
200
199
259
385
239
234
0
392
311
168
178
177
166
185
124
3463
247
209
239
189
194
195
226
305
51
214
270
468
200
162
263
265
202
198
228
195
184
216
197
407
188
213
172
177
251
252
205
229
205
262
334
394
179
279
252
205
222
160
120
83
45
139
142
343
247
227
228
306
290
314
342
305
327
346
322
671
240
258
256
171
179
171
201
217
196
187
210
219
175
218
197
208
237
168
260
227
198
173
40
178
154
158
172
178
199
0
153
32
46
24
0
145
148
150
177
190
205
227
256
166
205
214
201
353
148
180
111
0
184
184
214
241
252
258
198
1276
311
209
203
53
175
199
221
238
110
47
226
498
209
41
212
157
168
194
172
0
186
184
198
286
0
0
183
228
254
204
273
283
200
195
242
365
161
180
166
206
222
279
244
181
210
148
179
332
197
116
231
184
235
255
267
175
184
197
227
451
43
221
302
259
215
207
211
263
53
152
278
328
211
224
216
230
267
210
191
193
173
156
157
406
162
190
216
208
230
215
246
237
222
225
199
368
188
234
264
266
172
204
194
200
188
206
214
387
197
231
220
212
62
273
239
231
237
237
288
1695
278
201
280
217
217
159
43
160
209
188
207
528
230
137
178
153
256
247
181
223
189
194
211
313
199
209
235
185
236
235
202
207
234
242
208
368
0
26
124
187
113
38
217
216
193
148
160
219
172
222
176
194
189
209
269
291
245
224
204
508
292
220
187
176
193
193
168
192
211
195
212
223
259
207
240
204
238
190
175
182
185
187
214
206
149
157
148
171
172
195
191
242
229
205
169
189
144
137
31
42
0
35
0
0
0
162
135
147
127
109
153
135
158
167
166
198
233
213
172
3548
236
172
225
229
207
241
287
247
240
230
200
575
204
294
289
210
181
268
251
253
200
200
229
518
233
218
197
237
267
277
356
343
397
269
229
485
165
272
218
293
305
292
280
268
276
299
349
398
180
229
264
254
359
348
330
236
182
226
201
441
156
176
172
127
193
185
187
181
189
188
101
217
0
60
0
0
0
0
0
0
0
0
0
171
0
0
0
0
0
0
0
0
170
187
206
246
219
265
291
318
252
414
208
86
0
208
192
654
191
237
213
235
75
218
44
252
220
274
94
1614
116
0
0
0
52
0
226
224
22
0
0
549
0
0
172
211
261
285
262
262
274
200
223
413
190
172
190
246
244
233
238
191
250
143
0
257
0
228
203
188
214
241
250
250
251
52
202
379
51
28
177
42
0
0
85
30
0
159
200
373
179
201
233
282
101
27
27
0
213
194
212
378
176
67
157
181
69
188
137
72
0
0
0
369
0
240
252
197
217
157
98
216
173
104
24
432
0
240
288
312
327
229
223
209
206
241
168
812
173
168
162
149
157
28
0
0
120
73
175
1242
241
85
178
174
156
128
125
28
0
0
133
450
143
70
45
170
51
38
199
65
182
50
190
311
208
178
222
183
249
158
185
211
204
209
242
424
194
198
174
156
144
172
162
186
163
239
247
403
273
319
347
308
211
197
185
285
265
226
193
844
74
141
166
200
183
167
184
77
180
184
79
242
162
110
57
0
192
177
177
0
170
188
211
207
206
159
65
0
0
0
52
33
151
161
235
229
155
178
194
216
233
257
308
204
309
204
226
465
0
229
263
266
295
240
273
295
202
188
169
1729
216
158
191
186
215
212
143
0
0
0
150
420
48
39
0
139
193
186
216
139
52
79
0
196
191
209
224
252
229
218
173
204
79
169
0
366
41
132
127
152
180
229
230
239
327
288
329
1095
282
256
281
290
310
264
291
250
264
247
240
343
0
0
0
0
0
0
0
0
0
0
50
48
0
0
0
156
224
203
221
202
103
50
0
165
0
0
0
0
0
0
0
182
196
172
144
191
0
0
170
204
199
147
203
185
195
233
207
404
193
238
192
161
115
181
169
174
115
218
48
1437
64
0
0
0
0
0
0
0
0
0
0
243
0
0
0
0
0
142
155
50
179
25
0
251
0
0
0
167
116
138
75
156
161
160
154
247
162
50
0
0
0
0
0
0
0
0
52
268
45
0
0
0
168
210
152
169
217
207
189
307
182
189
159
152
203
272
197
277
234
236
240
469
230
42
212
91
75
120
46
43
36
0
46
254
0
281
238
243
281
340
230
234
218
247
257
570
213
258
215
234
250
220
254
283
335
207
200
635
276
407
404
343
366
209
82
203
212
184
204
1569
64
0
0
0
0
0
0
139
95
202
135
447
215
182
188
96
133
75
217
219
146
0
0
329
192
199
209
203
128
256
112
0
0
0
0
362
172
206
207
198
221
54
0
0
0
230
282
366
199
246
259
294
220
175
197
299
425
331
180
352
195
45
135
176
181
180
163
165
181
168
159
283
196
158
49
0
0
197
85
49
0
0
0
232
165
208
211
169
244
209
51
50
37
199
182
347
250
210
259
165
171
146
223
54
0
44
42
344
193
162
112
0
42
0
177
184
262
273
362
4219
329
201
230
210
215
60
0
0
199
37
88
460
0
250
255
221
282
207
162
232
81
157
48
344
131
188
160
187
198
212
242
242
228
223
89
399
148
33
47
46
31
0
0
191
211
205
260
376
208
92
52
0
0
0
0
0
0
216
34
248
136
202
169
155
175
193
208
202
159
175
218
349
87
0
0
0
177
194
177
167
224
269
210
467
173
197
52
0
0
190
50
216
131
41
0
259
146
182
212
201
243
283
261
317
303
333
372
1017
341
306
214
169
136
142
161
178
221
179
72
1630
284
205
206
192
220
196
27
29
195
210
202
336
0
139
138
157
146
53
199
224
83
0
43
201
0
0
0
0
142
143
164
178
203
210
226
295
184
190
153
75
106
0
0
161
225
92
38
201
165
191
187
155
188
222
235
33
0
48
44
252
155
242
227
234
254
264
306
266
215
273
49
375
210
234
236
248
293
179
315
155
218
253
223
511
0
43
27
0
0
0
179
248
228
300
233
460
279
187
99
45
232
239
243
253
199
258
155
502
212
233
163
249
216
197
196
194
149
96
45
930
64
0
0
0
202
168
100
200
226
70
199
390
200
197
252
75
155
220
231
241
49
186
16
328
249
188
116
191
45
185
54
100
207
198
61
342
101
207
155
86
93
75
0
46
0
0
0
204
192
225
223
215
199
242
187
223
253
220
159
416
125
136
139
138
49
142
47
160
195
50
147
181
122
50
126
45
142
40
0
109
41
0
0
174
145
68
0
0
134
77
210
176
196
161
185
320
200
183
195
242
290
395
372
477
468
375
242
1231
220
223
193
227
190
190
178
160
169
140
147
1467
276
158
155
74
137
44
180
199
172
169
142
287
42
36
0
0
171
175
225
260
305
285
264
333
53
29
0
167
170
174
136
170
157
180
156
192
170
50
0
52
43
150
191
190
174
131
187
266
157
158
93
42
215
235
248
205
303
266
231
465
198
163
117
232
0
165
99
0
204
202
198
260
219
239
222
47
256
252
234
256
203
289
250
518
73
28
0
0
0
145
41
96
0
0
162
231
138
145
164
167
158
153
153
199
210
191
155
273
248
243
276
200
254
213
221
241
171
201
143
1093
112
161
39
188
203
215
207
187
192
240
246
499
212
189
185
229
117
0
128
206
179
221
215
380
96
76
28
147
157
217
153
248
245
231
143
367
200
152
135
167
233
268
113
136
224
220
201
423
193
246
173
155
156
146
213
225
210
193
166
361
172
231
242
237
197
81
144
216
219
217
183
327
207
175
51
0
226
295
256
192
283
270
47
686
237
221
210
75
146
196
243
311
248
203
184
428
208
152
89
38
135
179
133
254
246
234
205
432
194
180
138
33
158
109
0
170
156
54
159
1320
244
56
188
133
59
146
100
0
182
147
213
451
182
237
244
245
212
270
225
242
193
181
203
621
227
221
203
222
222
233
237
292
298
265
309
557
230
255
266
250
238
217
211
283
290
302
276
633
173
174
195
189
233
254
149
199
202
230
205
330
158
88
146
38
153
152
159
156
161
199
193
189
206
0
0
0
0
0
0
0
0
242
225
144
0
191
185
25
27
204
152
187
46
0
0
186
0
139
54
183
224
53
189
156
0
166
180
160
47
0
145
39
247
207
85
0
0
0
0
1716
64
0
0
0
131
157
157
212
251
297
321
643
245
206
274
350
317
276
290
426
247
307
315
746
301
245
290
421
376
457
464
328
325
303
282
1438
159
229
211
287
225
254
283
306
317
306
270
538
154
260
266
239
187
185
158
136
142
169
180
155
136
146
178
181
176
195
197
50
36
178
52
156
0
0
0
160
169
168
180
181
195
185
74
203
139
171
190
288
292
215
247
193
223
209
207
305
136
74
30
24
0
0
0
0
0
0
0
148
0
0
0
182
245
244
256
261
199
179
200
2466
253
31
0
0
196
188
29
192
77
44
31
354
203
201
211
214
127
167
0
0
270
245
211
212
184
137
45
29
23
0
0
196
147
178
257
268
0
0
150
204
227
181
171
203
233
204
255
383
168
146
123
170
69
0
181
231
235
193
160
260
175
188
76
192
53
129
176
140
208
189
140
241
0
0
0
134
164
201
215
262
153
210
49
315
0
132
228
258
248
281
219
175
186
174
196
438
0
185
136
31
192
113
75
196
212
175
243
443
47
0
45
229
282
286
411
322
186
196
271
5680
501
245
178
46
0
0
34
0
0
167
137
447
228
188
305
43
56
279
232
159
208
96
36
353
148
158
28
164
213
231
244
205
233
251
218
442
143
154
172
207
98
172
177
174
176
60
70
184
0
159
42
174
152
155
159
80
210
204
206
309
128
32
175
188
94
182
214
199
191
208
281
354
49
180
33
180
91
189
198
146
192
190
288
440
229
170
252
330
215
176
229
214
176
186
177
287
128
45
30
131
66
154
51
166
66
0
0
193
194
215
120
174
38
182
47
0
0
196
52
1392
356
0
0
0
0
0
0
0
142
77
0
326
0
139
47
0
0
122
49
0
0
0
0
181
0
0
0
0
0
0
192
163
53
131
25
168
0
0
152
39
0
157
145
56
149
143
47
180
207
216
211
220
245
287
216
197
159
131
184
229
213
232
235
203
173
178
143
147
94
118
165
193
0
0
159
164
170
79
164
133
80
29
135
168
0
0
171
141
222
251
223
158
165
174
206
208
215
265
177
147
176
192
171
194
198
124
0
173
147
189
162
188
44
149
216
245
137
172
150
692
450
32
0
168
227
252
230
187
178
207
183
368
178
179
140
171
188
173
143
149
152
176
179
186
145
115
152
134
144
86
186
175
149
51
0
170
185
147
50
172
160
156
168
87
62
154
181
196
50
176
136
0
195
188
161
157
157
52
150
170
155
91
122
162
158
92
148
150
120
113
187
196
173
47
201
194
176
127
158
178
156
181
177
147
42
0
0
131
133
147
63
25
159
76
25
164
78
185
178
117
134
37
139
141
144
138
87
163
0
186
177
162
42
25
156
135
202
188
194
652
320
0
172
208
204
179
180
77
165
74
32
346
133
124
138
155
168
186
189
123
49
37
0
147
108
53
30
51
39
0
0
0
0
0
0
169
0
0
0
0
0
0
0
191
147
156
213
243
228
119
51
0
0
242
187
236
219
235
188
339
85
0
193
272
235
236
234
199
251
47
0
393
183
199
187
177
45
49
50
218
230
249
257
288
207
226
249
230
197
189
218
120
161
184
197
372
101
132
201
212
209
203
213
269
264
270
284
313
211
213
186
204
171
181
219
214
183
246
237
1231
509
188
208
200
183
216
209
218
230
194
214
403
231
165
176
199
154
163
231
236
295
165
188
433
186
205
225
157
170
245
234
201
226
255
196
270
179
188
234
214
269
220
210
184
214
191
221
416
214
236
186
205
48
212
220
211
219
196
225
379
162
253
253
191
198
142
208
166
235
166
45
372
143
100
0
155
182
40
220
229
215
194
235
240
198
212
220
185
201
212
289
278
203
237
190
327
181
200
217
98
0
0
46
239
255
268
233
340
169
164
212
196
180
177
252
194
144
190
208
1483
377
164
207
183
146
151
192
217
255
191
206
514
236
180
213
185
167
24
0
0
0
215
179
410
224
250
317
381
374
409
394
384
334
374
287
1462
332
271
311
317
394
485
289
179
94
0
0
660
0
0
0
0
0
0
0
0
0
0
0
0
0
0
0
0
0
0
0
0
0
0
0
0
0
0
0
0
0
0
0
0
0
0
0
0
122
253
649
558
451
451
509
529
350
289
348
593
253
300
282
276
308
282
312
301
225
236
223
232
267
255
215
246
272
262
277
341
204
205
234
3964
520
207
200
0
180
0
237
306
269
169
211
611
161
95
195
219
146
132
215
247
28
305
244
368
238
209
181
0
152
149
180
133
30
205
81
281
218
280
285
258
197
228
246
179
198
287
307
618
232
198
173
218
220
209
194
225
76
252
255
343
234
276
63
28
254
248
274
223
288
289
247
435
276
281
307
268
23
208
284
109
296
273
288
329
282
268
267
241
255
245
202
222
259
285
261
276
208
194
240
227
259
310
308
456
554
493
583
852
550
522
553
486
447
460
472
460
262
119
0
1350
320
0
0
0
0
0
0
0
0
0
0
179
0
0
0
0
0
0
0
0
0
0
0
0
0
0
0
111
283
301
305
329
288
310
341
723
130
103
0
147
187
201
228
210
222
191
135
254
306
222
178
188
51
0
0
0
186
76
46
290
0
195
204
193
121
49
42
127
190
164
215
299
160
249
218
206
217
148
169
185
219
210
247
406
206
241
181
156
175
167
192
195
197
197
97
257
196
201
176
232
47
0
263
183
43
0
0
375
204
52
194
228
199
155
97
165
212
171
215
3713
489
187
136
181
193
215
115
0
180
158
208
522
199
231
190
235
194
219
179
288
355
130
220
562
211
200
215
213
192
243
165
271
172
91
220
308
220
315
300
167
34
210
106
34
0
249
179
281
157
202
206
95
201
200
235
134
196
188
86
269
70
239
257
233
175
209
194
156
133
146
167
362
174
129
176
185
139
172
121
0
170
145
51
214
158
167
140
140
32
83
134
149
199
214
224
328
285
267
241
261
250
326
342
317
284
266
309
737
189
40
0
0
0
0
0
0
0
0
134
7715
32
0
0
0
0
0
0
0
0
0
0
180
0
0
0
0
0
0
0
0
0
0
0
0
0
0
0
0
0
0
3017
70
0
0
0
2168
0
0
0
0
0
0
0
0
0
0
0
0
0
0
0
0
0
0
0
0
0
0
0
0
0
0
0
