18 14
13 11
19 28
19 33
12 13
13 11
20 5
17 14
13 22
20 11
13 11
20 11
20 11
24 27
27 15
30 12
2 1
20 16
32 6
2 2
18 14
40 19
8 10
29 5
2 1
10 6
10 7
7 8
17 10
10 12
17 9
3 2
4 1
17 3
28 12
9 8
22 15
23 16
1 2
24 12
8 2
13 24
23 14
16 8
2 2
6 3
10 11
14 9
9 8
12 20
6 3
8 7
8 14
20 10
7 3
6 4
25 5
11 9
19 9
10 6
30 117
16 40
17 67
17 36
12 6
8 9
16 12
19 19
16 37
10 9
8 7
24 13
6 3
21 15
22 37
6 1
9 20
11 8
22 10
1 1
10 32
13 13
10 8
11 20
6 5
2 2
6 7
9 7
9 9
8 22
12 22
7 7
8 6
16 13
10 12
22 39
21 12
22 31
24 36
19 10
9 9
22 16
19 11
40 17
11 9
22 11
18 27
18 45
12 42
9 19
30 19
22 29
10 10
17 22
10 11
3 3
12 11
11 4
20 21
10 6
12 6
27 14
19 5
12 7
12 9
5 2
1 3
9 15
8 10
9 9
20 11
3 11
13 6
11 12
14 14
1 3
24 22
12 22
18 14
11 23
22 8
11 15
11 36
20 17
13 12
20 12
8 7
19 28
30 43
13 8
12 10
11 14
9 8
9 10
18 7
2 8
19 16
27 48
18 37
18 12
13 14
13 35
24 18
22 14
11 8
15 2
56 13
52 22
53 42
7 7
63 39
13 2
13 15
6 8
14 3
1 1
10 8
20 11
22 25
3 4
18 10
24 12
17 12
31 5
33 26
24 9
26 20
2 3
9 9
20 28
26 32
8 11
20 11
23 7
16 10
24 14
5 5
11 2
22 11
23 11
9 17
39 6
28 20
7 13
35 27
3 3
6 7
12 22
11 2
12 2
8 12
13 2
11 2
12 17
6 12
10 1
12 2
8 10
3 1
9 33
5 7
9 8
3 4
7 3
7 8
2 2
4 4
6 12
8 10
16 25
7 12
5 13
13 18
12 21
11 3
11 1
12 10
20 9
15 15
8 9
15 31
24 26
3 9
46 127
23 10
15 15
25 16
17 13
8 9
19 17
5 4
8 6
10 10
7 8
6 9
9 11
8 10
8 11
13 22
38 268
1 1
15 32
8 12
10 7
9 12
9 8
13 4
9 2
15 7
24 25
8 8
9 28
9 13
20 18
10 16
10 9
11 14
13 15
35 11
10 10
9 2
11 8
11 10
20 39
19 3
15 14
1 1
10 26
17 8
20 16
13 39
9 2
8 11
16 8
9 13
24 9
9 24
13 9
9 8
18 22
6 6
9 11
11 11
10 10
18 21
18 8
16 21
14 7
19 8
17 14
9 24
14 10
24 24
8 9
14 12
16 6
19 21
4 4
12 13
13 7
13 8
23 12
17 4
12 7
16 8
19 11
16 8
20 14
23 6
21 28
1 1
10 18
18 9
17 12
21 9
16 10
18 7
17 17
27 10
22 10
24 9
15 10
21 4
18 15
21 9
9 14
21 10
21 10
15 13
30 12
